elapsed time,receive time,header.stamp,topic,value
10.982802492,1709142481.665784636,1709142481.665526305,/rigid_bodies.rigidbodies[2].pose.position.x,0
10.992638691,1709142481.675620835,1709142481.675445675,/rigid_bodies.rigidbodies[2].pose.position.x,0.8640100341712629
11.002464015,1709142481.685446159,1709142481.685265658,/rigid_bodies.rigidbodies[2].pose.position.x,0.8640064031578495
11.012590914,1709142481.695573058,1709142481.695362739,/rigid_bodies.rigidbodies[2].pose.position.x,0.8642081130263131
11.022801406,1709142481.705783550,1709142481.705431598,/rigid_bodies.rigidbodies[2].pose.position.x,0.8642773432704329
11.032490472,1709142481.715472616,1709142481.715205122,/rigid_bodies.rigidbodies[2].pose.position.x,0.8642126409030108
11.042614155,1709142481.725596299,1709142481.725243583,/rigid_bodies.rigidbodies[2].pose.position.x,0.8641095087981475
11.053076454,1709142481.736058598,1709142481.735541495,/rigid_bodies.rigidbodies[2].pose.position.x,0.8640447897268175
11.062713976,1709142481.745696120,1709142481.745325232,/rigid_bodies.rigidbodies[2].pose.position.x,0.8641319525242288
11.072822308,1709142481.755804452,1709142481.755449032,/rigid_bodies.rigidbodies[2].pose.position.x,0.864251982556857
11.082939929,1709142481.765922073,1709142481.765469973,/rigid_bodies.rigidbodies[2].pose.position.x,0.864250658484269
11.092947624,1709142481.775929768,1709142481.775482992,/rigid_bodies.rigidbodies[2].pose.position.x,0.8640830876249233
11.102477638,1709142481.785459782,1709142481.785192755,/rigid_bodies.rigidbodies[2].pose.position.x,0.8640265665635586
11.112866636,1709142481.795848780,1709142481.795265003,/rigid_bodies.rigidbodies[2].pose.position.x,0.864161684634179
11.123145487,1709142481.806127631,1709142481.805639431,/rigid_bodies.rigidbodies[2].pose.position.x,0.8642598548193066
11.133363816,1709142481.816345960,1709142481.815584794,/rigid_bodies.rigidbodies[2].pose.position.x,0.8642187308862941
11.143221061,1709142481.826203205,1709142481.825485050,/rigid_bodies.rigidbodies[2].pose.position.x,0.8641132758024324
11.15289947,1709142481.835881614,1709142481.835375390,/rigid_bodies.rigidbodies[2].pose.position.x,0.8640704187018494
11.162865141,1709142481.845847285,1709142481.845286283,/rigid_bodies.rigidbodies[2].pose.position.x,0.8640958337983063
11.173006641,1709142481.855988785,1709142481.855373807,/rigid_bodies.rigidbodies[2].pose.position.x,0.8641836292246491
11.182983778,1709142481.865965922,1709142481.865437198,/rigid_bodies.rigidbodies[2].pose.position.x,0.864219350873643
11.192934561,1709142481.875916705,1709142481.875388987,/rigid_bodies.rigidbodies[2].pose.position.x,0.8641350272874132
11.203137636,1709142481.886119780,1709142481.885519150,/rigid_bodies.rigidbodies[2].pose.position.x,0.8641011419743685
11.212873687,1709142481.895855831,1709142481.895362199,/rigid_bodies.rigidbodies[2].pose.position.x,0.8641667856739825
11.22286862,1709142481.905850764,1709142481.905326690,/rigid_bodies.rigidbodies[2].pose.position.x,0.8642063702314723
11.233391075,1709142481.916373219,1709142481.915617103,/rigid_bodies.rigidbodies[2].pose.position.x,0.8641793050423924
11.24288147,1709142481.925863614,1709142481.925387053,/rigid_bodies.rigidbodies[2].pose.position.x,0.8641161000587497
11.252843485,1709142481.935825629,1709142481.935341472,/rigid_bodies.rigidbodies[2].pose.position.x,0.8640865051386328
11.263088242,1709142481.946070386,1709142481.945597243,/rigid_bodies.rigidbodies[2].pose.position.x,0.8641310585832506
11.27245671,1709142481.955438854,1709142481.955230822,/rigid_bodies.rigidbodies[2].pose.position.x,0.8642164582140953
11.282577775,1709142481.965559919,1709142481.965294040,/rigid_bodies.rigidbodies[2].pose.position.x,0.8642362128076498
11.292665187,1709142481.975647331,1709142481.975301519,/rigid_bodies.rigidbodies[2].pose.position.x,0.8641019360943096
11.303036164,1709142481.986018308,1709142481.985488593,/rigid_bodies.rigidbodies[2].pose.position.x,0.8640554437153927
11.312914446,1709142481.995896590,1709142481.995461829,/rigid_bodies.rigidbodies[2].pose.position.x,0.8641582185852875
11.32285979,1709142482.005841934,1709142482.005413764,/rigid_bodies.rigidbodies[2].pose.position.x,0.8642073370686021
11.333427612,1709142482.016409756,1709142482.015853234,/rigid_bodies.rigidbodies[2].pose.position.x,0.864170786712949
11.343026954,1709142482.026009098,1709142482.025545760,/rigid_bodies.rigidbodies[2].pose.position.x,0.8640944495298922
11.35264588,1709142482.035628024,1709142482.035192476,/rigid_bodies.rigidbodies[2].pose.position.x,0.8640665968191923
11.362536937,1709142482.045519081,1709142482.045213095,/rigid_bodies.rigidbodies[2].pose.position.x,0.8641304491268379
11.372605938,1709142482.055588082,1709142482.055269872,/rigid_bodies.rigidbodies[2].pose.position.x,0.8642397488935565
11.382644152,1709142482.065626296,1709142482.065232466,/rigid_bodies.rigidbodies[2].pose.position.x,0.8642544169867007
11.392562085,1709142482.075544229,1709142482.075248609,/rigid_bodies.rigidbodies[2].pose.position.x,0.864128530186616
11.402589332,1709142482.085571476,1709142482.085281952,/rigid_bodies.rigidbodies[2].pose.position.x,0.8640174205476433
11.412551547,1709142482.095533691,1709142482.095260023,/rigid_bodies.rigidbodies[2].pose.position.x,0.864121249712485
11.42261894,1709142482.105601084,1709142482.105318345,/rigid_bodies.rigidbodies[2].pose.position.x,0.8642294937761402
11.43244809,1709142482.115430234,1709142482.115222338,/rigid_bodies.rigidbodies[2].pose.position.x,0.8641836603212254
11.442760363,1709142482.125742507,1709142482.125423108,/rigid_bodies.rigidbodies[2].pose.position.x,0.8641171312658015
11.452942561,1709142482.135924705,1709142482.135456548,/rigid_bodies.rigidbodies[2].pose.position.x,0.8640904609603672
11.463076987,1709142482.146059131,1709142482.145553036,/rigid_bodies.rigidbodies[2].pose.position.x,0.8641001811446455
11.473135234,1709142482.156117378,1709142482.155601364,/rigid_bodies.rigidbodies[2].pose.position.x,0.8642464469364796
11.48278829,1709142482.165770434,1709142482.165375114,/rigid_bodies.rigidbodies[2].pose.position.x,0.8642760038714238
11.493016788,1709142482.175998932,1709142482.175470886,/rigid_bodies.rigidbodies[2].pose.position.x,0.8641001358952409
11.503469107,1709142482.186451251,1709142482.185809556,/rigid_bodies.rigidbodies[2].pose.position.x,0.8639772145433627
11.513107922,1709142482.196090066,1709142482.195544402,/rigid_bodies.rigidbodies[2].pose.position.x,0.8640739040555322
11.523059894,1709142482.206042038,1709142482.205590377,/rigid_bodies.rigidbodies[2].pose.position.x,0.8642103950441244
11.533218584,1709142482.216200728,1709142482.215660187,/rigid_bodies.rigidbodies[2].pose.position.x,0.8642533522919422
11.543287776,1709142482.226269920,1709142482.225721705,/rigid_bodies.rigidbodies[2].pose.position.x,0.8641857142441233
11.553124134,1709142482.236106278,1709142482.235564528,/rigid_bodies.rigidbodies[2].pose.position.x,0.8640980032111586
11.56297237,1709142482.245954514,1709142482.245451279,/rigid_bodies.rigidbodies[2].pose.position.x,0.8640713762104114
11.573345285,1709142482.256327429,1709142482.255711514,/rigid_bodies.rigidbodies[2].pose.position.x,0.8641272408604797
11.582987327,1709142482.265969471,1709142482.265467489,/rigid_bodies.rigidbodies[2].pose.position.x,0.864248575799788
11.59318102,1709142482.276163164,1709142482.275586726,/rigid_bodies.rigidbodies[2].pose.position.x,0.8642051448146411
11.602873632,1709142482.285855776,1709142482.285432746,/rigid_bodies.rigidbodies[2].pose.position.x,0.8640555327120318
11.612931299,1709142482.295913443,1709142482.295448526,/rigid_bodies.rigidbodies[2].pose.position.x,0.8640500256941797
11.623257732,1709142482.306239876,1709142482.305623546,/rigid_bodies.rigidbodies[2].pose.position.x,0.8641843641312162
11.633165374,1709142482.316147518,1709142482.315584251,/rigid_bodies.rigidbodies[2].pose.position.x,0.8642137226448132
11.643023883,1709142482.326006027,1709142482.325530279,/rigid_bodies.rigidbodies[2].pose.position.x,0.8641924746551644
11.653622938,1709142482.336605082,1709142482.335865242,/rigid_bodies.rigidbodies[2].pose.position.x,0.8641330894848501
11.663032636,1709142482.346014780,1709142482.345477145,/rigid_bodies.rigidbodies[2].pose.position.x,0.8641043339336419
11.672973487,1709142482.355955631,1709142482.355496197,/rigid_bodies.rigidbodies[2].pose.position.x,0.8640866633253478
11.683145005,1709142482.366127149,1709142482.365638133,/rigid_bodies.rigidbodies[2].pose.position.x,0.8642005278219518
11.692552346,1709142482.375534490,1709142482.375250914,/rigid_bodies.rigidbodies[2].pose.position.x,0.8641767391870336
11.702592113,1709142482.385574257,1709142482.385304028,/rigid_bodies.rigidbodies[2].pose.position.x,0.8641036224667767
11.712547033,1709142482.395529177,1709142482.395342973,/rigid_bodies.rigidbodies[2].pose.position.x,0.8640905569922025
11.722496594,1709142482.405478738,1709142482.405283610,/rigid_bodies.rigidbodies[2].pose.position.x,0.8641800057534331
11.732684846,1709142482.415666990,1709142482.415304248,/rigid_bodies.rigidbodies[2].pose.position.x,0.8641805454188709
11.742595593,1709142482.425577737,1709142482.425250247,/rigid_bodies.rigidbodies[2].pose.position.x,0.8641737315840522
11.752462244,1709142482.435444388,1709142482.435185954,/rigid_bodies.rigidbodies[2].pose.position.x,0.8640744420938083
11.762534031,1709142482.445516175,1709142482.445293657,/rigid_bodies.rigidbodies[2].pose.position.x,0.8640531865776038
11.772498258,1709142482.455480402,1709142482.455235706,/rigid_bodies.rigidbodies[2].pose.position.x,0.864071559613723
11.782853302,1709142482.465835446,1709142482.465471070,/rigid_bodies.rigidbodies[2].pose.position.x,0.8642032162415004
11.79294256,1709142482.475924704,1709142482.475470283,/rigid_bodies.rigidbodies[2].pose.position.x,0.8642217695127351
11.80310055,1709142482.486082694,1709142482.485518577,/rigid_bodies.rigidbodies[2].pose.position.x,0.8641189843702763
11.81311185,1709142482.496093994,1709142482.495497796,/rigid_bodies.rigidbodies[2].pose.position.x,0.8640924670802365
11.823180755,1709142482.506162899,1709142482.505630837,/rigid_bodies.rigidbodies[2].pose.position.x,0.864195436976701
11.833235858,1709142482.516218002,1709142482.515631182,/rigid_bodies.rigidbodies[2].pose.position.x,0.8642300139705786
11.843197076,1709142482.526179220,1709142482.525642261,/rigid_bodies.rigidbodies[2].pose.position.x,0.8641605658097865
11.853547429,1709142482.536529573,1709142482.535819225,/rigid_bodies.rigidbodies[2].pose.position.x,0.8641046139922621
11.863122176000001,1709142482.546104320,1709142482.545505928,/rigid_bodies.rigidbodies[2].pose.position.x,0.864092753816003
11.873478518,1709142482.556460662,1709142482.555764574,/rigid_bodies.rigidbodies[2].pose.position.x,0.8641369727196863
11.883144446,1709142482.566126590,1709142482.565610854,/rigid_bodies.rigidbodies[2].pose.position.x,0.864270660116858
11.893047975,1709142482.576030119,1709142482.575527641,/rigid_bodies.rigidbodies[2].pose.position.x,0.8642741007238629
11.902994052,1709142482.585976196,1709142482.585454510,/rigid_bodies.rigidbodies[2].pose.position.x,0.8640742913851641
11.913259684,1709142482.596241828,1709142482.595593519,/rigid_bodies.rigidbodies[2].pose.position.x,0.8640313787269674
11.923079788,1709142482.606061932,1709142482.605551930,/rigid_bodies.rigidbodies[2].pose.position.x,0.8641407014159598
11.933383783,1709142482.616365927,1709142482.615763966,/rigid_bodies.rigidbodies[2].pose.position.x,0.8642382454876126
11.94329888,1709142482.626281024,1709142482.625729998,/rigid_bodies.rigidbodies[2].pose.position.x,0.8642008140248744
11.953210665,1709142482.636192809,1709142482.635715248,/rigid_bodies.rigidbodies[2].pose.position.x,0.8640998296799041
11.962755285,1709142482.645737429,1709142482.645450583,/rigid_bodies.rigidbodies[2].pose.position.x,0.8640717786598416
11.972851501000001,1709142482.655833645,1709142482.655446214,/rigid_bodies.rigidbodies[2].pose.position.x,0.8641000809350272
11.982795354,1709142482.665777498,1709142482.665439710,/rigid_bodies.rigidbodies[2].pose.position.x,0.8642155462338715
11.99312519,1709142482.676107334,1709142482.675613265,/rigid_bodies.rigidbodies[2].pose.position.x,0.8642867397248343
12.003524384,1709142482.686506528,1709142482.685790900,/rigid_bodies.rigidbodies[2].pose.position.x,0.8641203477186785
12.012910376,1709142482.695892520,1709142482.695354904,/rigid_bodies.rigidbodies[2].pose.position.x,0.8639904248967651
12.022972742,1709142482.705954886,1709142482.705443831,/rigid_bodies.rigidbodies[2].pose.position.x,0.864097971697926
12.033318949,1709142482.716301093,1709142482.715654078,/rigid_bodies.rigidbodies[2].pose.position.x,0.8641958898559627
12.042823374,1709142482.725805518,1709142482.725354941,/rigid_bodies.rigidbodies[2].pose.position.x,0.8641848277251784
12.052975146,1709142482.735957290,1709142482.735428357,/rigid_bodies.rigidbodies[2].pose.position.x,0.864176842191099
12.062803061,1709142482.745785205,1709142482.745353429,/rigid_bodies.rigidbodies[2].pose.position.x,0.8641144729606761
12.072849138,1709142482.755831282,1709142482.755359233,/rigid_bodies.rigidbodies[2].pose.position.x,0.8640438720537346
12.082888304,1709142482.765870448,1709142482.765438786,/rigid_bodies.rigidbodies[2].pose.position.x,0.8641604524388398
12.092818128,1709142482.775800272,1709142482.775354559,/rigid_bodies.rigidbodies[2].pose.position.x,0.8642616656819624
12.102863811,1709142482.785845955,1709142482.785421486,/rigid_bodies.rigidbodies[2].pose.position.x,0.8641690117242842
12.11310845,1709142482.796090594,1709142482.795593575,/rigid_bodies.rigidbodies[2].pose.position.x,0.8640036572814126
12.123114112,1709142482.806096256,1709142482.805540786,/rigid_bodies.rigidbodies[2].pose.position.x,0.8640548018043802
12.132986892,1709142482.815969036,1709142482.815538118,/rigid_bodies.rigidbodies[2].pose.position.x,0.8642223465454163
12.14355537,1709142482.826537514,1709142482.825790455,/rigid_bodies.rigidbodies[2].pose.position.x,0.8642396301249082
12.153151156,1709142482.836133300,1709142482.835580863,/rigid_bodies.rigidbodies[2].pose.position.x,0.8642054632644768
12.162809063,1709142482.845791207,1709142482.845428125,/rigid_bodies.rigidbodies[2].pose.position.x,0.8641032432873689
12.173176895,1709142482.856159039,1709142482.855624575,/rigid_bodies.rigidbodies[2].pose.position.x,0.864043928805272
12.182975218,1709142482.865957362,1709142482.865464332,/rigid_bodies.rigidbodies[2].pose.position.x,0.8641002078438282
12.193345004,1709142482.876327148,1709142482.875737950,/rigid_bodies.rigidbodies[2].pose.position.x,0.8642380640255848
12.202997656,1709142482.885979800,1709142482.885517628,/rigid_bodies.rigidbodies[2].pose.position.x,0.8642240921843837
12.213053109,1709142482.896035253,1709142482.895503607,/rigid_bodies.rigidbodies[2].pose.position.x,0.8640252525224791
12.223212351,1709142482.906194495,1709142482.905629275,/rigid_bodies.rigidbodies[2].pose.position.x,0.8640492155341298
12.233187949,1709142482.916170093,1709142482.915619616,/rigid_bodies.rigidbodies[2].pose.position.x,0.8641673495554204
12.243520498,1709142482.926502642,1709142482.925831042,/rigid_bodies.rigidbodies[2].pose.position.x,0.8641828046266964
12.253119376,1709142482.936101520,1709142482.935529509,/rigid_bodies.rigidbodies[2].pose.position.x,0.8641980235807513
12.263019037,1709142482.946001181,1709142482.945486099,/rigid_bodies.rigidbodies[2].pose.position.x,0.8641617642378322
12.273267754,1709142482.956249898,1709142482.955711474,/rigid_bodies.rigidbodies[2].pose.position.x,0.8640590751714401
12.283057307,1709142482.966039451,1709142482.965579558,/rigid_bodies.rigidbodies[2].pose.position.x,0.864064820464215
12.29304377,1709142482.976025914,1709142482.975522757,/rigid_bodies.rigidbodies[2].pose.position.x,0.8642102619657013
12.303365553,1709142482.986347697,1709142482.985707577,/rigid_bodies.rigidbodies[2].pose.position.x,0.8642088279550273
12.313258511,1709142482.996240655,1709142482.995687998,/rigid_bodies.rigidbodies[2].pose.position.x,0.8640744256156739
12.323042098,1709142483.006024242,1709142483.005521232,/rigid_bodies.rigidbodies[2].pose.position.x,0.8640819388663733
12.333560829,1709142483.016542973,1709142483.015886899,/rigid_bodies.rigidbodies[2].pose.position.x,0.8641401391591096
12.34337739,1709142483.026359534,1709142483.025906623,/rigid_bodies.rigidbodies[2].pose.position.x,0.8642089464141135
12.352953166,1709142483.035935310,1709142483.035492135,/rigid_bodies.rigidbodies[2].pose.position.x,0.8641334977155615
12.362786721,1709142483.045768865,1709142483.045370979,/rigid_bodies.rigidbodies[2].pose.position.x,0.8640876630755496
12.373343148,1709142483.056325292,1709142483.055708493,/rigid_bodies.rigidbodies[2].pose.position.x,0.8640899601999542
12.38299476,1709142483.065976904,1709142483.065498256,/rigid_bodies.rigidbodies[2].pose.position.x,0.8641231888720455
12.3936201,1709142483.076602244,1709142483.075872572,/rigid_bodies.rigidbodies[2].pose.position.x,0.8642406781613265
12.403140123,1709142483.086122267,1709142483.085637053,/rigid_bodies.rigidbodies[2].pose.position.x,0.8642812413973949
12.413157456,1709142483.096139600,1709142483.095614677,/rigid_bodies.rigidbodies[2].pose.position.x,0.8640991465274069
12.423359679,1709142483.106341823,1709142483.105717909,/rigid_bodies.rigidbodies[2].pose.position.x,0.864033921799658
12.433548744,1709142483.116530888,1709142483.115832986,/rigid_bodies.rigidbodies[2].pose.position.x,0.8641296652797157
12.442962937,1709142483.125945081,1709142483.125456411,/rigid_bodies.rigidbodies[2].pose.position.x,0.8641919518325897
12.453497224,1709142483.136479368,1709142483.135863094,/rigid_bodies.rigidbodies[2].pose.position.x,0.8641883739796362
12.46285212,1709142483.145834264,1709142483.145377241,/rigid_bodies.rigidbodies[2].pose.position.x,0.8641369125451612
12.473210234,1709142483.156192378,1709142483.155646052,/rigid_bodies.rigidbodies[2].pose.position.x,0.8640518446502551
12.483156108,1709142483.166138252,1709142483.165749245,/rigid_bodies.rigidbodies[2].pose.position.x,0.8640655243691044
12.493367305,1709142483.176349449,1709142483.175759573,/rigid_bodies.rigidbodies[2].pose.position.x,0.8641978624421096
12.503091515,1709142483.186073659,1709142483.185617353,/rigid_bodies.rigidbodies[2].pose.position.x,0.8642732361103226
12.51347619,1709142483.196458334,1709142483.195847200,/rigid_bodies.rigidbodies[2].pose.position.x,0.8641331694340496
12.522870212,1709142483.205852356,1709142483.205486742,/rigid_bodies.rigidbodies[2].pose.position.x,0.8639805728846606
12.532956097,1709142483.215938241,1709142483.215574951,/rigid_bodies.rigidbodies[2].pose.position.x,0.8641124501261445
12.543525736,1709142483.226507880,1709142483.225912033,/rigid_bodies.rigidbodies[2].pose.position.x,0.8642125470038713
12.553435472,1709142483.236417616,1709142483.235853938,/rigid_bodies.rigidbodies[2].pose.position.x,0.8642266723056898
12.562929026,1709142483.245911170,1709142483.245533660,/rigid_bodies.rigidbodies[2].pose.position.x,0.8641640975720123
12.573435662,1709142483.256417806,1709142483.255862446,/rigid_bodies.rigidbodies[2].pose.position.x,0.8640720535428432
12.583150563,1709142483.266132707,1709142483.265732569,/rigid_bodies.rigidbodies[2].pose.position.x,0.8640599818703413
12.592895173,1709142483.275877317,1709142483.275561078,/rigid_bodies.rigidbodies[2].pose.position.x,0.8641568575997342
12.603326718,1709142483.286308862,1709142483.285868522,/rigid_bodies.rigidbodies[2].pose.position.x,0.864294769129074
12.613441377000001,1709142483.296423521,1709142483.295814061,/rigid_bodies.rigidbodies[2].pose.position.x,0.8641731757948142
12.623044643,1709142483.306026787,1709142483.305538046,/rigid_bodies.rigidbodies[2].pose.position.x,0.8639716568002753
12.633516742,1709142483.316498886,1709142483.315836278,/rigid_bodies.rigidbodies[2].pose.position.x,0.8640679929463331
12.643119164,1709142483.326101308,1709142483.325705615,/rigid_bodies.rigidbodies[2].pose.position.x,0.8641737511484416
12.65289108,1709142483.335873224,1709142483.335534433,/rigid_bodies.rigidbodies[2].pose.position.x,0.8641954968345009
12.662467516,1709142483.345449660,1709142483.345242774,/rigid_bodies.rigidbodies[2].pose.position.x,0.8642227887218535
12.672756982,1709142483.355739126,1709142483.355442195,/rigid_bodies.rigidbodies[2].pose.position.x,0.8640997854134138
12.68324948,1709142483.366231624,1709142483.365731352,/rigid_bodies.rigidbodies[2].pose.position.x,0.8640048395003074
12.693274828,1709142483.376256972,1709142483.375660015,/rigid_bodies.rigidbodies[2].pose.position.x,0.8641272806818184
12.703648905,1709142483.386631049,1709142483.385909253,/rigid_bodies.rigidbodies[2].pose.position.x,0.8642423711649297
12.713653875,1709142483.396636019,1709142483.395867950,/rigid_bodies.rigidbodies[2].pose.position.x,0.8641529022167345
12.722955827,1709142483.405937971,1709142483.405482675,/rigid_bodies.rigidbodies[2].pose.position.x,0.864020811309121
12.733216026000001,1709142483.416198170,1709142483.415650181,/rigid_bodies.rigidbodies[2].pose.position.x,0.8640876802274534
12.742928137,1709142483.425910281,1709142483.425511596,/rigid_bodies.rigidbodies[2].pose.position.x,0.8641785364675141
12.753354266,1709142483.436336410,1709142483.435817402,/rigid_bodies.rigidbodies[2].pose.position.x,0.864206660935633
12.763129172,1709142483.446111316,1709142483.445651778,/rigid_bodies.rigidbodies[2].pose.position.x,0.8641847381559605
12.773416542,1709142483.456398686,1709142483.455835688,/rigid_bodies.rigidbodies[2].pose.position.x,0.8641149211792999
12.782920588,1709142483.465902732,1709142483.465540551,/rigid_bodies.rigidbodies[2].pose.position.x,0.864054632597691
12.793036227,1709142483.476018371,1709142483.475594009,/rigid_bodies.rigidbodies[2].pose.position.x,0.8640986211743813
12.803584005,1709142483.486566149,1709142483.485923982,/rigid_bodies.rigidbodies[2].pose.position.x,0.8642221586366325
12.812787215,1709142483.495769359,1709142483.495425663,/rigid_bodies.rigidbodies[2].pose.position.x,0.8642424529638104
12.822918942,1709142483.505901086,1709142483.505553376,/rigid_bodies.rigidbodies[2].pose.position.x,0.8640987593142136
12.832970415,1709142483.515952559,1709142483.515587087,/rigid_bodies.rigidbodies[2].pose.position.x,0.8640736582779392
12.843126388,1709142483.526108532,1709142483.525631235,/rigid_bodies.rigidbodies[2].pose.position.x,0.8641628536962341
12.852924629,1709142483.535906773,1709142483.535551168,/rigid_bodies.rigidbodies[2].pose.position.x,0.8641594520391608
12.86305333,1709142483.546035474,1709142483.545602624,/rigid_bodies.rigidbodies[2].pose.position.x,0.8641912222496784
12.873155539,1709142483.556137683,1709142483.555667339,/rigid_bodies.rigidbodies[2].pose.position.x,0.8641581890388249
12.883129856,1709142483.566112000,1709142483.565713977,/rigid_bodies.rigidbodies[2].pose.position.x,0.8640759374697801
12.893482553,1709142483.576464697,1709142483.575878256,/rigid_bodies.rigidbodies[2].pose.position.x,0.864079015535211
12.902786297,1709142483.585768441,1709142483.585427386,/rigid_bodies.rigidbodies[2].pose.position.x,0.8641910483841363
12.913294298,1709142483.596276442,1709142483.595683790,/rigid_bodies.rigidbodies[2].pose.position.x,0.8642086237340616
12.923063915,1709142483.606046059,1709142483.605534734,/rigid_bodies.rigidbodies[2].pose.position.x,0.8641201019487295
12.932906455,1709142483.615888599,1709142483.615426456,/rigid_bodies.rigidbodies[2].pose.position.x,0.8640853261212156
12.942998803,1709142483.625980947,1709142483.625520711,/rigid_bodies.rigidbodies[2].pose.position.x,0.8641565225284474
12.952770739,1709142483.635752883,1709142483.635406411,/rigid_bodies.rigidbodies[2].pose.position.x,0.8642073189579087
12.962605567,1709142483.645587711,1709142483.645323851,/rigid_bodies.rigidbodies[2].pose.position.x,0.8641543020825343
12.973048251,1709142483.656030395,1709142483.655537888,/rigid_bodies.rigidbodies[2].pose.position.x,0.864148326568632
12.983074953,1709142483.666057097,1709142483.665618115,/rigid_bodies.rigidbodies[2].pose.position.x,0.8641256724464284
12.993071222,1709142483.676053366,1709142483.675593120,/rigid_bodies.rigidbodies[2].pose.position.x,0.8640892334784662
13.00359953,1709142483.686581674,1709142483.685860561,/rigid_bodies.rigidbodies[2].pose.position.x,0.8642323420128989
13.013556131,1709142483.696538275,1709142483.695815496,/rigid_bodies.rigidbodies[2].pose.position.x,0.8642470505871018
13.022967424,1709142483.705949568,1709142483.705488891,/rigid_bodies.rigidbodies[2].pose.position.x,0.8641289031905682
13.033062118,1709142483.716044262,1709142483.715551055,/rigid_bodies.rigidbodies[2].pose.position.x,0.8640469679576144
13.043073615,1709142483.726055759,1709142483.725550836,/rigid_bodies.rigidbodies[2].pose.position.x,0.8640643998775996
13.052948666,1709142483.735930810,1709142483.735464361,/rigid_bodies.rigidbodies[2].pose.position.x,0.8641697942921849
13.062900256,1709142483.745882400,1709142483.745460895,/rigid_bodies.rigidbodies[2].pose.position.x,0.8642032304908265
13.073681829,1709142483.756663973,1709142483.756031835,/rigid_bodies.rigidbodies[2].pose.position.x,0.8641787733812603
13.083329238,1709142483.766311382,1709142483.765797602,/rigid_bodies.rigidbodies[2].pose.position.x,0.8641263539604085
13.093534221,1709142483.776516365,1709142483.775860169,/rigid_bodies.rigidbodies[2].pose.position.x,0.8640113861780816
13.103319153,1709142483.786301297,1709142483.785757824,/rigid_bodies.rigidbodies[2].pose.position.x,0.864164277922552
13.113114948,1709142483.796097092,1709142483.795658738,/rigid_bodies.rigidbodies[2].pose.position.x,0.8642483264549061
13.123825067,1709142483.806807211,1709142483.805823532,/rigid_bodies.rigidbodies[2].pose.position.x,0.8641120849251092
13.133212649,1709142483.816194793,1709142483.815705808,/rigid_bodies.rigidbodies[2].pose.position.x,0.8640559344121873
13.143218156,1709142483.826200300,1709142483.825777609,/rigid_bodies.rigidbodies[2].pose.position.x,0.8641116167514883
13.15322006,1709142483.836202204,1709142483.835710236,/rigid_bodies.rigidbodies[2].pose.position.x,0.8641423942943762
13.163122688,1709142483.846104832,1709142483.845622895,/rigid_bodies.rigidbodies[2].pose.position.x,0.8641690064375837
13.173343901,1709142483.856326045,1709142483.855706735,/rigid_bodies.rigidbodies[2].pose.position.x,0.8641974336331824
13.183378201,1709142483.866360345,1709142483.865797506,/rigid_bodies.rigidbodies[2].pose.position.x,0.8641529210873957
13.193432628,1709142483.876414772,1709142483.875825257,/rigid_bodies.rigidbodies[2].pose.position.x,0.8640070586711153
13.203069675,1709142483.886051819,1709142483.885623701,/rigid_bodies.rigidbodies[2].pose.position.x,0.8641155738061556
13.213076767,1709142483.896058911,1709142483.895704980,/rigid_bodies.rigidbodies[2].pose.position.x,0.8642588997560636
13.223230916,1709142483.906213060,1709142483.905798259,/rigid_bodies.rigidbodies[2].pose.position.x,0.8641964019015503
13.232982768,1709142483.915964912,1709142483.915624023,/rigid_bodies.rigidbodies[2].pose.position.x,0.8640732133737903
13.243054499,1709142483.926036643,1709142483.925659738,/rigid_bodies.rigidbodies[2].pose.position.x,0.864152118363719
13.253233735,1709142483.936215879,1709142483.935787602,/rigid_bodies.rigidbodies[2].pose.position.x,0.8641691883259816
13.262796278,1709142483.945778422,1709142483.945467817,/rigid_bodies.rigidbodies[2].pose.position.x,0.8641629858347545
13.273061863,1709142483.956044007,1709142483.955653310,/rigid_bodies.rigidbodies[2].pose.position.x,0.8642017261155904
13.282741473,1709142483.965723617,1709142483.965367292,/rigid_bodies.rigidbodies[2].pose.position.x,0.8641792161385653
13.29259606,1709142483.975578204,1709142483.975376781,/rigid_bodies.rigidbodies[2].pose.position.x,0.8640514786685943
13.302522869,1709142483.985505013,1709142483.985286020,/rigid_bodies.rigidbodies[2].pose.position.x,0.8641081949372753
13.312781367,1709142483.995763511,1709142483.995513008,/rigid_bodies.rigidbodies[2].pose.position.x,0.8642057682619373
13.323173415,1709142484.006155559,1709142484.005746443,/rigid_bodies.rigidbodies[2].pose.position.x,0.8642098315368089
13.332768545,1709142484.015750689,1709142484.015418885,/rigid_bodies.rigidbodies[2].pose.position.x,0.8641063911583808
13.342941134,1709142484.025923278,1709142484.025585300,/rigid_bodies.rigidbodies[2].pose.position.x,0.8641455326647225
13.352437315,1709142484.035419459,1709142484.035244235,/rigid_bodies.rigidbodies[2].pose.position.x,0.8641610562417515
13.362431234,1709142484.045413378,1709142484.045254771,/rigid_bodies.rigidbodies[2].pose.position.x,0.8640956756869379
13.372599174,1709142484.055581318,1709142484.055335461,/rigid_bodies.rigidbodies[2].pose.position.x,0.8641477270800668
13.382592505,1709142484.065574649,1709142484.065408425,/rigid_bodies.rigidbodies[2].pose.position.x,0.8641473798567598
13.392642215,1709142484.075624359,1709142484.075333773,/rigid_bodies.rigidbodies[2].pose.position.x,0.8640789490174412
13.402416398,1709142484.085398542,1709142484.085216994,/rigid_bodies.rigidbodies[2].pose.position.x,0.8641345811787599
13.412351062,1709142484.095333206,1709142484.095150668,/rigid_bodies.rigidbodies[2].pose.position.x,0.8642480698942991
13.422651908,1709142484.105634052,1709142484.105270046,/rigid_bodies.rigidbodies[2].pose.position.x,0.8642180554490112
13.432931317,1709142484.115913461,1709142484.115551133,/rigid_bodies.rigidbodies[2].pose.position.x,0.864086985175526
13.443122637,1709142484.126104781,1709142484.125574726,/rigid_bodies.rigidbodies[2].pose.position.x,0.864104475835477
13.453044141,1709142484.136026285,1709142484.135526669,/rigid_bodies.rigidbodies[2].pose.position.x,0.8641283878392915
13.462847285,1709142484.145829429,1709142484.145511610,/rigid_bodies.rigidbodies[2].pose.position.x,0.8641501658641523
13.473122068,1709142484.156104212,1709142484.155687142,/rigid_bodies.rigidbodies[2].pose.position.x,0.8641885158397007
13.482849544,1709142484.165831688,1709142484.165467858,/rigid_bodies.rigidbodies[2].pose.position.x,0.8641804982758695
13.493260354,1709142484.176242498,1709142484.175704360,/rigid_bodies.rigidbodies[2].pose.position.x,0.8640949270283349
13.502937532,1709142484.185919676,1709142484.185523460,/rigid_bodies.rigidbodies[2].pose.position.x,0.8640987635017284
13.512778404,1709142484.195760548,1709142484.195437304,/rigid_bodies.rigidbodies[2].pose.position.x,0.8642296622547344
13.522830847,1709142484.205812991,1709142484.205455025,/rigid_bodies.rigidbodies[2].pose.position.x,0.8642148689596936
13.532805411,1709142484.215787555,1709142484.215472511,/rigid_bodies.rigidbodies[2].pose.position.x,0.8641426585750129
13.542836712,1709142484.225818856,1709142484.225443620,/rigid_bodies.rigidbodies[2].pose.position.x,0.8641703863476369
13.55322104,1709142484.236203184,1709142484.235536878,/rigid_bodies.rigidbodies[2].pose.position.x,0.8641465494890559
13.562792655,1709142484.245774799,1709142484.245401919,/rigid_bodies.rigidbodies[2].pose.position.x,0.8640928835176219
13.572961039,1709142484.255943183,1709142484.255454711,/rigid_bodies.rigidbodies[2].pose.position.x,0.864116982540158
13.582829613,1709142484.265811757,1709142484.265443922,/rigid_bodies.rigidbodies[2].pose.position.x,0.8642211996447408
13.592916839,1709142484.275898983,1709142484.275406533,/rigid_bodies.rigidbodies[2].pose.position.x,0.8641856261561124
13.602953409,1709142484.285935553,1709142484.285490957,/rigid_bodies.rigidbodies[2].pose.position.x,0.8641555807998389
13.613045367,1709142484.296027511,1709142484.295510029,/rigid_bodies.rigidbodies[2].pose.position.x,0.8641900755282036
13.623104843,1709142484.306086987,1709142484.305577250,/rigid_bodies.rigidbodies[2].pose.position.x,0.8641913642923754
13.633089351,1709142484.316071495,1709142484.315533943,/rigid_bodies.rigidbodies[2].pose.position.x,0.86410548207502
13.642862296,1709142484.325844440,1709142484.325396514,/rigid_bodies.rigidbodies[2].pose.position.x,0.8641020544300493
13.653117612,1709142484.336099756,1709142484.335609908,/rigid_bodies.rigidbodies[2].pose.position.x,0.8641381085337663
13.663024839,1709142484.346006983,1709142484.345555684,/rigid_bodies.rigidbodies[2].pose.position.x,0.8641548758021361
13.673377675,1709142484.356359819,1709142484.355724803,/rigid_bodies.rigidbodies[2].pose.position.x,0.8641506555944546
13.682939402,1709142484.365921546,1709142484.365563737,/rigid_bodies.rigidbodies[2].pose.position.x,0.8642122888002158
13.69313339,1709142484.376115534,1709142484.375669129,/rigid_bodies.rigidbodies[2].pose.position.x,0.8642048694850291
13.70323903,1709142484.386221174,1709142484.385744900,/rigid_bodies.rigidbodies[2].pose.position.x,0.8641077912662845
13.713222867,1709142484.396205011,1709142484.395719140,/rigid_bodies.rigidbodies[2].pose.position.x,0.8641132412371081
13.723222832,1709142484.406204976,1709142484.405677764,/rigid_bodies.rigidbodies[2].pose.position.x,0.8641413053389612
13.733324626,1709142484.416306770,1709142484.415755742,/rigid_bodies.rigidbodies[2].pose.position.x,0.8641498959086215
13.742893836,1709142484.425875980,1709142484.425566851,/rigid_bodies.rigidbodies[2].pose.position.x,0.8641735642410926
13.753180343,1709142484.436162487,1709142484.435744360,/rigid_bodies.rigidbodies[2].pose.position.x,0.8641958288110265
13.76287363,1709142484.445855774,1709142484.445485268,/rigid_bodies.rigidbodies[2].pose.position.x,0.8641618314506729
13.772956144,1709142484.455938288,1709142484.455541626,/rigid_bodies.rigidbodies[2].pose.position.x,0.8641431798190314
13.783107704,1709142484.466089848,1709142484.465517344,/rigid_bodies.rigidbodies[2].pose.position.x,0.8641607867694872
13.793035109,1709142484.476017253,1709142484.475519188,/rigid_bodies.rigidbodies[2].pose.position.x,0.8641613444304528
13.803198383,1709142484.486180527,1709142484.485689343,/rigid_bodies.rigidbodies[2].pose.position.x,0.8641628290923674
13.812698987000001,1709142484.495681131,1709142484.495406978,/rigid_bodies.rigidbodies[2].pose.position.x,0.8641231831892041
13.822876361,1709142484.505858505,1709142484.505477849,/rigid_bodies.rigidbodies[2].pose.position.x,0.8641640070393074
13.832916259000001,1709142484.515898403,1709142484.515555917,/rigid_bodies.rigidbodies[2].pose.position.x,0.8641446725786871
13.842711633,1709142484.525693777,1709142484.525438502,/rigid_bodies.rigidbodies[2].pose.position.x,0.864137983709757
13.852816535,1709142484.535798679,1709142484.535486769,/rigid_bodies.rigidbodies[2].pose.position.x,0.8641635256115578
13.86266452,1709142484.545646664,1709142484.545418833,/rigid_bodies.rigidbodies[2].pose.position.x,0.8641660434409354
13.872902265,1709142484.555884409,1709142484.555539784,/rigid_bodies.rigidbodies[2].pose.position.x,0.8641113660469555
13.882847504,1709142484.565829648,1709142484.565508202,/rigid_bodies.rigidbodies[2].pose.position.x,0.8641480001901544
13.892902045,1709142484.575884189,1709142484.575513165,/rigid_bodies.rigidbodies[2].pose.position.x,0.8641112114037359
13.902980387,1709142484.585962531,1709142484.585621774,/rigid_bodies.rigidbodies[2].pose.position.x,0.8640963583824376
13.912747556,1709142484.595729700,1709142484.595442678,/rigid_bodies.rigidbodies[2].pose.position.x,0.8641604644777897
13.92292885,1709142484.605910994,1709142484.605523853,/rigid_bodies.rigidbodies[2].pose.position.x,0.8642141288268359
13.932896077,1709142484.615878221,1709142484.615459065,/rigid_bodies.rigidbodies[2].pose.position.x,0.8641389177074884
13.942725857,1709142484.625708001,1709142484.625428003,/rigid_bodies.rigidbodies[2].pose.position.x,0.8641244914938295
13.953128449,1709142484.636110593,1709142484.635610539,/rigid_bodies.rigidbodies[2].pose.position.x,0.8641728225527702
13.962751724,1709142484.645733868,1709142484.645369296,/rigid_bodies.rigidbodies[2].pose.position.x,0.8641812721483695
13.973085649,1709142484.656067793,1709142484.655595368,/rigid_bodies.rigidbodies[2].pose.position.x,0.8641671221063778
13.982835516,1709142484.665817660,1709142484.665458741,/rigid_bodies.rigidbodies[2].pose.position.x,0.8641739467682448
13.992747955,1709142484.675730099,1709142484.675371917,/rigid_bodies.rigidbodies[2].pose.position.x,0.8641420241458259
14.002901051,1709142484.685883195,1709142484.685487223,/rigid_bodies.rigidbodies[2].pose.position.x,0.8641267203632396
14.013385276,1709142484.696367420,1709142484.695824956,/rigid_bodies.rigidbodies[2].pose.position.x,0.8641779156728174
14.023214867,1709142484.706197011,1709142484.705748423,/rigid_bodies.rigidbodies[2].pose.position.x,0.8642058118276509
14.032892778,1709142484.715874922,1709142484.715531267,/rigid_bodies.rigidbodies[2].pose.position.x,0.8641839277651652
14.042978947,1709142484.725961091,1709142484.725560874,/rigid_bodies.rigidbodies[2].pose.position.x,0.8641068760956924
14.053102459,1709142484.736084603,1709142484.735695218,/rigid_bodies.rigidbodies[2].pose.position.x,0.8641301292356508
14.062911354,1709142484.745893498,1709142484.745571693,/rigid_bodies.rigidbodies[2].pose.position.x,0.8641551861504309
14.073068315,1709142484.756050459,1709142484.755643007,/rigid_bodies.rigidbodies[2].pose.position.x,0.8641093536133647
14.08298433,1709142484.765966474,1709142484.765601301,/rigid_bodies.rigidbodies[2].pose.position.x,0.8641471447512665
14.092972584,1709142484.775954728,1709142484.775604209,/rigid_bodies.rigidbodies[2].pose.position.x,0.8641786128594734
14.102796057,1709142484.785778201,1709142484.785476317,/rigid_bodies.rigidbodies[2].pose.position.x,0.864127251646089
14.113104006,1709142484.796086150,1709142484.795687823,/rigid_bodies.rigidbodies[2].pose.position.x,0.8641342271806892
14.122855267,1709142484.805837411,1709142484.805584910,/rigid_bodies.rigidbodies[2].pose.position.x,0.8641452046723805
14.132970327,1709142484.815952471,1709142484.815569151,/rigid_bodies.rigidbodies[2].pose.position.x,0.8641174157696369
14.143234332,1709142484.826216476,1709142484.825781082,/rigid_bodies.rigidbodies[2].pose.position.x,0.8640800416425896
14.153032837,1709142484.836014981,1709142484.835623610,/rigid_bodies.rigidbodies[2].pose.position.x,0.8641478742128883
14.162859413,1709142484.845841557,1709142484.845525665,/rigid_bodies.rigidbodies[2].pose.position.x,0.8641542973755404
14.173522743,1709142484.856504887,1709142484.855843228,/rigid_bodies.rigidbodies[2].pose.position.x,0.8640782224554024
14.1828046,1709142484.865786744,1709142484.865495834,/rigid_bodies.rigidbodies[2].pose.position.x,0.8641418239403909
14.193121927,1709142484.876104071,1709142484.875595035,/rigid_bodies.rigidbodies[2].pose.position.x,0.864167675901827
14.202864796,1709142484.885846940,1709142484.885438772,/rigid_bodies.rigidbodies[2].pose.position.x,0.8641851080945145
14.213338737,1709142484.896320881,1709142484.895715676,/rigid_bodies.rigidbodies[2].pose.position.x,0.8641705590933875
14.222909525,1709142484.905891669,1709142484.905524129,/rigid_bodies.rigidbodies[2].pose.position.x,0.8641632175577633
14.233535602,1709142484.916517746,1709142484.915798211,/rigid_bodies.rigidbodies[2].pose.position.x,0.8641248521516505
14.243095333,1709142484.926077477,1709142484.925624143,/rigid_bodies.rigidbodies[2].pose.position.x,0.864085248537686
14.253014649,1709142484.935996793,1709142484.935583703,/rigid_bodies.rigidbodies[2].pose.position.x,0.8641654108523715
14.262956216,1709142484.945938360,1709142484.945548699,/rigid_bodies.rigidbodies[2].pose.position.x,0.8642350213042614
14.273369791,1709142484.956351935,1709142484.955670839,/rigid_bodies.rigidbodies[2].pose.position.x,0.8642152138071195
14.282914112,1709142484.965896256,1709142484.965559655,/rigid_bodies.rigidbodies[2].pose.position.x,0.8641498324988269
14.292928238,1709142484.975910382,1709142484.975554233,/rigid_bodies.rigidbodies[2].pose.position.x,0.8641330801084319
14.302561404,1709142484.985543548,1709142484.985278055,/rigid_bodies.rigidbodies[2].pose.position.x,0.864161528849519
14.312567018,1709142484.995549162,1709142484.995275797,/rigid_bodies.rigidbodies[2].pose.position.x,0.8641684568945841
14.322531875,1709142485.005514019,1709142485.005241134,/rigid_bodies.rigidbodies[2].pose.position.x,0.8642119515843665
14.332498152,1709142485.015480296,1709142485.015174935,/rigid_bodies.rigidbodies[2].pose.position.x,0.8641208232503522
14.342566836,1709142485.025548980,1709142485.025216390,/rigid_bodies.rigidbodies[2].pose.position.x,0.8640434981264951
14.352718675,1709142485.035700819,1709142485.035325506,/rigid_bodies.rigidbodies[2].pose.position.x,0.8641213911228871
14.3627796,1709142485.045761744,1709142485.045390657,/rigid_bodies.rigidbodies[2].pose.position.x,0.8642353101188397
14.373119344,1709142485.056101488,1709142485.055474446,/rigid_bodies.rigidbodies[2].pose.position.x,0.8641744895541279
14.382851362,1709142485.065833506,1709142485.065379797,/rigid_bodies.rigidbodies[2].pose.position.x,0.8641145076220629
14.392773102,1709142485.075755246,1709142485.075361402,/rigid_bodies.rigidbodies[2].pose.position.x,0.8641101746840927
14.402816485,1709142485.085798629,1709142485.085413515,/rigid_bodies.rigidbodies[2].pose.position.x,0.8641133827178245
14.412707725,1709142485.095689869,1709142485.095291759,/rigid_bodies.rigidbodies[2].pose.position.x,0.8641248481624196
14.422752207,1709142485.105734351,1709142485.105390559,/rigid_bodies.rigidbodies[2].pose.position.x,0.8642030371884086
14.432778697,1709142485.115760841,1709142485.115428685,/rigid_bodies.rigidbodies[2].pose.position.x,0.8641857533329901
14.442977701,1709142485.125959845,1709142485.125505021,/rigid_bodies.rigidbodies[2].pose.position.x,0.8640860467387751
14.452816175,1709142485.135798319,1709142485.135428986,/rigid_bodies.rigidbodies[2].pose.position.x,0.8641150265808882
14.462773698,1709142485.145755842,1709142485.145385011,/rigid_bodies.rigidbodies[2].pose.position.x,0.8641861491375606
14.473119867,1709142485.156102011,1709142485.155629945,/rigid_bodies.rigidbodies[2].pose.position.x,0.8641861968448329
14.482656577,1709142485.165638721,1709142485.165343240,/rigid_bodies.rigidbodies[2].pose.position.x,0.8641144024396972
14.492719139,1709142485.175701283,1709142485.175391414,/rigid_bodies.rigidbodies[2].pose.position.x,0.8641225404628352
14.503062515,1709142485.186044659,1709142485.185433794,/rigid_bodies.rigidbodies[2].pose.position.x,0.8641411017555952
14.512750825,1709142485.195732969,1709142485.195336304,/rigid_bodies.rigidbodies[2].pose.position.x,0.8641343630874914
14.522916271,1709142485.205898415,1709142485.205433149,/rigid_bodies.rigidbodies[2].pose.position.x,0.8642056395736528
14.533224307,1709142485.216206451,1709142485.215598963,/rigid_bodies.rigidbodies[2].pose.position.x,0.8642000520645653
14.54282761,1709142485.225809754,1709142485.225424549,/rigid_bodies.rigidbodies[2].pose.position.x,0.8640833098559526
14.5531579,1709142485.236140044,1709142485.235641705,/rigid_bodies.rigidbodies[2].pose.position.x,0.8641405032785686
14.563268811,1709142485.246250955,1709142485.245691913,/rigid_bodies.rigidbodies[2].pose.position.x,0.8642088190998296
14.573032154,1709142485.256014298,1709142485.255492121,/rigid_bodies.rigidbodies[2].pose.position.x,0.8641701552020638
14.583212579,1709142485.266194723,1709142485.265627268,/rigid_bodies.rigidbodies[2].pose.position.x,0.8641313064842224
14.593139071,1709142485.276121215,1709142485.275500335,/rigid_bodies.rigidbodies[2].pose.position.x,0.8641373862480264
14.603242408,1709142485.286224552,1709142485.285533518,/rigid_bodies.rigidbodies[2].pose.position.x,0.8641745800017079
14.612984614,1709142485.295966758,1709142485.295515238,/rigid_bodies.rigidbodies[2].pose.position.x,0.8641707464256643
14.622937117,1709142485.305919261,1709142485.305468671,/rigid_bodies.rigidbodies[2].pose.position.x,0.8641789837227081
14.632929218,1709142485.315911362,1709142485.315485126,/rigid_bodies.rigidbodies[2].pose.position.x,0.8641966504946397
14.642835125,1709142485.325817269,1709142485.325469102,/rigid_bodies.rigidbodies[2].pose.position.x,0.864097018127832
14.652707821,1709142485.335689965,1709142485.335378502,/rigid_bodies.rigidbodies[2].pose.position.x,0.8641054103298614
14.662625721,1709142485.345607865,1709142485.345304942,/rigid_bodies.rigidbodies[2].pose.position.x,0.8642312155290571
14.672535217,1709142485.355517361,1709142485.355264951,/rigid_bodies.rigidbodies[2].pose.position.x,0.8641715291386763
14.682549929,1709142485.365532073,1709142485.365345754,/rigid_bodies.rigidbodies[2].pose.position.x,0.864095865308831
14.692526683,1709142485.375508827,1709142485.375237020,/rigid_bodies.rigidbodies[2].pose.position.x,0.8641062702434165
14.702753493,1709142485.385735637,1709142485.385498382,/rigid_bodies.rigidbodies[2].pose.position.x,0.8641569156417795
14.712599,1709142485.395581144,1709142485.395280544,/rigid_bodies.rigidbodies[2].pose.position.x,0.8641932866038893
14.722601076,1709142485.405583220,1709142485.405345414,/rigid_bodies.rigidbodies[2].pose.position.x,0.8642377106697215
14.732625826,1709142485.415607970,1709142485.415311717,/rigid_bodies.rigidbodies[2].pose.position.x,0.8641907775984162
14.742689132,1709142485.425671276,1709142485.425281187,/rigid_bodies.rigidbodies[2].pose.position.x,0.8640798541174753
14.75279559,1709142485.435777734,1709142485.435443154,/rigid_bodies.rigidbodies[2].pose.position.x,0.8640179857013033
14.762782059,1709142485.445764203,1709142485.445368242,/rigid_bodies.rigidbodies[2].pose.position.x,0.8641608617746531
14.772843236,1709142485.455825380,1709142485.455471239,/rigid_bodies.rigidbodies[2].pose.position.x,0.8642224391410126
14.782795163,1709142485.465777307,1709142485.465380726,/rigid_bodies.rigidbodies[2].pose.position.x,0.8641398859962011
14.792475619,1709142485.475457763,1709142485.475182789,/rigid_bodies.rigidbodies[2].pose.position.x,0.8641125980023903
14.802494929,1709142485.485477073,1709142485.485252909,/rigid_bodies.rigidbodies[2].pose.position.x,0.8640973351567673
14.812555178,1709142485.495537322,1709142485.495346712,/rigid_bodies.rigidbodies[2].pose.position.x,0.8640890790621917
14.822827926,1709142485.505810070,1709142485.505357481,/rigid_bodies.rigidbodies[2].pose.position.x,0.8641781075889315
14.833129861,1709142485.516112005,1709142485.515568358,/rigid_bodies.rigidbodies[2].pose.position.x,0.8641889051567944
14.843043759,1709142485.526025903,1709142485.525589534,/rigid_bodies.rigidbodies[2].pose.position.x,0.8641302771707658
14.853392578,1709142485.536374722,1709142485.535742230,/rigid_bodies.rigidbodies[2].pose.position.x,0.8640100943290967
14.862997307,1709142485.545979451,1709142485.545557837,/rigid_bodies.rigidbodies[2].pose.position.x,0.8641075615822891
14.873074567,1709142485.556056711,1709142485.555580103,/rigid_bodies.rigidbodies[2].pose.position.x,0.8642061625283709
14.882985333,1709142485.565967477,1709142485.565511494,/rigid_bodies.rigidbodies[2].pose.position.x,0.8641770680691588
14.892989115,1709142485.575971259,1709142485.575489682,/rigid_bodies.rigidbodies[2].pose.position.x,0.864135824921831
14.903198687,1709142485.586180831,1709142485.585620692,/rigid_bodies.rigidbodies[2].pose.position.x,0.864100506601163
14.91289675,1709142485.595878894,1709142485.595514612,/rigid_bodies.rigidbodies[2].pose.position.x,0.8640858720376784
14.922620399,1709142485.605602543,1709142485.605279458,/rigid_bodies.rigidbodies[2].pose.position.x,0.8641359394577391
14.932702728,1709142485.615684872,1709142485.615341615,/rigid_bodies.rigidbodies[2].pose.position.x,0.8642091227998052
14.942489408,1709142485.625471552,1709142485.625215413,/rigid_bodies.rigidbodies[2].pose.position.x,0.8641582993798966
14.952457718,1709142485.635439862,1709142485.635217493,/rigid_bodies.rigidbodies[2].pose.position.x,0.8640378244874946
14.96240677,1709142485.645388914,1709142485.645185621,/rigid_bodies.rigidbodies[2].pose.position.x,0.8640812500534264
14.972541226,1709142485.655523370,1709142485.655218151,/rigid_bodies.rigidbodies[2].pose.position.x,0.8641597830103039
14.982435699,1709142485.665417843,1709142485.665264782,/rigid_bodies.rigidbodies[2].pose.position.x,0.8641671330408739
14.992674893,1709142485.675657037,1709142485.675282255,/rigid_bodies.rigidbodies[2].pose.position.x,0.8641540569804063
15.002876545,1709142485.685858689,1709142485.685390879,/rigid_bodies.rigidbodies[2].pose.position.x,0.8641327885653964
15.013068276,1709142485.696050420,1709142485.695538052,/rigid_bodies.rigidbodies[2].pose.position.x,0.8640986649888449
15.023445882,1709142485.706428026,1709142485.705787007,/rigid_bodies.rigidbodies[2].pose.position.x,0.864100348413794
15.033233688,1709142485.716215832,1709142485.715638412,/rigid_bodies.rigidbodies[2].pose.position.x,0.8641841726347087
15.04304672,1709142485.726028864,1709142485.725562206,/rigid_bodies.rigidbodies[2].pose.position.x,0.8641586324469317
15.053518147,1709142485.736500291,1709142485.735820619,/rigid_bodies.rigidbodies[2].pose.position.x,0.8641003281733455
15.063024826,1709142485.746006970,1709142485.745454930,/rigid_bodies.rigidbodies[2].pose.position.x,0.8641457249035934
15.072915386,1709142485.755897530,1709142485.755419013,/rigid_bodies.rigidbodies[2].pose.position.x,0.8641817359362405
15.082855773,1709142485.765837917,1709142485.765413048,/rigid_bodies.rigidbodies[2].pose.position.x,0.8641779123780213
15.092804809,1709142485.775786953,1709142485.775428731,/rigid_bodies.rigidbodies[2].pose.position.x,0.8640867949001857
15.102783761,1709142485.785765905,1709142485.785358144,/rigid_bodies.rigidbodies[2].pose.position.x,0.8640928335235563
15.113243094,1709142485.796225238,1709142485.795590897,/rigid_bodies.rigidbodies[2].pose.position.x,0.8641554627921049
15.123048583,1709142485.806030727,1709142485.805571686,/rigid_bodies.rigidbodies[2].pose.position.x,0.8641962222988876
15.132854272,1709142485.815836416,1709142485.815432943,/rigid_bodies.rigidbodies[2].pose.position.x,0.8642002187795164
15.143250755,1709142485.826232899,1709142485.825666632,/rigid_bodies.rigidbodies[2].pose.position.x,0.8641765289861753
15.153434105,1709142485.836416249,1709142485.835757141,/rigid_bodies.rigidbodies[2].pose.position.x,0.8640916375282184
15.163081433,1709142485.846063577,1709142485.845516060,/rigid_bodies.rigidbodies[2].pose.position.x,0.86412025660461
15.173265652,1709142485.856247796,1709142485.855699832,/rigid_bodies.rigidbodies[2].pose.position.x,0.8642020128030825
15.183170771,1709142485.866152915,1709142485.865635819,/rigid_bodies.rigidbodies[2].pose.position.x,0.8642360857692872
15.192883951,1709142485.875866095,1709142485.875463300,/rigid_bodies.rigidbodies[2].pose.position.x,0.8641581150356595
15.20320883,1709142485.886190974,1709142485.885630370,/rigid_bodies.rigidbodies[2].pose.position.x,0.8641082890588007
15.213210152,1709142485.896192296,1709142485.895594630,/rigid_bodies.rigidbodies[2].pose.position.x,0.8640848606536475
15.222963703,1709142485.905945847,1709142485.905481296,/rigid_bodies.rigidbodies[2].pose.position.x,0.8641298779565452
15.233148655,1709142485.916130799,1709142485.915604094,/rigid_bodies.rigidbodies[2].pose.position.x,0.8642220192082661
15.242841871,1709142485.925824015,1709142485.925456847,/rigid_bodies.rigidbodies[2].pose.position.x,0.8642303827090906
15.252804566,1709142485.935786710,1709142485.935382450,/rigid_bodies.rigidbodies[2].pose.position.x,0.8641475393814084
15.262822693,1709142485.945804837,1709142485.945421758,/rigid_bodies.rigidbodies[2].pose.position.x,0.8641236621004712
15.273167064,1709142485.956149208,1709142485.955659849,/rigid_bodies.rigidbodies[2].pose.position.x,0.8641650712732324
15.282823238,1709142485.965805382,1709142485.965449070,/rigid_bodies.rigidbodies[2].pose.position.x,0.8641699966237943
15.293410454,1709142485.976392598,1709142485.975844286,/rigid_bodies.rigidbodies[2].pose.position.x,0.8641374190136046
15.303088003,1709142485.986070147,1709142485.985690692,/rigid_bodies.rigidbodies[2].pose.position.x,0.8641305512535137
15.312703372,1709142485.995685516,1709142485.995401960,/rigid_bodies.rigidbodies[2].pose.position.x,0.8641565849755498
15.322626834,1709142486.005608978,1709142486.005447676,/rigid_bodies.rigidbodies[2].pose.position.x,0.864188472352987
15.332627794,1709142486.015609938,1709142486.015419847,/rigid_bodies.rigidbodies[2].pose.position.x,0.8641739524407526
15.342883354,1709142486.025865498,1709142486.025562961,/rigid_bodies.rigidbodies[2].pose.position.x,0.8641852123771421
15.35297011,1709142486.035952254,1709142486.035558504,/rigid_bodies.rigidbodies[2].pose.position.x,0.8640987186856804
15.362839873,1709142486.045822017,1709142486.045405245,/rigid_bodies.rigidbodies[2].pose.position.x,0.8640352839531642
15.372700366,1709142486.055682510,1709142486.055315242,/rigid_bodies.rigidbodies[2].pose.position.x,0.8641287229904322
15.382639564,1709142486.065621708,1709142486.065371929,/rigid_bodies.rigidbodies[2].pose.position.x,0.8641888118301239
15.392637488,1709142486.075619632,1709142486.075312860,/rigid_bodies.rigidbodies[2].pose.position.x,0.8641764110919748
15.402927046,1709142486.085909190,1709142486.085427304,/rigid_bodies.rigidbodies[2].pose.position.x,0.864129221314246
15.412586988,1709142486.095569132,1709142486.095371673,/rigid_bodies.rigidbodies[2].pose.position.x,0.8640847362923496
15.422636761,1709142486.105618905,1709142486.105301517,/rigid_bodies.rigidbodies[2].pose.position.x,0.8640955947878234
15.432694514,1709142486.115676658,1709142486.115492754,/rigid_bodies.rigidbodies[2].pose.position.x,0.8641803498332514
15.442983263,1709142486.125965407,1709142486.125537082,/rigid_bodies.rigidbodies[2].pose.position.x,0.8642355976837692
15.453040142,1709142486.136022286,1709142486.135576158,/rigid_bodies.rigidbodies[2].pose.position.x,0.864170559669846
15.462986204,1709142486.145968348,1709142486.145513775,/rigid_bodies.rigidbodies[2].pose.position.x,0.8641209310275011
15.472944101,1709142486.155926245,1709142486.155535203,/rigid_bodies.rigidbodies[2].pose.position.x,0.864101895817086
15.483098414,1709142486.166080558,1709142486.165557058,/rigid_bodies.rigidbodies[2].pose.position.x,0.8641427143144201
15.493537145,1709142486.176519289,1709142486.175858204,/rigid_bodies.rigidbodies[2].pose.position.x,0.8641621482258459
15.50308718,1709142486.186069324,1709142486.185643932,/rigid_bodies.rigidbodies[2].pose.position.x,0.8641660083219641
15.513627576,1709142486.196609720,1709142486.195907211,/rigid_bodies.rigidbodies[2].pose.position.x,0.8641796708688658
15.523590278,1709142486.206572422,1709142486.205922067,/rigid_bodies.rigidbodies[2].pose.position.x,0.8641609285829482
15.533201,1709142486.216183144,1709142486.215746830,/rigid_bodies.rigidbodies[2].pose.position.x,0.8641266819231666
15.543178082,1709142486.226160226,1709142486.225759302,/rigid_bodies.rigidbodies[2].pose.position.x,0.864168082203124
15.553235801,1709142486.236217945,1709142486.235646039,/rigid_bodies.rigidbodies[2].pose.position.x,0.8641580706509545
15.562655158,1709142486.245637302,1709142486.245308218,/rigid_bodies.rigidbodies[2].pose.position.x,0.864099823686742
15.572863142,1709142486.255845286,1709142486.255377959,/rigid_bodies.rigidbodies[2].pose.position.x,0.8641411414924385
15.582745676,1709142486.265727820,1709142486.265289963,/rigid_bodies.rigidbodies[2].pose.position.x,0.8642180747817331
15.592790192,1709142486.275772336,1709142486.275327544,/rigid_bodies.rigidbodies[2].pose.position.x,0.864184810291886
15.602811592,1709142486.285793736,1709142486.285375129,/rigid_bodies.rigidbodies[2].pose.position.x,0.8641072918155954
15.612939544,1709142486.295921688,1709142486.295416188,/rigid_bodies.rigidbodies[2].pose.position.x,0.8641137504150838
15.622860627,1709142486.305842771,1709142486.305466643,/rigid_bodies.rigidbodies[2].pose.position.x,0.8640880261646957
15.632697011,1709142486.315679155,1709142486.315364293,/rigid_bodies.rigidbodies[2].pose.position.x,0.8641264734430406
15.642722749,1709142486.325704893,1709142486.325421769,/rigid_bodies.rigidbodies[2].pose.position.x,0.8642021339036151
15.652899447,1709142486.335881591,1709142486.335391838,/rigid_bodies.rigidbodies[2].pose.position.x,0.8641861312562847
15.662600356,1709142486.345582500,1709142486.345299988,/rigid_bodies.rigidbodies[2].pose.position.x,0.8641406508270835
15.672737405,1709142486.355719549,1709142486.355437713,/rigid_bodies.rigidbodies[2].pose.position.x,0.8641179701615067
15.682920749,1709142486.365902893,1709142486.365611267,/rigid_bodies.rigidbodies[2].pose.position.x,0.8641651548002333
15.692938707,1709142486.375920851,1709142486.375477355,/rigid_bodies.rigidbodies[2].pose.position.x,0.8641919755345808
15.703061669,1709142486.386043813,1709142486.385547249,/rigid_bodies.rigidbodies[2].pose.position.x,0.8641329294389499
15.712869617,1709142486.395851761,1709142486.395460383,/rigid_bodies.rigidbodies[2].pose.position.x,0.8641110450912709
15.723202942,1709142486.406185086,1709142486.405606954,/rigid_bodies.rigidbodies[2].pose.position.x,0.8641408780286813
15.733039442,1709142486.416021586,1709142486.415519993,/rigid_bodies.rigidbodies[2].pose.position.x,0.8641491961433321
15.743120733,1709142486.426102877,1709142486.425595556,/rigid_bodies.rigidbodies[2].pose.position.x,0.8642156414059274
15.753002948,1709142486.435985092,1709142486.435491440,/rigid_bodies.rigidbodies[2].pose.position.x,0.8642090986059562
15.762836257,1709142486.445818401,1709142486.445443676,/rigid_bodies.rigidbodies[2].pose.position.x,0.8641019461141453
15.773012857,1709142486.455995001,1709142486.455544419,/rigid_bodies.rigidbodies[2].pose.position.x,0.8640902896675469
15.783000599,1709142486.465982743,1709142486.465511645,/rigid_bodies.rigidbodies[2].pose.position.x,0.8641838077698234
15.793311448,1709142486.476293592,1709142486.475674450,/rigid_bodies.rigidbodies[2].pose.position.x,0.8641939989715277
15.802951244,1709142486.485933388,1709142486.485492456,/rigid_bodies.rigidbodies[2].pose.position.x,0.8641199540754425
15.812951899,1709142486.495934043,1709142486.495451728,/rigid_bodies.rigidbodies[2].pose.position.x,0.8640627086357511
15.823318746,1709142486.506300890,1709142486.505702372,/rigid_bodies.rigidbodies[2].pose.position.x,0.8641018949385996
15.833219965,1709142486.516202109,1709142486.515602576,/rigid_bodies.rigidbodies[2].pose.position.x,0.8641357392032891
15.842898404,1709142486.525880548,1709142486.525419831,/rigid_bodies.rigidbodies[2].pose.position.x,0.8642113215908531
15.853255349,1709142486.536237493,1709142486.535622584,/rigid_bodies.rigidbodies[2].pose.position.x,0.8642280238033595
15.862864316,1709142486.545846460,1709142486.545441067,/rigid_bodies.rigidbodies[2].pose.position.x,0.8641435364198022
15.87278828,1709142486.555770424,1709142486.555391124,/rigid_bodies.rigidbodies[2].pose.position.x,0.8640788884508597
15.882798517,1709142486.565780661,1709142486.565431062,/rigid_bodies.rigidbodies[2].pose.position.x,0.8641017420559904
15.892874271,1709142486.575856415,1709142486.575466319,/rigid_bodies.rigidbodies[2].pose.position.x,0.8641599346785832
15.902910785,1709142486.585892929,1709142486.585539356,/rigid_bodies.rigidbodies[2].pose.position.x,0.8641560397207557
15.913046793,1709142486.596028937,1709142486.595621506,/rigid_bodies.rigidbodies[2].pose.position.x,0.8641750736607412
15.923223864,1709142486.606206008,1709142486.605772670,/rigid_bodies.rigidbodies[2].pose.position.x,0.8642278367523579
15.933020151000001,1709142486.616002295,1709142486.615563644,/rigid_bodies.rigidbodies[2].pose.position.x,0.864163953736634
15.943148747,1709142486.626130891,1709142486.625668252,/rigid_bodies.rigidbodies[2].pose.position.x,0.8641556380923192
15.953155637,1709142486.636137781,1709142486.635675278,/rigid_bodies.rigidbodies[2].pose.position.x,0.864169763540821
15.962997745,1709142486.645979889,1709142486.645575972,/rigid_bodies.rigidbodies[2].pose.position.x,0.8641172283331474
15.973431167,1709142486.656413311,1709142486.655834843,/rigid_bodies.rigidbodies[2].pose.position.x,0.8640820488035716
15.98298935,1709142486.665971494,1709142486.665588694,/rigid_bodies.rigidbodies[2].pose.position.x,0.8641494269035105
15.99299046,1709142486.675972604,1709142486.675589583,/rigid_bodies.rigidbodies[2].pose.position.x,0.8641747347847178
16.003379895,1709142486.686362039,1709142486.685836774,/rigid_bodies.rigidbodies[2].pose.position.x,0.8641263872899826
16.013329327,1709142486.696311471,1709142486.695794663,/rigid_bodies.rigidbodies[2].pose.position.x,0.8641420043758885
16.022904609,1709142486.705886753,1709142486.705536693,/rigid_bodies.rigidbodies[2].pose.position.x,0.8641931892221673
16.033198079,1709142486.716180223,1709142486.715702659,/rigid_bodies.rigidbodies[2].pose.position.x,0.8641180710416557
16.043184846,1709142486.726166990,1709142486.725730892,/rigid_bodies.rigidbodies[2].pose.position.x,0.8641571850936557
16.052817049,1709142486.735799193,1709142486.735461478,/rigid_bodies.rigidbodies[2].pose.position.x,0.8641982666113205
16.062982856,1709142486.745965000,1709142486.745577448,/rigid_bodies.rigidbodies[2].pose.position.x,0.8641600646189276
16.073262016,1709142486.756244160,1709142486.755770102,/rigid_bodies.rigidbodies[2].pose.position.x,0.864065748968361
16.083100223,1709142486.766082367,1709142486.765674886,/rigid_bodies.rigidbodies[2].pose.position.x,0.8641089508036421
16.093266885,1709142486.776249029,1709142486.775661268,/rigid_bodies.rigidbodies[2].pose.position.x,0.8641814183897922
16.103658615,1709142486.786640759,1709142486.785949482,/rigid_bodies.rigidbodies[2].pose.position.x,0.8641914819079592
16.112949399,1709142486.795931543,1709142486.795563226,/rigid_bodies.rigidbodies[2].pose.position.x,0.8641716474498473
16.12306869,1709142486.806050834,1709142486.805644327,/rigid_bodies.rigidbodies[2].pose.position.x,0.8641711759437851
16.133278475,1709142486.816260619,1709142486.815727437,/rigid_bodies.rigidbodies[2].pose.position.x,0.8641108558599735
16.143121848,1709142486.826103992,1709142486.825676045,/rigid_bodies.rigidbodies[2].pose.position.x,0.8640581195449274
16.153136401,1709142486.836118545,1709142486.835680065,/rigid_bodies.rigidbodies[2].pose.position.x,0.8641584123836327
16.163033841,1709142486.846015985,1709142486.845625442,/rigid_bodies.rigidbodies[2].pose.position.x,0.8641863008068953
16.173149405,1709142486.856131549,1709142486.855654495,/rigid_bodies.rigidbodies[2].pose.position.x,0.8641240729824998
16.183223859,1709142486.866206003,1709142486.865713854,/rigid_bodies.rigidbodies[2].pose.position.x,0.8641857529995668
16.193490375,1709142486.876472519,1709142486.875942036,/rigid_bodies.rigidbodies[2].pose.position.x,0.8642211834896107
16.203280136,1709142486.886262280,1709142486.885759367,/rigid_bodies.rigidbodies[2].pose.position.x,0.86417989694896
16.212986156,1709142486.895968300,1709142486.895581934,/rigid_bodies.rigidbodies[2].pose.position.x,0.864137632710041
16.22297678,1709142486.905958924,1709142486.905558439,/rigid_bodies.rigidbodies[2].pose.position.x,0.8641343484136569
16.233344722,1709142486.916326866,1709142486.915843271,/rigid_bodies.rigidbodies[2].pose.position.x,0.8641712255298062
16.242873912,1709142486.925856056,1709142486.925484742,/rigid_bodies.rigidbodies[2].pose.position.x,0.8641506332719994
16.253341679000002,1709142486.936323823,1709142486.935826008,/rigid_bodies.rigidbodies[2].pose.position.x,0.8641915549122194
16.263059968,1709142486.946042112,1709142486.945649827,/rigid_bodies.rigidbodies[2].pose.position.x,0.8642249384576026
16.273124688,1709142486.956106832,1709142486.955649416,/rigid_bodies.rigidbodies[2].pose.position.x,0.8641312039512047
16.283017567999998,1709142486.965999712,1709142486.965582714,/rigid_bodies.rigidbodies[2].pose.position.x,0.8641132875853444
16.29279902,1709142486.975781164,1709142486.975450779,/rigid_bodies.rigidbodies[2].pose.position.x,0.8641824507380651
16.302948568,1709142486.985930712,1709142486.985512215,/rigid_bodies.rigidbodies[2].pose.position.x,0.8642155293953203
16.312995686,1709142486.995977830,1709142486.995538721,/rigid_bodies.rigidbodies[2].pose.position.x,0.8641408125426884
16.32343408,1709142487.006416224,1709142487.005833219,/rigid_bodies.rigidbodies[2].pose.position.x,0.8641195123681683
16.332963623,1709142487.015945767,1709142487.015565899,/rigid_bodies.rigidbodies[2].pose.position.x,0.8640988966476787
16.343113745,1709142487.026095889,1709142487.025706955,/rigid_bodies.rigidbodies[2].pose.position.x,0.8641074124862036
16.353224783,1709142487.036206927,1709142487.035724563,/rigid_bodies.rigidbodies[2].pose.position.x,0.8642008022853909
16.362859713,1709142487.045841857,1709142487.045492442,/rigid_bodies.rigidbodies[2].pose.position.x,0.8642683404749277
16.373463011,1709142487.056445155,1709142487.055796549,/rigid_bodies.rigidbodies[2].pose.position.x,0.8642098699984959
16.383103136,1709142487.066085280,1709142487.065595047,/rigid_bodies.rigidbodies[2].pose.position.x,0.8640802098389021
16.39293221,1709142487.075914354,1709142487.075517344,/rigid_bodies.rigidbodies[2].pose.position.x,0.8640940379029898
16.402729176,1709142487.085711320,1709142487.085471445,/rigid_bodies.rigidbodies[2].pose.position.x,0.8641694750454272
16.412523773,1709142487.095505917,1709142487.095223240,/rigid_bodies.rigidbodies[2].pose.position.x,0.8641631837178942
16.422701128,1709142487.105683272,1709142487.105448685,/rigid_bodies.rigidbodies[2].pose.position.x,0.8642090401006405
16.433114482,1709142487.116096626,1709142487.115675270,/rigid_bodies.rigidbodies[2].pose.position.x,0.8641362864085279
16.443284585,1709142487.126266729,1709142487.125767334,/rigid_bodies.rigidbodies[2].pose.position.x,0.8640793918894873
16.452892978,1709142487.135875122,1709142487.135484572,/rigid_bodies.rigidbodies[2].pose.position.x,0.8641558084841713
16.462921104,1709142487.145903248,1709142487.145433942,/rigid_bodies.rigidbodies[2].pose.position.x,0.8642136124381927
16.473157357,1709142487.156139501,1709142487.155601002,/rigid_bodies.rigidbodies[2].pose.position.x,0.8641609504109397
16.482807854,1709142487.165789998,1709142487.165497893,/rigid_bodies.rigidbodies[2].pose.position.x,0.8640721041544518
16.49287767,1709142487.175859814,1709142487.175469659,/rigid_bodies.rigidbodies[2].pose.position.x,0.864095504452393
16.502706568,1709142487.185688712,1709142487.185410344,/rigid_bodies.rigidbodies[2].pose.position.x,0.8641477224407488
16.512859166,1709142487.195841310,1709142487.195579004,/rigid_bodies.rigidbodies[2].pose.position.x,0.8642009330352656
16.522935092,1709142487.205917236,1709142487.205555412,/rigid_bodies.rigidbodies[2].pose.position.x,0.8641948112462126
16.532994557,1709142487.215976701,1709142487.215620819,/rigid_bodies.rigidbodies[2].pose.position.x,0.8641291313730227
16.542899453,1709142487.225881597,1709142487.225543573,/rigid_bodies.rigidbodies[2].pose.position.x,0.8640678015444311
16.553298212,1709142487.236280356,1709142487.235688618,/rigid_bodies.rigidbodies[2].pose.position.x,0.8641180287271769
16.562925111,1709142487.245907255,1709142487.245401839,/rigid_bodies.rigidbodies[2].pose.position.x,0.8642058208603877
16.572927283,1709142487.255909427,1709142487.255583972,/rigid_bodies.rigidbodies[2].pose.position.x,0.8641681616855933
16.582865218,1709142487.265847362,1709142487.265454986,/rigid_bodies.rigidbodies[2].pose.position.x,0.8641001309345727
16.59276432,1709142487.275746464,1709142487.275412370,/rigid_bodies.rigidbodies[2].pose.position.x,0.8641033234490473
16.602966479,1709142487.285948623,1709142487.285487827,/rigid_bodies.rigidbodies[2].pose.position.x,0.8641184666646808
16.613079196,1709142487.296061340,1709142487.295518775,/rigid_bodies.rigidbodies[2].pose.position.x,0.864130230366595
16.623172862,1709142487.306155006,1709142487.305708502,/rigid_bodies.rigidbodies[2].pose.position.x,0.8641855004227039
16.632901265,1709142487.315883409,1709142487.315440518,/rigid_bodies.rigidbodies[2].pose.position.x,0.8641569545295621
16.643086939,1709142487.326069083,1709142487.325537578,/rigid_bodies.rigidbodies[2].pose.position.x,0.8640946426288664
16.653107946,1709142487.336090090,1709142487.335537086,/rigid_bodies.rigidbodies[2].pose.position.x,0.8641460050048738
16.662786874,1709142487.345769018,1709142487.345327723,/rigid_bodies.rigidbodies[2].pose.position.x,0.8641792127428661
16.673561259,1709142487.356543403,1709142487.355957119,/rigid_bodies.rigidbodies[2].pose.position.x,0.8641576578149269
16.68327195,1709142487.366254094,1709142487.365796068,/rigid_bodies.rigidbodies[2].pose.position.x,0.8641096891607155
16.692800547,1709142487.375782691,1709142487.375450357,/rigid_bodies.rigidbodies[2].pose.position.x,0.8641190711831799
16.702731628,1709142487.385713772,1709142487.385421986,/rigid_bodies.rigidbodies[2].pose.position.x,0.8641425701567054
16.712723684,1709142487.395705828,1709142487.395412344,/rigid_bodies.rigidbodies[2].pose.position.x,0.8641096017436098
16.723054589,1709142487.406036733,1709142487.405640313,/rigid_bodies.rigidbodies[2].pose.position.x,0.8641533596692955
16.733372548,1709142487.416354692,1709142487.415892535,/rigid_bodies.rigidbodies[2].pose.position.x,0.8641260906927536
16.743452715,1709142487.426434859,1709142487.425954151,/rigid_bodies.rigidbodies[2].pose.position.x,0.864075445175378
16.753345898,1709142487.436328042,1709142487.435770413,/rigid_bodies.rigidbodies[2].pose.position.x,0.8641334427066898
16.763230917,1709142487.446213061,1709142487.445717698,/rigid_bodies.rigidbodies[2].pose.position.x,0.8641954977158894
16.773491016,1709142487.456473160,1709142487.455880507,/rigid_bodies.rigidbodies[2].pose.position.x,0.8641868951207582
16.783146770000002,1709142487.466128914,1709142487.465702875,/rigid_bodies.rigidbodies[2].pose.position.x,0.8641031393196547
16.793014054,1709142487.475996198,1709142487.475599793,/rigid_bodies.rigidbodies[2].pose.position.x,0.8641158761572624
16.803592176,1709142487.486574320,1709142487.485984635,/rigid_bodies.rigidbodies[2].pose.position.x,0.8641453060705885
16.813265164,1709142487.496247308,1709142487.495672594,/rigid_bodies.rigidbodies[2].pose.position.x,0.864162111217636
16.823249139,1709142487.506231283,1709142487.505690918,/rigid_bodies.rigidbodies[2].pose.position.x,0.8641924169953241
16.833573099,1709142487.516555243,1709142487.515889724,/rigid_bodies.rigidbodies[2].pose.position.x,0.8641647059941174
16.843280471,1709142487.526262615,1709142487.525705639,/rigid_bodies.rigidbodies[2].pose.position.x,0.8640737124078404
16.853073126,1709142487.536055270,1709142487.535616584,/rigid_bodies.rigidbodies[2].pose.position.x,0.864086624097613
16.863065697,1709142487.546047841,1709142487.545578301,/rigid_bodies.rigidbodies[2].pose.position.x,0.8641991123125985
16.873445602,1709142487.556427746,1709142487.555782765,/rigid_bodies.rigidbodies[2].pose.position.x,0.8641998493974433
16.88302166,1709142487.566003804,1709142487.565623493,/rigid_bodies.rigidbodies[2].pose.position.x,0.8641237895218887
16.893445062,1709142487.576427206,1709142487.575763456,/rigid_bodies.rigidbodies[2].pose.position.x,0.8641204341821755
16.903172095,1709142487.586154239,1709142487.585613907,/rigid_bodies.rigidbodies[2].pose.position.x,0.8641292940638909
16.913003354,1709142487.595985498,1709142487.595566546,/rigid_bodies.rigidbodies[2].pose.position.x,0.8641217042331624
16.922954044,1709142487.605936188,1709142487.605483676,/rigid_bodies.rigidbodies[2].pose.position.x,0.8642212252373808
16.933291535,1709142487.616273679,1709142487.615651403,/rigid_bodies.rigidbodies[2].pose.position.x,0.8641717781501922
16.942826187,1709142487.625808331,1709142487.625514382,/rigid_bodies.rigidbodies[2].pose.position.x,0.8641071658389272
16.953399714,1709142487.636381858,1709142487.635921767,/rigid_bodies.rigidbodies[2].pose.position.x,0.8640854883316993
16.963244505,1709142487.646226649,1709142487.645798938,/rigid_bodies.rigidbodies[2].pose.position.x,0.8641627277208974
16.972826845,1709142487.655808989,1709142487.655473484,/rigid_bodies.rigidbodies[2].pose.position.x,0.8642367305732418
16.982756653,1709142487.665738797,1709142487.665472064,/rigid_bodies.rigidbodies[2].pose.position.x,0.8641728405463575
16.992765685,1709142487.675747829,1709142487.675377205,/rigid_bodies.rigidbodies[2].pose.position.x,0.8641267459631714
17.003003347,1709142487.685985491,1709142487.685495677,/rigid_bodies.rigidbodies[2].pose.position.x,0.8640827674791786
17.012982322,1709142487.695964466,1709142487.695473642,/rigid_bodies.rigidbodies[2].pose.position.x,0.8641028897079676
17.023340086,1709142487.706322230,1709142487.705698910,/rigid_bodies.rigidbodies[2].pose.position.x,0.8642088772976579
17.032924821,1709142487.715906965,1709142487.715462090,/rigid_bodies.rigidbodies[2].pose.position.x,0.864195198819655
17.043117881,1709142487.726100025,1709142487.725577978,/rigid_bodies.rigidbodies[2].pose.position.x,0.8641521044076934
17.053257003,1709142487.736239147,1709142487.735650168,/rigid_bodies.rigidbodies[2].pose.position.x,0.864058956549585
17.062762876,1709142487.745745020,1709142487.745431895,/rigid_bodies.rigidbodies[2].pose.position.x,0.8640825378742847
17.072907405,1709142487.755889549,1709142487.755459143,/rigid_bodies.rigidbodies[2].pose.position.x,0.8641829959752748
17.082948723,1709142487.765930867,1709142487.765532243,/rigid_bodies.rigidbodies[2].pose.position.x,0.8641652557697495
17.092992969,1709142487.775975113,1709142487.775584761,/rigid_bodies.rigidbodies[2].pose.position.x,0.8641926164336862
17.103089935,1709142487.786072079,1709142487.785595351,/rigid_bodies.rigidbodies[2].pose.position.x,0.8641823922707634
17.112799109,1709142487.795781253,1709142487.795410455,/rigid_bodies.rigidbodies[2].pose.position.x,0.8641325317747766
17.1228748,1709142487.805856944,1709142487.805535421,/rigid_bodies.rigidbodies[2].pose.position.x,0.8641068719279856
17.13302244,1709142487.816004584,1709142487.815519057,/rigid_bodies.rigidbodies[2].pose.position.x,0.8641645430166079
17.142908314,1709142487.825890458,1709142487.825481589,/rigid_bodies.rigidbodies[2].pose.position.x,0.8641745457299215
17.153186423,1709142487.836168567,1709142487.835662305,/rigid_bodies.rigidbodies[2].pose.position.x,0.8641637658672251
17.162961403,1709142487.845943547,1709142487.845458116,/rigid_bodies.rigidbodies[2].pose.position.x,0.864134700697784
17.172915938,1709142487.855898082,1709142487.855470506,/rigid_bodies.rigidbodies[2].pose.position.x,0.8641365743185812
17.183001857,1709142487.865984001,1709142487.865532876,/rigid_bodies.rigidbodies[2].pose.position.x,0.8641364263589814
17.193018702,1709142487.876000846,1709142487.875461347,/rigid_bodies.rigidbodies[2].pose.position.x,0.8641275325898826
17.202811989,1709142487.885794133,1709142487.885457678,/rigid_bodies.rigidbodies[2].pose.position.x,0.8641585198238708
17.213143078,1709142487.896125222,1709142487.895606183,/rigid_bodies.rigidbodies[2].pose.position.x,0.8641833875087255
17.223183667,1709142487.906165811,1709142487.905671565,/rigid_bodies.rigidbodies[2].pose.position.x,0.864154805561489
17.233162484,1709142487.916144628,1709142487.915660332,/rigid_bodies.rigidbodies[2].pose.position.x,0.8641269328676846
17.243127349,1709142487.926109493,1709142487.925640718,/rigid_bodies.rigidbodies[2].pose.position.x,0.8641380651622379
17.252952318,1709142487.935934462,1709142487.935522159,/rigid_bodies.rigidbodies[2].pose.position.x,0.8641202673732067
17.262903922,1709142487.945886066,1709142487.945479679,/rigid_bodies.rigidbodies[2].pose.position.x,0.8641525102552619
17.27326034,1709142487.956242484,1709142487.955640910,/rigid_bodies.rigidbodies[2].pose.position.x,0.8641599345413001
17.282935759,1709142487.965917903,1709142487.965496500,/rigid_bodies.rigidbodies[2].pose.position.x,0.8641136672314764
17.293226438,1709142487.976208582,1709142487.975628021,/rigid_bodies.rigidbodies[2].pose.position.x,0.8640861823362413
17.302935766,1709142487.985917910,1709142487.985507136,/rigid_bodies.rigidbodies[2].pose.position.x,0.8641303483437337
17.312997755,1709142487.995979899,1709142487.995506269,/rigid_bodies.rigidbodies[2].pose.position.x,0.8641467589852754
17.323243074,1709142488.006225218,1709142488.005629389,/rigid_bodies.rigidbodies[2].pose.position.x,0.8641585409721037
17.332868259,1709142488.015850403,1709142488.015462943,/rigid_bodies.rigidbodies[2].pose.position.x,0.8641401482309082
17.342617087,1709142488.025599231,1709142488.025275559,/rigid_bodies.rigidbodies[2].pose.position.x,0.8641023102687853
17.352562043,1709142488.035544187,1709142488.035275816,/rigid_bodies.rigidbodies[2].pose.position.x,0.8641370960479037
17.362687726,1709142488.045669870,1709142488.045381250,/rigid_bodies.rigidbodies[2].pose.position.x,0.8641478787012015
17.372767956,1709142488.055750100,1709142488.055311811,/rigid_bodies.rigidbodies[2].pose.position.x,0.8641697940778015
17.382636435,1709142488.065618579,1709142488.065398369,/rigid_bodies.rigidbodies[2].pose.position.x,0.8641445172656695
17.392937652,1709142488.075919796,1709142488.075380308,/rigid_bodies.rigidbodies[2].pose.position.x,0.8641128791789574
17.402502654,1709142488.085484798,1709142488.085272206,/rigid_bodies.rigidbodies[2].pose.position.x,0.8640950543654036
17.412514092,1709142488.095496236,1709142488.095171947,/rigid_bodies.rigidbodies[2].pose.position.x,0.8641345055974867
17.422691963,1709142488.105674107,1709142488.105351527,/rigid_bodies.rigidbodies[2].pose.position.x,0.8641795050683603
17.432983587,1709142488.115965731,1709142488.115483204,/rigid_bodies.rigidbodies[2].pose.position.x,0.8641536199680264
17.443124228,1709142488.126106372,1709142488.125555046,/rigid_bodies.rigidbodies[2].pose.position.x,0.8641250925077888
17.453144118,1709142488.136126262,1709142488.135480565,/rigid_bodies.rigidbodies[2].pose.position.x,0.8640756287228645
17.462980611,1709142488.145962755,1709142488.145400167,/rigid_bodies.rigidbodies[2].pose.position.x,0.8640771982225012
17.473215403,1709142488.156197547,1709142488.155601957,/rigid_bodies.rigidbodies[2].pose.position.x,0.8641387613322784
17.482933234,1709142488.165915378,1709142488.165467519,/rigid_bodies.rigidbodies[2].pose.position.x,0.8641445385238289
17.492933277,1709142488.175915421,1709142488.175458899,/rigid_bodies.rigidbodies[2].pose.position.x,0.8641249063239349
17.503310318,1709142488.186292462,1709142488.185667810,/rigid_bodies.rigidbodies[2].pose.position.x,0.864141819568833
17.512897032,1709142488.195879176,1709142488.195438299,/rigid_bodies.rigidbodies[2].pose.position.x,0.8641114568507456
17.522858914,1709142488.205841058,1709142488.205465450,/rigid_bodies.rigidbodies[2].pose.position.x,0.8640632685232587
17.533026672,1709142488.216008816,1709142488.215552412,/rigid_bodies.rigidbodies[2].pose.position.x,0.8641064575579797
17.54289642,1709142488.225878564,1709142488.225440802,/rigid_bodies.rigidbodies[2].pose.position.x,0.8641414962211599
17.552931675,1709142488.235913819,1709142488.235460893,/rigid_bodies.rigidbodies[2].pose.position.x,0.8641906894574458
17.56338454,1709142488.246366684,1709142488.245844565,/rigid_bodies.rigidbodies[2].pose.position.x,0.8642082517280428
17.573730773,1709142488.256712917,1709142488.256051086,/rigid_bodies.rigidbodies[2].pose.position.x,0.8641673515607271
17.58311297,1709142488.266095114,1709142488.265622695,/rigid_bodies.rigidbodies[2].pose.position.x,0.8641061711959801
17.592964331,1709142488.275946475,1709142488.275521405,/rigid_bodies.rigidbodies[2].pose.position.x,0.8641121344893223
17.603704698,1709142488.286686842,1709142488.286016557,/rigid_bodies.rigidbodies[2].pose.position.x,0.8641677634736085
17.613090486,1709142488.296072630,1709142488.295646462,/rigid_bodies.rigidbodies[2].pose.position.x,0.8641819883204013
17.623320718,1709142488.306302862,1709142488.305793715,/rigid_bodies.rigidbodies[2].pose.position.x,0.864105553923842
17.633746898,1709142488.316729042,1709142488.316022230,/rigid_bodies.rigidbodies[2].pose.position.x,0.8640645689332112
17.643198588,1709142488.326180732,1709142488.325775055,/rigid_bodies.rigidbodies[2].pose.position.x,0.8641005617544478
17.652991503,1709142488.335973647,1709142488.335614660,/rigid_bodies.rigidbodies[2].pose.position.x,0.8641170641533923
17.662939435,1709142488.345921579,1709142488.345582121,/rigid_bodies.rigidbodies[2].pose.position.x,0.864144412012185
17.673142995,1709142488.356125139,1709142488.355703130,/rigid_bodies.rigidbodies[2].pose.position.x,0.8642170524564308
17.683136757,1709142488.366118901,1709142488.365702641,/rigid_bodies.rigidbodies[2].pose.position.x,0.8641120642146298
17.693156205,1709142488.376138349,1709142488.375700764,/rigid_bodies.rigidbodies[2].pose.position.x,0.8640763148998029
17.703355574,1709142488.386337718,1709142488.385831337,/rigid_bodies.rigidbodies[2].pose.position.x,0.8641870723553922
17.712929227,1709142488.395911371,1709142488.395557827,/rigid_bodies.rigidbodies[2].pose.position.x,0.8642291008329175
17.723272734,1709142488.406254878,1709142488.405821356,/rigid_bodies.rigidbodies[2].pose.position.x,0.8641707676850603
17.73331912,1709142488.416301264,1709142488.415781648,/rigid_bodies.rigidbodies[2].pose.position.x,0.8641356457327236
17.742961658,1709142488.425943802,1709142488.425555417,/rigid_bodies.rigidbodies[2].pose.position.x,0.8641037940812263
17.752900758,1709142488.435882902,1709142488.435520140,/rigid_bodies.rigidbodies[2].pose.position.x,0.8641347710950336
17.762939795,1709142488.445921939,1709142488.445461460,/rigid_bodies.rigidbodies[2].pose.position.x,0.8641920416027454
17.77316074,1709142488.456142884,1709142488.455627567,/rigid_bodies.rigidbodies[2].pose.position.x,0.8642364021689634
17.782968783,1709142488.465950927,1709142488.465559910,/rigid_bodies.rigidbodies[2].pose.position.x,0.8641672245484925
17.793673408,1709142488.476655552,1709142488.476046186,/rigid_bodies.rigidbodies[2].pose.position.x,0.8640434038539674
17.803166318,1709142488.486148462,1709142488.485760363,/rigid_bodies.rigidbodies[2].pose.position.x,0.8640603898125659
17.813079663,1709142488.496061807,1709142488.495703818,/rigid_bodies.rigidbodies[2].pose.position.x,0.8641638610673449
17.823543012000002,1709142488.506525156,1709142488.505925463,/rigid_bodies.rigidbodies[2].pose.position.x,0.8641802324446007
17.833124973,1709142488.516107117,1709142488.515680906,/rigid_bodies.rigidbodies[2].pose.position.x,0.8641776202149346
17.843025264,1709142488.526007408,1709142488.525628783,/rigid_bodies.rigidbodies[2].pose.position.x,0.864172170085874
17.853240459,1709142488.536222603,1709142488.535742096,/rigid_bodies.rigidbodies[2].pose.position.x,0.8641284324319802
17.863084893,1709142488.546067037,1709142488.545700757,/rigid_bodies.rigidbodies[2].pose.position.x,0.8640747048763787
17.873357067,1709142488.556339211,1709142488.555856677,/rigid_bodies.rigidbodies[2].pose.position.x,0.8641948347076163
17.883104453,1709142488.566086597,1709142488.565716640,/rigid_bodies.rigidbodies[2].pose.position.x,0.8642087406165696
17.893208222,1709142488.576190366,1709142488.575830559,/rigid_bodies.rigidbodies[2].pose.position.x,0.8640914995144126
17.903438275,1709142488.586420419,1709142488.585965373,/rigid_bodies.rigidbodies[2].pose.position.x,0.8641305857824261
17.913074718,1709142488.596056862,1709142488.595724403,/rigid_bodies.rigidbodies[2].pose.position.x,0.864208311478054
17.923147093,1709142488.606129237,1709142488.605781706,/rigid_bodies.rigidbodies[2].pose.position.x,0.8641605855603609
17.933669424,1709142488.616651568,1709142488.616092550,/rigid_bodies.rigidbodies[2].pose.position.x,0.8641440776761743
17.943060663,1709142488.626042807,1709142488.625715894,/rigid_bodies.rigidbodies[2].pose.position.x,0.8641610595101924
17.953104852,1709142488.636086996,1709142488.635739589,/rigid_bodies.rigidbodies[2].pose.position.x,0.8641836780226473
17.963237142,1709142488.646219286,1709142488.645605150,/rigid_bodies.rigidbodies[2].pose.position.x,0.8641467060326673
17.97319333,1709142488.656175474,1709142488.655701983,/rigid_bodies.rigidbodies[2].pose.position.x,0.8641724801641159
17.983103649,1709142488.666085793,1709142488.665659646,/rigid_bodies.rigidbodies[2].pose.position.x,0.8641874877567156
17.992972665,1709142488.675954809,1709142488.675581986,/rigid_bodies.rigidbodies[2].pose.position.x,0.8641281738028173
18.003003526,1709142488.685985670,1709142488.685584321,/rigid_bodies.rigidbodies[2].pose.position.x,0.8641657866402567
18.01316379,1709142488.696145934,1709142488.695702703,/rigid_bodies.rigidbodies[2].pose.position.x,0.8642363149297698
18.023446583,1709142488.706428727,1709142488.705887974,/rigid_bodies.rigidbodies[2].pose.position.x,0.8642166117249649
18.033371832,1709142488.716353976,1709142488.715870653,/rigid_bodies.rigidbodies[2].pose.position.x,0.8641619903007862
18.043454461,1709142488.726436605,1709142488.725871929,/rigid_bodies.rigidbodies[2].pose.position.x,0.8641617392160632
18.053203336,1709142488.736185480,1709142488.735689733,/rigid_bodies.rigidbodies[2].pose.position.x,0.8641869722026225
18.063144388,1709142488.746126532,1709142488.745704239,/rigid_bodies.rigidbodies[2].pose.position.x,0.8641592203824703
18.073033765,1709142488.756015909,1709142488.755605374,/rigid_bodies.rigidbodies[2].pose.position.x,0.8642306870291062
18.083217677,1709142488.766199821,1709142488.765718748,/rigid_bodies.rigidbodies[2].pose.position.x,0.8642284811948898
18.093261402,1709142488.776243546,1709142488.775683343,/rigid_bodies.rigidbodies[2].pose.position.x,0.864092982210367
18.103079173,1709142488.786061317,1709142488.785614354,/rigid_bodies.rigidbodies[2].pose.position.x,0.8641500441910067
18.113098469,1709142488.796080613,1709142488.795615915,/rigid_bodies.rigidbodies[2].pose.position.x,0.8642151323760947
18.122934225,1709142488.805916369,1709142488.805498744,/rigid_bodies.rigidbodies[2].pose.position.x,0.864200889123135
18.133074051,1709142488.816056195,1709142488.815583659,/rigid_bodies.rigidbodies[2].pose.position.x,0.8641498620866612
18.143117451,1709142488.826099595,1709142488.825647820,/rigid_bodies.rigidbodies[2].pose.position.x,0.8641465672720778
18.153087951,1709142488.836070095,1709142488.835589914,/rigid_bodies.rigidbodies[2].pose.position.x,0.8641204881777144
18.162947394,1709142488.845929538,1709142488.845595884,/rigid_bodies.rigidbodies[2].pose.position.x,0.8641135813354082
18.173144525,1709142488.856126669,1709142488.855676732,/rigid_bodies.rigidbodies[2].pose.position.x,0.864197214340279
18.183215113,1709142488.866197257,1709142488.865694208,/rigid_bodies.rigidbodies[2].pose.position.x,0.8642186174232905
18.193448104,1709142488.876430248,1709142488.875920168,/rigid_bodies.rigidbodies[2].pose.position.x,0.8641429429608338
18.203321891,1709142488.886304035,1709142488.885739037,/rigid_bodies.rigidbodies[2].pose.position.x,0.8641019543525772
18.213326275,1709142488.896308419,1709142488.895687041,/rigid_bodies.rigidbodies[2].pose.position.x,0.8641526332612213
18.223106797,1709142488.906088941,1709142488.905660923,/rigid_bodies.rigidbodies[2].pose.position.x,0.8642010128057571
18.233259071,1709142488.916241215,1709142488.915835337,/rigid_bodies.rigidbodies[2].pose.position.x,0.8641461246601436
18.24297317,1709142488.925955314,1709142488.925610217,/rigid_bodies.rigidbodies[2].pose.position.x,0.8641061932328487
18.253287109,1709142488.936269253,1709142488.935782256,/rigid_bodies.rigidbodies[2].pose.position.x,0.8641402016656077
18.263093103,1709142488.946075247,1709142488.945625412,/rigid_bodies.rigidbodies[2].pose.position.x,0.8641214207054959
18.273439177,1709142488.956421321,1709142488.955844022,/rigid_bodies.rigidbodies[2].pose.position.x,0.8641802535934667
18.283093058,1709142488.966075202,1709142488.965583530,/rigid_bodies.rigidbodies[2].pose.position.x,0.8642484146615427
18.293536257,1709142488.976518401,1709142488.975874233,/rigid_bodies.rigidbodies[2].pose.position.x,0.8641401663654822
18.303389788,1709142488.986371932,1709142488.985773904,/rigid_bodies.rigidbodies[2].pose.position.x,0.8640959857732763
18.31336516,1709142488.996347304,1709142488.995750882,/rigid_bodies.rigidbodies[2].pose.position.x,0.864157131875456
18.323173054,1709142489.006155198,1709142489.005659055,/rigid_bodies.rigidbodies[2].pose.position.x,0.864159675819636
18.333172216,1709142489.016154360,1709142489.015668036,/rigid_bodies.rigidbodies[2].pose.position.x,0.8641446555928682
18.343305384,1709142489.026287528,1709142489.025727575,/rigid_bodies.rigidbodies[2].pose.position.x,0.8641603310317937
18.353197691,1709142489.036179835,1709142489.035662582,/rigid_bodies.rigidbodies[2].pose.position.x,0.8641650789804514
18.363174581,1709142489.046156725,1709142489.045648521,/rigid_bodies.rigidbodies[2].pose.position.x,0.8641260353200949
18.37363068,1709142489.056612824,1709142489.055891376,/rigid_bodies.rigidbodies[2].pose.position.x,0.8641366619558036
18.382927078,1709142489.065909222,1709142489.065545676,/rigid_bodies.rigidbodies[2].pose.position.x,0.8641923459008776
18.393226729,1709142489.076208873,1709142489.075667557,/rigid_bodies.rigidbodies[2].pose.position.x,0.8641767001585603
18.403662908,1709142489.086645052,1709142489.085940700,/rigid_bodies.rigidbodies[2].pose.position.x,0.8641135965698356
18.413205103,1709142489.096187247,1709142489.095677625,/rigid_bodies.rigidbodies[2].pose.position.x,0.8641361122045371
18.423199346,1709142489.106181490,1709142489.105679265,/rigid_bodies.rigidbodies[2].pose.position.x,0.8641810369649007
18.433389878,1709142489.116372022,1709142489.115794994,/rigid_bodies.rigidbodies[2].pose.position.x,0.8641618342089368
18.443004115,1709142489.125986259,1709142489.125656218,/rigid_bodies.rigidbodies[2].pose.position.x,0.8641550726282033
18.45319074,1709142489.136172884,1709142489.135722382,/rigid_bodies.rigidbodies[2].pose.position.x,0.8641938027837501
18.463042024,1709142489.146024168,1709142489.145636277,/rigid_bodies.rigidbodies[2].pose.position.x,0.8641617114918215
18.473171221,1709142489.156153365,1709142489.155787260,/rigid_bodies.rigidbodies[2].pose.position.x,0.864167835641175
18.483140661,1709142489.166122805,1709142489.165761589,/rigid_bodies.rigidbodies[2].pose.position.x,0.8641818474526222
18.493278624,1709142489.176260768,1709142489.175756635,/rigid_bodies.rigidbodies[2].pose.position.x,0.864135236754421
18.503159506,1709142489.186141650,1709142489.185826781,/rigid_bodies.rigidbodies[2].pose.position.x,0.8641103553524319
18.513207458,1709142489.196189602,1709142489.195779368,/rigid_bodies.rigidbodies[2].pose.position.x,0.8641693373770635
18.523282155,1709142489.206264299,1709142489.205819598,/rigid_bodies.rigidbodies[2].pose.position.x,0.8642503567829979
18.533082061,1709142489.216064205,1709142489.215736528,/rigid_bodies.rigidbodies[2].pose.position.x,0.8641791618979795
18.543163501,1709142489.226145645,1709142489.225691939,/rigid_bodies.rigidbodies[2].pose.position.x,0.8641777397602729
18.553140552,1709142489.236122696,1709142489.235647314,/rigid_bodies.rigidbodies[2].pose.position.x,0.8641453613317468
18.563040375,1709142489.246022519,1709142489.245609058,/rigid_bodies.rigidbodies[2].pose.position.x,0.8641189023337212
18.573395634,1709142489.256377778,1709142489.255894475,/rigid_bodies.rigidbodies[2].pose.position.x,0.8641535696379553
18.583155656,1709142489.266137800,1709142489.265729218,/rigid_bodies.rigidbodies[2].pose.position.x,0.8641725186338934
18.593045357,1709142489.276027501,1709142489.275680972,/rigid_bodies.rigidbodies[2].pose.position.x,0.864176017938206
18.603171631,1709142489.286153775,1709142489.285754108,/rigid_bodies.rigidbodies[2].pose.position.x,0.864123648329223
18.613138693,1709142489.296120837,1709142489.295712062,/rigid_bodies.rigidbodies[2].pose.position.x,0.864133874329104
18.623339192,1709142489.306321336,1709142489.305785620,/rigid_bodies.rigidbodies[2].pose.position.x,0.8641764097548575
18.633251035,1709142489.316233179,1709142489.315732823,/rigid_bodies.rigidbodies[2].pose.position.x,0.8641827116106592
18.643307164,1709142489.326289308,1709142489.325775116,/rigid_bodies.rigidbodies[2].pose.position.x,0.8641406674926989
18.653278417,1709142489.336260561,1709142489.335787955,/rigid_bodies.rigidbodies[2].pose.position.x,0.8641129523634821
18.663244153,1709142489.346226297,1709142489.345665690,/rigid_bodies.rigidbodies[2].pose.position.x,0.8641351082254468
18.673553905,1709142489.356536049,1709142489.355854043,/rigid_bodies.rigidbodies[2].pose.position.x,0.8641141957325986
18.683345081,1709142489.366327225,1709142489.365674887,/rigid_bodies.rigidbodies[2].pose.position.x,0.8641477072474183
18.693356118,1709142489.376338262,1709142489.375765240,/rigid_bodies.rigidbodies[2].pose.position.x,0.8641969104381806
18.703532906,1709142489.386515050,1709142489.385906696,/rigid_bodies.rigidbodies[2].pose.position.x,0.8641208620404132
18.713116955,1709142489.396099099,1709142489.395615615,/rigid_bodies.rigidbodies[2].pose.position.x,0.864145798330231
18.723124521,1709142489.406106665,1709142489.405687225,/rigid_bodies.rigidbodies[2].pose.position.x,0.864195736778579
18.732920245,1709142489.415902389,1709142489.415584617,/rigid_bodies.rigidbodies[2].pose.position.x,0.8641831302040538
18.74313524,1709142489.426117384,1709142489.425689535,/rigid_bodies.rigidbodies[2].pose.position.x,0.8641640505166506
18.753388872,1709142489.436371016,1709142489.435803252,/rigid_bodies.rigidbodies[2].pose.position.x,0.8641289759305681
18.763365855,1709142489.446347999,1709142489.445826264,/rigid_bodies.rigidbodies[2].pose.position.x,0.8641361080687296
18.773556868,1709142489.456539012,1709142489.455880372,/rigid_bodies.rigidbodies[2].pose.position.x,0.8641530673454846
18.783210446,1709142489.466192590,1709142489.465747143,/rigid_bodies.rigidbodies[2].pose.position.x,0.8641531742653448
18.793386049,1709142489.476368193,1709142489.475857842,/rigid_bodies.rigidbodies[2].pose.position.x,0.8642298135730002
18.803069513,1709142489.486051657,1709142489.485647066,/rigid_bodies.rigidbodies[2].pose.position.x,0.8641809083977242
18.813015866,1709142489.495998010,1709142489.495619490,/rigid_bodies.rigidbodies[2].pose.position.x,0.8641087232061868
18.823708065,1709142489.506690209,1709142489.506015488,/rigid_bodies.rigidbodies[2].pose.position.x,0.8641675311709025
18.833080458,1709142489.516062602,1709142489.515616188,/rigid_bodies.rigidbodies[2].pose.position.x,0.864167493645911
18.843408004,1709142489.526390148,1709142489.525824955,/rigid_bodies.rigidbodies[2].pose.position.x,0.8641504766449691
18.853396264,1709142489.536378408,1709142489.535892692,/rigid_bodies.rigidbodies[2].pose.position.x,0.8641553428512996
18.86336159,1709142489.546343734,1709142489.545802416,/rigid_bodies.rigidbodies[2].pose.position.x,0.8641465861193212
18.873256225,1709142489.556238369,1709142489.555737530,/rigid_bodies.rigidbodies[2].pose.position.x,0.8641735472822364
18.88350656,1709142489.566488704,1709142489.565800763,/rigid_bodies.rigidbodies[2].pose.position.x,0.8641871595239573
18.893431259,1709142489.576413403,1709142489.575807248,/rigid_bodies.rigidbodies[2].pose.position.x,0.8641883497940249
18.903319975,1709142489.586302119,1709142489.585762005,/rigid_bodies.rigidbodies[2].pose.position.x,0.8641286059385377
18.91377061,1709142489.596752754,1709142489.595979101,/rigid_bodies.rigidbodies[2].pose.position.x,0.8640935163276993
18.924022777,1709142489.607004921,1709142489.606072581,/rigid_bodies.rigidbodies[2].pose.position.x,0.8641861760292447
18.933008294,1709142489.615990438,1709142489.615640182,/rigid_bodies.rigidbodies[2].pose.position.x,0.8641884357942886
18.943098783,1709142489.626080927,1709142489.625692864,/rigid_bodies.rigidbodies[2].pose.position.x,0.8641432800460681
18.953364934,1709142489.636347078,1709142489.635832363,/rigid_bodies.rigidbodies[2].pose.position.x,0.8641503944088941
18.962939219,1709142489.645921363,1709142489.645589824,/rigid_bodies.rigidbodies[2].pose.position.x,0.864143548259462
18.97359707,1709142489.656579214,1709142489.655857962,/rigid_bodies.rigidbodies[2].pose.position.x,0.8641474977173712
18.983285404,1709142489.666267548,1709142489.665734110,/rigid_bodies.rigidbodies[2].pose.position.x,0.8641843639219551
18.993149788,1709142489.676131932,1709142489.675643204,/rigid_bodies.rigidbodies[2].pose.position.x,0.864199297802809
19.003321343,1709142489.686303487,1709142489.685723986,/rigid_bodies.rigidbodies[2].pose.position.x,0.8641548922613489
19.013352228,1709142489.696334372,1709142489.695788588,/rigid_bodies.rigidbodies[2].pose.position.x,0.8640701212708324
19.023120482,1709142489.706102626,1709142489.705665102,/rigid_bodies.rigidbodies[2].pose.position.x,0.8641376354833783
19.033455787,1709142489.716437931,1709142489.715875362,/rigid_bodies.rigidbodies[2].pose.position.x,0.8641555964303339
19.043117018,1709142489.726099162,1709142489.725664408,/rigid_bodies.rigidbodies[2].pose.position.x,0.8641593484331694
19.053274844,1709142489.736256988,1709142489.735789446,/rigid_bodies.rigidbodies[2].pose.position.x,0.8641644288555997
19.063080187,1709142489.746062331,1709142489.745581261,/rigid_bodies.rigidbodies[2].pose.position.x,0.8641905267500303
19.073837209,1709142489.756819353,1709142489.756010153,/rigid_bodies.rigidbodies[2].pose.position.x,0.864162337605925
19.082953547,1709142489.765935691,1709142489.765638025,/rigid_bodies.rigidbodies[2].pose.position.x,0.8641230071478513
19.092690847,1709142489.775672991,1709142489.775491423,/rigid_bodies.rigidbodies[2].pose.position.x,0.8641337718102252
19.10288292,1709142489.785865064,1709142489.785590907,/rigid_bodies.rigidbodies[2].pose.position.x,0.864127877677287
19.112681856,1709142489.795664000,1709142489.795400464,/rigid_bodies.rigidbodies[2].pose.position.x,0.8641026912360009
19.122689152,1709142489.805671296,1709142489.805432399,/rigid_bodies.rigidbodies[2].pose.position.x,0.8641796199226218
19.132771092,1709142489.815753236,1709142489.815515928,/rigid_bodies.rigidbodies[2].pose.position.x,0.8641712216174301
19.142671707,1709142489.825653851,1709142489.825446800,/rigid_bodies.rigidbodies[2].pose.position.x,0.8641295704521955
19.152734418,1709142489.835716562,1709142489.835460052,/rigid_bodies.rigidbodies[2].pose.position.x,0.8641525199739191
19.16263818,1709142489.845620324,1709142489.845431550,/rigid_bodies.rigidbodies[2].pose.position.x,0.864190789497595
19.172715449000002,1709142489.855697593,1709142489.855424212,/rigid_bodies.rigidbodies[2].pose.position.x,0.8641856998026823
19.183012539,1709142489.865994683,1709142489.865603027,/rigid_bodies.rigidbodies[2].pose.position.x,0.8641319953887998
19.193243483,1709142489.876225627,1709142489.875780141,/rigid_bodies.rigidbodies[2].pose.position.x,0.8641588979831736
19.203755525,1709142489.886737669,1709142489.886100595,/rigid_bodies.rigidbodies[2].pose.position.x,0.8641434809581228
19.213218272,1709142489.896200416,1709142489.895691386,/rigid_bodies.rigidbodies[2].pose.position.x,0.8641124908344892
19.223093054,1709142489.906075198,1709142489.905717471,/rigid_bodies.rigidbodies[2].pose.position.x,0.8641081012440066
19.233189824,1709142489.916171968,1709142489.915736276,/rigid_bodies.rigidbodies[2].pose.position.x,0.8641752100582261
19.243149918,1709142489.926132062,1709142489.925718557,/rigid_bodies.rigidbodies[2].pose.position.x,0.8642076526004157
19.253102433,1709142489.936084577,1709142489.935657666,/rigid_bodies.rigidbodies[2].pose.position.x,0.8641193485299312
19.263330805,1709142489.946312949,1709142489.945813525,/rigid_bodies.rigidbodies[2].pose.position.x,0.864151442841708
19.273251654,1709142489.956233798,1709142489.955778813,/rigid_bodies.rigidbodies[2].pose.position.x,0.8641712052319156
19.283233995,1709142489.966216139,1709142489.965726076,/rigid_bodies.rigidbodies[2].pose.position.x,0.8640811274132999
19.293434456,1709142489.976416600,1709142489.975817828,/rigid_bodies.rigidbodies[2].pose.position.x,0.864115146177015
19.303133426,1709142489.986115570,1709142489.985739970,/rigid_bodies.rigidbodies[2].pose.position.x,0.8641441221066625
19.313688561,1709142489.996670705,1709142489.995975901,/rigid_bodies.rigidbodies[2].pose.position.x,0.8641685490205852
19.323246319,1709142490.006228463,1709142490.005735453,/rigid_bodies.rigidbodies[2].pose.position.x,0.8641868490499909
19.333269522,1709142490.016251666,1709142490.015794574,/rigid_bodies.rigidbodies[2].pose.position.x,0.8641628087476131
19.343044415,1709142490.026026559,1709142490.025654775,/rigid_bodies.rigidbodies[2].pose.position.x,0.864124632157358
19.353122786,1709142490.036104930,1709142490.035640674,/rigid_bodies.rigidbodies[2].pose.position.x,0.8641138469575618
19.362684816,1709142490.045666960,1709142490.045411732,/rigid_bodies.rigidbodies[2].pose.position.x,0.8641572526338865
19.372576499,1709142490.055558643,1709142490.055387335,/rigid_bodies.rigidbodies[2].pose.position.x,0.8641772649043643
19.382817032,1709142490.065799176,1709142490.065490701,/rigid_bodies.rigidbodies[2].pose.position.x,0.8641199218489997
19.392982297,1709142490.075964441,1709142490.075664631,/rigid_bodies.rigidbodies[2].pose.position.x,0.8641449415115108
19.402727082,1709142490.085709226,1709142490.085486384,/rigid_bodies.rigidbodies[2].pose.position.x,0.8641692620768641
19.412998627,1709142490.095980771,1709142490.095685673,/rigid_bodies.rigidbodies[2].pose.position.x,0.864149008001152
19.423015574,1709142490.105997718,1709142490.105617103,/rigid_bodies.rigidbodies[2].pose.position.x,0.8641838339115011
19.433199078,1709142490.116181222,1709142490.115687129,/rigid_bodies.rigidbodies[2].pose.position.x,0.8641503559932684
19.442914497,1709142490.125896641,1709142490.125548767,/rigid_bodies.rigidbodies[2].pose.position.x,0.8641060205749972
19.453416454,1709142490.136398598,1709142490.135887207,/rigid_bodies.rigidbodies[2].pose.position.x,0.8641000500208998
19.463324475,1709142490.146306619,1709142490.145735265,/rigid_bodies.rigidbodies[2].pose.position.x,0.8641426807739779
19.473344776,1709142490.156326920,1709142490.155828495,/rigid_bodies.rigidbodies[2].pose.position.x,0.8642023361393617
19.483462403,1709142490.166444547,1709142490.165890042,/rigid_bodies.rigidbodies[2].pose.position.x,0.8641296010260748
19.493440421,1709142490.176422565,1709142490.175811836,/rigid_bodies.rigidbodies[2].pose.position.x,0.8641493541164049
19.503910218,1709142490.186892362,1709142490.186081738,/rigid_bodies.rigidbodies[2].pose.position.x,0.8641634882428333
19.513143353,1709142490.196125497,1709142490.195703017,/rigid_bodies.rigidbodies[2].pose.position.x,0.8641076122553368
19.523795914,1709142490.206778058,1709142490.206054268,/rigid_bodies.rigidbodies[2].pose.position.x,0.8641682229383889
19.533757626,1709142490.216739770,1709142490.216034662,/rigid_bodies.rigidbodies[2].pose.position.x,0.8641724513345431
19.54316892,1709142490.226151064,1709142490.225691657,/rigid_bodies.rigidbodies[2].pose.position.x,0.8641422270706797
19.553585822,1709142490.236567966,1709142490.235908487,/rigid_bodies.rigidbodies[2].pose.position.x,0.8640916824162026
19.563290959,1709142490.246273103,1709142490.245740124,/rigid_bodies.rigidbodies[2].pose.position.x,0.8641868951216359
19.573283342,1709142490.256265486,1709142490.255737559,/rigid_bodies.rigidbodies[2].pose.position.x,0.8642173981916799
19.583175728,1709142490.266157872,1709142490.265755568,/rigid_bodies.rigidbodies[2].pose.position.x,0.8640926056506891
19.593660833,1709142490.276642977,1709142490.276033231,/rigid_bodies.rigidbodies[2].pose.position.x,0.8641872500033457
19.603191668,1709142490.286173812,1709142490.285815857,/rigid_bodies.rigidbodies[2].pose.position.x,0.8642039556194461
19.613260813,1709142490.296242957,1709142490.295828326,/rigid_bodies.rigidbodies[2].pose.position.x,0.8641308942523221
19.62388145,1709142490.306863594,1709142490.306003332,/rigid_bodies.rigidbodies[2].pose.position.x,0.8641381870480546
19.633338944,1709142490.316321088,1709142490.315794290,/rigid_bodies.rigidbodies[2].pose.position.x,0.8641185417720244
19.642928471,1709142490.325910615,1709142490.325543647,/rigid_bodies.rigidbodies[2].pose.position.x,0.8641740597358517
19.652911955,1709142490.335894099,1709142490.335539064,/rigid_bodies.rigidbodies[2].pose.position.x,0.8641395822157644
19.662927124,1709142490.345909268,1709142490.345547558,/rigid_bodies.rigidbodies[2].pose.position.x,0.864183215570744
19.673078765,1709142490.356060909,1709142490.355634086,/rigid_bodies.rigidbodies[2].pose.position.x,0.8642193481857036
19.682913797,1709142490.365895941,1709142490.365567332,/rigid_bodies.rigidbodies[2].pose.position.x,0.8640858737123651
19.693239931,1709142490.376222075,1709142490.375746096,/rigid_bodies.rigidbodies[2].pose.position.x,0.8640897785151717
19.703027698,1709142490.386009842,1709142490.385615421,/rigid_bodies.rigidbodies[2].pose.position.x,0.8641475652313697
19.713015009,1709142490.395997153,1709142490.395582878,/rigid_bodies.rigidbodies[2].pose.position.x,0.8641320809054006
19.723233897,1709142490.406216041,1709142490.405741665,/rigid_bodies.rigidbodies[2].pose.position.x,0.8641544916770301
19.732925249,1709142490.415907393,1709142490.415550451,/rigid_bodies.rigidbodies[2].pose.position.x,0.8641792097334066
19.74307693,1709142490.426059074,1709142490.425651536,/rigid_bodies.rigidbodies[2].pose.position.x,0.8641528188341484
19.752869236,1709142490.435851380,1709142490.435522561,/rigid_bodies.rigidbodies[2].pose.position.x,0.8641017152286579
19.762944259,1709142490.445926403,1709142490.445570287,/rigid_bodies.rigidbodies[2].pose.position.x,0.8641412077434987
19.77326437,1709142490.456246514,1709142490.455711229,/rigid_bodies.rigidbodies[2].pose.position.x,0.8642412010322519
19.783101708,1709142490.466083852,1709142490.465642881,/rigid_bodies.rigidbodies[2].pose.position.x,0.8641310486725664
19.793255119,1709142490.476237263,1709142490.475715466,/rigid_bodies.rigidbodies[2].pose.position.x,0.864086666373322
19.803352242,1709142490.486334386,1709142490.485719649,/rigid_bodies.rigidbodies[2].pose.position.x,0.8641468676977881
19.813627933,1709142490.496610077,1709142490.495897596,/rigid_bodies.rigidbodies[2].pose.position.x,0.8641268179798365
19.823177404,1709142490.506159548,1709142490.505712290,/rigid_bodies.rigidbodies[2].pose.position.x,0.8641912971700575
19.833465191,1709142490.516447335,1709142490.515775754,/rigid_bodies.rigidbodies[2].pose.position.x,0.8641921528464666
19.843076994,1709142490.526059138,1709142490.525583301,/rigid_bodies.rigidbodies[2].pose.position.x,0.8641681787289373
19.852798244,1709142490.535780388,1709142490.535399053,/rigid_bodies.rigidbodies[2].pose.position.x,0.8641379133933803
19.862942254,1709142490.545924398,1709142490.545471388,/rigid_bodies.rigidbodies[2].pose.position.x,0.8641168021830041
19.873463298,1709142490.556445442,1709142490.555783716,/rigid_bodies.rigidbodies[2].pose.position.x,0.8641686447595548
19.883173903,1709142490.566156047,1709142490.565689474,/rigid_bodies.rigidbodies[2].pose.position.x,0.8641294655775497
19.893102609,1709142490.576084753,1709142490.575597817,/rigid_bodies.rigidbodies[2].pose.position.x,0.8640784566086749
19.903799146,1709142490.586781290,1709142490.585826761,/rigid_bodies.rigidbodies[2].pose.position.x,0.8641268040884653
19.913580397,1709142490.596562541,1709142490.595887324,/rigid_bodies.rigidbodies[2].pose.position.x,0.8641269029229939
19.923346638,1709142490.606328782,1709142490.605770033,/rigid_bodies.rigidbodies[2].pose.position.x,0.8641603578566021
19.933769207,1709142490.616751351,1709142490.616005846,/rigid_bodies.rigidbodies[2].pose.position.x,0.8641910524994795
19.943243645,1709142490.626225789,1709142490.625767716,/rigid_bodies.rigidbodies[2].pose.position.x,0.8641388506251562
19.95318873,1709142490.636170874,1709142490.635750500,/rigid_bodies.rigidbodies[2].pose.position.x,0.8640596417104915
19.963139597,1709142490.646121741,1709142490.645635232,/rigid_bodies.rigidbodies[2].pose.position.x,0.8640668924348514
19.973534457,1709142490.656516601,1709142490.655809298,/rigid_bodies.rigidbodies[2].pose.position.x,0.8641455391862556
19.983370115,1709142490.666352259,1709142490.665801489,/rigid_bodies.rigidbodies[2].pose.position.x,0.864137217149458
19.993356159,1709142490.676338303,1709142490.675671513,/rigid_bodies.rigidbodies[2].pose.position.x,0.864156267916526
20.003456023,1709142490.686438167,1709142490.685827779,/rigid_bodies.rigidbodies[2].pose.position.x,0.8641498658308969
20.013214561,1709142490.696196705,1709142490.695626345,/rigid_bodies.rigidbodies[2].pose.position.x,0.8641477056746435
20.023707738,1709142490.706689882,1709142490.705875504,/rigid_bodies.rigidbodies[2].pose.position.x,0.8641486468002275
20.033447308,1709142490.716429452,1709142490.715790682,/rigid_bodies.rigidbodies[2].pose.position.x,0.8641618188276491
20.043274724,1709142490.726256868,1709142490.725649516,/rigid_bodies.rigidbodies[2].pose.position.x,0.8640917112458828
20.053263265,1709142490.736245409,1709142490.735681856,/rigid_bodies.rigidbodies[2].pose.position.x,0.8640958973306743
20.063248927,1709142490.746231071,1709142490.745603864,/rigid_bodies.rigidbodies[2].pose.position.x,0.864088077545454
20.073369982,1709142490.756352126,1709142490.755845058,/rigid_bodies.rigidbodies[2].pose.position.x,0.8641627001104812
20.083361541,1709142490.766343685,1709142490.765747870,/rigid_bodies.rigidbodies[2].pose.position.x,0.8642014011364799
20.093368731,1709142490.776350875,1709142490.775642364,/rigid_bodies.rigidbodies[2].pose.position.x,0.8641441623031856
20.103234548,1709142490.786216692,1709142490.785613638,/rigid_bodies.rigidbodies[2].pose.position.x,0.8641773174769805
20.113446287,1709142490.796428431,1709142490.795776149,/rigid_bodies.rigidbodies[2].pose.position.x,0.8641482904374383
20.123315381,1709142490.806297525,1709142490.805705775,/rigid_bodies.rigidbodies[2].pose.position.x,0.8641380523821133
20.133057898,1709142490.816040042,1709142490.815561612,/rigid_bodies.rigidbodies[2].pose.position.x,0.8641650410438291
20.14298885,1709142490.825970994,1709142490.825567781,/rigid_bodies.rigidbodies[2].pose.position.x,0.8641055250012507
20.153047765,1709142490.836029909,1709142490.835527090,/rigid_bodies.rigidbodies[2].pose.position.x,0.8640807391817972
20.16302633,1709142490.846008474,1709142490.845588234,/rigid_bodies.rigidbodies[2].pose.position.x,0.8641318329989505
20.173427774,1709142490.856409918,1709142490.855710708,/rigid_bodies.rigidbodies[2].pose.position.x,0.8642097253320241
20.183130947,1709142490.866113091,1709142490.865553711,/rigid_bodies.rigidbodies[2].pose.position.x,0.8641559859876975
20.192912472,1709142490.875894616,1709142490.875541216,/rigid_bodies.rigidbodies[2].pose.position.x,0.8641263374138287
20.203847319,1709142490.886829463,1709142490.885959291,/rigid_bodies.rigidbodies[2].pose.position.x,0.86414361616049
20.21342828,1709142490.896410424,1709142490.895827718,/rigid_bodies.rigidbodies[2].pose.position.x,0.8641090241810412
20.223072234,1709142490.906054378,1709142490.905593121,/rigid_bodies.rigidbodies[2].pose.position.x,0.8640880775425395
20.233866149,1709142490.916848293,1709142490.916019454,/rigid_bodies.rigidbodies[2].pose.position.x,0.8641709337655616
20.24325137,1709142490.926233514,1709142490.925648793,/rigid_bodies.rigidbodies[2].pose.position.x,0.8641487668569653
20.253225581,1709142490.936207725,1709142490.935633735,/rigid_bodies.rigidbodies[2].pose.position.x,0.8641435657717484
20.263244478,1709142490.946226622,1709142490.945735283,/rigid_bodies.rigidbodies[2].pose.position.x,0.8641861685572936
20.272955444,1709142490.955937588,1709142490.955662540,/rigid_bodies.rigidbodies[2].pose.position.x,0.864246228606263
20.282992802,1709142490.965974946,1709142490.965607683,/rigid_bodies.rigidbodies[2].pose.position.x,0.8642163576416979
20.293359599,1709142490.976341743,1709142490.975768743,/rigid_bodies.rigidbodies[2].pose.position.x,0.8641248664761656
20.303260308,1709142490.986242452,1709142490.985858366,/rigid_bodies.rigidbodies[2].pose.position.x,0.8641008980087093
20.312913733,1709142490.995895877,1709142490.995566777,/rigid_bodies.rigidbodies[2].pose.position.x,0.8640986166297318
20.323189789,1709142491.006171933,1709142491.005805032,/rigid_bodies.rigidbodies[2].pose.position.x,0.8641123671034511
20.333038033,1709142491.016020177,1709142491.015636822,/rigid_bodies.rigidbodies[2].pose.position.x,0.8641982339407779
20.342922268,1709142491.025904412,1709142491.025581831,/rigid_bodies.rigidbodies[2].pose.position.x,0.8641727423470767
20.353212865,1709142491.036195009,1709142491.035760540,/rigid_bodies.rigidbodies[2].pose.position.x,0.8641470835292075
20.363117768,1709142491.046099912,1709142491.045752438,/rigid_bodies.rigidbodies[2].pose.position.x,0.8641629492070844
20.37305306,1709142491.056035204,1709142491.055606107,/rigid_bodies.rigidbodies[2].pose.position.x,0.8642050545405989
20.383084014,1709142491.066066158,1709142491.065634219,/rigid_bodies.rigidbodies[2].pose.position.x,0.8641851969311501
20.393457995,1709142491.076440139,1709142491.075784275,/rigid_bodies.rigidbodies[2].pose.position.x,0.8640832965918362
20.403323602,1709142491.086305746,1709142491.085816862,/rigid_bodies.rigidbodies[2].pose.position.x,0.8641237355040029
20.413346767,1709142491.096328911,1709142491.095743577,/rigid_bodies.rigidbodies[2].pose.position.x,0.8641453727941906
20.423387474,1709142491.106369618,1709142491.105784177,/rigid_bodies.rigidbodies[2].pose.position.x,0.8641515916436646
20.433184307,1709142491.116166451,1709142491.115661505,/rigid_bodies.rigidbodies[2].pose.position.x,0.8641814290661407
20.443309268,1709142491.126291412,1709142491.125691454,/rigid_bodies.rigidbodies[2].pose.position.x,0.8642047385601469
20.453484591,1709142491.136466735,1709142491.135779941,/rigid_bodies.rigidbodies[2].pose.position.x,0.8641345159097694
20.462939585,1709142491.145921729,1709142491.145516460,/rigid_bodies.rigidbodies[2].pose.position.x,0.8640906247974207
20.473468481,1709142491.156450625,1709142491.155842902,/rigid_bodies.rigidbodies[2].pose.position.x,0.8641550836250642
20.4827904,1709142491.165772544,1709142491.165497690,/rigid_bodies.rigidbodies[2].pose.position.x,0.8641854713673962
20.492852305,1709142491.175834449,1709142491.175416008,/rigid_bodies.rigidbodies[2].pose.position.x,0.8640807613855911
20.503495363,1709142491.186477507,1709142491.185857140,/rigid_bodies.rigidbodies[2].pose.position.x,0.864106483251646
20.51327287,1709142491.196255014,1709142491.195680213,/rigid_bodies.rigidbodies[2].pose.position.x,0.8641497608475082
20.523498531,1709142491.206480675,1709142491.205777341,/rigid_bodies.rigidbodies[2].pose.position.x,0.864153300008782
20.533179431,1709142491.216161575,1709142491.215630331,/rigid_bodies.rigidbodies[2].pose.position.x,0.8641711833711557
20.543242324,1709142491.226224468,1709142491.225681835,/rigid_bodies.rigidbodies[2].pose.position.x,0.8641915068317226
20.553638034,1709142491.236620178,1709142491.235928932,/rigid_bodies.rigidbodies[2].pose.position.x,0.8641510855556982
20.563078926,1709142491.246061070,1709142491.245599996,/rigid_bodies.rigidbodies[2].pose.position.x,0.8641060221358983
20.573518556,1709142491.256500700,1709142491.255926848,/rigid_bodies.rigidbodies[2].pose.position.x,0.8641284320026742
20.583244619,1709142491.266226763,1709142491.265727923,/rigid_bodies.rigidbodies[2].pose.position.x,0.8641799687964716
20.593082118,1709142491.276064262,1709142491.275575803,/rigid_bodies.rigidbodies[2].pose.position.x,0.8641295322757194
20.603382063,1709142491.286364207,1709142491.285838704,/rigid_bodies.rigidbodies[2].pose.position.x,0.8641416282663573
20.613738,1709142491.296720144,1709142491.296036970,/rigid_bodies.rigidbodies[2].pose.position.x,0.8642011422732675
20.623153983999998,1709142491.306136128,1709142491.305662502,/rigid_bodies.rigidbodies[2].pose.position.x,0.864179822594882
20.63349124,1709142491.316473384,1709142491.315886522,/rigid_bodies.rigidbodies[2].pose.position.x,0.8641492464348651
20.643627278,1709142491.326609422,1709142491.325963727,/rigid_bodies.rigidbodies[2].pose.position.x,0.8641495286143022
20.65332176,1709142491.336303904,1709142491.335829539,/rigid_bodies.rigidbodies[2].pose.position.x,0.864142512284808
20.663304577,1709142491.346286721,1709142491.345752034,/rigid_bodies.rigidbodies[2].pose.position.x,0.8640752193921234
20.673539627,1709142491.356521771,1709142491.355851486,/rigid_bodies.rigidbodies[2].pose.position.x,0.8641532004788973
20.683030352,1709142491.366012496,1709142491.365616942,/rigid_bodies.rigidbodies[2].pose.position.x,0.8642300267283501
20.693075258,1709142491.376057402,1709142491.375562587,/rigid_bodies.rigidbodies[2].pose.position.x,0.8642041788909156
20.703025323,1709142491.386007467,1709142491.385528504,/rigid_bodies.rigidbodies[2].pose.position.x,0.8641864232886677
20.713033838,1709142491.396015982,1709142491.395558167,/rigid_bodies.rigidbodies[2].pose.position.x,0.8641760105142798
20.723054105,1709142491.406036249,1709142491.405530750,/rigid_bodies.rigidbodies[2].pose.position.x,0.8641245988702239
20.733425589,1709142491.416407733,1709142491.415719041,/rigid_bodies.rigidbodies[2].pose.position.x,0.8641137176791802
20.743003782,1709142491.425985926,1709142491.425523682,/rigid_bodies.rigidbodies[2].pose.position.x,0.8641684628396437
20.752864299,1709142491.435846443,1709142491.435396178,/rigid_bodies.rigidbodies[2].pose.position.x,0.8641773166624234
20.762600426,1709142491.445582570,1709142491.445333002,/rigid_bodies.rigidbodies[2].pose.position.x,0.8641518053465024
20.772613669000002,1709142491.455595813,1709142491.455410101,/rigid_bodies.rigidbodies[2].pose.position.x,0.8641053563146375
20.782681019,1709142491.465663163,1709142491.465383791,/rigid_bodies.rigidbodies[2].pose.position.x,0.8641572982236276
20.793209678,1709142491.476191822,1709142491.475744580,/rigid_bodies.rigidbodies[2].pose.position.x,0.8641688592933506
20.803414313,1709142491.486396457,1709142491.485821436,/rigid_bodies.rigidbodies[2].pose.position.x,0.8641501700272983
20.813131693,1709142491.496113837,1709142491.495631559,/rigid_bodies.rigidbodies[2].pose.position.x,0.864167009921422
20.823121948,1709142491.506104092,1709142491.505573766,/rigid_bodies.rigidbodies[2].pose.position.x,0.8641366281212443
20.833238683,1709142491.516220827,1709142491.515655526,/rigid_bodies.rigidbodies[2].pose.position.x,0.8641019256570351
20.843073614,1709142491.526055758,1709142491.525614094,/rigid_bodies.rigidbodies[2].pose.position.x,0.8641638495468708
20.853042444,1709142491.536024588,1709142491.535579212,/rigid_bodies.rigidbodies[2].pose.position.x,0.8641726522851662
20.863161013,1709142491.546143157,1709142491.545622495,/rigid_bodies.rigidbodies[2].pose.position.x,0.8641491782084378
20.872937738,1709142491.555919882,1709142491.555533612,/rigid_bodies.rigidbodies[2].pose.position.x,0.8641609199250224
20.883171986,1709142491.566154130,1709142491.565690928,/rigid_bodies.rigidbodies[2].pose.position.x,0.8641978063611631
20.893555724,1709142491.576537868,1709142491.575899198,/rigid_bodies.rigidbodies[2].pose.position.x,0.8641726930400279
20.90290553,1709142491.585887674,1709142491.585476925,/rigid_bodies.rigidbodies[2].pose.position.x,0.8641501931560376
20.913027754,1709142491.596009898,1709142491.595495242,/rigid_bodies.rigidbodies[2].pose.position.x,0.8641140438349993
20.923219767,1709142491.606201911,1709142491.605626110,/rigid_bodies.rigidbodies[2].pose.position.x,0.8640939110770575
20.933318613,1709142491.616300757,1709142491.615662202,/rigid_bodies.rigidbodies[2].pose.position.x,0.8641039356561058
20.943178074,1709142491.626160218,1709142491.625591364,/rigid_bodies.rigidbodies[2].pose.position.x,0.8641607647173156
20.953129655,1709142491.636111799,1709142491.635627600,/rigid_bodies.rigidbodies[2].pose.position.x,0.864195948370123
20.963038661,1709142491.646020805,1709142491.645507527,/rigid_bodies.rigidbodies[2].pose.position.x,0.8641834950887696
20.973043346,1709142491.656025490,1709142491.655533598,/rigid_bodies.rigidbodies[2].pose.position.x,0.8641170958287124
20.982984894,1709142491.665967038,1709142491.665550517,/rigid_bodies.rigidbodies[2].pose.position.x,0.8640965187728422
20.993094872,1709142491.676077016,1709142491.675549381,/rigid_bodies.rigidbodies[2].pose.position.x,0.8641176833408198
21.003301342,1709142491.686283486,1709142491.685708000,/rigid_bodies.rigidbodies[2].pose.position.x,0.8641427136844628
21.013047064,1709142491.696029208,1709142491.695638178,/rigid_bodies.rigidbodies[2].pose.position.x,0.8641909895988539
21.02322784,1709142491.706209984,1709142491.705675038,/rigid_bodies.rigidbodies[2].pose.position.x,0.864187132233825
21.033393778,1709142491.716375922,1709142491.715692217,/rigid_bodies.rigidbodies[2].pose.position.x,0.8641392108549949
21.042878647,1709142491.725860791,1709142491.725447706,/rigid_bodies.rigidbodies[2].pose.position.x,0.8641501165457933
21.053074636,1709142491.736056780,1709142491.735558678,/rigid_bodies.rigidbodies[2].pose.position.x,0.864194274925819
21.063002371,1709142491.745984515,1709142491.745524521,/rigid_bodies.rigidbodies[2].pose.position.x,0.8641685034498077
21.073051968,1709142491.756034112,1709142491.755599969,/rigid_bodies.rigidbodies[2].pose.position.x,0.8641122236834927
21.082816363,1709142491.765798507,1709142491.765532845,/rigid_bodies.rigidbodies[2].pose.position.x,0.8641061163670883
21.093157747,1709142491.776139891,1709142491.775592849,/rigid_bodies.rigidbodies[2].pose.position.x,0.8641285546380064
21.103315385,1709142491.786297529,1709142491.785796870,/rigid_bodies.rigidbodies[2].pose.position.x,0.8641464635902019
21.112774344,1709142491.795756488,1709142491.795468460,/rigid_bodies.rigidbodies[2].pose.position.x,0.8641488791835376
21.122755929,1709142491.805738073,1709142491.805489591,/rigid_bodies.rigidbodies[2].pose.position.x,0.8641434361678478
21.133453638,1709142491.816435782,1709142491.815858345,/rigid_bodies.rigidbodies[2].pose.position.x,0.864148985435277
21.142987376,1709142491.825969520,1709142491.825548031,/rigid_bodies.rigidbodies[2].pose.position.x,0.8641412792297711
21.153152694,1709142491.836134838,1709142491.835605984,/rigid_bodies.rigidbodies[2].pose.position.x,0.8641626102669507
21.162853288,1709142491.845835432,1709142491.845383263,/rigid_bodies.rigidbodies[2].pose.position.x,0.864161177162671
21.173157043,1709142491.856139187,1709142491.855700975,/rigid_bodies.rigidbodies[2].pose.position.x,0.8640945804622834
21.183014025,1709142491.865996169,1709142491.865670242,/rigid_bodies.rigidbodies[2].pose.position.x,0.864077737508205
21.193218935,1709142491.876201079,1709142491.875736400,/rigid_bodies.rigidbodies[2].pose.position.x,0.8641426152344245
21.203072898,1709142491.886055042,1709142491.885591635,/rigid_bodies.rigidbodies[2].pose.position.x,0.8641706868344351
21.213500752,1709142491.896482896,1709142491.895783220,/rigid_bodies.rigidbodies[2].pose.position.x,0.8641933331233537
21.223200109,1709142491.906182253,1709142491.905646893,/rigid_bodies.rigidbodies[2].pose.position.x,0.8641831880722095
21.233035976,1709142491.916018120,1709142491.915536590,/rigid_bodies.rigidbodies[2].pose.position.x,0.8641261924851061
21.243223889,1709142491.926206033,1709142491.925663897,/rigid_bodies.rigidbodies[2].pose.position.x,0.8640524451495747
21.253185072,1709142491.936167216,1709142491.935643045,/rigid_bodies.rigidbodies[2].pose.position.x,0.8641380424642112
21.262972562,1709142491.945954706,1709142491.945529602,/rigid_bodies.rigidbodies[2].pose.position.x,0.8641582877783289
21.273253106,1709142491.956235250,1709142491.955715097,/rigid_bodies.rigidbodies[2].pose.position.x,0.8640789503526667
21.283086323,1709142491.966068467,1709142491.965606309,/rigid_bodies.rigidbodies[2].pose.position.x,0.8641141267626964
21.293266621,1709142491.976248765,1709142491.975711838,/rigid_bodies.rigidbodies[2].pose.position.x,0.8641839723113356
21.303240293,1709142491.986222437,1709142491.985699189,/rigid_bodies.rigidbodies[2].pose.position.x,0.8641715140564102
21.313196488,1709142491.996178632,1709142491.995636360,/rigid_bodies.rigidbodies[2].pose.position.x,0.8641609830824409
21.322808709,1709142492.005790853,1709142492.005414593,/rigid_bodies.rigidbodies[2].pose.position.x,0.8641265838652874
21.333208058,1709142492.016190202,1709142492.015743909,/rigid_bodies.rigidbodies[2].pose.position.x,0.8641323810077791
21.343249242,1709142492.026231386,1709142492.025669551,/rigid_bodies.rigidbodies[2].pose.position.x,0.8641107363515014
21.352963132,1709142492.035945276,1709142492.035508907,/rigid_bodies.rigidbodies[2].pose.position.x,0.8641598207370691
21.362656443,1709142492.045638587,1709142492.045356927,/rigid_bodies.rigidbodies[2].pose.position.x,0.8641874587719541
21.372667453,1709142492.055649597,1709142492.055397686,/rigid_bodies.rigidbodies[2].pose.position.x,0.864112164105919
21.382778442,1709142492.065760586,1709142492.065361470,/rigid_bodies.rigidbodies[2].pose.position.x,0.8640792265131638
21.392768846,1709142492.075750990,1709142492.075380610,/rigid_bodies.rigidbodies[2].pose.position.x,0.8641594053508982
21.402630993,1709142492.085613137,1709142492.085323396,/rigid_bodies.rigidbodies[2].pose.position.x,0.8641946689283546
21.41266388,1709142492.095646024,1709142492.095412507,/rigid_bodies.rigidbodies[2].pose.position.x,0.8641585911871336
21.42276529,1709142492.105747434,1709142492.105454904,/rigid_bodies.rigidbodies[2].pose.position.x,0.8641283387221182
21.432951839,1709142492.115933983,1709142492.115531219,/rigid_bodies.rigidbodies[2].pose.position.x,0.8641183070637756
21.443380372,1709142492.126362516,1709142492.125728248,/rigid_bodies.rigidbodies[2].pose.position.x,0.8640607563159349
21.453257258,1709142492.136239402,1709142492.135715716,/rigid_bodies.rigidbodies[2].pose.position.x,0.86416208870081
21.463264039,1709142492.146246183,1709142492.145710666,/rigid_bodies.rigidbodies[2].pose.position.x,0.8642318880832269
21.473422972,1709142492.156405116,1709142492.155804332,/rigid_bodies.rigidbodies[2].pose.position.x,0.8641695194629554
21.48319673,1709142492.166178874,1709142492.165581442,/rigid_bodies.rigidbodies[2].pose.position.x,0.8641624864022913
21.493621855,1709142492.176603999,1709142492.175671843,/rigid_bodies.rigidbodies[2].pose.position.x,0.8641651121062547
21.503797568,1709142492.186779712,1709142492.185984899,/rigid_bodies.rigidbodies[2].pose.position.x,0.8641448269603941
21.512995015,1709142492.195977159,1709142492.195497512,/rigid_bodies.rigidbodies[2].pose.position.x,0.8640869850353501
21.523042534,1709142492.206024678,1709142492.205556655,/rigid_bodies.rigidbodies[2].pose.position.x,0.8641301698786527
21.532911843,1709142492.215893987,1709142492.215448526,/rigid_bodies.rigidbodies[2].pose.position.x,0.8641378870033863
21.542983934,1709142492.225966078,1709142492.225493617,/rigid_bodies.rigidbodies[2].pose.position.x,0.8640961738570726
21.553106458,1709142492.236088602,1709142492.235552998,/rigid_bodies.rigidbodies[2].pose.position.x,0.8641506850200339
21.563390109,1709142492.246372253,1709142492.245791770,/rigid_bodies.rigidbodies[2].pose.position.x,0.8641947204649699
21.573484911,1709142492.256467055,1709142492.255767278,/rigid_bodies.rigidbodies[2].pose.position.x,0.8641418948011792
21.583122937,1709142492.266105081,1709142492.265609857,/rigid_bodies.rigidbodies[2].pose.position.x,0.8641030690325211
21.59334402,1709142492.276326164,1709142492.275679409,/rigid_bodies.rigidbodies[2].pose.position.x,0.8641193489339464
21.602879996,1709142492.285862140,1709142492.285496957,/rigid_bodies.rigidbodies[2].pose.position.x,0.8641662460298284
21.613342721,1709142492.296324865,1709142492.295775548,/rigid_bodies.rigidbodies[2].pose.position.x,0.8641249665382708
21.623077497,1709142492.306059641,1709142492.305598961,/rigid_bodies.rigidbodies[2].pose.position.x,0.8641381866350367
21.632931533,1709142492.315913677,1709142492.315516215,/rigid_bodies.rigidbodies[2].pose.position.x,0.8641880384194532
21.643266999,1709142492.326249143,1709142492.325663308,/rigid_bodies.rigidbodies[2].pose.position.x,0.8641185400946472
21.652989734,1709142492.335971878,1709142492.335531111,/rigid_bodies.rigidbodies[2].pose.position.x,0.8641522322220206
21.663022903,1709142492.346005047,1709142492.345526790,/rigid_bodies.rigidbodies[2].pose.position.x,0.8641730112392796
21.673291481,1709142492.356273625,1709142492.355671135,/rigid_bodies.rigidbodies[2].pose.position.x,0.8641568823798031
21.683193458,1709142492.366175602,1709142492.365634501,/rigid_bodies.rigidbodies[2].pose.position.x,0.8641040545219275
21.693191539,1709142492.376173683,1709142492.375572425,/rigid_bodies.rigidbodies[2].pose.position.x,0.8641297058899625
21.703729928,1709142492.386712072,1709142492.385953246,/rigid_bodies.rigidbodies[2].pose.position.x,0.8641720656222656
21.713611507,1709142492.396593651,1709142492.395912660,/rigid_bodies.rigidbodies[2].pose.position.x,0.8640946243701003
21.723145896,1709142492.406128040,1709142492.405700404,/rigid_bodies.rigidbodies[2].pose.position.x,0.8641138558257049
21.733605158,1709142492.416587302,1709142492.415906328,/rigid_bodies.rigidbodies[2].pose.position.x,0.8641837678513061
21.743014296,1709142492.425996440,1709142492.425565584,/rigid_bodies.rigidbodies[2].pose.position.x,0.8642236770107576
21.7532141,1709142492.436196244,1709142492.435659326,/rigid_bodies.rigidbodies[2].pose.position.x,0.8641979604144578
21.763294947,1709142492.446277091,1709142492.445716612,/rigid_bodies.rigidbodies[2].pose.position.x,0.8641868608623279
21.773548986,1709142492.456531130,1709142492.455901422,/rigid_bodies.rigidbodies[2].pose.position.x,0.8641694123474251
21.783170636,1709142492.466152780,1709142492.465670979,/rigid_bodies.rigidbodies[2].pose.position.x,0.8640931721880191
21.7933826,1709142492.476364744,1709142492.475726404,/rigid_bodies.rigidbodies[2].pose.position.x,0.8640821609995538
21.80395921,1709142492.486941354,1709142492.486046380,/rigid_bodies.rigidbodies[2].pose.position.x,0.8641847958449481
21.813183448,1709142492.496165592,1709142492.495677760,/rigid_bodies.rigidbodies[2].pose.position.x,0.8642118180069758
21.823509386,1709142492.506491530,1709142492.505877937,/rigid_bodies.rigidbodies[2].pose.position.x,0.8641470755963193
21.83369443,1709142492.516676574,1709142492.515982564,/rigid_bodies.rigidbodies[2].pose.position.x,0.8641385628096304
21.843133317,1709142492.526115461,1709142492.525683412,/rigid_bodies.rigidbodies[2].pose.position.x,0.8641543253508585
21.853523201,1709142492.536505345,1709142492.535935241,/rigid_bodies.rigidbodies[2].pose.position.x,0.8641282921643126
21.863092989000002,1709142492.546075133,1709142492.545678928,/rigid_bodies.rigidbodies[2].pose.position.x,0.8641515969116765
21.873191068,1709142492.556173212,1709142492.555685099,/rigid_bodies.rigidbodies[2].pose.position.x,0.8641936066609127
21.883271457,1709142492.566253601,1709142492.565828949,/rigid_bodies.rigidbodies[2].pose.position.x,0.8641365670299022
21.893263292,1709142492.576245436,1709142492.575743572,/rigid_bodies.rigidbodies[2].pose.position.x,0.8641290868496269
21.90332199,1709142492.586304134,1709142492.585894406,/rigid_bodies.rigidbodies[2].pose.position.x,0.8641466474210802
21.913021253,1709142492.596003397,1709142492.595658446,/rigid_bodies.rigidbodies[2].pose.position.x,0.8642206522724756
21.923821057,1709142492.606803201,1709142492.606041547,/rigid_bodies.rigidbodies[2].pose.position.x,0.8641713489251979
21.93342853,1709142492.616410674,1709142492.615841782,/rigid_bodies.rigidbodies[2].pose.position.x,0.8641424357109808
21.943357537,1709142492.626339681,1709142492.625789828,/rigid_bodies.rigidbodies[2].pose.position.x,0.8641659006616677
21.953290428,1709142492.636272572,1709142492.635806025,/rigid_bodies.rigidbodies[2].pose.position.x,0.864127056533215
21.963062443,1709142492.646044587,1709142492.645661998,/rigid_bodies.rigidbodies[2].pose.position.x,0.8641160596802852
21.973104534,1709142492.656086678,1709142492.655650885,/rigid_bodies.rigidbodies[2].pose.position.x,0.8641635571754195
21.983549542,1709142492.666531686,1709142492.665967025,/rigid_bodies.rigidbodies[2].pose.position.x,0.8641441777158594
21.993182773,1709142492.676164917,1709142492.675663563,/rigid_bodies.rigidbodies[2].pose.position.x,0.8641157546450442
22.003188005,1709142492.686170149,1709142492.685816748,/rigid_bodies.rigidbodies[2].pose.position.x,0.864145444336316
22.013459242,1709142492.696441386,1709142492.695873985,/rigid_bodies.rigidbodies[2].pose.position.x,0.864193590707154
22.023504616,1709142492.706486760,1709142492.705888109,/rigid_bodies.rigidbodies[2].pose.position.x,0.864152629308701
22.033212882,1709142492.716195026,1709142492.715798074,/rigid_bodies.rigidbodies[2].pose.position.x,0.8641022651715144
22.04337033,1709142492.726352474,1709142492.725888206,/rigid_bodies.rigidbodies[2].pose.position.x,0.8641149034546571
22.053592569,1709142492.736574713,1709142492.735977741,/rigid_bodies.rigidbodies[2].pose.position.x,0.8641227716653397
22.063190173,1709142492.746172317,1709142492.745708091,/rigid_bodies.rigidbodies[2].pose.position.x,0.8641569560903201
22.07368797,1709142492.756670114,1709142492.755972562,/rigid_bodies.rigidbodies[2].pose.position.x,0.864237851632736
22.083398841,1709142492.766380985,1709142492.765835412,/rigid_bodies.rigidbodies[2].pose.position.x,0.8641622443170182
22.093089144,1709142492.776071288,1709142492.775647572,/rigid_bodies.rigidbodies[2].pose.position.x,0.8641471627013255
22.10321217,1709142492.786194314,1709142492.785694219,/rigid_bodies.rigidbodies[2].pose.position.x,0.8641152375770145
22.113655861,1709142492.796638005,1709142492.795964194,/rigid_bodies.rigidbodies[2].pose.position.x,0.8641112827820905
22.123175384,1709142492.806157528,1709142492.805726093,/rigid_bodies.rigidbodies[2].pose.position.x,0.8641475137446409
22.133452378,1709142492.816434522,1709142492.815880336,/rigid_bodies.rigidbodies[2].pose.position.x,0.8641392986089256
22.143414772,1709142492.826396916,1709142492.825878662,/rigid_bodies.rigidbodies[2].pose.position.x,0.864157039071905
22.153175998,1709142492.836158142,1709142492.835690828,/rigid_bodies.rigidbodies[2].pose.position.x,0.8641503018699003
22.163061395,1709142492.846043539,1709142492.845677202,/rigid_bodies.rigidbodies[2].pose.position.x,0.8641153014040917
22.173187259,1709142492.856169403,1709142492.855752251,/rigid_bodies.rigidbodies[2].pose.position.x,0.864190656835485
22.18320083,1709142492.866182974,1709142492.865690294,/rigid_bodies.rigidbodies[2].pose.position.x,0.8641534845869997
22.193541627,1709142492.876523771,1709142492.875798150,/rigid_bodies.rigidbodies[2].pose.position.x,0.864120307190831
22.20372337,1709142492.886705514,1709142492.885916054,/rigid_bodies.rigidbodies[2].pose.position.x,0.8641254354594516
22.213287196,1709142492.896269340,1709142492.895674511,/rigid_bodies.rigidbodies[2].pose.position.x,0.8641393699243911
22.223388636,1709142492.906370780,1709142492.905750950,/rigid_bodies.rigidbodies[2].pose.position.x,0.8641448463475377
22.233524874,1709142492.916507018,1709142492.915803128,/rigid_bodies.rigidbodies[2].pose.position.x,0.8641271780581303
22.243178793,1709142492.926160937,1709142492.925704428,/rigid_bodies.rigidbodies[2].pose.position.x,0.8641409236419233
22.253530863,1709142492.936513007,1709142492.935898219,/rigid_bodies.rigidbodies[2].pose.position.x,0.8641640826656439
22.263144379,1709142492.946126523,1709142492.945636606,/rigid_bodies.rigidbodies[2].pose.position.x,0.8641137327551138
22.273013489,1709142492.955995633,1709142492.955690734,/rigid_bodies.rigidbodies[2].pose.position.x,0.8641825217783909
22.283142676,1709142492.966124820,1709142492.965732577,/rigid_bodies.rigidbodies[2].pose.position.x,0.8641403918783866
22.293092593,1709142492.976074737,1709142492.975682583,/rigid_bodies.rigidbodies[2].pose.position.x,0.8640757636815798
22.303007171,1709142492.985989315,1709142492.985643068,/rigid_bodies.rigidbodies[2].pose.position.x,0.864129344933165
22.313358611,1709142492.996340755,1709142492.995741620,/rigid_bodies.rigidbodies[2].pose.position.x,0.8641488075753447
22.323225904,1709142493.006208048,1709142493.005719072,/rigid_bodies.rigidbodies[2].pose.position.x,0.8641357915323657
22.333312703,1709142493.016294847,1709142493.015765916,/rigid_bodies.rigidbodies[2].pose.position.x,0.8641921107414754
22.343150768,1709142493.026132912,1709142493.025645698,/rigid_bodies.rigidbodies[2].pose.position.x,0.8641934723080535
22.3533433,1709142493.036325444,1709142493.035762548,/rigid_bodies.rigidbodies[2].pose.position.x,0.8641254629504703
22.363124629,1709142493.046106773,1709142493.045629181,/rigid_bodies.rigidbodies[2].pose.position.x,0.8641210589374286
22.373025893,1709142493.056008037,1709142493.055735084,/rigid_bodies.rigidbodies[2].pose.position.x,0.8641802753564755
22.383031422,1709142493.066013566,1709142493.065725328,/rigid_bodies.rigidbodies[2].pose.position.x,0.8641931064761025
22.393435908,1709142493.076418052,1709142493.075790083,/rigid_bodies.rigidbodies[2].pose.position.x,0.8641155645837729
22.403130593,1709142493.086112737,1709142493.085707306,/rigid_bodies.rigidbodies[2].pose.position.x,0.8641115246248169
22.413119289,1709142493.096101433,1709142493.095748197,/rigid_bodies.rigidbodies[2].pose.position.x,0.8641888390573927
22.423060175,1709142493.106042319,1709142493.105685167,/rigid_bodies.rigidbodies[2].pose.position.x,0.8641352075192453
22.433453787,1709142493.116435931,1709142493.115872065,/rigid_bodies.rigidbodies[2].pose.position.x,0.8641256250741247
22.443200976,1709142493.126183120,1709142493.125784717,/rigid_bodies.rigidbodies[2].pose.position.x,0.8641624880031034
22.452934033,1709142493.135916177,1709142493.135633324,/rigid_bodies.rigidbodies[2].pose.position.x,0.864137905578678
22.463253335,1709142493.146235479,1709142493.145715951,/rigid_bodies.rigidbodies[2].pose.position.x,0.8641026105533587
22.473334325,1709142493.156316469,1709142493.155827675,/rigid_bodies.rigidbodies[2].pose.position.x,0.8641357053139281
22.483063718,1709142493.166045862,1709142493.165715105,/rigid_bodies.rigidbodies[2].pose.position.x,0.8641348710405556
22.493010046,1709142493.175992190,1709142493.175620243,/rigid_bodies.rigidbodies[2].pose.position.x,0.8641052960831924
22.503050199,1709142493.186032343,1709142493.185649547,/rigid_bodies.rigidbodies[2].pose.position.x,0.8641186951869638
22.513161521,1709142493.196143665,1709142493.195692066,/rigid_bodies.rigidbodies[2].pose.position.x,0.8641638344815906
22.522964576,1709142493.205946720,1709142493.205605807,/rigid_bodies.rigidbodies[2].pose.position.x,0.864147248892487
22.533190928,1709142493.216173072,1709142493.215719877,/rigid_bodies.rigidbodies[2].pose.position.x,0.8641146738151256
22.543023068,1709142493.226005212,1709142493.225625827,/rigid_bodies.rigidbodies[2].pose.position.x,0.8641372512772175
22.552987159,1709142493.235969303,1709142493.235611561,/rigid_bodies.rigidbodies[2].pose.position.x,0.8641085948017878
22.563044125,1709142493.246026269,1709142493.245658337,/rigid_bodies.rigidbodies[2].pose.position.x,0.8640590764474371
22.573109514,1709142493.256091658,1709142493.255624239,/rigid_bodies.rigidbodies[2].pose.position.x,0.8641448311189119
22.582935914,1709142493.265918058,1709142493.265626953,/rigid_bodies.rigidbodies[2].pose.position.x,0.8641815371536096
22.592956011,1709142493.275938155,1709142493.275646177,/rigid_bodies.rigidbodies[2].pose.position.x,0.8641472591274801
22.60326885,1709142493.286250994,1709142493.285817074,/rigid_bodies.rigidbodies[2].pose.position.x,0.8641729083874756
22.61302571,1709142493.296007854,1709142493.295670783,/rigid_bodies.rigidbodies[2].pose.position.x,0.8641754835627742
22.623515118,1709142493.306497262,1709142493.305922425,/rigid_bodies.rigidbodies[2].pose.position.x,0.8641303806425463
22.633747893,1709142493.316730037,1709142493.316116329,/rigid_bodies.rigidbodies[2].pose.position.x,0.8641336524238787
22.643066958,1709142493.326049102,1709142493.325686808,/rigid_bodies.rigidbodies[2].pose.position.x,0.8641502374219641
22.653423764,1709142493.336405908,1709142493.335908654,/rigid_bodies.rigidbodies[2].pose.position.x,0.8641244905738998
22.663083542,1709142493.346065686,1709142493.345687700,/rigid_bodies.rigidbodies[2].pose.position.x,0.8641073309948091
22.672919399,1709142493.355901543,1709142493.355578472,/rigid_bodies.rigidbodies[2].pose.position.x,0.8641816486165523
22.683598816,1709142493.366580960,1709142493.365901336,/rigid_bodies.rigidbodies[2].pose.position.x,0.8642236156594371
22.693476864,1709142493.376459008,1709142493.375854878,/rigid_bodies.rigidbodies[2].pose.position.x,0.8641856166191212
22.703078444,1709142493.386060588,1709142493.385584306,/rigid_bodies.rigidbodies[2].pose.position.x,0.8641249458827768
22.712930854,1709142493.395912998,1709142493.395564021,/rigid_bodies.rigidbodies[2].pose.position.x,0.8641121676046233
22.723694025,1709142493.406676169,1709142493.405940976,/rigid_bodies.rigidbodies[2].pose.position.x,0.8641066043955531
22.733144244000002,1709142493.416126388,1709142493.415635707,/rigid_bodies.rigidbodies[2].pose.position.x,0.8641605804503232
22.742933257,1709142493.425915401,1709142493.425595768,/rigid_bodies.rigidbodies[2].pose.position.x,0.864202501022666
22.753436041,1709142493.436418185,1709142493.435964416,/rigid_bodies.rigidbodies[2].pose.position.x,0.8641384429835405
22.763026754,1709142493.446008898,1709142493.445638600,/rigid_bodies.rigidbodies[2].pose.position.x,0.8640685196888661
22.772809356,1709142493.455791500,1709142493.455637801,/rigid_bodies.rigidbodies[2].pose.position.x,0.8641058999039493
22.782653145,1709142493.465635289,1709142493.465376165,/rigid_bodies.rigidbodies[2].pose.position.x,0.8642062891789956
22.792621652,1709142493.475603796,1709142493.475391950,/rigid_bodies.rigidbodies[2].pose.position.x,0.8641622260626945
22.802722881,1709142493.485705025,1709142493.485540897,/rigid_bodies.rigidbodies[2].pose.position.x,0.8641633502358776
22.812863328,1709142493.495845472,1709142493.495577556,/rigid_bodies.rigidbodies[2].pose.position.x,0.8641466866548505
22.823093258,1709142493.506075402,1709142493.505661094,/rigid_bodies.rigidbodies[2].pose.position.x,0.8640735839292806
22.833519515,1709142493.516501659,1709142493.515881649,/rigid_bodies.rigidbodies[2].pose.position.x,0.8641226081069703
22.84330626,1709142493.526288404,1709142493.525816008,/rigid_bodies.rigidbodies[2].pose.position.x,0.8641839116749177
22.853321637,1709142493.536303781,1709142493.535846263,/rigid_bodies.rigidbodies[2].pose.position.x,0.8641466782768272
22.863173055,1709142493.546155199,1709142493.545712923,/rigid_bodies.rigidbodies[2].pose.position.x,0.8641248551764769
22.873528723,1709142493.556510867,1709142493.555962050,/rigid_bodies.rigidbodies[2].pose.position.x,0.864143210174774
22.88297669,1709142493.565958834,1709142493.565673056,/rigid_bodies.rigidbodies[2].pose.position.x,0.8641815204489433
22.893351094,1709142493.576333238,1709142493.575834060,/rigid_bodies.rigidbodies[2].pose.position.x,0.8641246235475286
22.903212129,1709142493.586194273,1709142493.585763677,/rigid_bodies.rigidbodies[2].pose.position.x,0.8641031495940157
22.913212235,1709142493.596194379,1709142493.595726797,/rigid_bodies.rigidbodies[2].pose.position.x,0.8641485713415951
22.923337342,1709142493.606319486,1709142493.605796083,/rigid_bodies.rigidbodies[2].pose.position.x,0.8641365799488847
22.93322442,1709142493.616206564,1709142493.615764645,/rigid_bodies.rigidbodies[2].pose.position.x,0.864173696251338
22.943401983,1709142493.626384127,1709142493.625837734,/rigid_bodies.rigidbodies[2].pose.position.x,0.8642233198645827
22.953384063,1709142493.636366207,1709142493.635810960,/rigid_bodies.rigidbodies[2].pose.position.x,0.8641712410749732
22.963034753,1709142493.646016897,1709142493.645582644,/rigid_bodies.rigidbodies[2].pose.position.x,0.864117408183566
22.973670958,1709142493.656653102,1709142493.656001779,/rigid_bodies.rigidbodies[2].pose.position.x,0.8641407658158178
22.983154279,1709142493.666136423,1709142493.665728100,/rigid_bodies.rigidbodies[2].pose.position.x,0.8642076817509639
22.993041631,1709142493.676023775,1709142493.675593095,/rigid_bodies.rigidbodies[2].pose.position.x,0.8641956565778552
23.002918399,1709142493.685900543,1709142493.685623872,/rigid_bodies.rigidbodies[2].pose.position.x,0.8641407030187309
23.013200306,1709142493.696182450,1709142493.695755475,/rigid_bodies.rigidbodies[2].pose.position.x,0.8641535982024282
23.023612254,1709142493.706594398,1709142493.705953333,/rigid_bodies.rigidbodies[2].pose.position.x,0.8641115674152429
23.033322011,1709142493.716304155,1709142493.715854681,/rigid_bodies.rigidbodies[2].pose.position.x,0.8641612222331223
23.043146538,1709142493.726128682,1709142493.725685450,/rigid_bodies.rigidbodies[2].pose.position.x,0.8642170622852007
23.053658708,1709142493.736640852,1709142493.736099924,/rigid_bodies.rigidbodies[2].pose.position.x,0.8641634713039545
23.06300433,1709142493.745986474,1709142493.745636632,/rigid_bodies.rigidbodies[2].pose.position.x,0.8640861646490752
23.073507098,1709142493.756489242,1709142493.755924389,/rigid_bodies.rigidbodies[2].pose.position.x,0.8641000802100082
23.08329269,1709142493.766274834,1709142493.765735308,/rigid_bodies.rigidbodies[2].pose.position.x,0.8641841530075793
23.0933211,1709142493.776303244,1709142493.775777406,/rigid_bodies.rigidbodies[2].pose.position.x,0.8641591777306787
23.103468719,1709142493.786450863,1709142493.785899827,/rigid_bodies.rigidbodies[2].pose.position.x,0.8641213210459382
23.113581291,1709142493.796563435,1709142493.795899375,/rigid_bodies.rigidbodies[2].pose.position.x,0.8641301954603464
23.123209043,1709142493.806191187,1709142493.805742664,/rigid_bodies.rigidbodies[2].pose.position.x,0.8641639511820991
23.133489069,1709142493.816471213,1709142493.815883629,/rigid_bodies.rigidbodies[2].pose.position.x,0.8641354653265471
23.143216064,1709142493.826198208,1709142493.825756379,/rigid_bodies.rigidbodies[2].pose.position.x,0.864168385612273
23.153567092,1709142493.836549236,1709142493.835956937,/rigid_bodies.rigidbodies[2].pose.position.x,0.8641670752386431
23.163256288,1709142493.846238432,1709142493.845781180,/rigid_bodies.rigidbodies[2].pose.position.x,0.8640847205282406
23.17306668,1709142493.856048824,1709142493.855749771,/rigid_bodies.rigidbodies[2].pose.position.x,0.8641041512256878
23.183249769,1709142493.866231913,1709142493.865817657,/rigid_bodies.rigidbodies[2].pose.position.x,0.8641651633425903
23.193033565,1709142493.876015709,1709142493.875670046,/rigid_bodies.rigidbodies[2].pose.position.x,0.8641982865041787
23.203144511,1709142493.886126655,1709142493.885772233,/rigid_bodies.rigidbodies[2].pose.position.x,0.8641802721124899
23.213045862,1709142493.896028006,1709142493.895572223,/rigid_bodies.rigidbodies[2].pose.position.x,0.8641619171319546
23.223104565,1709142493.906086709,1709142493.905707526,/rigid_bodies.rigidbodies[2].pose.position.x,0.8640983895912656
23.23343641,1709142493.916418554,1709142493.915858317,/rigid_bodies.rigidbodies[2].pose.position.x,0.8641129556984594
23.243080427,1709142493.926062571,1709142493.925667799,/rigid_bodies.rigidbodies[2].pose.position.x,0.8641346377160134
23.253019868,1709142493.936002012,1709142493.935618136,/rigid_bodies.rigidbodies[2].pose.position.x,0.864178828668661
23.262897896,1709142493.945880040,1709142493.945583431,/rigid_bodies.rigidbodies[2].pose.position.x,0.8641681539149092
23.273102554,1709142493.956084698,1709142493.955689687,/rigid_bodies.rigidbodies[2].pose.position.x,0.8641539538091734
23.28312611,1709142493.966108254,1709142493.965708168,/rigid_bodies.rigidbodies[2].pose.position.x,0.8641710828965062
23.293242114,1709142493.976224258,1709142493.975732470,/rigid_bodies.rigidbodies[2].pose.position.x,0.8641412539787745
23.303449267,1709142493.986431411,1709142493.985887641,/rigid_bodies.rigidbodies[2].pose.position.x,0.8641497665285042
23.312950772,1709142493.995932916,1709142493.995628021,/rigid_bodies.rigidbodies[2].pose.position.x,0.8641496421648467
23.323711705,1709142494.006693849,1709142494.005989491,/rigid_bodies.rigidbodies[2].pose.position.x,0.8641325048208826
23.333332154,1709142494.016314298,1709142494.015734580,/rigid_bodies.rigidbodies[2].pose.position.x,0.864139027554971
23.343084167,1709142494.026066311,1709142494.025658565,/rigid_bodies.rigidbodies[2].pose.position.x,0.8641261763530298
23.352824476,1709142494.035806620,1709142494.035486617,/rigid_bodies.rigidbodies[2].pose.position.x,0.8641616583374184
23.362769012,1709142494.045751156,1709142494.045511265,/rigid_bodies.rigidbodies[2].pose.position.x,0.8641543163791722
23.372676193,1709142494.055658337,1709142494.055452276,/rigid_bodies.rigidbodies[2].pose.position.x,0.8641153191577318
23.382806419,1709142494.065788563,1709142494.065460248,/rigid_bodies.rigidbodies[2].pose.position.x,0.8641585393674936
23.392876179,1709142494.075858323,1709142494.075557969,/rigid_bodies.rigidbodies[2].pose.position.x,0.8641809543611974
23.402745847,1709142494.085727991,1709142494.085390601,/rigid_bodies.rigidbodies[2].pose.position.x,0.8641107557600074
23.412718555,1709142494.095700699,1709142494.095486961,/rigid_bodies.rigidbodies[2].pose.position.x,0.8641407658146952
23.422736358,1709142494.105718502,1709142494.105402413,/rigid_bodies.rigidbodies[2].pose.position.x,0.8641435741841501
23.432932441,1709142494.115914585,1709142494.115505987,/rigid_bodies.rigidbodies[2].pose.position.x,0.864160250131608
23.44322945,1709142494.126211594,1709142494.125740200,/rigid_bodies.rigidbodies[2].pose.position.x,0.8641513083491908
23.453496816,1709142494.136478960,1709142494.135890321,/rigid_bodies.rigidbodies[2].pose.position.x,0.8641624707787803
23.463288424,1709142494.146270568,1709142494.145701003,/rigid_bodies.rigidbodies[2].pose.position.x,0.8641828498130585
23.47320447,1709142494.156186614,1709142494.155761004,/rigid_bodies.rigidbodies[2].pose.position.x,0.8641471005802166
23.483593995,1709142494.166576139,1709142494.165989846,/rigid_bodies.rigidbodies[2].pose.position.x,0.8641685576472631
23.493320051,1709142494.176302195,1709142494.175731643,/rigid_bodies.rigidbodies[2].pose.position.x,0.8641726327953906
23.503339779,1709142494.186321923,1709142494.185762682,/rigid_bodies.rigidbodies[2].pose.position.x,0.8640953105994724
23.512959918,1709142494.195942062,1709142494.195479654,/rigid_bodies.rigidbodies[2].pose.position.x,0.8641592326565349
23.523558045,1709142494.206540189,1709142494.205990844,/rigid_bodies.rigidbodies[2].pose.position.x,0.8641991057021939
23.533379769,1709142494.216361913,1709142494.215782436,/rigid_bodies.rigidbodies[2].pose.position.x,0.8641570151634088
23.54320773,1709142494.226189874,1709142494.225739905,/rigid_bodies.rigidbodies[2].pose.position.x,0.8641542713333963
23.553568854,1709142494.236550998,1709142494.235936750,/rigid_bodies.rigidbodies[2].pose.position.x,0.8641807107282559
23.563239917,1709142494.246222061,1709142494.245747005,/rigid_bodies.rigidbodies[2].pose.position.x,0.864148176375873
23.573045513,1709142494.256027657,1709142494.255576968,/rigid_bodies.rigidbodies[2].pose.position.x,0.8641016780541799
23.583741840000002,1709142494.266723984,1709142494.266111357,/rigid_bodies.rigidbodies[2].pose.position.x,0.8641798569642986
23.593146563,1709142494.276128707,1709142494.275691512,/rigid_bodies.rigidbodies[2].pose.position.x,0.864189383431967
23.602965539,1709142494.285947683,1709142494.285587397,/rigid_bodies.rigidbodies[2].pose.position.x,0.8641407242195721
23.613049951,1709142494.296032095,1709142494.295586719,/rigid_bodies.rigidbodies[2].pose.position.x,0.864150176219474
23.622954156,1709142494.305936300,1709142494.305558942,/rigid_bodies.rigidbodies[2].pose.position.x,0.8641615105897752
23.633295649,1709142494.316277793,1709142494.315805272,/rigid_bodies.rigidbodies[2].pose.position.x,0.8641264901885648
23.643759603,1709142494.326741747,1709142494.325986056,/rigid_bodies.rigidbodies[2].pose.position.x,0.8641310100854909
23.65308161,1709142494.336063754,1709142494.335667368,/rigid_bodies.rigidbodies[2].pose.position.x,0.8642022634878606
23.663174416,1709142494.346156560,1709142494.345665459,/rigid_bodies.rigidbodies[2].pose.position.x,0.8641810315702074
23.673621381,1709142494.356603525,1709142494.355899608,/rigid_bodies.rigidbodies[2].pose.position.x,0.8640568688704174
23.68316984,1709142494.366151984,1709142494.365651936,/rigid_bodies.rigidbodies[2].pose.position.x,0.8641300306461339
23.693646125,1709142494.376628269,1709142494.375917677,/rigid_bodies.rigidbodies[2].pose.position.x,0.8641414729717917
23.703542386,1709142494.386524530,1709142494.385875172,/rigid_bodies.rigidbodies[2].pose.position.x,0.8641343812076525
23.713033817,1709142494.396015961,1709142494.395608468,/rigid_bodies.rigidbodies[2].pose.position.x,0.8641978357170018
23.723660584,1709142494.406642728,1709142494.405943875,/rigid_bodies.rigidbodies[2].pose.position.x,0.8642118970170384
23.73312356,1709142494.416105704,1709142494.415708431,/rigid_bodies.rigidbodies[2].pose.position.x,0.8641044817224212
23.743016913,1709142494.425999057,1709142494.425689585,/rigid_bodies.rigidbodies[2].pose.position.x,0.8640558428577186
23.753619324,1709142494.436601468,1709142494.436020964,/rigid_bodies.rigidbodies[2].pose.position.x,0.8641629476159806
23.763021571,1709142494.446003715,1709142494.445648356,/rigid_bodies.rigidbodies[2].pose.position.x,0.8641729085045675
23.773317173,1709142494.456299317,1709142494.455815556,/rigid_bodies.rigidbodies[2].pose.position.x,0.8641088368379106
23.783133955,1709142494.466116099,1709142494.465710976,/rigid_bodies.rigidbodies[2].pose.position.x,0.8641435530684616
23.793335532,1709142494.476317676,1709142494.475878640,/rigid_bodies.rigidbodies[2].pose.position.x,0.8641602670470093
23.803284419,1709142494.486266563,1709142494.485813466,/rigid_bodies.rigidbodies[2].pose.position.x,0.8641099895192653
23.813442796,1709142494.496424940,1709142494.495901348,/rigid_bodies.rigidbodies[2].pose.position.x,0.8641088515160458
23.823251554,1709142494.506233698,1709142494.505828870,/rigid_bodies.rigidbodies[2].pose.position.x,0.8641782500614436
23.833042695,1709142494.516024839,1709142494.515730938,/rigid_bodies.rigidbodies[2].pose.position.x,0.8641436404220271
23.843097445,1709142494.526079589,1709142494.525630833,/rigid_bodies.rigidbodies[2].pose.position.x,0.8640919400456081
23.853518146,1709142494.536500290,1709142494.535865709,/rigid_bodies.rigidbodies[2].pose.position.x,0.8641465409055247
23.863112453,1709142494.546094597,1709142494.545567148,/rigid_bodies.rigidbodies[2].pose.position.x,0.8641704427961222
23.873352568,1709142494.556334712,1709142494.555833040,/rigid_bodies.rigidbodies[2].pose.position.x,0.8641489164750659
23.883228406,1709142494.566210550,1709142494.565757480,/rigid_bodies.rigidbodies[2].pose.position.x,0.8641731842942998
23.893075349,1709142494.576057493,1709142494.575656280,/rigid_bodies.rigidbodies[2].pose.position.x,0.8642008104378861
23.903575641,1709142494.586557785,1709142494.586056147,/rigid_bodies.rigidbodies[2].pose.position.x,0.8641421402547317
23.913421619,1709142494.596403763,1709142494.595875764,/rigid_bodies.rigidbodies[2].pose.position.x,0.864113588855405
23.92323492,1709142494.606217064,1709142494.605730921,/rigid_bodies.rigidbodies[2].pose.position.x,0.8641867187509925
23.933166742,1709142494.616148886,1709142494.615651436,/rigid_bodies.rigidbodies[2].pose.position.x,0.8641981889916798
23.943348334,1709142494.626330478,1709142494.625762416,/rigid_bodies.rigidbodies[2].pose.position.x,0.864112904583657
23.953147276,1709142494.636129420,1709142494.635731907,/rigid_bodies.rigidbodies[2].pose.position.x,0.8641382106655744
23.96312791,1709142494.646110054,1709142494.645722797,/rigid_bodies.rigidbodies[2].pose.position.x,0.8641432402316067
23.97311235,1709142494.656094494,1709142494.655788776,/rigid_bodies.rigidbodies[2].pose.position.x,0.8641707296638009
23.982852811,1709142494.665834955,1709142494.665584969,/rigid_bodies.rigidbodies[2].pose.position.x,0.8641753428999808
23.993102564,1709142494.676084708,1709142494.675694224,/rigid_bodies.rigidbodies[2].pose.position.x,0.8641798493829919
24.003534092,1709142494.686516236,1709142494.686027377,/rigid_bodies.rigidbodies[2].pose.position.x,0.8641704788422636
24.013271628,1709142494.696253772,1709142494.695855176,/rigid_bodies.rigidbodies[2].pose.position.x,0.8641069690630953
24.023037738,1709142494.706019882,1709142494.705654780,/rigid_bodies.rigidbodies[2].pose.position.x,0.8641373362896023
24.033584567,1709142494.716566711,1709142494.715943338,/rigid_bodies.rigidbodies[2].pose.position.x,0.8642131047101721
24.042780967,1709142494.725763111,1709142494.725490306,/rigid_bodies.rigidbodies[2].pose.position.x,0.8641200768597135
24.053024291,1709142494.736006435,1709142494.735647527,/rigid_bodies.rigidbodies[2].pose.position.x,0.8641574766049183
24.063042088,1709142494.746024232,1709142494.745684320,/rigid_bodies.rigidbodies[2].pose.position.x,0.8641661487925857
24.073382477,1709142494.756364621,1709142494.756039160,/rigid_bodies.rigidbodies[2].pose.position.x,0.8641549650846523
24.083018066,1709142494.766000210,1709142494.765709166,/rigid_bodies.rigidbodies[2].pose.position.x,0.8641298209792263
24.093360202,1709142494.776342346,1709142494.775900091,/rigid_bodies.rigidbodies[2].pose.position.x,0.8641501700234966
24.103228959,1709142494.786211103,1709142494.785889932,/rigid_bodies.rigidbodies[2].pose.position.x,0.8641588687470318
24.113060662,1709142494.796042806,1709142494.795772008,/rigid_bodies.rigidbodies[2].pose.position.x,0.8641200843206784
24.123312649,1709142494.806294793,1709142494.805871073,/rigid_bodies.rigidbodies[2].pose.position.x,0.8641390154236179
24.133509045,1709142494.816491189,1709142494.816063812,/rigid_bodies.rigidbodies[2].pose.position.x,0.8641712797793603
24.143112281,1709142494.826094425,1709142494.825810247,/rigid_bodies.rigidbodies[2].pose.position.x,0.864113149819573
24.153388784,1709142494.836370928,1709142494.835874493,/rigid_bodies.rigidbodies[2].pose.position.x,0.8641359877492274
24.162981094,1709142494.845963238,1709142494.845661100,/rigid_bodies.rigidbodies[2].pose.position.x,0.8641734001314012
24.173009795,1709142494.855991939,1709142494.855721557,/rigid_bodies.rigidbodies[2].pose.position.x,0.8641691617856704
24.183158696,1709142494.866140840,1709142494.865863303,/rigid_bodies.rigidbodies[2].pose.position.x,0.8641028392317966
24.193368893,1709142494.876351037,1709142494.875947982,/rigid_bodies.rigidbodies[2].pose.position.x,0.8640979907040629
24.203152953,1709142494.886135097,1709142494.885724844,/rigid_bodies.rigidbodies[2].pose.position.x,0.8641299202532499
24.213280186,1709142494.896262330,1709142494.895850855,/rigid_bodies.rigidbodies[2].pose.position.x,0.8641306855360856
24.22350333,1709142494.906485474,1709142494.905995727,/rigid_bodies.rigidbodies[2].pose.position.x,0.8641629506699078
24.233044649,1709142494.916026793,1709142494.915716555,/rigid_bodies.rigidbodies[2].pose.position.x,0.8641546450670974
24.243014352,1709142494.925996496,1709142494.925702526,/rigid_bodies.rigidbodies[2].pose.position.x,0.8641178856268298
24.252856422,1709142494.935838566,1709142494.935485257,/rigid_bodies.rigidbodies[2].pose.position.x,0.8641129840434166
24.262926162,1709142494.945908306,1709142494.945533297,/rigid_bodies.rigidbodies[2].pose.position.x,0.864185538102235
24.27307329,1709142494.956055434,1709142494.955623962,/rigid_bodies.rigidbodies[2].pose.position.x,0.8641674860183269
24.282975565,1709142494.965957709,1709142494.965545491,/rigid_bodies.rigidbodies[2].pose.position.x,0.8641086497757714
24.292828685,1709142494.975810829,1709142494.975425195,/rigid_bodies.rigidbodies[2].pose.position.x,0.8640987045619907
24.303235962,1709142494.986218106,1709142494.985850520,/rigid_bodies.rigidbodies[2].pose.position.x,0.8641222675000572
24.312830377,1709142494.995812521,1709142494.995523946,/rigid_bodies.rigidbodies[2].pose.position.x,0.8640909627674528
24.322929035,1709142495.005911179,1709142495.005602651,/rigid_bodies.rigidbodies[2].pose.position.x,0.8641942907066699
24.333537855,1709142495.016519999,1709142495.016020327,/rigid_bodies.rigidbodies[2].pose.position.x,0.864188731556225
24.343130302,1709142495.026112446,1709142495.025731831,/rigid_bodies.rigidbodies[2].pose.position.x,0.8640969574604416
24.353055348,1709142495.036037492,1709142495.035681164,/rigid_bodies.rigidbodies[2].pose.position.x,0.8640633399795683
24.363082601,1709142495.046064745,1709142495.045712448,/rigid_bodies.rigidbodies[2].pose.position.x,0.8641286749179024
24.373095148,1709142495.056077292,1709142495.055775086,/rigid_bodies.rigidbodies[2].pose.position.x,0.8641562158273479
24.383119206,1709142495.066101350,1709142495.065681062,/rigid_bodies.rigidbodies[2].pose.position.x,0.8641401605415958
24.393576613,1709142495.076558757,1709142495.076016606,/rigid_bodies.rigidbodies[2].pose.position.x,0.864130602685836
24.40311342,1709142495.086095564,1709142495.085828942,/rigid_bodies.rigidbodies[2].pose.position.x,0.8641288217484971
24.413173183,1709142495.096155327,1709142495.095733861,/rigid_bodies.rigidbodies[2].pose.position.x,0.8641024003325362
24.423497656,1709142495.106479800,1709142495.105825867,/rigid_bodies.rigidbodies[2].pose.position.x,0.8641355593364438
24.433169064,1709142495.116151208,1709142495.115678612,/rigid_bodies.rigidbodies[2].pose.position.x,0.8641482113810499
24.443462332,1709142495.126444476,1709142495.125840125,/rigid_bodies.rigidbodies[2].pose.position.x,0.8641368361763031
24.45347261,1709142495.136454754,1709142495.135911825,/rigid_bodies.rigidbodies[2].pose.position.x,0.8641299316835543
24.462905494,1709142495.145887638,1709142495.145560110,/rigid_bodies.rigidbodies[2].pose.position.x,0.864153685956428
24.473490467,1709142495.156472611,1709142495.155883250,/rigid_bodies.rigidbodies[2].pose.position.x,0.8641784369639735
24.48345892,1709142495.166441064,1709142495.165861152,/rigid_bodies.rigidbodies[2].pose.position.x,0.8640780755481916
24.493658902,1709142495.176641046,1709142495.175982611,/rigid_bodies.rigidbodies[2].pose.position.x,0.8641190923898278
24.503432291,1709142495.186414435,1709142495.185938791,/rigid_bodies.rigidbodies[2].pose.position.x,0.8641514485647539
24.513540495,1709142495.196522639,1709142495.196033949,/rigid_bodies.rigidbodies[2].pose.position.x,0.8641063133146911
24.523384333,1709142495.206366477,1709142495.205805335,/rigid_bodies.rigidbodies[2].pose.position.x,0.8641735116858847
24.533521599,1709142495.216503743,1709142495.215897980,/rigid_bodies.rigidbodies[2].pose.position.x,0.8641346859949398
24.543422785,1709142495.226404929,1709142495.225816490,/rigid_bodies.rigidbodies[2].pose.position.x,0.8640625758995085
24.553147766,1709142495.236129910,1709142495.235703034,/rigid_bodies.rigidbodies[2].pose.position.x,0.8640886156527847
24.563227502,1709142495.246209646,1709142495.245771434,/rigid_bodies.rigidbodies[2].pose.position.x,0.864176220286313
24.573017258,1709142495.255999402,1709142495.255572621,/rigid_bodies.rigidbodies[2].pose.position.x,0.8642240279521963
24.58341678,1709142495.266398924,1709142495.265783654,/rigid_bodies.rigidbodies[2].pose.position.x,0.8641151326778428
24.593343281,1709142495.276325425,1709142495.275748034,/rigid_bodies.rigidbodies[2].pose.position.x,0.8641078065428197
24.603273657,1709142495.286255801,1709142495.285773083,/rigid_bodies.rigidbodies[2].pose.position.x,0.8641783597173608
24.613316781,1709142495.296298925,1709142495.295769694,/rigid_bodies.rigidbodies[2].pose.position.x,0.864133299286745
24.623509322,1709142495.306491466,1709142495.305934025,/rigid_bodies.rigidbodies[2].pose.position.x,0.8641767970830807
24.633305702,1709142495.316287846,1709142495.315788628,/rigid_bodies.rigidbodies[2].pose.position.x,0.8641959960568414
24.643085899,1709142495.326068043,1709142495.325645275,/rigid_bodies.rigidbodies[2].pose.position.x,0.8641379747543613
24.653295861,1709142495.336278005,1709142495.335732883,/rigid_bodies.rigidbodies[2].pose.position.x,0.8641044203943679
24.663195183,1709142495.346177327,1709142495.345712708,/rigid_bodies.rigidbodies[2].pose.position.x,0.8641530155209988
24.672662407,1709142495.355644551,1709142495.355390096,/rigid_bodies.rigidbodies[2].pose.position.x,0.8641970692665724
24.683254241,1709142495.366236385,1709142495.365689988,/rigid_bodies.rigidbodies[2].pose.position.x,0.8640987872110855
24.693246749,1709142495.376228893,1709142495.375719642,/rigid_bodies.rigidbodies[2].pose.position.x,0.8641168550355985
24.703864307,1709142495.386846451,1709142495.386050029,/rigid_bodies.rigidbodies[2].pose.position.x,0.8641880343162017
24.71345943,1709142495.396441574,1709142495.395938489,/rigid_bodies.rigidbodies[2].pose.position.x,0.8641461124731286
24.723170873,1709142495.406153017,1709142495.405740870,/rigid_bodies.rigidbodies[2].pose.position.x,0.8641449052498013
24.7333985,1709142495.416380644,1709142495.415882384,/rigid_bodies.rigidbodies[2].pose.position.x,0.864199163722142
24.743254435,1709142495.426236579,1709142495.425779032,/rigid_bodies.rigidbodies[2].pose.position.x,0.8641577114858489
24.753147715,1709142495.436129859,1709142495.435750910,/rigid_bodies.rigidbodies[2].pose.position.x,0.8641046961095634
24.763257641,1709142495.446239785,1709142495.445809643,/rigid_bodies.rigidbodies[2].pose.position.x,0.8642050633956556
24.773327962,1709142495.456310106,1709142495.455837670,/rigid_bodies.rigidbodies[2].pose.position.x,0.8642431240010177
24.782946776,1709142495.465928920,1709142495.465590091,/rigid_bodies.rigidbodies[2].pose.position.x,0.8641449767698749
24.793271419,1709142495.476253563,1709142495.475726522,/rigid_bodies.rigidbodies[2].pose.position.x,0.8641596254868225
24.802951046,1709142495.485933190,1709142495.485675007,/rigid_bodies.rigidbodies[2].pose.position.x,0.86415887997414
24.812639943,1709142495.495622087,1709142495.495396799,/rigid_bodies.rigidbodies[2].pose.position.x,0.8641207284030636
24.822653131,1709142495.505635275,1709142495.505434829,/rigid_bodies.rigidbodies[2].pose.position.x,0.8641163419302348
24.832892752,1709142495.515874896,1709142495.515594975,/rigid_bodies.rigidbodies[2].pose.position.x,0.8641449403046104
24.842834525,1709142495.525816669,1709142495.525583974,/rigid_bodies.rigidbodies[2].pose.position.x,0.8641571514756312
24.85301422,1709142495.535996364,1709142495.535647165,/rigid_bodies.rigidbodies[2].pose.position.x,0.8640865237518898
24.86302962,1709142495.546011764,1709142495.545680584,/rigid_bodies.rigidbodies[2].pose.position.x,0.8641405515447412
24.873111302,1709142495.556093446,1709142495.555669144,/rigid_bodies.rigidbodies[2].pose.position.x,0.8641589014057783
24.88288328,1709142495.565865424,1709142495.565524672,/rigid_bodies.rigidbodies[2].pose.position.x,0.8641215980935456
24.893303133,1709142495.576285277,1709142495.575790362,/rigid_bodies.rigidbodies[2].pose.position.x,0.8641490597349339
24.902994332,1709142495.585976476,1709142495.585649068,/rigid_bodies.rigidbodies[2].pose.position.x,0.8641582877783297
24.913068655,1709142495.596050799,1709142495.595640234,/rigid_bodies.rigidbodies[2].pose.position.x,0.864167979919341
24.92324867,1709142495.606230814,1709142495.605799220,/rigid_bodies.rigidbodies[2].pose.position.x,0.8641237813692381
24.932953583,1709142495.615935727,1709142495.615657803,/rigid_bodies.rigidbodies[2].pose.position.x,0.8641460369079879
24.943087097,1709142495.626069241,1709142495.625694346,/rigid_bodies.rigidbodies[2].pose.position.x,0.8641553659279168
24.953326701,1709142495.636308845,1709142495.635844735,/rigid_bodies.rigidbodies[2].pose.position.x,0.8641006289426844
24.962822142,1709142495.645804286,1709142495.645504001,/rigid_bodies.rigidbodies[2].pose.position.x,0.8641790957434659
24.972860621,1709142495.655842765,1709142495.655580540,/rigid_bodies.rigidbodies[2].pose.position.x,0.8642015532185889
24.983209797,1709142495.666191941,1709142495.665811434,/rigid_bodies.rigidbodies[2].pose.position.x,0.8641202456019608
24.993137305,1709142495.676119449,1709142495.675771788,/rigid_bodies.rigidbodies[2].pose.position.x,0.8641469558397112
25.003359309,1709142495.686341453,1709142495.685892873,/rigid_bodies.rigidbodies[2].pose.position.x,0.8641548628387651
25.013126999,1709142495.696109143,1709142495.695750250,/rigid_bodies.rigidbodies[2].pose.position.x,0.8641115126149687
25.023133009,1709142495.706115153,1709142495.705717534,/rigid_bodies.rigidbodies[2].pose.position.x,0.8640940992574532
25.033386452,1709142495.716368596,1709142495.715926356,/rigid_bodies.rigidbodies[2].pose.position.x,0.8641349496271672
25.04301508,1709142495.725997224,1709142495.725698690,/rigid_bodies.rigidbodies[2].pose.position.x,0.864174569803845
25.053043332,1709142495.736025476,1709142495.735692642,/rigid_bodies.rigidbodies[2].pose.position.x,0.8641098138843742
25.063055783,1709142495.746037927,1709142495.745700772,/rigid_bodies.rigidbodies[2].pose.position.x,0.8641635263105975
25.072888474,1709142495.755870618,1709142495.755561575,/rigid_bodies.rigidbodies[2].pose.position.x,0.8641563179879185
25.083304392,1709142495.766286536,1709142495.765874569,/rigid_bodies.rigidbodies[2].pose.position.x,0.8641098194931123
25.092902596,1709142495.775884740,1709142495.775537722,/rigid_bodies.rigidbodies[2].pose.position.x,0.8641096966737364
25.103085003,1709142495.786067147,1709142495.785707643,/rigid_bodies.rigidbodies[2].pose.position.x,0.8641594849787668
25.112936355,1709142495.795918499,1709142495.795633265,/rigid_bodies.rigidbodies[2].pose.position.x,0.864192227383825
25.123410687,1709142495.806392831,1709142495.805896975,/rigid_bodies.rigidbodies[2].pose.position.x,0.8641534855405599
25.133203839,1709142495.816185983,1709142495.815806398,/rigid_bodies.rigidbodies[2].pose.position.x,0.8641182220374529
25.14307147,1709142495.826053614,1709142495.825747883,/rigid_bodies.rigidbodies[2].pose.position.x,0.8641393378153731
25.153156583,1709142495.836138727,1709142495.835687280,/rigid_bodies.rigidbodies[2].pose.position.x,0.8640793881365215
25.163039764,1709142495.846021908,1709142495.845672661,/rigid_bodies.rigidbodies[2].pose.position.x,0.8641247218939976
25.173064556,1709142495.856046700,1709142495.855726464,/rigid_bodies.rigidbodies[2].pose.position.x,0.8641916327412942
25.183052502,1709142495.866034646,1709142495.865702419,/rigid_bodies.rigidbodies[2].pose.position.x,0.8641779838922744
25.19327562,1709142495.876257764,1709142495.875857331,/rigid_bodies.rigidbodies[2].pose.position.x,0.8641130022099257
25.203009978,1709142495.885992122,1709142495.885765329,/rigid_bodies.rigidbodies[2].pose.position.x,0.864146756283029
25.213179867,1709142495.896162011,1709142495.895796973,/rigid_bodies.rigidbodies[2].pose.position.x,0.8641884415431066
25.223371081,1709142495.906353225,1709142495.905952794,/rigid_bodies.rigidbodies[2].pose.position.x,0.8641674821034663
25.233351457,1709142495.916333601,1709142495.915877169,/rigid_bodies.rigidbodies[2].pose.position.x,0.8641564419559586
25.243038165,1709142495.926020309,1709142495.925665500,/rigid_bodies.rigidbodies[2].pose.position.x,0.8641636838099654
25.253395286,1709142495.936377430,1709142495.935943466,/rigid_bodies.rigidbodies[2].pose.position.x,0.8641364958892973
25.263194405,1709142495.946176549,1709142495.945730167,/rigid_bodies.rigidbodies[2].pose.position.x,0.864085362774419
25.27315432,1709142495.956136464,1709142495.955732791,/rigid_bodies.rigidbodies[2].pose.position.x,0.8641043651386285
25.283418863,1709142495.966401007,1709142495.965958816,/rigid_bodies.rigidbodies[2].pose.position.x,0.8641569727199095
25.293163983,1709142495.976146127,1709142495.975725817,/rigid_bodies.rigidbodies[2].pose.position.x,0.8641198078543266
25.303060665,1709142495.986042809,1709142495.985599418,/rigid_bodies.rigidbodies[2].pose.position.x,0.8641311802839555
25.313156984,1709142495.996139128,1709142495.995693948,/rigid_bodies.rigidbodies[2].pose.position.x,0.8641833459136328
25.323467824,1709142496.006449968,1709142496.005886732,/rigid_bodies.rigidbodies[2].pose.position.x,0.8641140644713068
25.333050894,1709142496.016033038,1709142496.015587963,/rigid_bodies.rigidbodies[2].pose.position.x,0.8640993733540329
25.343121269,1709142496.026103413,1709142496.025666380,/rigid_bodies.rigidbodies[2].pose.position.x,0.8641299976030212
25.352864559,1709142496.035846703,1709142496.035432845,/rigid_bodies.rigidbodies[2].pose.position.x,0.8641395963223858
25.362862193,1709142496.045844337,1709142496.045422515,/rigid_bodies.rigidbodies[2].pose.position.x,0.8641327862820272
25.372612135,1709142496.055594279,1709142496.055432531,/rigid_bodies.rigidbodies[2].pose.position.x,0.8641448985265614
25.382739886,1709142496.065722030,1709142496.065472911,/rigid_bodies.rigidbodies[2].pose.position.x,0.8641592031341383
25.392693244,1709142496.075675388,1709142496.075393833,/rigid_bodies.rigidbodies[2].pose.position.x,0.8641344392073559
25.402519113,1709142496.085501257,1709142496.085371529,/rigid_bodies.rigidbodies[2].pose.position.x,0.8641344894170635
25.412487153,1709142496.095469297,1709142496.095289063,/rigid_bodies.rigidbodies[2].pose.position.x,0.864181892148888
25.422566126,1709142496.105548270,1709142496.105324634,/rigid_bodies.rigidbodies[2].pose.position.x,0.8641113043524813
25.432617644,1709142496.115599788,1709142496.115364000,/rigid_bodies.rigidbodies[2].pose.position.x,0.8641217550266993
25.442640871000002,1709142496.125623015,1709142496.125372690,/rigid_bodies.rigidbodies[2].pose.position.x,0.8641879629519973
25.453269072,1709142496.136251216,1709142496.135843668,/rigid_bodies.rigidbodies[2].pose.position.x,0.8641801148101782
25.463296436,1709142496.146278580,1709142496.145764620,/rigid_bodies.rigidbodies[2].pose.position.x,0.8641514719415703
25.473096739,1709142496.156078883,1709142496.155688718,/rigid_bodies.rigidbodies[2].pose.position.x,0.8640943470904154
25.483416852,1709142496.166398996,1709142496.165878799,/rigid_bodies.rigidbodies[2].pose.position.x,0.8641493209319567
25.493111295,1709142496.176093439,1709142496.175612284,/rigid_bodies.rigidbodies[2].pose.position.x,0.864154715651498
25.50347014,1709142496.186452284,1709142496.185804996,/rigid_bodies.rigidbodies[2].pose.position.x,0.8641457478038014
25.512753529,1709142496.195735673,1709142496.195438364,/rigid_bodies.rigidbodies[2].pose.position.x,0.8641721848457645
25.523124803,1709142496.206106947,1709142496.205617037,/rigid_bodies.rigidbodies[2].pose.position.x,0.8641304050212919
25.533463378,1709142496.216445522,1709142496.215816989,/rigid_bodies.rigidbodies[2].pose.position.x,0.8640832587707292
25.54310215,1709142496.226084294,1709142496.225674843,/rigid_bodies.rigidbodies[2].pose.position.x,0.8641272835279895
25.553125432,1709142496.236107576,1709142496.235602299,/rigid_bodies.rigidbodies[2].pose.position.x,0.8641989031274211
25.563187869,1709142496.246170013,1709142496.245643251,/rigid_bodies.rigidbodies[2].pose.position.x,0.8641917807472517
25.572958045,1709142496.255940189,1709142496.255579885,/rigid_bodies.rigidbodies[2].pose.position.x,0.8641717069776574
25.583114886,1709142496.266097030,1709142496.265635872,/rigid_bodies.rigidbodies[2].pose.position.x,0.8641436669900936
25.592783778,1709142496.275765922,1709142496.275509265,/rigid_bodies.rigidbodies[2].pose.position.x,0.8641066097084472
25.603146188,1709142496.286128332,1709142496.285757347,/rigid_bodies.rigidbodies[2].pose.position.x,0.8641469478024187
25.61296498,1709142496.295947124,1709142496.295606555,/rigid_bodies.rigidbodies[2].pose.position.x,0.8641683390309621
25.622992089,1709142496.305974233,1709142496.305620298,/rigid_bodies.rigidbodies[2].pose.position.x,0.8641504530346679
25.633308606,1709142496.316290750,1709142496.315787867,/rigid_bodies.rigidbodies[2].pose.position.x,0.86414156599734
25.642968597,1709142496.325950741,1709142496.325635580,/rigid_bodies.rigidbodies[2].pose.position.x,0.8641871915131565
25.652837968,1709142496.335820112,1709142496.335521048,/rigid_bodies.rigidbodies[2].pose.position.x,0.8641995447050913
25.662937052,1709142496.345919196,1709142496.345533248,/rigid_bodies.rigidbodies[2].pose.position.x,0.8641377892856132
25.672952651,1709142496.355934795,1709142496.355623962,/rigid_bodies.rigidbodies[2].pose.position.x,0.8641146088423921
25.683039781,1709142496.366021925,1709142496.365640810,/rigid_bodies.rigidbodies[2].pose.position.x,0.8641480186984428
25.692986396,1709142496.375968540,1709142496.375615453,/rigid_bodies.rigidbodies[2].pose.position.x,0.8641381748979723
25.70285905,1709142496.385841194,1709142496.385554700,/rigid_bodies.rigidbodies[2].pose.position.x,0.8641547720888225
25.712928278,1709142496.395910422,1709142496.395530883,/rigid_bodies.rigidbodies[2].pose.position.x,0.8641233385085644
25.722754814,1709142496.405736958,1709142496.405461452,/rigid_bodies.rigidbodies[2].pose.position.x,0.8641247659738214
25.732831852,1709142496.415813996,1709142496.415508938,/rigid_bodies.rigidbodies[2].pose.position.x,0.8641696162166655
25.743014503,1709142496.425996647,1709142496.425620150,/rigid_bodies.rigidbodies[2].pose.position.x,0.8641206853331673
25.752988782,1709142496.435970926,1709142496.435582225,/rigid_bodies.rigidbodies[2].pose.position.x,0.8641718805827646
25.762859739,1709142496.445841883,1709142496.445514595,/rigid_bodies.rigidbodies[2].pose.position.x,0.8641374600074352
25.772876132,1709142496.455858276,1709142496.455522093,/rigid_bodies.rigidbodies[2].pose.position.x,0.8640772163386478
25.783021634,1709142496.466003778,1709142496.465637160,/rigid_bodies.rigidbodies[2].pose.position.x,0.8641284265407209
25.792976539,1709142496.475958683,1709142496.475589524,/rigid_bodies.rigidbodies[2].pose.position.x,0.8641746983277632
25.803089829,1709142496.486071973,1709142496.485647832,/rigid_bodies.rigidbodies[2].pose.position.x,0.8641677956186875
25.813166913,1709142496.496149057,1709142496.495728645,/rigid_bodies.rigidbodies[2].pose.position.x,0.8641663878501801
25.823073934,1709142496.506056078,1709142496.505658223,/rigid_bodies.rigidbodies[2].pose.position.x,0.8641395569619207
25.833288314,1709142496.516270458,1709142496.515837889,/rigid_bodies.rigidbodies[2].pose.position.x,0.8641368406307457
25.842848524,1709142496.525830668,1709142496.525527669,/rigid_bodies.rigidbodies[2].pose.position.x,0.8641304823976603
25.852915774,1709142496.535897918,1709142496.535558053,/rigid_bodies.rigidbodies[2].pose.position.x,0.8641521565004316
25.862851752,1709142496.545833896,1709142496.545510098,/rigid_bodies.rigidbodies[2].pose.position.x,0.8640927665868674
25.872914045999998,1709142496.555896190,1709142496.555612187,/rigid_bodies.rigidbodies[2].pose.position.x,0.8641072365618033
25.882951154,1709142496.565933298,1709142496.565565474,/rigid_bodies.rigidbodies[2].pose.position.x,0.8641262907016524
25.89338045,1709142496.576362594,1709142496.575747954,/rigid_bodies.rigidbodies[2].pose.position.x,0.8641558052497316
25.903271002,1709142496.586253146,1709142496.585650126,/rigid_bodies.rigidbodies[2].pose.position.x,0.864199254053224
25.913280959,1709142496.596263103,1709142496.595743370,/rigid_bodies.rigidbodies[2].pose.position.x,0.8641447545917116
25.923141504,1709142496.606123648,1709142496.605614451,/rigid_bodies.rigidbodies[2].pose.position.x,0.8641481139240984
25.932755178,1709142496.615737322,1709142496.615365544,/rigid_bodies.rigidbodies[2].pose.position.x,0.8641076979991537
25.943091943,1709142496.626074087,1709142496.625643539,/rigid_bodies.rigidbodies[2].pose.position.x,0.8641150766691357
25.95378532,1709142496.636767464,1709142496.635971151,/rigid_bodies.rigidbodies[2].pose.position.x,0.8641918048222765
25.963245971,1709142496.646228115,1709142496.645685757,/rigid_bodies.rigidbodies[2].pose.position.x,0.8641276004588865
25.973044443,1709142496.656026587,1709142496.655626656,/rigid_bodies.rigidbodies[2].pose.position.x,0.8641072094506281
25.983234863,1709142496.666217007,1709142496.665749118,/rigid_bodies.rigidbodies[2].pose.position.x,0.8641308340518751
25.993414618,1709142496.676396762,1709142496.675788829,/rigid_bodies.rigidbodies[2].pose.position.x,0.864171028585756
26.003044652,1709142496.686026796,1709142496.685598033,/rigid_bodies.rigidbodies[2].pose.position.x,0.8641435519136548
26.013262963,1709142496.696245107,1709142496.695686680,/rigid_bodies.rigidbodies[2].pose.position.x,0.8641500435767994
26.023462182,1709142496.706444326,1709142496.705758753,/rigid_bodies.rigidbodies[2].pose.position.x,0.86415532071157
26.033177992,1709142496.716160136,1709142496.715667037,/rigid_bodies.rigidbodies[2].pose.position.x,0.8641274978452043
26.043275637,1709142496.726257781,1709142496.725688240,/rigid_bodies.rigidbodies[2].pose.position.x,0.8641074404166779
26.053386636,1709142496.736368780,1709142496.735706848,/rigid_bodies.rigidbodies[2].pose.position.x,0.8641439826278688
26.062979143,1709142496.745961287,1709142496.745479769,/rigid_bodies.rigidbodies[2].pose.position.x,0.864144636808041
26.073768121,1709142496.756750265,1709142496.756084586,/rigid_bodies.rigidbodies[2].pose.position.x,0.864121255844894
26.083285125,1709142496.766267269,1709142496.765639226,/rigid_bodies.rigidbodies[2].pose.position.x,0.8641335451168635
26.093462796,1709142496.776444940,1709142496.775774813,/rigid_bodies.rigidbodies[2].pose.position.x,0.864177360304988
26.103289452,1709142496.786271596,1709142496.785653754,/rigid_bodies.rigidbodies[2].pose.position.x,0.8641415846452063
26.113581333,1709142496.796563477,1709142496.795842890,/rigid_bodies.rigidbodies[2].pose.position.x,0.8641010242321276
26.123596294,1709142496.806578438,1709142496.805826403,/rigid_bodies.rigidbodies[2].pose.position.x,0.8641309683305518
26.133229845,1709142496.816211989,1709142496.815648122,/rigid_bodies.rigidbodies[2].pose.position.x,0.8641583392328671
26.142953581,1709142496.825935725,1709142496.825514235,/rigid_bodies.rigidbodies[2].pose.position.x,0.8641127417612529
26.153050077,1709142496.836032221,1709142496.835550784,/rigid_bodies.rigidbodies[2].pose.position.x,0.8641746182810897
26.163089384,1709142496.846071528,1709142496.845591216,/rigid_bodies.rigidbodies[2].pose.position.x,0.8641722539800437
26.173059483,1709142496.856041627,1709142496.855598540,/rigid_bodies.rigidbodies[2].pose.position.x,0.8641264095862321
26.183074906,1709142496.866057050,1709142496.865568588,/rigid_bodies.rigidbodies[2].pose.position.x,0.8641216451648938
26.193033433,1709142496.876015577,1709142496.875518814,/rigid_bodies.rigidbodies[2].pose.position.x,0.8641680398921994
26.203258067,1709142496.886240211,1709142496.885643554,/rigid_bodies.rigidbodies[2].pose.position.x,0.8641031816814702
26.21331373,1709142496.896295874,1709142496.895703413,/rigid_bodies.rigidbodies[2].pose.position.x,0.864084307480857
26.223151547,1709142496.906133691,1709142496.905545466,/rigid_bodies.rigidbodies[2].pose.position.x,0.8641621825149337
26.233273117,1709142496.916255261,1709142496.915683841,/rigid_bodies.rigidbodies[2].pose.position.x,0.8641951558277903
26.243228436,1709142496.926210580,1709142496.925657857,/rigid_bodies.rigidbodies[2].pose.position.x,0.864126611825337
26.253021808,1709142496.936003952,1709142496.935576778,/rigid_bodies.rigidbodies[2].pose.position.x,0.8641503607026684
26.263010137,1709142496.945992281,1709142496.945521195,/rigid_bodies.rigidbodies[2].pose.position.x,0.8641770650794366
26.273119161,1709142496.956101305,1709142496.955612809,/rigid_bodies.rigidbodies[2].pose.position.x,0.8641221689864848
26.283080575,1709142496.966062719,1709142496.965575180,/rigid_bodies.rigidbodies[2].pose.position.x,0.8641158008370369
26.293201977,1709142496.976184121,1709142496.975657015,/rigid_bodies.rigidbodies[2].pose.position.x,0.8641937154139724
26.303248999,1709142496.986231143,1709142496.985657655,/rigid_bodies.rigidbodies[2].pose.position.x,0.8641753923264657
26.312847678,1709142496.995829822,1709142496.995517738,/rigid_bodies.rigidbodies[2].pose.position.x,0.8640800968382047
26.323069101,1709142497.006051245,1709142497.005578687,/rigid_bodies.rigidbodies[2].pose.position.x,0.8641377609005305
26.333377034,1709142497.016359178,1709142497.015770868,/rigid_bodies.rigidbodies[2].pose.position.x,0.8641912743841496
26.343078945,1709142497.026061089,1709142497.025678181,/rigid_bodies.rigidbodies[2].pose.position.x,0.8641390785857365
26.353076226,1709142497.036058370,1709142497.035595116,/rigid_bodies.rigidbodies[2].pose.position.x,0.8641010242321276
26.363047377,1709142497.046029521,1709142497.045498874,/rigid_bodies.rigidbodies[2].pose.position.x,0.8641817387995213
26.373219744,1709142497.056201888,1709142497.055796387,/rigid_bodies.rigidbodies[2].pose.position.x,0.8641640743129034
26.38310756,1709142497.066089704,1709142497.065592073,/rigid_bodies.rigidbodies[2].pose.position.x,0.8640820746036487
26.393016036,1709142497.075998180,1709142497.075539050,/rigid_bodies.rigidbodies[2].pose.position.x,0.8641377652764256
26.403059816,1709142497.086041960,1709142497.085591856,/rigid_bodies.rigidbodies[2].pose.position.x,0.8641371987076737
26.413111064,1709142497.096093208,1709142497.095576779,/rigid_bodies.rigidbodies[2].pose.position.x,0.8641136656238493
26.423005516,1709142497.105987660,1709142497.105515820,/rigid_bodies.rigidbodies[2].pose.position.x,0.8641727192558302
26.433290254,1709142497.116272398,1709142497.115699178,/rigid_bodies.rigidbodies[2].pose.position.x,0.8642085967654616
26.443071328,1709142497.126053472,1709142497.125584892,/rigid_bodies.rigidbodies[2].pose.position.x,0.8641093903541041
26.452998147,1709142497.135980291,1709142497.135518113,/rigid_bodies.rigidbodies[2].pose.position.x,0.8640536331690019
26.463008725,1709142497.145990869,1709142497.145532468,/rigid_bodies.rigidbodies[2].pose.position.x,0.8641437339167558
26.473017244,1709142497.155999388,1709142497.155599815,/rigid_bodies.rigidbodies[2].pose.position.x,0.8641796824833874
26.483041685,1709142497.166023829,1709142497.165613585,/rigid_bodies.rigidbodies[2].pose.position.x,0.8641687265890613
26.493126885,1709142497.176109029,1709142497.175600315,/rigid_bodies.rigidbodies[2].pose.position.x,0.864168776087181
26.503231195,1709142497.186213339,1709142497.185669311,/rigid_bodies.rigidbodies[2].pose.position.x,0.8641732229342377
26.513201916,1709142497.196184060,1709142497.195711627,/rigid_bodies.rigidbodies[2].pose.position.x,0.8641387844452719
26.52292036,1709142497.205902504,1709142497.205600715,/rigid_bodies.rigidbodies[2].pose.position.x,0.8641476702077697
26.533083045,1709142497.216065189,1709142497.215670610,/rigid_bodies.rigidbodies[2].pose.position.x,0.8642167219585778
26.54297048,1709142497.225952624,1709142497.225615631,/rigid_bodies.rigidbodies[2].pose.position.x,0.864154602147841
26.553076218,1709142497.236058362,1709142497.235652198,/rigid_bodies.rigidbodies[2].pose.position.x,0.8640741697231484
26.563249228,1709142497.246231372,1709142497.245813552,/rigid_bodies.rigidbodies[2].pose.position.x,0.8641531674406532
26.573278848,1709142497.256260992,1709142497.255808515,/rigid_bodies.rigidbodies[2].pose.position.x,0.8642139767857496
26.583273633,1709142497.266255777,1709142497.265864452,/rigid_bodies.rigidbodies[2].pose.position.x,0.8641802082643327
26.59312779,1709142497.276109934,1709142497.275647478,/rigid_bodies.rigidbodies[2].pose.position.x,0.864155361013064
26.603713997,1709142497.286696141,1709142497.285967655,/rigid_bodies.rigidbodies[2].pose.position.x,0.864170379640343
26.613322896,1709142497.296305040,1709142497.295799250,/rigid_bodies.rigidbodies[2].pose.position.x,0.8641233101736246
26.623686323,1709142497.306668467,1709142497.306011549,/rigid_bodies.rigidbodies[2].pose.position.x,0.8641305283722791
26.633427253,1709142497.316409397,1709142497.315848305,/rigid_bodies.rigidbodies[2].pose.position.x,0.8642139447047629
26.643202513,1709142497.326184657,1709142497.325717675,/rigid_bodies.rigidbodies[2].pose.position.x,0.8641287349135248
26.653392294,1709142497.336374438,1709142497.335778225,/rigid_bodies.rigidbodies[2].pose.position.x,0.8640874922245395
26.663047006,1709142497.346029150,1709142497.345558968,/rigid_bodies.rigidbodies[2].pose.position.x,0.8641433135816687
26.673037435,1709142497.356019579,1709142497.355679230,/rigid_bodies.rigidbodies[2].pose.position.x,0.8642078600615165
26.683381409,1709142497.366363553,1709142497.365848656,/rigid_bodies.rigidbodies[2].pose.position.x,0.8641634384257176
26.693285492,1709142497.376267636,1709142497.375841136,/rigid_bodies.rigidbodies[2].pose.position.x,0.8641385774919835
26.703643949,1709142497.386626093,1709142497.386111765,/rigid_bodies.rigidbodies[2].pose.position.x,0.8641600236852491
26.713286158,1709142497.396268302,1709142497.395785626,/rigid_bodies.rigidbodies[2].pose.position.x,0.8641341910445928
26.723780872,1709142497.406763016,1709142497.406079203,/rigid_bodies.rigidbodies[2].pose.position.x,0.8641254035559843
26.73328346,1709142497.416265604,1709142497.415717351,/rigid_bodies.rigidbodies[2].pose.position.x,0.864169677513533
26.743062217,1709142497.426044361,1709142497.425576503,/rigid_bodies.rigidbodies[2].pose.position.x,0.8641654233669184
26.753414928,1709142497.436397072,1709142497.435798994,/rigid_bodies.rigidbodies[2].pose.position.x,0.8641057250772742
26.763039629,1709142497.446021773,1709142497.445546196,/rigid_bodies.rigidbodies[2].pose.position.x,0.8641389685349131
26.773188427,1709142497.456170571,1709142497.455740233,/rigid_bodies.rigidbodies[2].pose.position.x,0.8642248658969856
26.783199058,1709142497.466181202,1709142497.465653616,/rigid_bodies.rigidbodies[2].pose.position.x,0.8641275634310069
26.793645353,1709142497.476627497,1709142497.476062038,/rigid_bodies.rigidbodies[2].pose.position.x,0.8641123358901759
26.803282959,1709142497.486265103,1709142497.485821899,/rigid_bodies.rigidbodies[2].pose.position.x,0.8641516544746984
26.81374939,1709142497.496731534,1709142497.496041634,/rigid_bodies.rigidbodies[2].pose.position.x,0.8641116975579846
26.823181044000002,1709142497.506163188,1709142497.505768579,/rigid_bodies.rigidbodies[2].pose.position.x,0.8640992414886928
26.833075361,1709142497.516057505,1709142497.515649200,/rigid_bodies.rigidbodies[2].pose.position.x,0.8641659099340039
26.842589159,1709142497.525571303,1709142497.525443303,/rigid_bodies.rigidbodies[2].pose.position.x,0.8641799598796677
26.852593716,1709142497.535575860,1709142497.535339184,/rigid_bodies.rigidbodies[2].pose.position.x,0.8641310554604834
26.863152634,1709142497.546134778,1709142497.545675450,/rigid_bodies.rigidbodies[2].pose.position.x,0.8641787196467978
26.873183077,1709142497.556165221,1709142497.555632947,/rigid_bodies.rigidbodies[2].pose.position.x,0.8642232989779929
26.883357796,1709142497.566339940,1709142497.565761821,/rigid_bodies.rigidbodies[2].pose.position.x,0.8641272066562787
26.893155175,1709142497.576137319,1709142497.575663760,/rigid_bodies.rigidbodies[2].pose.position.x,0.8640983422094854
26.903459277,1709142497.586441421,1709142497.585830835,/rigid_bodies.rigidbodies[2].pose.position.x,0.8641463408943313
26.913418271,1709142497.596400415,1709142497.595778689,/rigid_bodies.rigidbodies[2].pose.position.x,0.8641723499884163
26.923326657,1709142497.606308801,1709142497.605772957,/rigid_bodies.rigidbodies[2].pose.position.x,0.8641756133942531
26.933476465,1709142497.616458609,1709142497.615868449,/rigid_bodies.rigidbodies[2].pose.position.x,0.86415795940889
26.943123313,1709142497.626105457,1709142497.625608689,/rigid_bodies.rigidbodies[2].pose.position.x,0.8641749844831159
26.953381263,1709142497.636363407,1709142497.635832717,/rigid_bodies.rigidbodies[2].pose.position.x,0.8641286891389346
26.963187558,1709142497.646169702,1709142497.645614444,/rigid_bodies.rigidbodies[2].pose.position.x,0.8641329492499031
26.973122041,1709142497.656104185,1709142497.655728664,/rigid_bodies.rigidbodies[2].pose.position.x,0.8642089137236506
26.983008286,1709142497.665990430,1709142497.665593114,/rigid_bodies.rigidbodies[2].pose.position.x,0.8641601391267586
26.993192798,1709142497.676174942,1709142497.675633636,/rigid_bodies.rigidbodies[2].pose.position.x,0.8640907955640994
27.003380843,1709142497.686362987,1709142497.685837622,/rigid_bodies.rigidbodies[2].pose.position.x,0.8641277067872666
27.013638831,1709142497.696620975,1709142497.695966003,/rigid_bodies.rigidbodies[2].pose.position.x,0.8641856327892813
27.02333454,1709142497.706316684,1709142497.705763809,/rigid_bodies.rigidbodies[2].pose.position.x,0.8641560410852508
27.033733355,1709142497.716715499,1709142497.716042658,/rigid_bodies.rigidbodies[2].pose.position.x,0.864155320226188
27.043064678,1709142497.726046822,1709142497.725678073,/rigid_bodies.rigidbodies[2].pose.position.x,0.8641930409572072
27.053277848,1709142497.736259992,1709142497.735753264,/rigid_bodies.rigidbodies[2].pose.position.x,0.8641057566487277
27.063023014,1709142497.746005158,1709142497.745593123,/rigid_bodies.rigidbodies[2].pose.position.x,0.8641112114031073
27.073148271,1709142497.756130415,1709142497.755718286,/rigid_bodies.rigidbodies[2].pose.position.x,0.8641819197802652
27.083057356,1709142497.766039500,1709142497.765704225,/rigid_bodies.rigidbodies[2].pose.position.x,0.8641170071833445
27.093117021,1709142497.776099165,1709142497.775707934,/rigid_bodies.rigidbodies[2].pose.position.x,0.864075101038322
27.103049247,1709142497.786031391,1709142497.785624932,/rigid_bodies.rigidbodies[2].pose.position.x,0.8641286908954589
27.113026385,1709142497.796008529,1709142497.795629947,/rigid_bodies.rigidbodies[2].pose.position.x,0.8641767535901775
27.122926283,1709142497.805908427,1709142497.805558437,/rigid_bodies.rigidbodies[2].pose.position.x,0.8641707020358244
27.133317173000002,1709142497.816299317,1709142497.815781883,/rigid_bodies.rigidbodies[2].pose.position.x,0.8641613835374565
27.143088567,1709142497.826070711,1709142497.825659549,/rigid_bodies.rigidbodies[2].pose.position.x,0.8641529789663731
27.153313594,1709142497.836295738,1709142497.835673940,/rigid_bodies.rigidbodies[2].pose.position.x,0.8640978039532777
27.163096324,1709142497.846078468,1709142497.845619571,/rigid_bodies.rigidbodies[2].pose.position.x,0.8640933051050149
27.173004324,1709142497.855986468,1709142497.855629103,/rigid_bodies.rigidbodies[2].pose.position.x,0.8641611985612652
27.183526024,1709142497.866508168,1709142497.865847607,/rigid_bodies.rigidbodies[2].pose.position.x,0.8641515584540503
27.19302953,1709142497.876011674,1709142497.875609180,/rigid_bodies.rigidbodies[2].pose.position.x,0.8641320189546543
27.203240698,1709142497.886222842,1709142497.885797046,/rigid_bodies.rigidbodies[2].pose.position.x,0.8641981183039465
27.213449966,1709142497.896432110,1709142497.895860426,/rigid_bodies.rigidbodies[2].pose.position.x,0.8641870000121384
27.22328638,1709142497.906268524,1709142497.905740546,/rigid_bodies.rigidbodies[2].pose.position.x,0.8640962643161194
27.233280468,1709142497.916262612,1709142497.915785190,/rigid_bodies.rigidbodies[2].pose.position.x,0.8641061071208476
27.243543076,1709142497.926525220,1709142497.925950544,/rigid_bodies.rigidbodies[2].pose.position.x,0.8641374190517174
27.253158971,1709142497.936141115,1709142497.935667685,/rigid_bodies.rigidbodies[2].pose.position.x,0.8641383585523422
27.263245313,1709142497.946227457,1709142497.945699680,/rigid_bodies.rigidbodies[2].pose.position.x,0.8641541332699736
27.273168104,1709142497.956150248,1709142497.955753128,/rigid_bodies.rigidbodies[2].pose.position.x,0.8641521664770405
27.28320518,1709142497.966187324,1709142497.965777416,/rigid_bodies.rigidbodies[2].pose.position.x,0.8641330187208375
27.293168616,1709142497.976150760,1709142497.975694533,/rigid_bodies.rigidbodies[2].pose.position.x,0.864054805750871
27.303260163,1709142497.986242307,1709142497.985838896,/rigid_bodies.rigidbodies[2].pose.position.x,0.8641707464261205
27.313485803,1709142497.996467947,1709142497.995882575,/rigid_bodies.rigidbodies[2].pose.position.x,0.8642289277404704
27.323187446,1709142498.006169590,1709142498.005731252,/rigid_bodies.rigidbodies[2].pose.position.x,0.8641298127179616
27.333648407,1709142498.016630551,1709142498.015964823,/rigid_bodies.rigidbodies[2].pose.position.x,0.8640694890357741
27.343126577,1709142498.026108721,1709142498.025625021,/rigid_bodies.rigidbodies[2].pose.position.x,0.8641572929050787
27.353012058,1709142498.035994202,1709142498.035629874,/rigid_bodies.rigidbodies[2].pose.position.x,0.8641203479430775
27.362910664,1709142498.045892808,1709142498.045497389,/rigid_bodies.rigidbodies[2].pose.position.x,0.8641433406218101
27.372919164,1709142498.055901308,1709142498.055516921,/rigid_bodies.rigidbodies[2].pose.position.x,0.8641581928863272
27.382858059,1709142498.065840203,1709142498.065503542,/rigid_bodies.rigidbodies[2].pose.position.x,0.864133800296167
27.392861259,1709142498.075843403,1709142498.075491303,/rigid_bodies.rigidbodies[2].pose.position.x,0.8641323157528644
27.403068997,1709142498.086051141,1709142498.085617054,/rigid_bodies.rigidbodies[2].pose.position.x,0.8641258519235403
27.412993636,1709142498.095975780,1709142498.095557435,/rigid_bodies.rigidbodies[2].pose.position.x,0.8641679102605961
27.423102818,1709142498.106084962,1709142498.105706047,/rigid_bodies.rigidbodies[2].pose.position.x,0.8640907685848088
27.433477344,1709142498.116459488,1709142498.115910261,/rigid_bodies.rigidbodies[2].pose.position.x,0.8641300701886658
27.443081629,1709142498.126063773,1709142498.125807464,/rigid_bodies.rigidbodies[2].pose.position.x,0.8641834877741863
27.452777141,1709142498.135759285,1709142498.135583339,/rigid_bodies.rigidbodies[2].pose.position.x,0.8641611669932882
27.462925497,1709142498.145907641,1709142498.145634678,/rigid_bodies.rigidbodies[2].pose.position.x,0.8641428922471442
27.473155905,1709142498.156138049,1709142498.155721250,/rigid_bodies.rigidbodies[2].pose.position.x,0.8641705182742317
27.483400686,1709142498.166382830,1709142498.165961650,/rigid_bodies.rigidbodies[2].pose.position.x,0.8641430239808582
27.493678691,1709142498.176660835,1709142498.175995781,/rigid_bodies.rigidbodies[2].pose.position.x,0.8640753391840618
27.503469936,1709142498.186452080,1709142498.185981068,/rigid_bodies.rigidbodies[2].pose.position.x,0.8641409123510994
27.51326645,1709142498.196248594,1709142498.195714512,/rigid_bodies.rigidbodies[2].pose.position.x,0.8641961207416167
27.523807044,1709142498.206789188,1709142498.206062662,/rigid_bodies.rigidbodies[2].pose.position.x,0.864091880200582
27.53349994,1709142498.216482084,1709142498.215852507,/rigid_bodies.rigidbodies[2].pose.position.x,0.8641112524863801
27.54320212,1709142498.226184264,1709142498.225737701,/rigid_bodies.rigidbodies[2].pose.position.x,0.8641495227000462
27.553836097,1709142498.236818241,1709142498.236119243,/rigid_bodies.rigidbodies[2].pose.position.x,0.8641259322081276
27.563263439,1709142498.246245583,1709142498.245730344,/rigid_bodies.rigidbodies[2].pose.position.x,0.8641154459711976
27.573417132,1709142498.256399276,1709142498.255865758,/rigid_bodies.rigidbodies[2].pose.position.x,0.864144935835104
27.583978668,1709142498.266960812,1709142498.266204151,/rigid_bodies.rigidbodies[2].pose.position.x,0.8641607772397705
27.593152036,1709142498.276134180,1709142498.275655880,/rigid_bodies.rigidbodies[2].pose.position.x,0.8641312498825577
27.603249555,1709142498.286231699,1709142498.285687558,/rigid_bodies.rigidbodies[2].pose.position.x,0.8641655689411069
27.613250201,1709142498.296232345,1709142498.295872624,/rigid_bodies.rigidbodies[2].pose.position.x,0.864172976262084
27.623221388,1709142498.306203532,1709142498.305719711,/rigid_bodies.rigidbodies[2].pose.position.x,0.8641233455812314
27.633317016,1709142498.316299160,1709142498.315721102,/rigid_bodies.rigidbodies[2].pose.position.x,0.8641292316884851
27.64272133,1709142498.325703474,1709142498.325408380,/rigid_bodies.rigidbodies[2].pose.position.x,0.8641787891568881
27.652801953,1709142498.335784097,1709142498.335445955,/rigid_bodies.rigidbodies[2].pose.position.x,0.8641835947608699
27.663054759,1709142498.346036903,1709142498.345645428,/rigid_bodies.rigidbodies[2].pose.position.x,0.8641241461890825
27.673167414,1709142498.356149558,1709142498.355658896,/rigid_bodies.rigidbodies[2].pose.position.x,0.8641431116179289
27.683862011,1709142498.366844155,1709142498.366111611,/rigid_bodies.rigidbodies[2].pose.position.x,0.8641357314394051
27.69310212,1709142498.376084264,1709142498.375592099,/rigid_bodies.rigidbodies[2].pose.position.x,0.8641123158537185
27.70327683,1709142498.386258974,1709142498.385644357,/rigid_bodies.rigidbodies[2].pose.position.x,0.8641603749304977
27.71297366,1709142498.395955804,1709142498.395484065,/rigid_bodies.rigidbodies[2].pose.position.x,0.864189368780429
27.723089481,1709142498.406071625,1709142498.405517768,/rigid_bodies.rigidbodies[2].pose.position.x,0.8641370574258356
27.733208819,1709142498.416190963,1709142498.415628317,/rigid_bodies.rigidbodies[2].pose.position.x,0.864098421692847
27.743431643,1709142498.426413787,1709142498.425732124,/rigid_bodies.rigidbodies[2].pose.position.x,0.864151291851138
27.753181751,1709142498.436163895,1709142498.435588570,/rigid_bodies.rigidbodies[2].pose.position.x,0.8641759397336163
27.763174608,1709142498.446156752,1709142498.445599957,/rigid_bodies.rigidbodies[2].pose.position.x,0.8640920218771773
27.773643204,1709142498.456625348,1709142498.455976126,/rigid_bodies.rigidbodies[2].pose.position.x,0.8641356477117309
27.783232311,1709142498.466214455,1709142498.465712272,/rigid_bodies.rigidbodies[2].pose.position.x,0.8642281842037335
27.793264754,1709142498.476246898,1709142498.475751799,/rigid_bodies.rigidbodies[2].pose.position.x,0.8641824755541981
27.803724729,1709142498.486706873,1709142498.485975962,/rigid_bodies.rigidbodies[2].pose.position.x,0.8642142608266838
27.813169364,1709142498.496151508,1709142498.495707312,/rigid_bodies.rigidbodies[2].pose.position.x,0.8641789602067703
27.823085809,1709142498.506067953,1709142498.505631634,/rigid_bodies.rigidbodies[2].pose.position.x,0.8641629978467589
27.833322954,1709142498.516305098,1709142498.515718491,/rigid_bodies.rigidbodies[2].pose.position.x,0.8641209412145071
27.843019837,1709142498.526001981,1709142498.525555577,/rigid_bodies.rigidbodies[2].pose.position.x,0.8641538659289085
27.853339123,1709142498.536321267,1709142498.535725241,/rigid_bodies.rigidbodies[2].pose.position.x,0.8641822295279515
27.862926093,1709142498.545908237,1709142498.545560326,/rigid_bodies.rigidbodies[2].pose.position.x,0.8641375987228642
27.873042202,1709142498.556024346,1709142498.555523158,/rigid_bodies.rigidbodies[2].pose.position.x,0.8641272058521351
27.883777727000002,1709142498.566759871,1709142498.565840058,/rigid_bodies.rigidbodies[2].pose.position.x,0.8641638906066945
27.893127955,1709142498.576110099,1709142498.575601052,/rigid_bodies.rigidbodies[2].pose.position.x,0.864163254143796
27.90307127,1709142498.586053414,1709142498.585583924,/rigid_bodies.rigidbodies[2].pose.position.x,0.8641720455336301
27.913016863,1709142498.595999007,1709142498.595542171,/rigid_bodies.rigidbodies[2].pose.position.x,0.8641415916305142
27.922966897,1709142498.605949041,1709142498.605471899,/rigid_bodies.rigidbodies[2].pose.position.x,0.864131488748823
27.933145613,1709142498.616127757,1709142498.615674131,/rigid_bodies.rigidbodies[2].pose.position.x,0.8640960430908383
27.943182915,1709142498.626165059,1709142498.625571195,/rigid_bodies.rigidbodies[2].pose.position.x,0.8641334965533692
27.953215598,1709142498.636197742,1709142498.635657016,/rigid_bodies.rigidbodies[2].pose.position.x,0.8641801083004733
27.963001139,1709142498.645983283,1709142498.645533440,/rigid_bodies.rigidbodies[2].pose.position.x,0.8641233593148705
27.973040724,1709142498.656022868,1709142498.655629706,/rigid_bodies.rigidbodies[2].pose.position.x,0.8641409201382017
27.983314995,1709142498.666297139,1709142498.665722154,/rigid_bodies.rigidbodies[2].pose.position.x,0.8641733508487355
27.993420449,1709142498.676402593,1709142498.675802435,/rigid_bodies.rigidbodies[2].pose.position.x,0.8641826420152571
28.003643712,1709142498.686625856,1709142498.685952352,/rigid_bodies.rigidbodies[2].pose.position.x,0.8641485817506129
28.013300106,1709142498.696282250,1709142498.695800037,/rigid_bodies.rigidbodies[2].pose.position.x,0.8641211404866765
28.023142934,1709142498.706125078,1709142498.705745424,/rigid_bodies.rigidbodies[2].pose.position.x,0.864095093099719
28.033362113,1709142498.716344257,1709142498.715802544,/rigid_bodies.rigidbodies[2].pose.position.x,0.8641032138249735
28.043499293,1709142498.726481437,1709142498.725790927,/rigid_bodies.rigidbodies[2].pose.position.x,0.864170310013505
28.053125736,1709142498.736107880,1709142498.735614648,/rigid_bodies.rigidbodies[2].pose.position.x,0.864199352154026
28.06319603,1709142498.746178174,1709142498.745614989,/rigid_bodies.rigidbodies[2].pose.position.x,0.8641626748707653
28.073276358,1709142498.756258502,1709142498.755681423,/rigid_bodies.rigidbodies[2].pose.position.x,0.8641304463090483
28.083207566,1709142498.766189710,1709142498.765652978,/rigid_bodies.rigidbodies[2].pose.position.x,0.8640936622749301
28.093391388,1709142498.776373532,1709142498.775743796,/rigid_bodies.rigidbodies[2].pose.position.x,0.8641391702576681
28.103839394,1709142498.786821538,1709142498.786031153,/rigid_bodies.rigidbodies[2].pose.position.x,0.864099198364449
28.113232498,1709142498.796214642,1709142498.795657577,/rigid_bodies.rigidbodies[2].pose.position.x,0.8641371454138117
28.123149106,1709142498.806131250,1709142498.805698519,/rigid_bodies.rigidbodies[2].pose.position.x,0.8641748596201975
28.133547812,1709142498.816529956,1709142498.815923434,/rigid_bodies.rigidbodies[2].pose.position.x,0.8641338400274055
28.143533322,1709142498.826515466,1709142498.825978815,/rigid_bodies.rigidbodies[2].pose.position.x,0.8641633889561107
28.15322608,1709142498.836208224,1709142498.835673318,/rigid_bodies.rigidbodies[2].pose.position.x,0.8641400830852736
28.163500174,1709142498.846482318,1709142498.845766383,/rigid_bodies.rigidbodies[2].pose.position.x,0.86411090605625
28.173246243,1709142498.856228387,1709142498.855663130,/rigid_bodies.rigidbodies[2].pose.position.x,0.8641472281510554
28.183394245,1709142498.866376389,1709142498.865740401,/rigid_bodies.rigidbodies[2].pose.position.x,0.8641518941940418
28.193657887,1709142498.876640031,1709142498.875958272,/rigid_bodies.rigidbodies[2].pose.position.x,0.8641601237473745
28.203325098,1709142498.886307242,1709142498.885752917,/rigid_bodies.rigidbodies[2].pose.position.x,0.8641107455048268
28.213140942,1709142498.896123086,1709142498.895621224,/rigid_bodies.rigidbodies[2].pose.position.x,0.8641081473964876
28.223047006,1709142498.906029150,1709142498.905599818,/rigid_bodies.rigidbodies[2].pose.position.x,0.8641632942665565
28.233137809,1709142498.916119953,1709142498.915653908,/rigid_bodies.rigidbodies[2].pose.position.x,0.8641768669713608
28.243013979,1709142498.925996123,1709142498.925575514,/rigid_bodies.rigidbodies[2].pose.position.x,0.8641829000067618
28.252704405,1709142498.935686549,1709142498.935391085,/rigid_bodies.rigidbodies[2].pose.position.x,0.8641553979223414
28.262664836,1709142498.945646980,1709142498.945345358,/rigid_bodies.rigidbodies[2].pose.position.x,0.8641284922584104
28.272757086,1709142498.955739230,1709142498.955426958,/rigid_bodies.rigidbodies[2].pose.position.x,0.8640611193078762
28.283175396,1709142498.966157540,1709142498.965706517,/rigid_bodies.rigidbodies[2].pose.position.x,0.8641347850468422
28.293457331,1709142498.976439475,1709142498.975773628,/rigid_bodies.rigidbodies[2].pose.position.x,0.8641951725662665
28.303065973,1709142498.986048117,1709142498.985569605,/rigid_bodies.rigidbodies[2].pose.position.x,0.8641438626801694
28.313071417,1709142498.996053561,1709142498.995562699,/rigid_bodies.rigidbodies[2].pose.position.x,0.8641553248537821
28.323561874,1709142499.006544018,1709142499.005891676,/rigid_bodies.rigidbodies[2].pose.position.x,0.8641475071231622
28.333045043,1709142499.016027187,1709142499.015588065,/rigid_bodies.rigidbodies[2].pose.position.x,0.8641398493603696
28.343031007,1709142499.026013151,1709142499.025588966,/rigid_bodies.rigidbodies[2].pose.position.x,0.8641029843542324
28.35356583,1709142499.036547974,1709142499.035918441,/rigid_bodies.rigidbodies[2].pose.position.x,0.8641104359875759
28.363006002,1709142499.045988146,1709142499.045528232,/rigid_bodies.rigidbodies[2].pose.position.x,0.8641550325338364
28.373143337,1709142499.056125481,1709142499.055726630,/rigid_bodies.rigidbodies[2].pose.position.x,0.86413142752358
28.383754211,1709142499.066736355,1709142499.065985862,/rigid_bodies.rigidbodies[2].pose.position.x,0.8641394763480755
28.393060006,1709142499.076042150,1709142499.075626904,/rigid_bodies.rigidbodies[2].pose.position.x,0.8641745261824423
28.403121546,1709142499.086103690,1709142499.085692172,/rigid_bodies.rigidbodies[2].pose.position.x,0.8640909242468174
28.413622648,1709142499.096604792,1709142499.095889846,/rigid_bodies.rigidbodies[2].pose.position.x,0.8641483490695967
28.423317027,1709142499.106299171,1709142499.105749686,/rigid_bodies.rigidbodies[2].pose.position.x,0.8641972982718866
28.433186531,1709142499.116168675,1709142499.115707669,/rigid_bodies.rigidbodies[2].pose.position.x,0.8641745746248228
28.443119912,1709142499.126102056,1709142499.125679854,/rigid_bodies.rigidbodies[2].pose.position.x,0.864149837592157
28.452971782,1709142499.135953926,1709142499.135506079,/rigid_bodies.rigidbodies[2].pose.position.x,0.8641177095734832
28.463219787,1709142499.146201931,1709142499.145634009,/rigid_bodies.rigidbodies[2].pose.position.x,0.864125508705524
28.473131755,1709142499.156113899,1709142499.155693867,/rigid_bodies.rigidbodies[2].pose.position.x,0.8641250709284626
28.483334516,1709142499.166316660,1709142499.165890774,/rigid_bodies.rigidbodies[2].pose.position.x,0.8641485287621844
28.493315091,1709142499.176297235,1709142499.175796861,/rigid_bodies.rigidbodies[2].pose.position.x,0.8641873318706299
28.503208661,1709142499.186190805,1709142499.185763487,/rigid_bodies.rigidbodies[2].pose.position.x,0.8641385388625895
28.513316177,1709142499.196298321,1709142499.195827627,/rigid_bodies.rigidbodies[2].pose.position.x,0.8640895700676053
28.523322366,1709142499.206304510,1709142499.205854564,/rigid_bodies.rigidbodies[2].pose.position.x,0.8641472428065239
28.53303467,1709142499.216016814,1709142499.215594543,/rigid_bodies.rigidbodies[2].pose.position.x,0.8642007193321981
28.543085857,1709142499.226068001,1709142499.225670073,/rigid_bodies.rigidbodies[2].pose.position.x,0.8640866534385231
28.552984647,1709142499.235966791,1709142499.235561306,/rigid_bodies.rigidbodies[2].pose.position.x,0.8641467097836399
28.563004219,1709142499.245986363,1709142499.245568595,/rigid_bodies.rigidbodies[2].pose.position.x,0.8641412400326173
28.57299451,1709142499.255976654,1709142499.255586762,/rigid_bodies.rigidbodies[2].pose.position.x,0.8641245839213685
28.583064272,1709142499.266046416,1709142499.265608155,/rigid_bodies.rigidbodies[2].pose.position.x,0.8641768982012171
28.593000716,1709142499.275982860,1709142499.275529077,/rigid_bodies.rigidbodies[2].pose.position.x,0.8641635804131351
28.603309121,1709142499.286291265,1709142499.285734705,/rigid_bodies.rigidbodies[2].pose.position.x,0.8641151517338787
28.613125085,1709142499.296107229,1709142499.295618306,/rigid_bodies.rigidbodies[2].pose.position.x,0.864061147980527
28.6233516,1709142499.306333744,1709142499.305833225,/rigid_bodies.rigidbodies[2].pose.position.x,0.864116185267924
28.63306705,1709142499.316049194,1709142499.315584297,/rigid_bodies.rigidbodies[2].pose.position.x,0.864162040044047
28.643131877000002,1709142499.326114021,1709142499.325618720,/rigid_bodies.rigidbodies[2].pose.position.x,0.864114613809751
28.653034507,1709142499.336016651,1709142499.335533282,/rigid_bodies.rigidbodies[2].pose.position.x,0.8641433889192238
28.663002841,1709142499.345984985,1709142499.345523047,/rigid_bodies.rigidbodies[2].pose.position.x,0.8641417089093126
28.673389457,1709142499.356371601,1709142499.355822971,/rigid_bodies.rigidbodies[2].pose.position.x,0.8640976484843238
28.683605352,1709142499.366587496,1709142499.365958432,/rigid_bodies.rigidbodies[2].pose.position.x,0.8641060114881844
28.693666224,1709142499.376648368,1709142499.375973457,/rigid_bodies.rigidbodies[2].pose.position.x,0.8641699322829841
28.703313738,1709142499.386295882,1709142499.385783727,/rigid_bodies.rigidbodies[2].pose.position.x,0.8641668024774737
28.713437063,1709142499.396419207,1709142499.395857767,/rigid_bodies.rigidbodies[2].pose.position.x,0.8640765365654933
28.723180654,1709142499.406162798,1709142499.405707644,/rigid_bodies.rigidbodies[2].pose.position.x,0.8641480090626916
28.733198746,1709142499.416180890,1709142499.415719499,/rigid_bodies.rigidbodies[2].pose.position.x,0.8641557707795857
28.743739007,1709142499.426721151,1709142499.426034814,/rigid_bodies.rigidbodies[2].pose.position.x,0.8640867567968
28.753181466,1709142499.436163610,1709142499.435826322,/rigid_bodies.rigidbodies[2].pose.position.x,0.8641507325909583
28.763056392,1709142499.446038536,1709142499.445756590,/rigid_bodies.rigidbodies[2].pose.position.x,0.864172906253026
28.772982276,1709142499.455964420,1709142499.455594844,/rigid_bodies.rigidbodies[2].pose.position.x,0.8641116506589519
28.783121103,1709142499.466103247,1709142499.465731925,/rigid_bodies.rigidbodies[2].pose.position.x,0.8641031118994965
28.792835163,1709142499.475817307,1709142499.475512737,/rigid_bodies.rigidbodies[2].pose.position.x,0.8641667690521667
28.802987025,1709142499.485969169,1709142499.485643625,/rigid_bodies.rigidbodies[2].pose.position.x,0.8641361710389807
28.813037179,1709142499.496019323,1709142499.495671852,/rigid_bodies.rigidbodies[2].pose.position.x,0.8641019147532343
28.822814728,1709142499.505796872,1709142499.505493109,/rigid_bodies.rigidbodies[2].pose.position.x,0.8641658602737594
28.833220354,1709142499.516202498,1709142499.515734471,/rigid_bodies.rigidbodies[2].pose.position.x,0.8642212289520717
28.842944622,1709142499.525926766,1709142499.525561377,/rigid_bodies.rigidbodies[2].pose.position.x,0.8641560156598272
28.853019084,1709142499.536001228,1709142499.535606457,/rigid_bodies.rigidbodies[2].pose.position.x,0.8641395448009855
28.863310366,1709142499.546292510,1709142499.545719625,/rigid_bodies.rigidbodies[2].pose.position.x,0.8641331023981857
28.872723108,1709142499.555705252,1709142499.555450405,/rigid_bodies.rigidbodies[2].pose.position.x,0.8641638004153537
28.882851585,1709142499.565833729,1709142499.565488993,/rigid_bodies.rigidbodies[2].pose.position.x,0.8641334524421097
28.892938575,1709142499.575920719,1709142499.575661232,/rigid_bodies.rigidbodies[2].pose.position.x,0.8641441293023318
28.902833022,1709142499.585815166,1709142499.585496462,/rigid_bodies.rigidbodies[2].pose.position.x,0.8642045991014308
28.912960401,1709142499.595942545,1709142499.595696643,/rigid_bodies.rigidbodies[2].pose.position.x,0.8640854118053418
28.92275045,1709142499.605732594,1709142499.605519027,/rigid_bodies.rigidbodies[2].pose.position.x,0.864148319409643
28.932775894,1709142499.615758038,1709142499.615526590,/rigid_bodies.rigidbodies[2].pose.position.x,0.8642016828611699
28.942825509,1709142499.625807653,1709142499.625542533,/rigid_bodies.rigidbodies[2].pose.position.x,0.8641346613921226
28.952775687,1709142499.635757831,1709142499.635474204,/rigid_bodies.rigidbodies[2].pose.position.x,0.8641412286199157
28.962740103,1709142499.645722247,1709142499.645456114,/rigid_bodies.rigidbodies[2].pose.position.x,0.8642184233967692
28.972821624,1709142499.655803768,1709142499.655493650,/rigid_bodies.rigidbodies[2].pose.position.x,0.864211742664902
28.983147253,1709142499.666129397,1709142499.665637234,/rigid_bodies.rigidbodies[2].pose.position.x,0.8641565774086961
28.99343579,1709142499.676417934,1709142499.675808129,/rigid_bodies.rigidbodies[2].pose.position.x,0.8641758223703779
29.003344425,1709142499.686326569,1709142499.685776977,/rigid_bodies.rigidbodies[2].pose.position.x,0.8642072938101825
29.013265278,1709142499.696247422,1709142499.695714543,/rigid_bodies.rigidbodies[2].pose.position.x,0.8641478243439326
29.023619166,1709142499.706601310,1709142499.705924332,/rigid_bodies.rigidbodies[2].pose.position.x,0.8641654288035892
29.033442369,1709142499.716424513,1709142499.715883562,/rigid_bodies.rigidbodies[2].pose.position.x,0.8642131047109014
29.043192,1709142499.726174144,1709142499.725695981,/rigid_bodies.rigidbodies[2].pose.position.x,0.8641662358480457
29.053589877,1709142499.736572021,1709142499.735887636,/rigid_bodies.rigidbodies[2].pose.position.x,0.8640972255629191
29.063358243,1709142499.746340387,1709142499.745730179,/rigid_bodies.rigidbodies[2].pose.position.x,0.8641704780303678
29.073201742,1709142499.756183886,1709142499.755774914,/rigid_bodies.rigidbodies[2].pose.position.x,0.8641893503313738
29.083293505,1709142499.766275649,1709142499.765759878,/rigid_bodies.rigidbodies[2].pose.position.x,0.8641359278734926
29.093167749,1709142499.776149893,1709142499.775672598,/rigid_bodies.rigidbodies[2].pose.position.x,0.8641610797677037
29.103366919,1709142499.786349063,1709142499.785778589,/rigid_bodies.rigidbodies[2].pose.position.x,0.8641965088528076
29.113207553,1709142499.796189697,1709142499.795667024,/rigid_bodies.rigidbodies[2].pose.position.x,0.8641991314267595
29.123795213,1709142499.806777357,1709142499.806052283,/rigid_bodies.rigidbodies[2].pose.position.x,0.8641351013104552
29.133313712,1709142499.816295856,1709142499.815735933,/rigid_bodies.rigidbodies[2].pose.position.x,0.8641292334412723
29.143234945,1709142499.826217089,1709142499.825705339,/rigid_bodies.rigidbodies[2].pose.position.x,0.8641524891299259
29.153710998,1709142499.836693142,1709142499.835967209,/rigid_bodies.rigidbodies[2].pose.position.x,0.8641189158033129
29.163377592,1709142499.846359736,1709142499.845783046,/rigid_bodies.rigidbodies[2].pose.position.x,0.8642341891959938
29.173375854,1709142499.856357998,1709142499.855821748,/rigid_bodies.rigidbodies[2].pose.position.x,0.8642195354937912
29.183871099,1709142499.866853243,1709142499.866049980,/rigid_bodies.rigidbodies[2].pose.position.x,0.8641225619332078
29.193197503,1709142499.876179647,1709142499.875606077,/rigid_bodies.rigidbodies[2].pose.position.x,0.8641720466533437
29.203436113,1709142499.886418257,1709142499.885822456,/rigid_bodies.rigidbodies[2].pose.position.x,0.8642067090474738
29.21298487,1709142499.895967014,1709142499.895578949,/rigid_bodies.rigidbodies[2].pose.position.x,0.8642345019291703
29.222991788,1709142499.905973932,1709142499.905567068,/rigid_bodies.rigidbodies[2].pose.position.x,0.8641583546741501
29.233126199,1709142499.916108343,1709142499.915667121,/rigid_bodies.rigidbodies[2].pose.position.x,0.8641289404204746
29.243619132,1709142499.926601276,1709142499.925968132,/rigid_bodies.rigidbodies[2].pose.position.x,0.8641409766312267
29.253213617,1709142499.936195761,1709142499.935744433,/rigid_bodies.rigidbodies[2].pose.position.x,0.8641205340926055
29.263070035,1709142499.946052179,1709142499.945622581,/rigid_bodies.rigidbodies[2].pose.position.x,0.8642022864314982
29.273097146,1709142499.956079290,1709142499.955724857,/rigid_bodies.rigidbodies[2].pose.position.x,0.8642169798159823
29.283146419,1709142499.966128563,1709142499.965713205,/rigid_bodies.rigidbodies[2].pose.position.x,0.8641672843109776
29.292984019,1709142499.975966163,1709142499.975623047,/rigid_bodies.rigidbodies[2].pose.position.x,0.8640965109090911
29.303179334,1709142499.986161478,1709142499.985783000,/rigid_bodies.rigidbodies[2].pose.position.x,0.8641715515141385
29.312987377,1709142499.995969521,1709142499.995558342,/rigid_bodies.rigidbodies[2].pose.position.x,0.864202708658866
29.323449812,1709142500.006431956,1709142500.005848824,/rigid_bodies.rigidbodies[2].pose.position.x,0.864148449376351
29.333454382,1709142500.016436526,1709142500.015732166,/rigid_bodies.rigidbodies[2].pose.position.x,0.864159128524414
29.343165936,1709142500.026148080,1709142500.025593730,/rigid_bodies.rigidbodies[2].pose.position.x,0.8641511308985236
29.352803907,1709142500.035786051,1709142500.035419554,/rigid_bodies.rigidbodies[2].pose.position.x,0.8641183654079696
29.362815462,1709142500.045797606,1709142500.045409018,/rigid_bodies.rigidbodies[2].pose.position.x,0.864179997773486
29.372809399,1709142500.055791543,1709142500.055415611,/rigid_bodies.rigidbodies[2].pose.position.x,0.864181864141021
29.382711081,1709142500.065693225,1709142500.065452167,/rigid_bodies.rigidbodies[2].pose.position.x,0.8641782371241595
29.392757255,1709142500.075739399,1709142500.075525298,/rigid_bodies.rigidbodies[2].pose.position.x,0.8641097818412699
29.40277172,1709142500.085753864,1709142500.085532062,/rigid_bodies.rigidbodies[2].pose.position.x,0.8641457999690091
29.412634834,1709142500.095616978,1709142500.095353389,/rigid_bodies.rigidbodies[2].pose.position.x,0.8642303295108635
29.422846475,1709142500.105828619,1709142500.105523905,/rigid_bodies.rigidbodies[2].pose.position.x,0.8641608926584683
29.43293824,1709142500.115920384,1709142500.115575029,/rigid_bodies.rigidbodies[2].pose.position.x,0.8641398944227254
29.443035711,1709142500.126017855,1709142500.125627650,/rigid_bodies.rigidbodies[2].pose.position.x,0.8641732328510812
29.453153911,1709142500.136136055,1709142500.135681591,/rigid_bodies.rigidbodies[2].pose.position.x,0.864152889332496
29.463232674,1709142500.146214818,1709142500.145698134,/rigid_bodies.rigidbodies[2].pose.position.x,0.8641800835473088
29.473123243,1709142500.156105387,1709142500.155703123,/rigid_bodies.rigidbodies[2].pose.position.x,0.8641877187039498
29.482638747,1709142500.165620891,1709142500.165432684,/rigid_bodies.rigidbodies[2].pose.position.x,0.8641676353439698
29.493133828,1709142500.176115972,1709142500.175673421,/rigid_bodies.rigidbodies[2].pose.position.x,0.8641224124973967
29.503166393,1709142500.186148537,1709142500.185650724,/rigid_bodies.rigidbodies[2].pose.position.x,0.8641110883290521
29.513096725,1709142500.196078869,1709142500.195641704,/rigid_bodies.rigidbodies[2].pose.position.x,0.8642198107978978
29.523663614,1709142500.206645758,1709142500.205997195,/rigid_bodies.rigidbodies[2].pose.position.x,0.8642104310479316
29.533542002,1709142500.216524146,1709142500.215885565,/rigid_bodies.rigidbodies[2].pose.position.x,0.8641337052835539
29.543345861,1709142500.226328005,1709142500.225787567,/rigid_bodies.rigidbodies[2].pose.position.x,0.8641565195113868
29.553220469,1709142500.236202613,1709142500.235705765,/rigid_bodies.rigidbodies[2].pose.position.x,0.8641567848917078
29.563257196,1709142500.246239340,1709142500.245736334,/rigid_bodies.rigidbodies[2].pose.position.x,0.8641587631486621
29.573182415,1709142500.256164559,1709142500.255768118,/rigid_bodies.rigidbodies[2].pose.position.x,0.8641265393149214
29.583700607,1709142500.266682751,1709142500.266044245,/rigid_bodies.rigidbodies[2].pose.position.x,0.8641374416639508
29.593323904000002,1709142500.276306048,1709142500.275800415,/rigid_bodies.rigidbodies[2].pose.position.x,0.8641324251431902
29.603851423000002,1709142500.286833567,1709142500.285991959,/rigid_bodies.rigidbodies[2].pose.position.x,0.8641627629500607
29.61348897,1709142500.296471114,1709142500.295951145,/rigid_bodies.rigidbodies[2].pose.position.x,0.8641791131005101
29.623196986,1709142500.306179130,1709142500.305788069,/rigid_bodies.rigidbodies[2].pose.position.x,0.8641932840623134
29.6334724,1709142500.316454544,1709142500.315852334,/rigid_bodies.rigidbodies[2].pose.position.x,0.8641522746094764
29.643503463000002,1709142500.326485607,1709142500.325875394,/rigid_bodies.rigidbodies[2].pose.position.x,0.8641595588031963
29.652993834,1709142500.335975978,1709142500.335598199,/rigid_bodies.rigidbodies[2].pose.position.x,0.8641645079931572
29.663035113,1709142500.346017257,1709142500.345645054,/rigid_bodies.rigidbodies[2].pose.position.x,0.8641570351234494
29.673201554,1709142500.356183698,1709142500.355743259,/rigid_bodies.rigidbodies[2].pose.position.x,0.8641432899147029
29.682970359,1709142500.365952503,1709142500.365576710,/rigid_bodies.rigidbodies[2].pose.position.x,0.8641723565870146
29.693260319,1709142500.376242463,1709142500.375772934,/rigid_bodies.rigidbodies[2].pose.position.x,0.8641173310064119
29.703396627,1709142500.386378771,1709142500.385874501,/rigid_bodies.rigidbodies[2].pose.position.x,0.8641399745164993
29.71316041,1709142500.396142554,1709142500.395690254,/rigid_bodies.rigidbodies[2].pose.position.x,0.8641621795061875
29.723101162,1709142500.406083306,1709142500.405624806,/rigid_bodies.rigidbodies[2].pose.position.x,0.864178144602531
29.733416494,1709142500.416398638,1709142500.415826508,/rigid_bodies.rigidbodies[2].pose.position.x,0.864170550671726
29.742999126,1709142500.425981270,1709142500.425566522,/rigid_bodies.rigidbodies[2].pose.position.x,0.8641449345655153
29.753337343,1709142500.436319487,1709142500.435784858,/rigid_bodies.rigidbodies[2].pose.position.x,0.8641686730724258
29.763036402,1709142500.446018546,1709142500.445626068,/rigid_bodies.rigidbodies[2].pose.position.x,0.8642043886121018
29.773074155,1709142500.456056299,1709142500.455664448,/rigid_bodies.rigidbodies[2].pose.position.x,0.864436429502899
29.783302086,1709142500.466284230,1709142500.465878521,/rigid_bodies.rigidbodies[2].pose.position.x,0.8641786701708413
29.793149061,1709142500.476131205,1709142500.475672967,/rigid_bodies.rigidbodies[2].pose.position.x,0.8641531901128435
29.803214953,1709142500.486197097,1709142500.485791292,/rigid_bodies.rigidbodies[2].pose.position.x,0.864111129068365
29.813086187,1709142500.496068331,1709142500.495692438,/rigid_bodies.rigidbodies[2].pose.position.x,0.8640789364916406
29.82346611,1709142500.506448254,1709142500.505877291,/rigid_bodies.rigidbodies[2].pose.position.x,0.8641822876961588
29.841739145,1709142500.524721289,1709142500.524256578,/rigid_bodies.rigidbodies[2].pose.position.x,0.8642460147905366
29.843111759,1709142500.526093903,1709142500.525701910,/rigid_bodies.rigidbodies[2].pose.position.x,0.8641816189356254
29.853687844,1709142500.536669988,1709142500.536141278,/rigid_bodies.rigidbodies[2].pose.position.x,0.8641843659917824
29.863235129,1709142500.546217273,1709142500.545813074,/rigid_bodies.rigidbodies[2].pose.position.x,0.8640793089546834
29.87315485,1709142500.556136994,1709142500.555783544,/rigid_bodies.rigidbodies[2].pose.position.x,0.8641324073252765
29.88351713,1709142500.566499274,1709142500.565990571,/rigid_bodies.rigidbodies[2].pose.position.x,0.8641932391794053
29.89330105,1709142500.576283194,1709142500.575833575,/rigid_bodies.rigidbodies[2].pose.position.x,0.8641475081163315
29.903281366,1709142500.586263510,1709142500.585878622,/rigid_bodies.rigidbodies[2].pose.position.x,0.864077118628656
29.913181891,1709142500.596164035,1709142500.595710242,/rigid_bodies.rigidbodies[2].pose.position.x,0.8641107676798593
29.922919429,1709142500.605901573,1709142500.605543316,/rigid_bodies.rigidbodies[2].pose.position.x,0.8641423648571215
29.933282009,1709142500.616264153,1709142500.615798534,/rigid_bodies.rigidbodies[2].pose.position.x,0.8642159365977622
29.942993624,1709142500.625975768,1709142500.625611792,/rigid_bodies.rigidbodies[2].pose.position.x,0.864194765179208
29.953636964,1709142500.636619108,1709142500.635967719,/rigid_bodies.rigidbodies[2].pose.position.x,0.8641886078130913
29.963286681,1709142500.646268825,1709142500.645771100,/rigid_bodies.rigidbodies[2].pose.position.x,0.8640855866829651
29.973136767,1709142500.656118911,1709142500.655687885,/rigid_bodies.rigidbodies[2].pose.position.x,0.8640962711971534
29.983588869000002,1709142500.666571013,1709142500.665843037,/rigid_bodies.rigidbodies[2].pose.position.x,0.8642252093356965
29.993228046,1709142500.676210190,1709142500.675671446,/rigid_bodies.rigidbodies[2].pose.position.x,0.8642435036359308
30.003104479,1709142500.686086623,1709142500.685742790,/rigid_bodies.rigidbodies[2].pose.position.x,0.8643272048492642
30.013305251,1709142500.696287395,1709142500.695847130,/rigid_bodies.rigidbodies[2].pose.position.x,0.8641173722057996
30.023234408,1709142500.706216552,1709142500.705810242,/rigid_bodies.rigidbodies[2].pose.position.x,0.864135514042575
30.033540502,1709142500.716522646,1709142500.715997062,/rigid_bodies.rigidbodies[2].pose.position.x,0.8641157730953388
30.04336794,1709142500.726350084,1709142500.725850236,/rigid_bodies.rigidbodies[2].pose.position.x,0.8641716815018329
30.053186043,1709142500.736168187,1709142500.735709075,/rigid_bodies.rigidbodies[2].pose.position.x,0.8642020357248171
30.063094321,1709142500.746076465,1709142500.745709948,/rigid_bodies.rigidbodies[2].pose.position.x,0.864094897259896
30.073170293,1709142500.756152437,1709142500.755755748,/rigid_bodies.rigidbodies[2].pose.position.x,0.864078639172328
30.083219803,1709142500.766201947,1709142500.765795048,/rigid_bodies.rigidbodies[2].pose.position.x,0.8642213391013503
30.093701819,1709142500.776683963,1709142500.776103678,/rigid_bodies.rigidbodies[2].pose.position.x,0.864142888440949
30.103130388,1709142500.786112532,1709142500.785731818,/rigid_bodies.rigidbodies[2].pose.position.x,0.8640701858647376
30.11312885,1709142500.796110994,1709142500.795719538,/rigid_bodies.rigidbodies[2].pose.position.x,0.8641367231969107
30.123665945,1709142500.806648089,1709142500.806026884,/rigid_bodies.rigidbodies[2].pose.position.x,0.864153373832129
30.133150408,1709142500.816132552,1709142500.815682222,/rigid_bodies.rigidbodies[2].pose.position.x,0.8641209392827855
30.143227422,1709142500.826209566,1709142500.825709729,/rigid_bodies.rigidbodies[2].pose.position.x,0.864177908061635
30.153453215,1709142500.836435359,1709142500.835862638,/rigid_bodies.rigidbodies[2].pose.position.x,0.8641897391726864
30.16313605,1709142500.846118194,1709142500.845601204,/rigid_bodies.rigidbodies[2].pose.position.x,0.8641285627014884
30.173218597,1709142500.856200741,1709142500.855692496,/rigid_bodies.rigidbodies[2].pose.position.x,0.864062406135781
30.183520701,1709142500.866502845,1709142500.865827767,/rigid_bodies.rigidbodies[2].pose.position.x,0.8641685752590721
30.193381801,1709142500.876363945,1709142500.875805290,/rigid_bodies.rigidbodies[2].pose.position.x,0.8642799157572556
30.203465914,1709142500.886448058,1709142500.885889610,/rigid_bodies.rigidbodies[2].pose.position.x,0.8641760474741692
30.213460273,1709142500.896442417,1709142500.895886206,/rigid_bodies.rigidbodies[2].pose.position.x,0.8640898209408813
30.223082911,1709142500.906065055,1709142500.905626513,/rigid_bodies.rigidbodies[2].pose.position.x,0.8641366816949103
30.233428672,1709142500.916410816,1709142500.915871611,/rigid_bodies.rigidbodies[2].pose.position.x,0.8641374761674442
30.243292178,1709142500.926274322,1709142500.925747153,/rigid_bodies.rigidbodies[2].pose.position.x,0.8641386440990849
30.253357856,1709142500.936340000,1709142500.935796706,/rigid_bodies.rigidbodies[2].pose.position.x,0.8641819484597343
30.263150217,1709142500.946132361,1709142500.945645722,/rigid_bodies.rigidbodies[2].pose.position.x,0.8641303505751393
30.273150142,1709142500.956132286,1709142500.955715517,/rigid_bodies.rigidbodies[2].pose.position.x,0.8640514063240456
30.283527674,1709142500.966509818,1709142500.965911762,/rigid_bodies.rigidbodies[2].pose.position.x,0.8641333562501222
30.292929955,1709142500.975912099,1709142500.975570567,/rigid_bodies.rigidbodies[2].pose.position.x,0.8641498195156256
30.303327034,1709142500.986309178,1709142500.985797025,/rigid_bodies.rigidbodies[2].pose.position.x,0.8641107834626085
30.313194404,1709142500.996176548,1709142500.995737406,/rigid_bodies.rigidbodies[2].pose.position.x,0.864210692358586
30.323158842,1709142501.006140986,1709142501.005718083,/rigid_bodies.rigidbodies[2].pose.position.x,0.8642050833745457
30.333336418000002,1709142501.016318562,1709142501.015810149,/rigid_bodies.rigidbodies[2].pose.position.x,0.8642249077003327
30.342944412,1709142501.025926556,1709142501.025570884,/rigid_bodies.rigidbodies[2].pose.position.x,0.8641736421404185
30.353078974,1709142501.036061118,1709142501.035625105,/rigid_bodies.rigidbodies[2].pose.position.x,0.8641131052300136
30.363136617,1709142501.046118761,1709142501.045604535,/rigid_bodies.rigidbodies[2].pose.position.x,0.8641139763263571
30.372924861,1709142501.055907005,1709142501.055511921,/rigid_bodies.rigidbodies[2].pose.position.x,0.8643406527692215
30.383026027,1709142501.066008171,1709142501.065625772,/rigid_bodies.rigidbodies[2].pose.position.x,0.8641568906119421
30.393009904,1709142501.075992048,1709142501.075617043,/rigid_bodies.rigidbodies[2].pose.position.x,0.8642387080461025
30.402896367,1709142501.085878511,1709142501.085625130,/rigid_bodies.rigidbodies[2].pose.position.x,0.864185405711289
30.413129139,1709142501.096111283,1709142501.095625094,/rigid_bodies.rigidbodies[2].pose.position.x,0.8641134136438443
30.42304429,1709142501.106026434,1709142501.105573423,/rigid_bodies.rigidbodies[2].pose.position.x,0.864140130555137
30.433506029,1709142501.116488173,1709142501.115853175,/rigid_bodies.rigidbodies[2].pose.position.x,0.8642192880918108
30.443255693,1709142501.126237837,1709142501.125699198,/rigid_bodies.rigidbodies[2].pose.position.x,0.8642029888148465
30.453100871,1709142501.136083015,1709142501.135609483,/rigid_bodies.rigidbodies[2].pose.position.x,0.8641590910554865
30.463165482,1709142501.146147626,1709142501.145654686,/rigid_bodies.rigidbodies[2].pose.position.x,0.8641540386327307
30.473249288,1709142501.156231432,1709142501.155753995,/rigid_bodies.rigidbodies[2].pose.position.x,0.8641360212598587
30.482970318,1709142501.165952462,1709142501.165624515,/rigid_bodies.rigidbodies[2].pose.position.x,0.8640830402949731
30.49339425,1709142501.176376394,1709142501.175774919,/rigid_bodies.rigidbodies[2].pose.position.x,0.8640302415891385
30.503362133,1709142501.186344277,1709142501.185846586,/rigid_bodies.rigidbodies[2].pose.position.x,0.8642045465445338
30.513019887,1709142501.196002031,1709142501.195623672,/rigid_bodies.rigidbodies[2].pose.position.x,0.8641284246172212
30.523292857,1709142501.206275001,1709142501.205681330,/rigid_bodies.rigidbodies[2].pose.position.x,0.8641342213828257
30.533254862,1709142501.216237006,1709142501.215672947,/rigid_bodies.rigidbodies[2].pose.position.x,0.8641690256639512
30.543145848,1709142501.226127992,1709142501.225653431,/rigid_bodies.rigidbodies[2].pose.position.x,0.8643363722471561
30.553076994,1709142501.236059138,1709142501.235618436,/rigid_bodies.rigidbodies[2].pose.position.x,0.8642054049669761
30.563010013,1709142501.245992157,1709142501.245561871,/rigid_bodies.rigidbodies[2].pose.position.x,0.8641890215743707
30.573325171,1709142501.256307315,1709142501.255797030,/rigid_bodies.rigidbodies[2].pose.position.x,0.8641639640391284
30.583288716,1709142501.266270860,1709142501.265878534,/rigid_bodies.rigidbodies[2].pose.position.x,0.8641392390812476
30.593538608,1709142501.276520752,1709142501.276044181,/rigid_bodies.rigidbodies[2].pose.position.x,0.8641506128812442
30.603129612,1709142501.286111756,1709142501.285740090,/rigid_bodies.rigidbodies[2].pose.position.x,0.8642340656465461
30.613079603,1709142501.296061747,1709142501.295723682,/rigid_bodies.rigidbodies[2].pose.position.x,0.8641477331228138
30.623399887,1709142501.306382031,1709142501.305948630,/rigid_bodies.rigidbodies[2].pose.position.x,0.864141221763867
30.633282692,1709142501.316264836,1709142501.315843287,/rigid_bodies.rigidbodies[2].pose.position.x,0.8641344333788511
30.64299898,1709142501.325981124,1709142501.325628297,/rigid_bodies.rigidbodies[2].pose.position.x,0.8640924065336809
30.653231815,1709142501.336213959,1709142501.335793253,/rigid_bodies.rigidbodies[2].pose.position.x,0.8641546936430454
30.663156305,1709142501.346138449,1709142501.345787626,/rigid_bodies.rigidbodies[2].pose.position.x,0.8642182946595092
30.673121426,1709142501.356103570,1709142501.355705489,/rigid_bodies.rigidbodies[2].pose.position.x,0.8642140375911707
30.683563471,1709142501.366545615,1709142501.366056507,/rigid_bodies.rigidbodies[2].pose.position.x,0.8641313776178683
30.69303967,1709142501.376021814,1709142501.375668660,/rigid_bodies.rigidbodies[2].pose.position.x,0.864120988155724
30.703704522,1709142501.386686666,1709142501.386058236,/rigid_bodies.rigidbodies[2].pose.position.x,0.8641768271513153
30.713250156,1709142501.396232300,1709142501.395707146,/rigid_bodies.rigidbodies[2].pose.position.x,0.8641675178132683
30.723268071,1709142501.406250215,1709142501.405758090,/rigid_bodies.rigidbodies[2].pose.position.x,0.8641701915039878
30.733693107,1709142501.416675251,1709142501.416035224,/rigid_bodies.rigidbodies[2].pose.position.x,0.86420796442566
30.743286445,1709142501.426268589,1709142501.425823919,/rigid_bodies.rigidbodies[2].pose.position.x,0.8641523115104776
30.75346317,1709142501.436445314,1709142501.435896902,/rigid_bodies.rigidbodies[2].pose.position.x,0.8640901758663843
30.762934165,1709142501.445916309,1709142501.445486228,/rigid_bodies.rigidbodies[2].pose.position.x,0.8641724462157983
30.77299449,1709142501.455976634,1709142501.455625587,/rigid_bodies.rigidbodies[2].pose.position.x,0.8642489122210694
30.783217672,1709142501.466199816,1709142501.465758797,/rigid_bodies.rigidbodies[2].pose.position.x,0.8641506936796728
30.79337758,1709142501.476359724,1709142501.475731164,/rigid_bodies.rigidbodies[2].pose.position.x,0.8641128312710936
30.803088684,1709142501.486070828,1709142501.485688255,/rigid_bodies.rigidbodies[2].pose.position.x,0.8641199286103859
30.813145567,1709142501.496127711,1709142501.495712940,/rigid_bodies.rigidbodies[2].pose.position.x,0.8641106270015695
30.823331082,1709142501.506313226,1709142501.505834070,/rigid_bodies.rigidbodies[2].pose.position.x,0.864160928154877
30.833577605,1709142501.516559749,1709142501.515970881,/rigid_bodies.rigidbodies[2].pose.position.x,0.864195426655899
30.843238886,1709142501.526221030,1709142501.525823307,/rigid_bodies.rigidbodies[2].pose.position.x,0.8641782826067609
30.853449753,1709142501.536431897,1709142501.535898603,/rigid_bodies.rigidbodies[2].pose.position.x,0.8641138332814955
30.863164261,1709142501.546146405,1709142501.545674693,/rigid_bodies.rigidbodies[2].pose.position.x,0.864153339481414
30.873063036,1709142501.556045180,1709142501.555780116,/rigid_bodies.rigidbodies[2].pose.position.x,0.8642388790757084
30.883184239,1709142501.566166383,1709142501.565832328,/rigid_bodies.rigidbodies[2].pose.position.x,0.864119029892241
30.892648259,1709142501.575630403,1709142501.575502998,/rigid_bodies.rigidbodies[2].pose.position.x,0.864102391471257
30.902954244,1709142501.585936388,1709142501.585643442,/rigid_bodies.rigidbodies[2].pose.position.x,0.8641494111454349
30.912817616,1709142501.595799760,1709142501.595585082,/rigid_bodies.rigidbodies[2].pose.position.x,0.8641848505915714
30.922951191,1709142501.605933335,1709142501.605667986,/rigid_bodies.rigidbodies[2].pose.position.x,0.8641634078467136
30.933111055,1709142501.616093199,1709142501.615737798,/rigid_bodies.rigidbodies[2].pose.position.x,0.8641498497318658
30.943028166,1709142501.626010310,1709142501.625634564,/rigid_bodies.rigidbodies[2].pose.position.x,0.8641817231006739
30.953400523,1709142501.636382667,1709142501.635909574,/rigid_bodies.rigidbodies[2].pose.position.x,0.8640996472722493
30.962975092,1709142501.645957236,1709142501.645653753,/rigid_bodies.rigidbodies[2].pose.position.x,0.864109319576735
30.972928039,1709142501.655910183,1709142501.655617587,/rigid_bodies.rigidbodies[2].pose.position.x,0.8642283236820876
30.983048592,1709142501.666030736,1709142501.665658056,/rigid_bodies.rigidbodies[2].pose.position.x,0.8642142512568494
30.993252226,1709142501.676234370,1709142501.675830609,/rigid_bodies.rigidbodies[2].pose.position.x,0.8640996987679078
31.003164539,1709142501.686146683,1709142501.685846015,/rigid_bodies.rigidbodies[2].pose.position.x,0.8641190362485873
31.013130138,1709142501.696112282,1709142501.695761703,/rigid_bodies.rigidbodies[2].pose.position.x,0.8642567935057505
31.023284416,1709142501.706266560,1709142501.705874920,/rigid_bodies.rigidbodies[2].pose.position.x,0.8641817235430691
31.033384108,1709142501.716366252,1709142501.715928653,/rigid_bodies.rigidbodies[2].pose.position.x,0.8641122903615054
31.043174304,1709142501.726156448,1709142501.725794914,/rigid_bodies.rigidbodies[2].pose.position.x,0.8641588013828797
31.053413188,1709142501.736395332,1709142501.735982757,/rigid_bodies.rigidbodies[2].pose.position.x,0.8641288880317872
31.06319627,1709142501.746178414,1709142501.745742090,/rigid_bodies.rigidbodies[2].pose.position.x,0.8641486727593155
31.073214187,1709142501.756196331,1709142501.755809100,/rigid_bodies.rigidbodies[2].pose.position.x,0.8641553270758645
31.083315311,1709142501.766297455,1709142501.765898328,/rigid_bodies.rigidbodies[2].pose.position.x,0.8641433311494199
31.093174976,1709142501.776157120,1709142501.775747308,/rigid_bodies.rigidbodies[2].pose.position.x,0.8641096055427808
31.103565493,1709142501.786547637,1709142501.786043456,/rigid_bodies.rigidbodies[2].pose.position.x,0.8641104153811874
31.113506462,1709142501.796488606,1709142501.796003705,/rigid_bodies.rigidbodies[2].pose.position.x,0.8642086280397518
31.123136813,1709142501.806118957,1709142501.805760150,/rigid_bodies.rigidbodies[2].pose.position.x,0.8642328756472198
31.133389801,1709142501.816371945,1709142501.815974002,/rigid_bodies.rigidbodies[2].pose.position.x,0.8641349875175035
31.143390897,1709142501.826373041,1709142501.826009793,/rigid_bodies.rigidbodies[2].pose.position.x,0.864116127858531
31.15318037,1709142501.836162514,1709142501.835768940,/rigid_bodies.rigidbodies[2].pose.position.x,0.8641528907013433
31.16316863,1709142501.846150774,1709142501.845765265,/rigid_bodies.rigidbodies[2].pose.position.x,0.8641688611833878
31.17303376,1709142501.856015904,1709142501.855676756,/rigid_bodies.rigidbodies[2].pose.position.x,0.8641567327007729
31.183017262,1709142501.865999406,1709142501.865647977,/rigid_bodies.rigidbodies[2].pose.position.x,0.86421457408436
31.193120413,1709142501.876102557,1709142501.875731465,/rigid_bodies.rigidbodies[2].pose.position.x,0.8641352745425126
31.203498079,1709142501.886480223,1709142501.885891431,/rigid_bodies.rigidbodies[2].pose.position.x,0.8641497153449659
31.213008626,1709142501.895990770,1709142501.895682441,/rigid_bodies.rigidbodies[2].pose.position.x,0.864155210311913
31.223376328,1709142501.906358472,1709142501.905804946,/rigid_bodies.rigidbodies[2].pose.position.x,0.8641619017130935
31.233647827,1709142501.916629971,1709142501.915832180,/rigid_bodies.rigidbodies[2].pose.position.x,0.8641572914559119
31.243157656,1709142501.926139800,1709142501.925690648,/rigid_bodies.rigidbodies[2].pose.position.x,0.8641671910533808
31.253180634,1709142501.936162778,1709142501.935712080,/rigid_bodies.rigidbodies[2].pose.position.x,0.8642152715731548
31.263254702,1709142501.946236846,1709142501.945724291,/rigid_bodies.rigidbodies[2].pose.position.x,0.8641710849286929
31.273070029,1709142501.956052173,1709142501.955676087,/rigid_bodies.rigidbodies[2].pose.position.x,0.8641635788375207
31.28314144,1709142501.966123584,1709142501.965734205,/rigid_bodies.rigidbodies[2].pose.position.x,0.8642073228787214
31.293340453,1709142501.976322597,1709142501.975888708,/rigid_bodies.rigidbodies[2].pose.position.x,0.8641770415337806
31.303137696,1709142501.986119840,1709142501.985754671,/rigid_bodies.rigidbodies[2].pose.position.x,0.8641927830105426
31.313218893,1709142501.996201037,1709142501.995825121,/rigid_bodies.rigidbodies[2].pose.position.x,0.864197675551901
31.323521815,1709142502.006503959,1709142502.006031702,/rigid_bodies.rigidbodies[2].pose.position.x,0.8641393702570157
31.333283397,1709142502.016265541,1709142502.015794608,/rigid_bodies.rigidbodies[2].pose.position.x,0.8640988719991416
31.343338167,1709142502.026320311,1709142502.025822607,/rigid_bodies.rigidbodies[2].pose.position.x,0.8641721053585957
31.353023843,1709142502.036005987,1709142502.035680867,/rigid_bodies.rigidbodies[2].pose.position.x,0.8641958347903842
31.362783608,1709142502.045765752,1709142502.045513315,/rigid_bodies.rigidbodies[2].pose.position.x,0.8641152586678669
31.372809506,1709142502.055791650,1709142502.055552766,/rigid_bodies.rigidbodies[2].pose.position.x,0.8640942551060016
31.383002586,1709142502.065984730,1709142502.065655318,/rigid_bodies.rigidbodies[2].pose.position.x,0.8641813073108888
31.39288948,1709142502.075871624,1709142502.075661494,/rigid_bodies.rigidbodies[2].pose.position.x,0.864192374872129
31.402750738,1709142502.085732882,1709142502.085509435,/rigid_bodies.rigidbodies[2].pose.position.x,0.8641553762109127
31.412780318,1709142502.095762462,1709142502.095527426,/rigid_bodies.rigidbodies[2].pose.position.x,0.8641980209310065
31.422874697,1709142502.105856841,1709142502.105510995,/rigid_bodies.rigidbodies[2].pose.position.x,0.8641442180575976
31.43285954,1709142502.115841684,1709142502.115578665,/rigid_bodies.rigidbodies[2].pose.position.x,0.8640244931310875
31.443061637,1709142502.126043781,1709142502.125638361,/rigid_bodies.rigidbodies[2].pose.position.x,0.8641617530132019
31.453228871,1709142502.136211015,1709142502.135784335,/rigid_bodies.rigidbodies[2].pose.position.x,0.8642500707445319
31.463256871,1709142502.146239015,1709142502.145818429,/rigid_bodies.rigidbodies[2].pose.position.x,0.8640943526505124
31.473073369,1709142502.156055513,1709142502.155745352,/rigid_bodies.rigidbodies[2].pose.position.x,0.8640967594504995
31.483260741,1709142502.166242885,1709142502.165904036,/rigid_bodies.rigidbodies[2].pose.position.x,0.8641327697769773
31.492795356,1709142502.175777500,1709142502.175578577,/rigid_bodies.rigidbodies[2].pose.position.x,0.8641526169471778
31.502682668,1709142502.185664812,1709142502.185437632,/rigid_bodies.rigidbodies[2].pose.position.x,0.8641376585844477
31.512841335,1709142502.195823479,1709142502.195538124,/rigid_bodies.rigidbodies[2].pose.position.x,0.8641585858115639
31.523082451,1709142502.206064595,1709142502.205609834,/rigid_bodies.rigidbodies[2].pose.position.x,0.8641455559796242
31.533514822,1709142502.216496966,1709142502.215838497,/rigid_bodies.rigidbodies[2].pose.position.x,0.8640713339110093
31.543183357,1709142502.226165501,1709142502.225637358,/rigid_bodies.rigidbodies[2].pose.position.x,0.8641622016355835
31.553107925,1709142502.236090069,1709142502.235639493,/rigid_bodies.rigidbodies[2].pose.position.x,0.8642108662338549
31.563281448,1709142502.246263592,1709142502.245743597,/rigid_bodies.rigidbodies[2].pose.position.x,0.8640949513395443
31.57312859,1709142502.256110734,1709142502.255665189,/rigid_bodies.rigidbodies[2].pose.position.x,0.8641130168628659
31.583212824,1709142502.266194968,1709142502.265722360,/rigid_bodies.rigidbodies[2].pose.position.x,0.8641974608863516
31.593082269,1709142502.276064413,1709142502.275701924,/rigid_bodies.rigidbodies[2].pose.position.x,0.8642006698036782
31.602945841,1709142502.285927985,1709142502.285617878,/rigid_bodies.rigidbodies[2].pose.position.x,0.8641287645900165
31.61297483,1709142502.295956974,1709142502.295555582,/rigid_bodies.rigidbodies[2].pose.position.x,0.8641383155420296
31.623578408,1709142502.306560552,1709142502.305891202,/rigid_bodies.rigidbodies[2].pose.position.x,0.8641412090161728
31.633383433,1709142502.316365577,1709142502.315836450,/rigid_bodies.rigidbodies[2].pose.position.x,0.8640494593022914
31.642929954,1709142502.325912098,1709142502.325571991,/rigid_bodies.rigidbodies[2].pose.position.x,0.8641869590487895
31.653642065,1709142502.336624209,1709142502.335922987,/rigid_bodies.rigidbodies[2].pose.position.x,0.864244392815755
31.663250329,1709142502.346232473,1709142502.345670142,/rigid_bodies.rigidbodies[2].pose.position.x,0.8641590460911929
31.672961479,1709142502.355943623,1709142502.355566113,/rigid_bodies.rigidbodies[2].pose.position.x,0.8640538387367979
31.683211984,1709142502.366194128,1709142502.365723580,/rigid_bodies.rigidbodies[2].pose.position.x,0.8641565719217349
31.693056603,1709142502.376038747,1709142502.375636602,/rigid_bodies.rigidbodies[2].pose.position.x,0.8641713446146845
31.703020051,1709142502.386002195,1709142502.385598145,/rigid_bodies.rigidbodies[2].pose.position.x,0.8640901975466037
31.713066067,1709142502.396048211,1709142502.395621416,/rigid_bodies.rigidbodies[2].pose.position.x,0.864167254296468
31.723146205,1709142502.406128349,1709142502.405730494,/rigid_bodies.rigidbodies[2].pose.position.x,0.8641841938275964
31.732985039,1709142502.415967183,1709142502.415596281,/rigid_bodies.rigidbodies[2].pose.position.x,0.8641048656828527
31.743150301,1709142502.426132445,1709142502.425819110,/rigid_bodies.rigidbodies[2].pose.position.x,0.8641761765579534
31.753165676000002,1709142502.436147820,1709142502.435789139,/rigid_bodies.rigidbodies[2].pose.position.x,0.8641586629722114
31.762818127,1709142502.445800271,1709142502.445548999,/rigid_bodies.rigidbodies[2].pose.position.x,0.8641143418641045
31.773018136,1709142502.456000280,1709142502.455590880,/rigid_bodies.rigidbodies[2].pose.position.x,0.8640481511210582
31.783257658,1709142502.466239802,1709142502.465687486,/rigid_bodies.rigidbodies[2].pose.position.x,0.8641766988895176
31.792879199,1709142502.475861343,1709142502.475567753,/rigid_bodies.rigidbodies[2].pose.position.x,0.8642274474652646
31.803146006,1709142502.486128150,1709142502.485736625,/rigid_bodies.rigidbodies[2].pose.position.x,0.8641104958591818
31.825319619,1709142502.508301763,1709142502.507970172,/rigid_bodies.rigidbodies[2].pose.position.x,0.8641199666661218
31.827764513,1709142502.510746657,1709142502.510486550,/rigid_bodies.rigidbodies[2].pose.position.x,0.8641107565695904
31.833542904,1709142502.516525048,1709142502.516058423,/rigid_bodies.rigidbodies[2].pose.position.x,0.8641723791679912
31.843093261,1709142502.526075405,1709142502.525725027,/rigid_bodies.rigidbodies[2].pose.position.x,0.8641738965898365
31.853075207,1709142502.536057351,1709142502.535736498,/rigid_bodies.rigidbodies[2].pose.position.x,0.8642086827977652
31.862905226,1709142502.545887370,1709142502.545634492,/rigid_bodies.rigidbodies[2].pose.position.x,0.8641996432022764
31.873196897,1709142502.556179041,1709142502.555761400,/rigid_bodies.rigidbodies[2].pose.position.x,0.8640871289412256
31.883383018,1709142502.566365162,1709142502.565829151,/rigid_bodies.rigidbodies[2].pose.position.x,0.8641523428335389
31.893237035,1709142502.576219179,1709142502.575733727,/rigid_bodies.rigidbodies[2].pose.position.x,0.8641918968026499
31.903524379,1709142502.586506523,1709142502.585900666,/rigid_bodies.rigidbodies[2].pose.position.x,0.8641556639586764
31.913347364,1709142502.596329508,1709142502.595862163,/rigid_bodies.rigidbodies[2].pose.position.x,0.8641594593409774
31.923203732,1709142502.606185876,1709142502.605764522,/rigid_bodies.rigidbodies[2].pose.position.x,0.8641871127753314
31.933490284,1709142502.616472428,1709142502.615962864,/rigid_bodies.rigidbodies[2].pose.position.x,0.8641711701549103
31.943210946,1709142502.626193090,1709142502.625813027,/rigid_bodies.rigidbodies[2].pose.position.x,0.8641031661433288
31.953130044,1709142502.636112188,1709142502.635734236,/rigid_bodies.rigidbodies[2].pose.position.x,0.8641127749059512
31.963149094,1709142502.646131238,1709142502.645733116,/rigid_bodies.rigidbodies[2].pose.position.x,0.8641741616062617
31.973088499,1709142502.656070643,1709142502.655751505,/rigid_bodies.rigidbodies[2].pose.position.x,0.8641654566382856
31.982978885,1709142502.665961029,1709142502.665653034,/rigid_bodies.rigidbodies[2].pose.position.x,0.8643707059392821
31.993086127,1709142502.676068271,1709142502.675649350,/rigid_bodies.rigidbodies[2].pose.position.x,0.8641709638650686
32.003102432,1709142502.686084576,1709142502.685695513,/rigid_bodies.rigidbodies[2].pose.position.x,0.8641351776827034
32.01319257,1709142502.696174714,1709142502.695741219,/rigid_bodies.rigidbodies[2].pose.position.x,0.8640793751654091
32.02293023,1709142502.705912374,1709142502.705580194,/rigid_bodies.rigidbodies[2].pose.position.x,0.8641657146304194
32.033631008,1709142502.716613152,1709142502.716026236,/rigid_bodies.rigidbodies[2].pose.position.x,0.8640640650848876
32.043231052,1709142502.726213196,1709142502.725821847,/rigid_bodies.rigidbodies[2].pose.position.x,0.8640201243373498
32.053068018,1709142502.736050162,1709142502.735694117,/rigid_bodies.rigidbodies[2].pose.position.x,0.8640840257285752
32.063114873,1709142502.746097017,1709142502.745703134,/rigid_bodies.rigidbodies[2].pose.position.x,0.8641437963792001
32.072934516,1709142502.755916660,1709142502.755633684,/rigid_bodies.rigidbodies[2].pose.position.x,0.8641415293060335
32.083092569,1709142502.766074713,1709142502.765700760,/rigid_bodies.rigidbodies[2].pose.position.x,0.8641678159528351
32.092786527,1709142502.775768671,1709142502.775515634,/rigid_bodies.rigidbodies[2].pose.position.x,0.8641608027232974
32.10289895,1709142502.785881094,1709142502.785614424,/rigid_bodies.rigidbodies[2].pose.position.x,0.8641151210646579
32.113067603,1709142502.796049747,1709142502.795671639,/rigid_bodies.rigidbodies[2].pose.position.x,0.8641185961851994
32.12322856,1709142502.806210704,1709142502.805681477,/rigid_bodies.rigidbodies[2].pose.position.x,0.8642111806265178
32.132985721,1709142502.815967865,1709142502.815545123,/rigid_bodies.rigidbodies[2].pose.position.x,0.8642050460499371
32.143183444,1709142502.826165588,1709142502.825620490,/rigid_bodies.rigidbodies[2].pose.position.x,0.8640886223438564
32.153381607,1709142502.836363751,1709142502.835740312,/rigid_bodies.rigidbodies[2].pose.position.x,0.8640905097109605
32.163096037,1709142502.846078181,1709142502.845631257,/rigid_bodies.rigidbodies[2].pose.position.x,0.864159915818203
32.173332491,1709142502.856314635,1709142502.855726758,/rigid_bodies.rigidbodies[2].pose.position.x,0.8642493481446472
32.183383689,1709142502.866365833,1709142502.865796622,/rigid_bodies.rigidbodies[2].pose.position.x,0.8641762781633182
32.193043534,1709142502.876025678,1709142502.875638267,/rigid_bodies.rigidbodies[2].pose.position.x,0.8641303228477054
32.203005931,1709142502.885988075,1709142502.885666753,/rigid_bodies.rigidbodies[2].pose.position.x,0.8641039300239196
32.213306524,1709142502.896288668,1709142502.895924345,/rigid_bodies.rigidbodies[2].pose.position.x,0.8641056277801492
32.222965983,1709142502.905948127,1709142502.905666317,/rigid_bodies.rigidbodies[2].pose.position.x,0.8641707684727549
32.233087649,1709142502.916069793,1709142502.915711088,/rigid_bodies.rigidbodies[2].pose.position.x,0.8641685290832445
32.243043926,1709142502.926026070,1709142502.925602259,/rigid_bodies.rigidbodies[2].pose.position.x,0.8641216923789312
32.253374146,1709142502.936356290,1709142502.935957987,/rigid_bodies.rigidbodies[2].pose.position.x,0.8641496726151985
32.263089951,1709142502.946072095,1709142502.945691600,/rigid_bodies.rigidbodies[2].pose.position.x,0.864153463846579
32.272968998,1709142502.955951142,1709142502.955601223,/rigid_bodies.rigidbodies[2].pose.position.x,0.8641809405300201
32.283288203,1709142502.966270347,1709142502.965838922,/rigid_bodies.rigidbodies[2].pose.position.x,0.8640946110985213
32.293437984,1709142502.976420128,1709142502.975885250,/rigid_bodies.rigidbodies[2].pose.position.x,0.8641353054197985
32.303316873,1709142502.986299017,1709142502.985761005,/rigid_bodies.rigidbodies[2].pose.position.x,0.8643436359921105
32.313173096,1709142502.996155240,1709142502.995664198,/rigid_bodies.rigidbodies[2].pose.position.x,0.8641676828923235
32.323424188,1709142503.006406332,1709142503.005860731,/rigid_bodies.rigidbodies[2].pose.position.x,0.864182551399849
32.333628925,1709142503.016611069,1709142503.015926948,/rigid_bodies.rigidbodies[2].pose.position.x,0.8641285979701459
32.343126598,1709142503.026108742,1709142503.025611772,/rigid_bodies.rigidbodies[2].pose.position.x,0.8641491412770502
32.353660523,1709142503.036642667,1709142503.035917009,/rigid_bodies.rigidbodies[2].pose.position.x,0.8640227379648012
32.363199841,1709142503.046181985,1709142503.045661513,/rigid_bodies.rigidbodies[2].pose.position.x,0.8642075808094076
32.373023351,1709142503.056005495,1709142503.055605676,/rigid_bodies.rigidbodies[2].pose.position.x,0.8641488922536589
32.383437573,1709142503.066419717,1709142503.065919850,/rigid_bodies.rigidbodies[2].pose.position.x,0.8640343944448384
32.39346409,1709142503.076446234,1709142503.075981454,/rigid_bodies.rigidbodies[2].pose.position.x,0.8642875456250454
32.403053584,1709142503.086035728,1709142503.085720571,/rigid_bodies.rigidbodies[2].pose.position.x,0.8641015027443782
32.41329602,1709142503.096278164,1709142503.095915134,/rigid_bodies.rigidbodies[2].pose.position.x,0.8641510885630473
32.423420421,1709142503.106402565,1709142503.106026177,/rigid_bodies.rigidbodies[2].pose.position.x,0.8641673168377699
32.433421095,1709142503.116403239,1709142503.115977124,/rigid_bodies.rigidbodies[2].pose.position.x,0.8641408990715783
32.443077951,1709142503.126060095,1709142503.125822589,/rigid_bodies.rigidbodies[2].pose.position.x,0.8641493074647422
32.453461988,1709142503.136444132,1709142503.136024880,/rigid_bodies.rigidbodies[2].pose.position.x,0.8641074208095687
32.46292033,1709142503.145902474,1709142503.145617275,/rigid_bodies.rigidbodies[2].pose.position.x,0.8642144914322596
32.472948195,1709142503.155930339,1709142503.155654463,/rigid_bodies.rigidbodies[2].pose.position.x,0.8641549656095705
32.483211244,1709142503.166193388,1709142503.165761486,/rigid_bodies.rigidbodies[2].pose.position.x,0.8640706114704036
32.493181129,1709142503.176163273,1709142503.175704369,/rigid_bodies.rigidbodies[2].pose.position.x,0.8641374510833366
32.502986609,1709142503.185968753,1709142503.185640136,/rigid_bodies.rigidbodies[2].pose.position.x,0.864163423284343
32.512910454,1709142503.195892598,1709142503.195560045,/rigid_bodies.rigidbodies[2].pose.position.x,0.8641505571904358
32.523171859,1709142503.206154003,1709142503.205710172,/rigid_bodies.rigidbodies[2].pose.position.x,0.8641604093072875
32.53285414,1709142503.215836284,1709142503.215508324,/rigid_bodies.rigidbodies[2].pose.position.x,0.8641655484764743
32.543128348,1709142503.226110492,1709142503.225700487,/rigid_bodies.rigidbodies[2].pose.position.x,0.8640848516383798
32.553292937,1709142503.236275081,1709142503.235814527,/rigid_bodies.rigidbodies[2].pose.position.x,0.8641101129555362
32.563161057,1709142503.246143201,1709142503.245754873,/rigid_bodies.rigidbodies[2].pose.position.x,0.8641624510046038
32.573200211,1709142503.256182355,1709142503.255722774,/rigid_bodies.rigidbodies[2].pose.position.x,0.8641102552823565
32.583293771,1709142503.266275915,1709142503.265724172,/rigid_bodies.rigidbodies[2].pose.position.x,0.8641106871395384
32.593207501,1709142503.276189645,1709142503.275699499,/rigid_bodies.rigidbodies[2].pose.position.x,0.8641510174691004
32.603320417,1709142503.286302561,1709142503.285772968,/rigid_bodies.rigidbodies[2].pose.position.x,0.8641865915496239
32.613018105,1709142503.296000249,1709142503.295651089,/rigid_bodies.rigidbodies[2].pose.position.x,0.8640976033638058
32.623019017,1709142503.306001161,1709142503.305630797,/rigid_bodies.rigidbodies[2].pose.position.x,0.8640629720975598
32.633387182,1709142503.316369326,1709142503.315887885,/rigid_bodies.rigidbodies[2].pose.position.x,0.8641723262956075
32.643216687,1709142503.326198831,1709142503.325769173,/rigid_bodies.rigidbodies[2].pose.position.x,0.8641529311227476
32.653015659,1709142503.335997803,1709142503.335593288,/rigid_bodies.rigidbodies[2].pose.position.x,0.8641138139330056
32.663004681,1709142503.345986825,1709142503.345622239,/rigid_bodies.rigidbodies[2].pose.position.x,0.8641488846871254
32.672943906,1709142503.355926050,1709142503.355610238,/rigid_bodies.rigidbodies[2].pose.position.x,0.8640858279198746
32.682973569,1709142503.365955713,1709142503.365661478,/rigid_bodies.rigidbodies[2].pose.position.x,0.864049596264099
32.693083238,1709142503.376065382,1709142503.375742706,/rigid_bodies.rigidbodies[2].pose.position.x,0.8641657478201653
32.70334258,1709142503.386324724,1709142503.385890580,/rigid_bodies.rigidbodies[2].pose.position.x,0.864237576854137
32.713217942,1709142503.396200086,1709142503.395805939,/rigid_bodies.rigidbodies[2].pose.position.x,0.8640583082964725
32.723021023,1709142503.406003167,1709142503.405694972,/rigid_bodies.rigidbodies[2].pose.position.x,0.8640279899210935
32.73348337,1709142503.416465514,1709142503.415955379,/rigid_bodies.rigidbodies[2].pose.position.x,0.864146113620421
32.74341465,1709142503.426396794,1709142503.425849757,/rigid_bodies.rigidbodies[2].pose.position.x,0.8641302759803434
32.753138824,1709142503.436120968,1709142503.435740006,/rigid_bodies.rigidbodies[2].pose.position.x,0.8641150739456243
32.763110725,1709142503.446092869,1709142503.445675911,/rigid_bodies.rigidbodies[2].pose.position.x,0.8641570820379372
32.773276073,1709142503.456258217,1709142503.455832909,/rigid_bodies.rigidbodies[2].pose.position.x,0.8641405491260232
32.783164867,1709142503.466147011,1709142503.465726975,/rigid_bodies.rigidbodies[2].pose.position.x,0.8640914667791765
32.793004723,1709142503.475986867,1709142503.475629969,/rigid_bodies.rigidbodies[2].pose.position.x,0.8641945264956897
32.803636536,1709142503.486618680,1709142503.485964959,/rigid_bodies.rigidbodies[2].pose.position.x,0.864217829123158
32.813039039,1709142503.496021183,1709142503.495666914,/rigid_bodies.rigidbodies[2].pose.position.x,0.8640807180856634
32.823043101,1709142503.506025245,1709142503.505651035,/rigid_bodies.rigidbodies[2].pose.position.x,0.8640584598043302
32.833556683,1709142503.516538827,1709142503.515979190,/rigid_bodies.rigidbodies[2].pose.position.x,0.8641593192871536
32.843025447,1709142503.526007591,1709142503.525648416,/rigid_bodies.rigidbodies[2].pose.position.x,0.8641980899751652
32.853043613,1709142503.536025757,1709142503.535665509,/rigid_bodies.rigidbodies[2].pose.position.x,0.864111597919995
32.862887965,1709142503.545870109,1709142503.545548828,/rigid_bodies.rigidbodies[2].pose.position.x,0.8641304659453991
32.872993383,1709142503.555975527,1709142503.555622615,/rigid_bodies.rigidbodies[2].pose.position.x,0.8641574733345251
32.883042265,1709142503.566024409,1709142503.565611879,/rigid_bodies.rigidbodies[2].pose.position.x,0.8641115015781948
32.893341677,1709142503.576323821,1709142503.575916980,/rigid_bodies.rigidbodies[2].pose.position.x,0.864191701633665
32.902961669,1709142503.585943813,1709142503.585639303,/rigid_bodies.rigidbodies[2].pose.position.x,0.864213842049502
32.912903213,1709142503.595885357,1709142503.595634045,/rigid_bodies.rigidbodies[2].pose.position.x,0.8640634342442135
32.922919603,1709142503.605901747,1709142503.605640788,/rigid_bodies.rigidbodies[2].pose.position.x,0.8640884341592179
32.932647421,1709142503.615629565,1709142503.615465699,/rigid_bodies.rigidbodies[2].pose.position.x,0.864180785181854
32.942752515,1709142503.625734659,1709142503.625505311,/rigid_bodies.rigidbodies[2].pose.position.x,0.8642327040196637
32.95315668,1709142503.636138824,1709142503.635755719,/rigid_bodies.rigidbodies[2].pose.position.x,0.864112725432753
32.962924403,1709142503.645906547,1709142503.645619502,/rigid_bodies.rigidbodies[2].pose.position.x,0.8641149501933225
32.973167371,1709142503.656149515,1709142503.655836301,/rigid_bodies.rigidbodies[2].pose.position.x,0.8641580612535213
32.983113939,1709142503.666096083,1709142503.665791894,/rigid_bodies.rigidbodies[2].pose.position.x,0.8640841795250332
32.992900186,1709142503.675882330,1709142503.675637420,/rigid_bodies.rigidbodies[2].pose.position.x,0.8641533786865562
33.003194713,1709142503.686176857,1709142503.685846440,/rigid_bodies.rigidbodies[2].pose.position.x,0.8640733456338497
33.013051949,1709142503.696034093,1709142503.695715700,/rigid_bodies.rigidbodies[2].pose.position.x,0.8641048826256841
33.022930253,1709142503.705912397,1709142503.705630676,/rigid_bodies.rigidbodies[2].pose.position.x,0.8640915045957894
33.03340147,1709142503.716383614,1709142503.715932470,/rigid_bodies.rigidbodies[2].pose.position.x,0.8641899448741379
33.043047805,1709142503.726029949,1709142503.725721527,/rigid_bodies.rigidbodies[2].pose.position.x,0.8642998790122493
33.052928738,1709142503.735910882,1709142503.735629327,/rigid_bodies.rigidbodies[2].pose.position.x,0.8641428700226984
33.063060149,1709142503.746042293,1709142503.745732711,/rigid_bodies.rigidbodies[2].pose.position.x,0.8641258666604357
33.072724173,1709142503.755706317,1709142503.755486515,/rigid_bodies.rigidbodies[2].pose.position.x,0.8638521108237955
33.082957613,1709142503.765939757,1709142503.765654832,/rigid_bodies.rigidbodies[2].pose.position.x,0.8641214010316592
33.09348692,1709142503.776469064,1709142503.775919552,/rigid_bodies.rigidbodies[2].pose.position.x,0.8641697742253104
33.103427011,1709142503.786409155,1709142503.785876812,/rigid_bodies.rigidbodies[2].pose.position.x,0.8642037273282754
33.113349647,1709142503.796331791,1709142503.795885152,/rigid_bodies.rigidbodies[2].pose.position.x,0.8642114127772653
33.123128721,1709142503.806110865,1709142503.805614242,/rigid_bodies.rigidbodies[2].pose.position.x,0.8641110058010599
33.133647551,1709142503.816629695,1709142503.815951244,/rigid_bodies.rigidbodies[2].pose.position.x,0.8641768183942979
33.142997151,1709142503.825979295,1709142503.825584777,/rigid_bodies.rigidbodies[2].pose.position.x,0.8642498506222877
33.153367448,1709142503.836349592,1709142503.835831168,/rigid_bodies.rigidbodies[2].pose.position.x,0.8641349343689825
33.162974413,1709142503.845956557,1709142503.845624372,/rigid_bodies.rigidbodies[2].pose.position.x,0.8641084806162128
33.173262971,1709142503.856245115,1709142503.855894535,/rigid_bodies.rigidbodies[2].pose.position.x,0.8641567055410049
33.1835008,1709142503.866482944,1709142503.865995053,/rigid_bodies.rigidbodies[2].pose.position.x,0.864122914939754
33.193514107,1709142503.876496251,1709142503.875901870,/rigid_bodies.rigidbodies[2].pose.position.x,0.8641268193726048
33.203592531,1709142503.886574675,1709142503.886049909,/rigid_bodies.rigidbodies[2].pose.position.x,0.8641324286737996
33.213353398,1709142503.896335542,1709142503.895884901,/rigid_bodies.rigidbodies[2].pose.position.x,0.8641399405291533
33.223014526,1709142503.905996670,1709142503.905639806,/rigid_bodies.rigidbodies[2].pose.position.x,0.8641482378829568
33.233182042,1709142503.916164186,1709142503.915718241,/rigid_bodies.rigidbodies[2].pose.position.x,0.8641210100324556
33.243190927,1709142503.926173071,1709142503.925741445,/rigid_bodies.rigidbodies[2].pose.position.x,0.8641388569123339
33.253394897,1709142503.936377041,1709142503.935853168,/rigid_bodies.rigidbodies[2].pose.position.x,0.8641312058959612
33.263065428,1709142503.946047572,1709142503.945625119,/rigid_bodies.rigidbodies[2].pose.position.x,0.8640878220403697
33.273193231,1709142503.956175375,1709142503.955704369,/rigid_bodies.rigidbodies[2].pose.position.x,0.864146623572279
33.282876513,1709142503.965858657,1709142503.965539804,/rigid_bodies.rigidbodies[2].pose.position.x,0.8641857572850348
33.292891739,1709142503.975873883,1709142503.975463955,/rigid_bodies.rigidbodies[2].pose.position.x,0.8641321996250786
33.303361941,1709142503.986344085,1709142503.985812360,/rigid_bodies.rigidbodies[2].pose.position.x,0.8641228770700681
33.313531824,1709142503.996513968,1709142503.995946277,/rigid_bodies.rigidbodies[2].pose.position.x,0.8641389399370648
33.323434417,1709142504.006416561,1709142504.005880650,/rigid_bodies.rigidbodies[2].pose.position.x,0.8641402212588104
33.33308719,1709142504.016069334,1709142504.015682980,/rigid_bodies.rigidbodies[2].pose.position.x,0.864151517346892
33.343329167,1709142504.026311311,1709142504.025832329,/rigid_bodies.rigidbodies[2].pose.position.x,0.8640571079428927
33.352824162,1709142504.035806306,1709142504.035559852,/rigid_bodies.rigidbodies[2].pose.position.x,0.8638815297740114
33.36298141,1709142504.045963554,1709142504.045657880,/rigid_bodies.rigidbodies[2].pose.position.x,0.8641214149486337
33.372606966,1709142504.055589110,1709142504.055383621,/rigid_bodies.rigidbodies[2].pose.position.x,0.8641023252851323
33.382854454,1709142504.065836598,1709142504.065463101,/rigid_bodies.rigidbodies[2].pose.position.x,0.8641558416850076
33.392887965,1709142504.075870109,1709142504.075593304,/rigid_bodies.rigidbodies[2].pose.position.x,0.8640902938062048
33.402808319,1709142504.085790463,1709142504.085460371,/rigid_bodies.rigidbodies[2].pose.position.x,0.8641345724917873
33.412639258,1709142504.095621402,1709142504.095375245,/rigid_bodies.rigidbodies[2].pose.position.x,0.8642046723831265
33.422528439,1709142504.105510583,1709142504.105381704,/rigid_bodies.rigidbodies[2].pose.position.x,0.8641440240704754
33.432578961,1709142504.115561105,1709142504.115391968,/rigid_bodies.rigidbodies[2].pose.position.x,0.8640695626684421
33.442844441,1709142504.125826585,1709142504.125609724,/rigid_bodies.rigidbodies[2].pose.position.x,0.8641413227222242
33.453045145,1709142504.136027289,1709142504.135644759,/rigid_bodies.rigidbodies[2].pose.position.x,0.8641658292812292
33.462930606,1709142504.145912750,1709142504.145651142,/rigid_bodies.rigidbodies[2].pose.position.x,0.8641699551932356
33.473110579,1709142504.156092723,1709142504.155712252,/rigid_bodies.rigidbodies[2].pose.position.x,0.8641895741470567
33.483067299,1709142504.166049443,1709142504.165670308,/rigid_bodies.rigidbodies[2].pose.position.x,0.8641904903484313
33.492996018,1709142504.175978162,1709142504.175623904,/rigid_bodies.rigidbodies[2].pose.position.x,0.8641093113172595
33.503276986,1709142504.186259130,1709142504.185836690,/rigid_bodies.rigidbodies[2].pose.position.x,0.8641542803792457
33.512940649,1709142504.195922793,1709142504.195699943,/rigid_bodies.rigidbodies[2].pose.position.x,0.8641498803049955
33.522865492,1709142504.205847636,1709142504.205622342,/rigid_bodies.rigidbodies[2].pose.position.x,0.8641350515306498
33.532695505,1709142504.215677649,1709142504.215450268,/rigid_bodies.rigidbodies[2].pose.position.x,0.86408675891216
33.542737356,1709142504.225719500,1709142504.225589044,/rigid_bodies.rigidbodies[2].pose.position.x,0.8641068682786192
33.552596079,1709142504.235578223,1709142504.235436333,/rigid_bodies.rigidbodies[2].pose.position.x,0.864168425545237
33.562481099,1709142504.245463243,1709142504.245384238,/rigid_bodies.rigidbodies[2].pose.position.x,0.8641359596366247
33.572809401,1709142504.255791545,1709142504.255554126,/rigid_bodies.rigidbodies[2].pose.position.x,0.8642175491818356
33.583031212,1709142504.266013356,1709142504.265727567,/rigid_bodies.rigidbodies[2].pose.position.x,0.8641520600949157
33.593163064,1709142504.276145208,1709142504.275686968,/rigid_bodies.rigidbodies[2].pose.position.x,0.864053763266521
33.603224676,1709142504.286206820,1709142504.285831549,/rigid_bodies.rigidbodies[2].pose.position.x,0.8641331416585847
33.613324579,1709142504.296306723,1709142504.295835682,/rigid_bodies.rigidbodies[2].pose.position.x,0.8642477910994274
33.623042735,1709142504.306024879,1709142504.305651731,/rigid_bodies.rigidbodies[2].pose.position.x,0.8642119973899056
33.633067759,1709142504.316049903,1709142504.315695374,/rigid_bodies.rigidbodies[2].pose.position.x,0.8640908964370689
33.643254347,1709142504.326236491,1709142504.325842516,/rigid_bodies.rigidbodies[2].pose.position.x,0.8640754211007262
33.653066438,1709142504.336048582,1709142504.335677530,/rigid_bodies.rigidbodies[2].pose.position.x,0.8641447576336654
33.663082916,1709142504.346065060,1709142504.345642891,/rigid_bodies.rigidbodies[2].pose.position.x,0.8641772793503
33.673006615,1709142504.355988759,1709142504.355666841,/rigid_bodies.rigidbodies[2].pose.position.x,0.8641919215282463
33.683365321,1709142504.366347465,1709142504.365876963,/rigid_bodies.rigidbodies[2].pose.position.x,0.8641247311572317
33.693474336,1709142504.376456480,1709142504.375813252,/rigid_bodies.rigidbodies[2].pose.position.x,0.8640492616406337
33.702962666,1709142504.385944810,1709142504.385588381,/rigid_bodies.rigidbodies[2].pose.position.x,0.8640670724003064
33.713188269,1709142504.396170413,1709142504.395707601,/rigid_bodies.rigidbodies[2].pose.position.x,0.8642157654017486
33.723347818,1709142504.406329962,1709142504.405739705,/rigid_bodies.rigidbodies[2].pose.position.x,0.8642112498720727
33.733131257,1709142504.416113401,1709142504.415611731,/rigid_bodies.rigidbodies[2].pose.position.x,0.8640825488698141
33.743247048,1709142504.426229192,1709142504.425744467,/rigid_bodies.rigidbodies[2].pose.position.x,0.8641405547622836
33.753434365,1709142504.436416509,1709142504.435809022,/rigid_bodies.rigidbodies[2].pose.position.x,0.8641859116544437
33.763149895,1709142504.446132039,1709142504.445668079,/rigid_bodies.rigidbodies[2].pose.position.x,0.8641791060825926
33.773258103,1709142504.456240247,1709142504.455719166,/rigid_bodies.rigidbodies[2].pose.position.x,0.8641744720512612
33.783318531,1709142504.466300675,1709142504.465777924,/rigid_bodies.rigidbodies[2].pose.position.x,0.8641274014724796
33.79328012,1709142504.476262264,1709142504.475807800,/rigid_bodies.rigidbodies[2].pose.position.x,0.8641082463328479
33.803376001,1709142504.486358145,1709142504.485956903,/rigid_bodies.rigidbodies[2].pose.position.x,0.8641011468799352
33.813279833,1709142504.496261977,1709142504.495793145,/rigid_bodies.rigidbodies[2].pose.position.x,0.8641897946217841
33.823329478,1709142504.506311622,1709142504.505798840,/rigid_bodies.rigidbodies[2].pose.position.x,0.8642015816195483
33.833533924,1709142504.516516068,1709142504.515936305,/rigid_bodies.rigidbodies[2].pose.position.x,0.8640878375534096
33.843177294,1709142504.526159438,1709142504.525727819,/rigid_bodies.rigidbodies[2].pose.position.x,0.8641266082376023
33.853387,1709142504.536369144,1709142504.535828734,/rigid_bodies.rigidbodies[2].pose.position.x,0.8642009804265973
33.863087735,1709142504.546069879,1709142504.545634303,/rigid_bodies.rigidbodies[2].pose.position.x,0.8641806640348377
33.873158342,1709142504.556140486,1709142504.555648518,/rigid_bodies.rigidbodies[2].pose.position.x,0.864174240511998
33.88373157,1709142504.566713714,1709142504.565932838,/rigid_bodies.rigidbodies[2].pose.position.x,0.8641486054835062
33.893759417,1709142504.576741561,1709142504.576031403,/rigid_bodies.rigidbodies[2].pose.position.x,0.8641265314328406
33.90366385,1709142504.586645994,1709142504.585924998,/rigid_bodies.rigidbodies[2].pose.position.x,0.8641439466660567
33.913216109,1709142504.596198253,1709142504.595711678,/rigid_bodies.rigidbodies[2].pose.position.x,0.864197413524531
33.92318009,1709142504.606162234,1709142504.605629185,/rigid_bodies.rigidbodies[2].pose.position.x,0.864177563254602
33.933341228,1709142504.616323372,1709142504.615658020,/rigid_bodies.rigidbodies[2].pose.position.x,0.8641309835895443
33.943035013,1709142504.626017157,1709142504.625544233,/rigid_bodies.rigidbodies[2].pose.position.x,0.8640955337685096
33.953500188,1709142504.636482332,1709142504.635704559,/rigid_bodies.rigidbodies[2].pose.position.x,0.864135952357318
33.963114344,1709142504.646096488,1709142504.645587398,/rigid_bodies.rigidbodies[2].pose.position.x,0.8641295725509744
33.973212907,1709142504.656195051,1709142504.655643588,/rigid_bodies.rigidbodies[2].pose.position.x,0.8640676337727405
33.98362743,1709142504.666609574,1709142504.665923125,/rigid_bodies.rigidbodies[2].pose.position.x,0.8641624786496344
33.993688245,1709142504.676670389,1709142504.675929618,/rigid_bodies.rigidbodies[2].pose.position.x,0.8641087803067455
34.003242604,1709142504.686224748,1709142504.685720851,/rigid_bodies.rigidbodies[2].pose.position.x,0.8641279889831619
34.013455186,1709142504.696437330,1709142504.695874258,/rigid_bodies.rigidbodies[2].pose.position.x,0.8642266438509517
34.02340387,1709142504.706386014,1709142504.705868994,/rigid_bodies.rigidbodies[2].pose.position.x,0.8641543253517576
34.033092229,1709142504.716074373,1709142504.715741721,/rigid_bodies.rigidbodies[2].pose.position.x,0.8641712382040845
34.04316174,1709142504.726143884,1709142504.725721557,/rigid_bodies.rigidbodies[2].pose.position.x,0.8640821453820771
34.053570127,1709142504.736552271,1709142504.735986864,/rigid_bodies.rigidbodies[2].pose.position.x,0.8641403475706283
34.062923673,1709142504.745905817,1709142504.745631949,/rigid_bodies.rigidbodies[2].pose.position.x,0.864185492788717
34.073261479,1709142504.756243623,1709142504.755788773,/rigid_bodies.rigidbodies[2].pose.position.x,0.8640969448368793
34.083634629,1709142504.766616773,1709142504.765936992,/rigid_bodies.rigidbodies[2].pose.position.x,0.8641526689763288
34.093293747,1709142504.776275891,1709142504.775766158,/rigid_bodies.rigidbodies[2].pose.position.x,0.8641207771078959
34.103130967,1709142504.786113111,1709142504.785702343,/rigid_bodies.rigidbodies[2].pose.position.x,0.86407859792756
34.113715338,1709142504.796697482,1709142504.796043675,/rigid_bodies.rigidbodies[2].pose.position.x,0.8640778280834877
34.122986416,1709142504.805968560,1709142504.805568740,/rigid_bodies.rigidbodies[2].pose.position.x,0.8641280897266381
34.133205991,1709142504.816188135,1709142504.815725035,/rigid_bodies.rigidbodies[2].pose.position.x,0.8641570855662224
34.143244568,1709142504.826226712,1709142504.825797684,/rigid_bodies.rigidbodies[2].pose.position.x,0.8641201458899151
34.153489559,1709142504.836471703,1709142504.835874963,/rigid_bodies.rigidbodies[2].pose.position.x,0.8641983840714978
34.163350533,1709142504.846332677,1709142504.845722879,/rigid_bodies.rigidbodies[2].pose.position.x,0.8641110627143083
34.173571137,1709142504.856553281,1709142504.855833695,/rigid_bodies.rigidbodies[2].pose.position.x,0.8641085686566983
34.183227833,1709142504.866209977,1709142504.865761112,/rigid_bodies.rigidbodies[2].pose.position.x,0.8641373873830163
34.193350916,1709142504.876333060,1709142504.875790885,/rigid_bodies.rigidbodies[2].pose.position.x,0.8641869382157972
34.203439184,1709142504.886421328,1709142504.885909728,/rigid_bodies.rigidbodies[2].pose.position.x,0.8642048059592052
34.213347132,1709142504.896329276,1709142504.895778001,/rigid_bodies.rigidbodies[2].pose.position.x,0.8640567066927473
34.223200306,1709142504.906182450,1709142504.905812982,/rigid_bodies.rigidbodies[2].pose.position.x,0.8641155666057718
34.233663959,1709142504.916646103,1709142504.916020247,/rigid_bodies.rigidbodies[2].pose.position.x,0.8641662137516664
34.243127754,1709142504.926109898,1709142504.925815080,/rigid_bodies.rigidbodies[2].pose.position.x,0.8641342336199314
34.253154771,1709142504.936136915,1709142504.935738903,/rigid_bodies.rigidbodies[2].pose.position.x,0.8641811675407362
34.263207083,1709142504.946189227,1709142504.945718219,/rigid_bodies.rigidbodies[2].pose.position.x,0.8641560665279524
34.273244664,1709142504.956226808,1709142504.955750153,/rigid_bodies.rigidbodies[2].pose.position.x,0.8641120595018452
34.283237415,1709142504.966219559,1709142504.965831804,/rigid_bodies.rigidbodies[2].pose.position.x,0.8641486201880584
34.293110651,1709142504.976092795,1709142504.975657129,/rigid_bodies.rigidbodies[2].pose.position.x,0.8641589978171811
34.303356956,1709142504.986339100,1709142504.985874479,/rigid_bodies.rigidbodies[2].pose.position.x,0.864163710153642
34.313069385,1709142504.996051529,1709142504.995687929,/rigid_bodies.rigidbodies[2].pose.position.x,0.8640816062030353
34.323171577,1709142505.006153721,1709142505.005703461,/rigid_bodies.rigidbodies[2].pose.position.x,0.8641232163559904
34.333069538,1709142505.016051682,1709142505.015658326,/rigid_bodies.rigidbodies[2].pose.position.x,0.8641866468838891
34.342948227,1709142505.025930371,1709142505.025652891,/rigid_bodies.rigidbodies[2].pose.position.x,0.8641668861027811
34.353295332,1709142505.036277476,1709142505.035789946,/rigid_bodies.rigidbodies[2].pose.position.x,0.8641367172811455
34.363046139,1709142505.046028283,1709142505.045603037,/rigid_bodies.rigidbodies[2].pose.position.x,0.8641097175107623
34.373310537,1709142505.056292681,1709142505.055767222,/rigid_bodies.rigidbodies[2].pose.position.x,0.8641348202515934
34.383839882,1709142505.066822026,1709142505.065913932,/rigid_bodies.rigidbodies[2].pose.position.x,0.8641401873620698
34.393446659,1709142505.076428803,1709142505.075869645,/rigid_bodies.rigidbodies[2].pose.position.x,0.864194589782216
34.403152025,1709142505.086134169,1709142505.085736763,/rigid_bodies.rigidbodies[2].pose.position.x,0.8641512269837337
34.413546533,1709142505.096528677,1709142505.095907486,/rigid_bodies.rigidbodies[2].pose.position.x,0.8641053579065113
34.423207449,1709142505.106189593,1709142505.105734787,/rigid_bodies.rigidbodies[2].pose.position.x,0.8641441606769327
34.433424515,1709142505.116406659,1709142505.115864537,/rigid_bodies.rigidbodies[2].pose.position.x,0.8641960864770868
34.443192354,1709142505.126174498,1709142505.125734550,/rigid_bodies.rigidbodies[2].pose.position.x,0.8641984389178016
34.453154709,1709142505.136136853,1709142505.135689366,/rigid_bodies.rigidbodies[2].pose.position.x,0.8641342965130357
34.462937853,1709142505.145919997,1709142505.145638741,/rigid_bodies.rigidbodies[2].pose.position.x,0.8641492514635344
34.472988767,1709142505.155970911,1709142505.155714965,/rigid_bodies.rigidbodies[2].pose.position.x,0.8641552187727275
34.483438227,1709142505.166420371,1709142505.165880200,/rigid_bodies.rigidbodies[2].pose.position.x,0.864152152278585
34.493150791,1709142505.176132935,1709142505.175661396,/rigid_bodies.rigidbodies[2].pose.position.x,0.864215546216927
34.503348707,1709142505.186330851,1709142505.185864793,/rigid_bodies.rigidbodies[2].pose.position.x,0.8641198900786802
34.513405393,1709142505.196387537,1709142505.195872001,/rigid_bodies.rigidbodies[2].pose.position.x,0.8640976868932193
34.523379489,1709142505.206361633,1709142505.205904042,/rigid_bodies.rigidbodies[2].pose.position.x,0.864104486233744
34.533346627,1709142505.216328771,1709142505.215848359,/rigid_bodies.rigidbodies[2].pose.position.x,0.8641763845304841
34.542751808,1709142505.225733952,1709142505.225538411,/rigid_bodies.rigidbodies[2].pose.position.x,0.864190414968637
34.553073511,1709142505.236055655,1709142505.235737633,/rigid_bodies.rigidbodies[2].pose.position.x,0.8640891673708976
34.56300347,1709142505.245985614,1709142505.245690468,/rigid_bodies.rigidbodies[2].pose.position.x,0.8641287171916257
34.573159015,1709142505.256141159,1709142505.255697398,/rigid_bodies.rigidbodies[2].pose.position.x,0.8641459814926582
34.583330441,1709142505.266312585,1709142505.265822293,/rigid_bodies.rigidbodies[2].pose.position.x,0.8641846865063426
34.593220262,1709142505.276202406,1709142505.275736150,/rigid_bodies.rigidbodies[2].pose.position.x,0.8642241059731289
34.603443054,1709142505.286425198,1709142505.285987864,/rigid_bodies.rigidbodies[2].pose.position.x,0.8642117459302742
34.613207358,1709142505.296189502,1709142505.295799095,/rigid_bodies.rigidbodies[2].pose.position.x,0.8641471989753573
34.623239846,1709142505.306221990,1709142505.305820549,/rigid_bodies.rigidbodies[2].pose.position.x,0.864103068493522
34.633604397,1709142505.316586541,1709142505.316019407,/rigid_bodies.rigidbodies[2].pose.position.x,0.8641583603432476
34.64329241,1709142505.326274554,1709142505.325908073,/rigid_bodies.rigidbodies[2].pose.position.x,0.8641381138229277
34.653299668,1709142505.336281812,1709142505.335837851,/rigid_bodies.rigidbodies[2].pose.position.x,0.8640476017227725
34.663255478,1709142505.346237622,1709142505.345824437,/rigid_bodies.rigidbodies[2].pose.position.x,0.864124543482049
34.673568837,1709142505.356550981,1709142505.355957919,/rigid_bodies.rigidbodies[2].pose.position.x,0.8641403501359637
34.683517377,1709142505.366499521,1709142505.365931099,/rigid_bodies.rigidbodies[2].pose.position.x,0.8641553236187001
34.693467066,1709142505.376449210,1709142505.375952811,/rigid_bodies.rigidbodies[2].pose.position.x,0.8641057273233
34.703407854,1709142505.386389998,1709142505.385968049,/rigid_bodies.rigidbodies[2].pose.position.x,0.8641218349072063
34.713094399,1709142505.396076543,1709142505.395734381,/rigid_bodies.rigidbodies[2].pose.position.x,0.8641328951508187
34.723758679,1709142505.406740823,1709142505.406171298,/rigid_bodies.rigidbodies[2].pose.position.x,0.8641102501138798
34.733625663,1709142505.416607807,1709142505.416117010,/rigid_bodies.rigidbodies[2].pose.position.x,0.8641943530678563
34.743150009,1709142505.426132153,1709142505.425734724,/rigid_bodies.rigidbodies[2].pose.position.x,0.864169627787873
34.753101929,1709142505.436084073,1709142505.435756190,/rigid_bodies.rigidbodies[2].pose.position.x,0.8641156072342262
34.763168358,1709142505.446150502,1709142505.445784085,/rigid_bodies.rigidbodies[2].pose.position.x,0.8641361305011455
34.773453984,1709142505.456436128,1709142505.455979052,/rigid_bodies.rigidbodies[2].pose.position.x,0.8641786296165732
34.783793072,1709142505.466775216,1709142505.466213248,/rigid_bodies.rigidbodies[2].pose.position.x,0.8641598400008095
34.793869483,1709142505.476851627,1709142505.476209279,/rigid_bodies.rigidbodies[2].pose.position.x,0.8641101440083725
34.803345167,1709142505.486327311,1709142505.485895046,/rigid_bodies.rigidbodies[2].pose.position.x,0.8641626756380908
34.813474911,1709142505.496457055,1709142505.495938755,/rigid_bodies.rigidbodies[2].pose.position.x,0.8641425111127344
34.823913596,1709142505.506895740,1709142505.506103103,/rigid_bodies.rigidbodies[2].pose.position.x,0.8641113309632168
34.833168254,1709142505.516150398,1709142505.515800500,/rigid_bodies.rigidbodies[2].pose.position.x,0.8641476386012034
34.843736253,1709142505.526718397,1709142505.526159873,/rigid_bodies.rigidbodies[2].pose.position.x,0.8641350161157111
34.853772855,1709142505.536754999,1709142505.536128867,/rigid_bodies.rigidbodies[2].pose.position.x,0.8641160427716468
34.863321064,1709142505.546303208,1709142505.545835135,/rigid_bodies.rigidbodies[2].pose.position.x,0.8641705204813483
34.873151507,1709142505.556133651,1709142505.555867409,/rigid_bodies.rigidbodies[2].pose.position.x,0.8641696081934546
34.883746325,1709142505.566728469,1709142505.566023803,/rigid_bodies.rigidbodies[2].pose.position.x,0.864098328350446
34.893222362,1709142505.576204506,1709142505.575834578,/rigid_bodies.rigidbodies[2].pose.position.x,0.8640718881524413
34.903217229,1709142505.586199373,1709142505.585850719,/rigid_bodies.rigidbodies[2].pose.position.x,0.8641453678577768
34.913519089,1709142505.596501233,1709142505.596010544,/rigid_bodies.rigidbodies[2].pose.position.x,0.8641736513630838
34.923268913,1709142505.606251057,1709142505.605740259,/rigid_bodies.rigidbodies[2].pose.position.x,0.8641811859574673
34.933418266,1709142505.616400410,1709142505.615900563,/rigid_bodies.rigidbodies[2].pose.position.x,0.8641523236584492
34.942983085,1709142505.625965229,1709142505.625622513,/rigid_bodies.rigidbodies[2].pose.position.x,0.8641345558923859
34.953057737,1709142505.636039881,1709142505.635642077,/rigid_bodies.rigidbodies[2].pose.position.x,0.8641682318362993
34.962762739,1709142505.645744883,1709142505.645549956,/rigid_bodies.rigidbodies[2].pose.position.x,0.8641852264597553
34.972767939,1709142505.655750083,1709142505.655460678,/rigid_bodies.rigidbodies[2].pose.position.x,0.8641413335628731
34.982891532,1709142505.665873676,1709142505.665647308,/rigid_bodies.rigidbodies[2].pose.position.x,0.8640828256427098
34.993105273,1709142505.676087417,1709142505.675799716,/rigid_bodies.rigidbodies[2].pose.position.x,0.8640917320927539
35.003354186,1709142505.686336330,1709142505.685991916,/rigid_bodies.rigidbodies[2].pose.position.x,0.8641341174972155
35.01339426,1709142505.696376404,1709142505.695948509,/rigid_bodies.rigidbodies[2].pose.position.x,0.8641765355327026
35.023050341,1709142505.706032485,1709142505.705714685,/rigid_bodies.rigidbodies[2].pose.position.x,0.8641341629432095
35.033369131,1709142505.716351275,1709142505.716011980,/rigid_bodies.rigidbodies[2].pose.position.x,0.8641154712925426
35.043421723,1709142505.726403867,1709142505.726020361,/rigid_bodies.rigidbodies[2].pose.position.x,0.8641603541447098
35.053031269,1709142505.736013413,1709142505.735755947,/rigid_bodies.rigidbodies[2].pose.position.x,0.8640772887296445
35.063028581,1709142505.746010725,1709142505.745764838,/rigid_bodies.rigidbodies[2].pose.position.x,0.8641671506489286
35.073697976,1709142505.756680120,1709142505.756072671,/rigid_bodies.rigidbodies[2].pose.position.x,0.8641794398973378
35.083133075,1709142505.766115219,1709142505.765842253,/rigid_bodies.rigidbodies[2].pose.position.x,0.8640626274389778
35.093352194,1709142505.776334338,1709142505.775922364,/rigid_bodies.rigidbodies[2].pose.position.x,0.8641156024814003
35.103739176,1709142505.786721320,1709142505.786113965,/rigid_bodies.rigidbodies[2].pose.position.x,0.8641309151824615
35.113325083,1709142505.796307227,1709142505.795860705,/rigid_bodies.rigidbodies[2].pose.position.x,0.8641667353127445
35.123360445,1709142505.806342589,1709142505.805855365,/rigid_bodies.rigidbodies[2].pose.position.x,0.8641513137014368
35.133701484,1709142505.816683628,1709142505.816078645,/rigid_bodies.rigidbodies[2].pose.position.x,0.8640778688298949
35.143501884,1709142505.826484028,1709142505.825904009,/rigid_bodies.rigidbodies[2].pose.position.x,0.8641461871701743
35.153419092,1709142505.836401236,1709142505.835927499,/rigid_bodies.rigidbodies[2].pose.position.x,0.8641214179742005
35.163037763,1709142505.846019907,1709142505.845613233,/rigid_bodies.rigidbodies[2].pose.position.x,0.8641443994802426
35.173181882,1709142505.856164026,1709142505.855673733,/rigid_bodies.rigidbodies[2].pose.position.x,0.8641610985545138
35.183903129,1709142505.866885273,1709142505.866043693,/rigid_bodies.rigidbodies[2].pose.position.x,0.8640973804826076
35.193521449,1709142505.876503593,1709142505.875918722,/rigid_bodies.rigidbodies[2].pose.position.x,0.8640975001324063
35.203183434,1709142505.886165578,1709142505.885715539,/rigid_bodies.rigidbodies[2].pose.position.x,0.8641413588163841
35.213083176,1709142505.896065320,1709142505.895653930,/rigid_bodies.rigidbodies[2].pose.position.x,0.8642182677463903
35.223203796,1709142505.906185940,1709142505.905720964,/rigid_bodies.rigidbodies[2].pose.position.x,0.8641680546288243
35.233389889,1709142505.916372033,1709142505.915819772,/rigid_bodies.rigidbodies[2].pose.position.x,0.8640751004457874
35.243160661,1709142505.926142805,1709142505.925684021,/rigid_bodies.rigidbodies[2].pose.position.x,0.8641097364196265
35.253187866,1709142505.936170010,1709142505.935697704,/rigid_bodies.rigidbodies[2].pose.position.x,0.8641053906979993
35.263267161,1709142505.946249305,1709142505.945628036,/rigid_bodies.rigidbodies[2].pose.position.x,0.8641665088692272
35.273084265,1709142505.956066409,1709142505.955600610,/rigid_bodies.rigidbodies[2].pose.position.x,0.8641530102655826
35.283423584,1709142505.966405728,1709142505.965840526,/rigid_bodies.rigidbodies[2].pose.position.x,0.8641423926518386
35.293239142,1709142505.976221286,1709142505.975704356,/rigid_bodies.rigidbodies[2].pose.position.x,0.8641208422920635
35.303362534,1709142505.986344678,1709142505.985869336,/rigid_bodies.rigidbodies[2].pose.position.x,0.8641470680416666
35.313549887,1709142505.996532031,1709142505.995919428,/rigid_bodies.rigidbodies[2].pose.position.x,0.8641421391407765
35.323255853,1709142506.006237997,1709142506.005759258,/rigid_bodies.rigidbodies[2].pose.position.x,0.8641339037758322
35.333562847,1709142506.016544991,1709142506.015988723,/rigid_bodies.rigidbodies[2].pose.position.x,0.8641068092038992
35.343510281,1709142506.026492425,1709142506.025899470,/rigid_bodies.rigidbodies[2].pose.position.x,0.8641076452007245
35.353009516,1709142506.035991660,1709142506.035609746,/rigid_bodies.rigidbodies[2].pose.position.x,0.8641688641046474
35.362903336,1709142506.045885480,1709142506.045517752,/rigid_bodies.rigidbodies[2].pose.position.x,0.86412009121191
35.372687236,1709142506.055669380,1709142506.055438248,/rigid_bodies.rigidbodies[2].pose.position.x,0.8641116512339638
35.382746017,1709142506.065728161,1709142506.065524310,/rigid_bodies.rigidbodies[2].pose.position.x,0.8641611032057219
35.392757859,1709142506.075740003,1709142506.075429391,/rigid_bodies.rigidbodies[2].pose.position.x,0.864165517996392
35.402729814,1709142506.085711958,1709142506.085456712,/rigid_bodies.rigidbodies[2].pose.position.x,0.864178174396675
35.412699875,1709142506.095682019,1709142506.095454028,/rigid_bodies.rigidbodies[2].pose.position.x,0.8641527456764789
35.422700099,1709142506.105682243,1709142506.105434955,/rigid_bodies.rigidbodies[2].pose.position.x,0.8641098151200077
35.432931225,1709142506.115913369,1709142506.115608557,/rigid_bodies.rigidbodies[2].pose.position.x,0.864070984977833
35.442921339,1709142506.125903483,1709142506.125581671,/rigid_bodies.rigidbodies[2].pose.position.x,0.8641096224283195
35.453374941,1709142506.136357085,1709142506.135924983,/rigid_bodies.rigidbodies[2].pose.position.x,0.8641355094141681
35.463267334,1709142506.146249478,1709142506.145786971,/rigid_bodies.rigidbodies[2].pose.position.x,0.864108425854529
35.473136974,1709142506.156119118,1709142506.155696011,/rigid_bodies.rigidbodies[2].pose.position.x,0.8641465803594275
35.483469775,1709142506.166451919,1709142506.165867998,/rigid_bodies.rigidbodies[2].pose.position.x,0.8641820038307139
35.493468961,1709142506.176451105,1709142506.175787408,/rigid_bodies.rigidbodies[2].pose.position.x,0.864130842443364
35.503256722,1709142506.186238866,1709142506.185710655,/rigid_bodies.rigidbodies[2].pose.position.x,0.8641659746270205
35.51316046,1709142506.196142604,1709142506.195624774,/rigid_bodies.rigidbodies[2].pose.position.x,0.8641086552034741
35.523697776,1709142506.206679920,1709142506.205975132,/rigid_bodies.rigidbodies[2].pose.position.x,0.8640972675723579
35.533175658,1709142506.216157802,1709142506.215739230,/rigid_bodies.rigidbodies[2].pose.position.x,0.8641364357090884
35.542781521,1709142506.225763665,1709142506.225480886,/rigid_bodies.rigidbodies[2].pose.position.x,0.8641261799463809
35.553002067,1709142506.235984211,1709142506.235558072,/rigid_bodies.rigidbodies[2].pose.position.x,0.8641784559389861
35.562943865,1709142506.245926009,1709142506.245542506,/rigid_bodies.rigidbodies[2].pose.position.x,0.8641543866816432
35.573035557,1709142506.256017701,1709142506.255611132,/rigid_bodies.rigidbodies[2].pose.position.x,0.8641668449672023
35.582781446,1709142506.265763590,1709142506.265485602,/rigid_bodies.rigidbodies[2].pose.position.x,0.8642049300804497
35.593333379,1709142506.276315523,1709142506.275723916,/rigid_bodies.rigidbodies[2].pose.position.x,0.8641979074285546
35.603302957,1709142506.286285101,1709142506.285777495,/rigid_bodies.rigidbodies[2].pose.position.x,0.8641445894834884
35.613309339,1709142506.296291483,1709142506.295786316,/rigid_bodies.rigidbodies[2].pose.position.x,0.8641102386652194
35.623542926,1709142506.306525070,1709142506.305781097,/rigid_bodies.rigidbodies[2].pose.position.x,0.8641676243296975
35.63326419,1709142506.316246334,1709142506.315652731,/rigid_bodies.rigidbodies[2].pose.position.x,0.8641703404093265
35.643307258,1709142506.326289402,1709142506.325765904,/rigid_bodies.rigidbodies[2].pose.position.x,0.8641999374899388
35.653511719,1709142506.336493863,1709142506.335799319,/rigid_bodies.rigidbodies[2].pose.position.x,0.8640294315790161
35.66324321,1709142506.346225354,1709142506.345638234,/rigid_bodies.rigidbodies[2].pose.position.x,0.8640162760359238
35.673320795,1709142506.356302939,1709142506.355831636,/rigid_bodies.rigidbodies[2].pose.position.x,0.8640454119261805
35.683337195,1709142506.366319339,1709142506.365781622,/rigid_bodies.rigidbodies[2].pose.position.x,0.8641081651502629
35.693127098,1709142506.376109242,1709142506.375606991,/rigid_bodies.rigidbodies[2].pose.position.x,0.8641381530996511
35.703397011,1709142506.386379155,1709142506.385807648,/rigid_bodies.rigidbodies[2].pose.position.x,0.8642116051530966
35.713145864,1709142506.396128008,1709142506.395576873,/rigid_bodies.rigidbodies[2].pose.position.x,0.8640288524120754
35.723153761,1709142506.406135905,1709142506.405612420,/rigid_bodies.rigidbodies[2].pose.position.x,0.8641323139861522
35.733197406,1709142506.416179550,1709142506.415622124,/rigid_bodies.rigidbodies[2].pose.position.x,0.8641649500794238
35.743346021,1709142506.426328165,1709142506.425762128,/rigid_bodies.rigidbodies[2].pose.position.x,0.8641724943658654
35.753079618,1709142506.436061762,1709142506.435571540,/rigid_bodies.rigidbodies[2].pose.position.x,0.864120809784374
35.763033748,1709142506.446015892,1709142506.445560182,/rigid_bodies.rigidbodies[2].pose.position.x,0.8641035704534511
35.773056222,1709142506.456038366,1709142506.455573927,/rigid_bodies.rigidbodies[2].pose.position.x,0.8640302596483485
35.783053943,1709142506.466036087,1709142506.465594850,/rigid_bodies.rigidbodies[2].pose.position.x,0.8640808328703538
35.792988057,1709142506.475970201,1709142506.475576784,/rigid_bodies.rigidbodies[2].pose.position.x,0.864158253432653
35.803291126,1709142506.486273270,1709142506.485767541,/rigid_bodies.rigidbodies[2].pose.position.x,0.864076872928735
35.813306726,1709142506.496288870,1709142506.495799544,/rigid_bodies.rigidbodies[2].pose.position.x,0.8640809353437658
35.823376162,1709142506.506358306,1709142506.505768630,/rigid_bodies.rigidbodies[2].pose.position.x,0.8641130259398205
35.833285885,1709142506.516268029,1709142506.515731964,/rigid_bodies.rigidbodies[2].pose.position.x,0.8641743857680271
35.843016571,1709142506.525998715,1709142506.525546388,/rigid_bodies.rigidbodies[2].pose.position.x,0.8641493747963979
35.853719584,1709142506.536701728,1709142506.536027192,/rigid_bodies.rigidbodies[2].pose.position.x,0.864131966833655
35.863215325,1709142506.546197469,1709142506.545692975,/rigid_bodies.rigidbodies[2].pose.position.x,0.8641061789080271
35.873314513,1709142506.556296657,1709142506.555719427,/rigid_bodies.rigidbodies[2].pose.position.x,0.8641231195553243
35.883520935,1709142506.566503079,1709142506.565875937,/rigid_bodies.rigidbodies[2].pose.position.x,0.8641476904276219
35.893514701,1709142506.576496845,1709142506.575816717,/rigid_bodies.rigidbodies[2].pose.position.x,0.8641487431522099
35.903123718,1709142506.586105862,1709142506.585648354,/rigid_bodies.rigidbodies[2].pose.position.x,0.8641068217104456
35.913452484,1709142506.596434628,1709142506.595805823,/rigid_bodies.rigidbodies[2].pose.position.x,0.8640827280740055
35.923283646,1709142506.606265790,1709142506.605780000,/rigid_bodies.rigidbodies[2].pose.position.x,0.8641540349899968
35.933292124,1709142506.616274268,1709142506.615797071,/rigid_bodies.rigidbodies[2].pose.position.x,0.8641785065880249
35.94331925,1709142506.626301394,1709142506.625723233,/rigid_bodies.rigidbodies[2].pose.position.x,0.8640959926478895
35.953438079,1709142506.636420223,1709142506.635839173,/rigid_bodies.rigidbodies[2].pose.position.x,0.8640906760450697
35.963149858,1709142506.646132002,1709142506.645621063,/rigid_bodies.rigidbodies[2].pose.position.x,0.8640753009538935
35.973155359,1709142506.656137503,1709142506.655721515,/rigid_bodies.rigidbodies[2].pose.position.x,0.8642132838386377
35.983236914,1709142506.666219058,1709142506.665725811,/rigid_bodies.rigidbodies[2].pose.position.x,0.8641587849442394
35.993425312,1709142506.676407456,1709142506.675773321,/rigid_bodies.rigidbodies[2].pose.position.x,0.8641677734063166
36.003155665,1709142506.686137809,1709142506.685672147,/rigid_bodies.rigidbodies[2].pose.position.x,0.8642057694245695
36.013414428,1709142506.696396572,1709142506.695805873,/rigid_bodies.rigidbodies[2].pose.position.x,0.8641747434082077
36.023380148,1709142506.706362292,1709142506.705820151,/rigid_bodies.rigidbodies[2].pose.position.x,0.8641531059354087
36.033789991,1709142506.716772135,1709142506.716067178,/rigid_bodies.rigidbodies[2].pose.position.x,0.8641553140958443
36.043838703,1709142506.726820847,1709142506.726114813,/rigid_bodies.rigidbodies[2].pose.position.x,0.8640364045580398
36.053218677,1709142506.736200821,1709142506.735750170,/rigid_bodies.rigidbodies[2].pose.position.x,0.8640929097943328
36.063352321,1709142506.746334465,1709142506.745833151,/rigid_bodies.rigidbodies[2].pose.position.x,0.8641674138672141
36.073035507,1709142506.756017651,1709142506.755721458,/rigid_bodies.rigidbodies[2].pose.position.x,0.8641875194476849
36.08328125,1709142506.766263394,1709142506.765865031,/rigid_bodies.rigidbodies[2].pose.position.x,0.8639444502767842
36.093217679,1709142506.776199823,1709142506.775801064,/rigid_bodies.rigidbodies[2].pose.position.x,0.8640654304024876
36.103500312,1709142506.786482456,1709142506.786009419,/rigid_bodies.rigidbodies[2].pose.position.x,0.8640850754579744
36.11319832,1709142506.796180464,1709142506.795794777,/rigid_bodies.rigidbodies[2].pose.position.x,0.8641192132289792
36.123218591,1709142506.806200735,1709142506.805807962,/rigid_bodies.rigidbodies[2].pose.position.x,0.8641775189877717
36.133513544,1709142506.816495688,1709142506.816027443,/rigid_bodies.rigidbodies[2].pose.position.x,0.8641227638631247
36.143230549,1709142506.826212693,1709142506.825865906,/rigid_bodies.rigidbodies[2].pose.position.x,0.864083611682588
36.15309736,1709142506.836079504,1709142506.835732316,/rigid_bodies.rigidbodies[2].pose.position.x,0.8640688166881897
36.163307438,1709142506.846289582,1709142506.845766028,/rigid_bodies.rigidbodies[2].pose.position.x,0.8641427528768798
36.173364041,1709142506.856346185,1709142506.855814443,/rigid_bodies.rigidbodies[2].pose.position.x,0.8641737749601293
36.183143297,1709142506.866125441,1709142506.865685983,/rigid_bodies.rigidbodies[2].pose.position.x,0.8641391234630458
36.193611129,1709142506.876593273,1709142506.875983290,/rigid_bodies.rigidbodies[2].pose.position.x,0.864138116226426
36.203366722,1709142506.886348866,1709142506.885819679,/rigid_bodies.rigidbodies[2].pose.position.x,0.8641187538694715
36.213418283,1709142506.896400427,1709142506.895874058,/rigid_bodies.rigidbodies[2].pose.position.x,0.864141814136628
36.223658666,1709142506.906640810,1709142506.906024313,/rigid_bodies.rigidbodies[2].pose.position.x,0.8641452728141382
36.233831761,1709142506.916813905,1709142506.916154116,/rigid_bodies.rigidbodies[2].pose.position.x,0.864112439604638
36.243280825,1709142506.926262969,1709142506.925755332,/rigid_bodies.rigidbodies[2].pose.position.x,0.8641052856938903
36.253573384,1709142506.936555528,1709142506.935981698,/rigid_bodies.rigidbodies[2].pose.position.x,0.8641749368333916
36.263333191,1709142506.946315335,1709142506.945780096,/rigid_bodies.rigidbodies[2].pose.position.x,0.8642444190731225
36.273229453,1709142506.956211597,1709142506.955739404,/rigid_bodies.rigidbodies[2].pose.position.x,0.8641016713402226
36.283551798,1709142506.966533942,1709142506.965906558,/rigid_bodies.rigidbodies[2].pose.position.x,0.8640861030633464
36.293616749,1709142506.976598893,1709142506.975985930,/rigid_bodies.rigidbodies[2].pose.position.x,0.8641265652372415
36.30332427,1709142506.986306414,1709142506.985794087,/rigid_bodies.rigidbodies[2].pose.position.x,0.8640794947305505
36.313545475,1709142506.996527619,1709142506.995944657,/rigid_bodies.rigidbodies[2].pose.position.x,0.8641139061798828
36.32368652,1709142507.006668664,1709142507.005992241,/rigid_bodies.rigidbodies[2].pose.position.x,0.8641396550351508
36.33317553,1709142507.016157674,1709142507.015706840,/rigid_bodies.rigidbodies[2].pose.position.x,0.8641171922639119
36.343291503,1709142507.026273647,1709142507.025806666,/rigid_bodies.rigidbodies[2].pose.position.x,0.8641069268819105
36.353760159,1709142507.036742303,1709142507.036093157,/rigid_bodies.rigidbodies[2].pose.position.x,0.8642039058642745
36.36297153,1709142507.045953674,1709142507.045662987,/rigid_bodies.rigidbodies[2].pose.position.x,0.8642255729494427
36.37328194,1709142507.056264084,1709142507.055794200,/rigid_bodies.rigidbodies[2].pose.position.x,0.8641099996611941
36.383752608,1709142507.066734752,1709142507.066041320,/rigid_bodies.rigidbodies[2].pose.position.x,0.8640676496552779
36.393196017,1709142507.076178161,1709142507.075744171,/rigid_bodies.rigidbodies[2].pose.position.x,0.8641612766458378
36.403210078,1709142507.086192222,1709142507.085828891,/rigid_bodies.rigidbodies[2].pose.position.x,0.8641808667322526
36.413359634,1709142507.096341778,1709142507.095826005,/rigid_bodies.rigidbodies[2].pose.position.x,0.8641452414630441
36.423148152,1709142507.106130296,1709142507.105722205,/rigid_bodies.rigidbodies[2].pose.position.x,0.864168027427445
36.43343623,1709142507.116418374,1709142507.115880324,/rigid_bodies.rigidbodies[2].pose.position.x,0.8641983204775309
36.443467963,1709142507.126450107,1709142507.125894917,/rigid_bodies.rigidbodies[2].pose.position.x,0.8641151178845929
36.453279722,1709142507.136261866,1709142507.135784914,/rigid_bodies.rigidbodies[2].pose.position.x,0.8642225238099775
36.463460882,1709142507.146443026,1709142507.145888006,/rigid_bodies.rigidbodies[2].pose.position.x,0.8641944616660086
36.473423406,1709142507.156405550,1709142507.155857555,/rigid_bodies.rigidbodies[2].pose.position.x,0.8640344798384957
36.483123505,1709142507.166105649,1709142507.165660685,/rigid_bodies.rigidbodies[2].pose.position.x,0.8640458572478693
36.493116017,1709142507.176098161,1709142507.175658166,/rigid_bodies.rigidbodies[2].pose.position.x,0.8641392655024279
36.503546126,1709142507.186528270,1709142507.185947666,/rigid_bodies.rigidbodies[2].pose.position.x,0.8642052695294417
36.513178876,1709142507.196161020,1709142507.195665831,/rigid_bodies.rigidbodies[2].pose.position.x,0.864146093128678
36.523622314,1709142507.206604458,1709142507.205991190,/rigid_bodies.rigidbodies[2].pose.position.x,0.8641750884453044
36.533582032,1709142507.216564176,1709142507.215951161,/rigid_bodies.rigidbodies[2].pose.position.x,0.8641740255665273
36.543269897,1709142507.226252041,1709142507.225824200,/rigid_bodies.rigidbodies[2].pose.position.x,0.8640802692943008
36.553457381,1709142507.236439525,1709142507.235861355,/rigid_bodies.rigidbodies[2].pose.position.x,0.8641350456837465
36.563275475,1709142507.246257619,1709142507.245772208,/rigid_bodies.rigidbodies[2].pose.position.x,0.8641751312469219
36.573392743,1709142507.256374887,1709142507.255949012,/rigid_bodies.rigidbodies[2].pose.position.x,0.8640923784958601
36.583445048,1709142507.266427192,1709142507.265877173,/rigid_bodies.rigidbodies[2].pose.position.x,0.8640467892306649
36.593431758,1709142507.276413902,1709142507.275863796,/rigid_bodies.rigidbodies[2].pose.position.x,0.8641503719036149
36.603468844,1709142507.286450988,1709142507.285934362,/rigid_bodies.rigidbodies[2].pose.position.x,0.8641868904206722
36.613302384,1709142507.296284528,1709142507.295795555,/rigid_bodies.rigidbodies[2].pose.position.x,0.8641224338692659
36.623502051,1709142507.306484195,1709142507.305919279,/rigid_bodies.rigidbodies[2].pose.position.x,0.8641727078198792
36.633318815,1709142507.316300959,1709142507.315813941,/rigid_bodies.rigidbodies[2].pose.position.x,0.8641805253312186
36.64351689,1709142507.326499034,1709142507.325954618,/rigid_bodies.rigidbodies[2].pose.position.x,0.8641366525623797
36.653696292,1709142507.336678436,1709142507.336070879,/rigid_bodies.rigidbodies[2].pose.position.x,0.8640682964292477
36.663335181,1709142507.346317325,1709142507.345807422,/rigid_bodies.rigidbodies[2].pose.position.x,0.864132479167744
36.673444746,1709142507.356426890,1709142507.355862711,/rigid_bodies.rigidbodies[2].pose.position.x,0.8641245513990989
36.683629116,1709142507.366611260,1709142507.365986306,/rigid_bodies.rigidbodies[2].pose.position.x,0.8641339186052215
36.693266303,1709142507.376248447,1709142507.375775802,/rigid_bodies.rigidbodies[2].pose.position.x,0.8642420805703221
36.7033874,1709142507.386369544,1709142507.385849279,/rigid_bodies.rigidbodies[2].pose.position.x,0.8641834202295002
36.713602696,1709142507.396584840,1709142507.395992914,/rigid_bodies.rigidbodies[2].pose.position.x,0.8640865060644111
36.723431841,1709142507.406413985,1709142507.405893817,/rigid_bodies.rigidbodies[2].pose.position.x,0.8640934961947302
36.733342153,1709142507.416324297,1709142507.415849002,/rigid_bodies.rigidbodies[2].pose.position.x,0.8641567315649777
36.743559673,1709142507.426541817,1709142507.425881666,/rigid_bodies.rigidbodies[2].pose.position.x,0.8641284770848605
36.753646901,1709142507.436629045,1709142507.436005198,/rigid_bodies.rigidbodies[2].pose.position.x,0.8640975202813469
36.763288316,1709142507.446270460,1709142507.445803661,/rigid_bodies.rigidbodies[2].pose.position.x,0.8641122006234497
36.77344442,1709142507.456426564,1709142507.455854491,/rigid_bodies.rigidbodies[2].pose.position.x,0.8641336719766476
36.783344962,1709142507.466327106,1709142507.465815021,/rigid_bodies.rigidbodies[2].pose.position.x,0.864151004673624
36.793217403,1709142507.476199547,1709142507.475796350,/rigid_bodies.rigidbodies[2].pose.position.x,0.8641765984921174
36.803702499,1709142507.486684643,1709142507.486035845,/rigid_bodies.rigidbodies[2].pose.position.x,0.8641731466491784
36.813348127,1709142507.496330271,1709142507.495809658,/rigid_bodies.rigidbodies[2].pose.position.x,0.8640939227010637
36.823346638,1709142507.506328782,1709142507.505870583,/rigid_bodies.rigidbodies[2].pose.position.x,0.8640914131882054
36.833756668,1709142507.516738812,1709142507.516109913,/rigid_bodies.rigidbodies[2].pose.position.x,0.8641481370987716
36.843037636,1709142507.526019780,1709142507.525614256,/rigid_bodies.rigidbodies[2].pose.position.x,0.8641745816878889
36.853444917,1709142507.536427061,1709142507.535828835,/rigid_bodies.rigidbodies[2].pose.position.x,0.8641116144374341
36.863198672,1709142507.546180816,1709142507.545739145,/rigid_bodies.rigidbodies[2].pose.position.x,0.8641432837087474
36.873308326,1709142507.556290470,1709142507.555843181,/rigid_bodies.rigidbodies[2].pose.position.x,0.8641567596467908
36.883192917,1709142507.566175061,1709142507.565849468,/rigid_bodies.rigidbodies[2].pose.position.x,0.864121155054006
36.893425249,1709142507.576407393,1709142507.575924284,/rigid_bodies.rigidbodies[2].pose.position.x,0.8641484633939334
36.903141506,1709142507.586123650,1709142507.585760507,/rigid_bodies.rigidbodies[2].pose.position.x,0.8641464474744935
36.913155881,1709142507.596138025,1709142507.595691537,/rigid_bodies.rigidbodies[2].pose.position.x,0.864085065820299
36.923080243,1709142507.606062387,1709142507.605670790,/rigid_bodies.rigidbodies[2].pose.position.x,0.8640975647686628
36.933231569,1709142507.616213713,1709142507.615772852,/rigid_bodies.rigidbodies[2].pose.position.x,0.8641485832666495
36.943204528,1709142507.626186672,1709142507.625790261,/rigid_bodies.rigidbodies[2].pose.position.x,0.8641194253820007
36.953442391,1709142507.636424535,1709142507.635949951,/rigid_bodies.rigidbodies[2].pose.position.x,0.8641237601769758
36.96303609,1709142507.646018234,1709142507.645756613,/rigid_bodies.rigidbodies[2].pose.position.x,0.864147206073782
36.973203862,1709142507.656186006,1709142507.655763513,/rigid_bodies.rigidbodies[2].pose.position.x,0.8641989497638901
36.982861092,1709142507.665843236,1709142507.665579506,/rigid_bodies.rigidbodies[2].pose.position.x,0.8642080862063724
36.992860342,1709142507.675842486,1709142507.675517116,/rigid_bodies.rigidbodies[2].pose.position.x,0.864126617532893
37.003137128,1709142507.686119272,1709142507.685630835,/rigid_bodies.rigidbodies[2].pose.position.x,0.8640827419689475
37.013313476,1709142507.696295620,1709142507.695740291,/rigid_bodies.rigidbodies[2].pose.position.x,0.8640867553782411
37.023403142,1709142507.706385286,1709142507.705822226,/rigid_bodies.rigidbodies[2].pose.position.x,0.864165229673368
37.033593882,1709142507.716576026,1709142507.715936936,/rigid_bodies.rigidbodies[2].pose.position.x,0.864218845879754
37.043064603,1709142507.726046747,1709142507.725763125,/rigid_bodies.rigidbodies[2].pose.position.x,0.8641779312819851
37.05304085,1709142507.736022994,1709142507.735650822,/rigid_bodies.rigidbodies[2].pose.position.x,0.8641000891290543
37.063164861,1709142507.746147005,1709142507.745826622,/rigid_bodies.rigidbodies[2].pose.position.x,0.8640967935711789
37.073452972,1709142507.756435116,1709142507.755856152,/rigid_bodies.rigidbodies[2].pose.position.x,0.8641888050584726
37.083702199,1709142507.766684343,1709142507.766043735,/rigid_bodies.rigidbodies[2].pose.position.x,0.8641628078997673
37.093458273,1709142507.776440417,1709142507.775833626,/rigid_bodies.rigidbodies[2].pose.position.x,0.8641151536107586
37.103211318,1709142507.786193462,1709142507.785844953,/rigid_bodies.rigidbodies[2].pose.position.x,0.8641303575287214
37.113224996,1709142507.796207140,1709142507.795716056,/rigid_bodies.rigidbodies[2].pose.position.x,0.8641066771761382
37.12391129,1709142507.806893434,1709142507.806128831,/rigid_bodies.rigidbodies[2].pose.position.x,0.8642035272673824
37.133327508,1709142507.816309652,1709142507.815953064,/rigid_bodies.rigidbodies[2].pose.position.x,0.8642983300238594
37.14311032,1709142507.826092464,1709142507.825781064,/rigid_bodies.rigidbodies[2].pose.position.x,0.8642315305219699
37.153526642,1709142507.836508786,1709142507.835859492,/rigid_bodies.rigidbodies[2].pose.position.x,0.8640706860759791
37.163023786,1709142507.846005930,1709142507.845620222,/rigid_bodies.rigidbodies[2].pose.position.x,0.8643360695293428
37.17354319,1709142507.856525334,1709142507.855972915,/rigid_bodies.rigidbodies[2].pose.position.x,0.864151759917813
37.183442251,1709142507.866424395,1709142507.865881698,/rigid_bodies.rigidbodies[2].pose.position.x,0.8641213751930672
37.193040118,1709142507.876022262,1709142507.875733875,/rigid_bodies.rigidbodies[2].pose.position.x,0.8641034258362138
37.20305137,1709142507.886033514,1709142507.885661397,/rigid_bodies.rigidbodies[2].pose.position.x,0.8640937498484711
37.212998807,1709142507.895980951,1709142507.895672769,/rigid_bodies.rigidbodies[2].pose.position.x,0.8641361746942792
37.222937646,1709142507.905919790,1709142507.905661101,/rigid_bodies.rigidbodies[2].pose.position.x,0.8641857900829696
37.233495498,1709142507.916477642,1709142507.915941390,/rigid_bodies.rigidbodies[2].pose.position.x,0.864128449028182
37.243155629,1709142507.926137773,1709142507.925816391,/rigid_bodies.rigidbodies[2].pose.position.x,0.8641086278825046
37.252951649,1709142507.935933793,1709142507.935713795,/rigid_bodies.rigidbodies[2].pose.position.x,0.8640781098818003
37.263085651,1709142507.946067795,1709142507.945766210,/rigid_bodies.rigidbodies[2].pose.position.x,0.8641543924408813
37.273131461,1709142507.956113605,1709142507.955762970,/rigid_bodies.rigidbodies[2].pose.position.x,0.8642110532957613
37.282976052,1709142507.965958196,1709142507.965669871,/rigid_bodies.rigidbodies[2].pose.position.x,0.8641013663126549
37.293444747,1709142507.976426891,1709142507.975973946,/rigid_bodies.rigidbodies[2].pose.position.x,0.8641830975534525
37.303157041,1709142507.986139185,1709142507.985742084,/rigid_bodies.rigidbodies[2].pose.position.x,0.8641855063262386
37.313002943,1709142507.995985087,1709142507.995637997,/rigid_bodies.rigidbodies[2].pose.position.x,0.8641257605312624
37.323226729,1709142508.006208873,1709142508.005796257,/rigid_bodies.rigidbodies[2].pose.position.x,0.8641375609931339
37.333253663,1709142508.016235807,1709142508.015851312,/rigid_bodies.rigidbodies[2].pose.position.x,0.8641359796185545
37.343031898,1709142508.026014042,1709142508.025700159,/rigid_bodies.rigidbodies[2].pose.position.x,0.8641505575241202
37.353166148,1709142508.036148292,1709142508.035765644,/rigid_bodies.rigidbodies[2].pose.position.x,0.8641476386017587
37.363084147,1709142508.046066291,1709142508.045753995,/rigid_bodies.rigidbodies[2].pose.position.x,0.8642072363317441
37.373039972,1709142508.056022116,1709142508.055809770,/rigid_bodies.rigidbodies[2].pose.position.x,0.8641809717409069
37.38304811,1709142508.066030254,1709142508.065812959,/rigid_bodies.rigidbodies[2].pose.position.x,0.8640526969861875
37.393032235,1709142508.076014379,1709142508.075755905,/rigid_bodies.rigidbodies[2].pose.position.x,0.86409427773555
37.403164963,1709142508.086147107,1709142508.085796395,/rigid_bodies.rigidbodies[2].pose.position.x,0.864216679179734
37.412941134,1709142508.095923278,1709142508.095733604,/rigid_bodies.rigidbodies[2].pose.position.x,0.8642177719016138
37.423010981,1709142508.105993125,1709142508.105725782,/rigid_bodies.rigidbodies[2].pose.position.x,0.864093622769086
37.433208089,1709142508.116190233,1709142508.115846265,/rigid_bodies.rigidbodies[2].pose.position.x,0.8640916786324031
37.443565251,1709142508.126547395,1709142508.126048097,/rigid_bodies.rigidbodies[2].pose.position.x,0.8640721904207768
37.453772556,1709142508.136754700,1709142508.136255595,/rigid_bodies.rigidbodies[2].pose.position.x,0.8641538188010636
37.463277314,1709142508.146259458,1709142508.145866015,/rigid_bodies.rigidbodies[2].pose.position.x,0.8643172441496255
37.473281963,1709142508.156264107,1709142508.155853350,/rigid_bodies.rigidbodies[2].pose.position.x,0.8641761992728206
37.483921064,1709142508.166903208,1709142508.166202014,/rigid_bodies.rigidbodies[2].pose.position.x,0.8641127586490401
37.493485051,1709142508.176467195,1709142508.176009399,/rigid_bodies.rigidbodies[2].pose.position.x,0.8641182217898978
37.50396205,1709142508.186944194,1709142508.186247249,/rigid_bodies.rigidbodies[2].pose.position.x,0.8642234129069344
37.513486911,1709142508.196469055,1709142508.195978557,/rigid_bodies.rigidbodies[2].pose.position.x,0.8641516349164882
37.523506255,1709142508.206488399,1709142508.206014505,/rigid_bodies.rigidbodies[2].pose.position.x,0.8640849453304085
37.533455669,1709142508.216437813,1709142508.215992055,/rigid_bodies.rigidbodies[2].pose.position.x,0.8640998709087588
37.543687227,1709142508.226669371,1709142508.225968855,/rigid_bodies.rigidbodies[2].pose.position.x,0.8641800006760946
37.553279049,1709142508.236261193,1709142508.235822572,/rigid_bodies.rigidbodies[2].pose.position.x,0.8641874231970335
37.563257514,1709142508.246239658,1709142508.245905452,/rigid_bodies.rigidbodies[2].pose.position.x,0.8641865758724921
37.573120803,1709142508.256102947,1709142508.255821870,/rigid_bodies.rigidbodies[2].pose.position.x,0.8641977073150743
37.582858744,1709142508.265840888,1709142508.265639368,/rigid_bodies.rigidbodies[2].pose.position.x,0.8641046151109565
37.593001919,1709142508.275984063,1709142508.275683853,/rigid_bodies.rigidbodies[2].pose.position.x,0.8641493708208225
37.603398415,1709142508.286380559,1709142508.285924673,/rigid_bodies.rigidbodies[2].pose.position.x,0.8642013424010702
37.613281019,1709142508.296263163,1709142508.295792046,/rigid_bodies.rigidbodies[2].pose.position.x,0.864094768603839
37.623305822,1709142508.306287966,1709142508.305907145,/rigid_bodies.rigidbodies[2].pose.position.x,0.8641448364767426
37.633707539,1709142508.316689683,1709142508.316091801,/rigid_bodies.rigidbodies[2].pose.position.x,0.8641548628746896
37.643497018,1709142508.326479162,1709142508.325990768,/rigid_bodies.rigidbodies[2].pose.position.x,0.8642001946727941
37.65332483,1709142508.336306974,1709142508.335811302,/rigid_bodies.rigidbodies[2].pose.position.x,0.864231472277205
37.663117506,1709142508.346099650,1709142508.345724180,/rigid_bodies.rigidbodies[2].pose.position.x,0.8641194974638551
37.673130569,1709142508.356112713,1709142508.355686528,/rigid_bodies.rigidbodies[2].pose.position.x,0.8641208250875887
37.683248914,1709142508.366231058,1709142508.365839281,/rigid_bodies.rigidbodies[2].pose.position.x,0.8641240502090006
37.693638244,1709142508.376620388,1709142508.376061420,/rigid_bodies.rigidbodies[2].pose.position.x,0.8641634926776223
37.70355567,1709142508.386537814,1709142508.386005206,/rigid_bodies.rigidbodies[2].pose.position.x,0.8642018521712419
37.713056536,1709142508.396038680,1709142508.395737404,/rigid_bodies.rigidbodies[2].pose.position.x,0.864152978052489
37.723459116,1709142508.406441260,1709142508.405919898,/rigid_bodies.rigidbodies[2].pose.position.x,0.864088862834975
37.733794643,1709142508.416776787,1709142508.416155470,/rigid_bodies.rigidbodies[2].pose.position.x,0.8641215742215879
37.743430581,1709142508.426412725,1709142508.426042216,/rigid_bodies.rigidbodies[2].pose.position.x,0.8642063307942572
37.753616472,1709142508.436598616,1709142508.436033473,/rigid_bodies.rigidbodies[2].pose.position.x,0.8642234929267555
37.76328467,1709142508.446266814,1709142508.445930033,/rigid_bodies.rigidbodies[2].pose.position.x,0.8641306031922498
37.773297369,1709142508.456279513,1709142508.455861446,/rigid_bodies.rigidbodies[2].pose.position.x,0.8640826413830067
37.783637591,1709142508.466619735,1709142508.465978574,/rigid_bodies.rigidbodies[2].pose.position.x,0.8641722441296121
37.793388479,1709142508.476370623,1709142508.475905014,/rigid_bodies.rigidbodies[2].pose.position.x,0.8641696193502045
37.803329508,1709142508.486311652,1709142508.485860578,/rigid_bodies.rigidbodies[2].pose.position.x,0.8641654311647817
37.813276622000004,1709142508.496258766,1709142508.495838068,/rigid_bodies.rigidbodies[2].pose.position.x,0.8641744824198115
37.823443983,1709142508.506426127,1709142508.505898088,/rigid_bodies.rigidbodies[2].pose.position.x,0.8641339131072115
37.833164323,1709142508.516146467,1709142508.515734704,/rigid_bodies.rigidbodies[2].pose.position.x,0.8641294997359373
37.843153983,1709142508.526136127,1709142508.525725039,/rigid_bodies.rigidbodies[2].pose.position.x,0.8641222311574899
37.853642151,1709142508.536624295,1709142508.536040805,/rigid_bodies.rigidbodies[2].pose.position.x,0.8641096586002646
37.86319544,1709142508.546177584,1709142508.545813141,/rigid_bodies.rigidbodies[2].pose.position.x,0.8640818931499868
37.873295049,1709142508.556277193,1709142508.555831292,/rigid_bodies.rigidbodies[2].pose.position.x,0.864026485268891
37.883101027,1709142508.566083171,1709142508.565690842,/rigid_bodies.rigidbodies[2].pose.position.x,0.8641520637576161
37.893173054,1709142508.576155198,1709142508.575742005,/rigid_bodies.rigidbodies[2].pose.position.x,0.864176076317735
37.90344377,1709142508.586425914,1709142508.585908696,/rigid_bodies.rigidbodies[2].pose.position.x,0.8641561206594626
37.913026868,1709142508.596009012,1709142508.595660868,/rigid_bodies.rigidbodies[2].pose.position.x,0.8641261563855602
37.923216559,1709142508.606198703,1709142508.605860423,/rigid_bodies.rigidbodies[2].pose.position.x,0.8641840557670765
37.933373574,1709142508.616355718,1709142508.615872976,/rigid_bodies.rigidbodies[2].pose.position.x,0.8641836537588358
37.943414559,1709142508.626396703,1709142508.625956735,/rigid_bodies.rigidbodies[2].pose.position.x,0.8641330583546705
37.953437429,1709142508.636419573,1709142508.635914929,/rigid_bodies.rigidbodies[2].pose.position.x,0.8641406527372897
37.96328919,1709142508.646271334,1709142508.645811173,/rigid_bodies.rigidbodies[2].pose.position.x,0.8640492508386881
37.973424109,1709142508.656406253,1709142508.655893527,/rigid_bodies.rigidbodies[2].pose.position.x,0.8640774303393983
37.983375454,1709142508.666357598,1709142508.665859236,/rigid_bodies.rigidbodies[2].pose.position.x,0.8641834992452743
37.993248724,1709142508.676230868,1709142508.675705754,/rigid_bodies.rigidbodies[2].pose.position.x,0.8641395273923504
38.003425273,1709142508.686407417,1709142508.685954381,/rigid_bodies.rigidbodies[2].pose.position.x,0.8641079385042529
38.013120087,1709142508.696102231,1709142508.695727261,/rigid_bodies.rigidbodies[2].pose.position.x,0.8640630461122745
38.02344383,1709142508.706425974,1709142508.705962967,/rigid_bodies.rigidbodies[2].pose.position.x,0.8641251554071249
38.03348842,1709142508.716470564,1709142508.715901510,/rigid_bodies.rigidbodies[2].pose.position.x,0.8641498663844317
38.043252598,1709142508.726234742,1709142508.725853842,/rigid_bodies.rigidbodies[2].pose.position.x,0.8641111321630283
38.053483766,1709142508.736465910,1709142508.735919644,/rigid_bodies.rigidbodies[2].pose.position.x,0.8641558310235976
38.063054655,1709142508.746036799,1709142508.745762724,/rigid_bodies.rigidbodies[2].pose.position.x,0.8640883449127051
38.073083169,1709142508.756065313,1709142508.755713541,/rigid_bodies.rigidbodies[2].pose.position.x,0.8641636547318261
38.083416669,1709142508.766398813,1709142508.765929849,/rigid_bodies.rigidbodies[2].pose.position.x,0.8641700229064584
38.093174766,1709142508.776156910,1709142508.775810595,/rigid_bodies.rigidbodies[2].pose.position.x,0.8641492998511069
38.103422007,1709142508.786404151,1709142508.785964071,/rigid_bodies.rigidbodies[2].pose.position.x,0.864113445434477
38.113436861,1709142508.796419005,1709142508.796027219,/rigid_bodies.rigidbodies[2].pose.position.x,0.8640759703546548
38.123359158,1709142508.806341302,1709142508.805997036,/rigid_bodies.rigidbodies[2].pose.position.x,0.8641617525060178
38.133866576,1709142508.816848720,1709142508.816178506,/rigid_bodies.rigidbodies[2].pose.position.x,0.8641145664343447
38.143742574,1709142508.826724718,1709142508.826082700,/rigid_bodies.rigidbodies[2].pose.position.x,0.8641061157502875
38.153723331,1709142508.836705475,1709142508.836170945,/rigid_bodies.rigidbodies[2].pose.position.x,0.8641482997435578
38.163337366,1709142508.846319510,1709142508.845830422,/rigid_bodies.rigidbodies[2].pose.position.x,0.8641225675908327
38.173477655,1709142508.856459799,1709142508.855977326,/rigid_bodies.rigidbodies[2].pose.position.x,0.8641877354305034
38.183413246,1709142508.866395390,1709142508.865923568,/rigid_bodies.rigidbodies[2].pose.position.x,0.8642274090731854
38.193337514,1709142508.876319658,1709142508.875842073,/rigid_bodies.rigidbodies[2].pose.position.x,0.8641210776708582
38.20332806,1709142508.886310204,1709142508.885809182,/rigid_bodies.rigidbodies[2].pose.position.x,0.8640969966411095
38.213577694,1709142508.896559838,1709142508.896026902,/rigid_bodies.rigidbodies[2].pose.position.x,0.8641468034147163
38.223355532,1709142508.906337676,1709142508.905868998,/rigid_bodies.rigidbodies[2].pose.position.x,0.8641670604987101
38.233434543,1709142508.916416687,1709142508.915929315,/rigid_bodies.rigidbodies[2].pose.position.x,0.864126473646073
38.243642423,1709142508.926624567,1709142508.926079309,/rigid_bodies.rigidbodies[2].pose.position.x,0.8641147405816836
38.253615685,1709142508.936597829,1709142508.936027756,/rigid_bodies.rigidbodies[2].pose.position.x,0.864126905728424
38.263390276,1709142508.946372420,1709142508.945951676,/rigid_bodies.rigidbodies[2].pose.position.x,0.8641483275732444
38.273944869,1709142508.956927013,1709142508.956270409,/rigid_bodies.rigidbodies[2].pose.position.x,0.8642168827765551
38.283727177,1709142508.966709321,1709142508.966049390,/rigid_bodies.rigidbodies[2].pose.position.x,0.8641699428742496
38.29326382,1709142508.976245964,1709142508.975807572,/rigid_bodies.rigidbodies[2].pose.position.x,0.8641160828798486
38.303065133,1709142508.986047277,1709142508.985773695,/rigid_bodies.rigidbodies[2].pose.position.x,0.8641016123963021
38.313365932,1709142508.996348076,1709142508.995903644,/rigid_bodies.rigidbodies[2].pose.position.x,0.8641401231210829
38.323194566,1709142509.006176710,1709142509.005792745,/rigid_bodies.rigidbodies[2].pose.position.x,0.8641541394933357
38.333514663,1709142509.016496807,1709142509.016071223,/rigid_bodies.rigidbodies[2].pose.position.x,0.8640787129902087
38.343432625,1709142509.026414769,1709142509.026018047,/rigid_bodies.rigidbodies[2].pose.position.x,0.8641211152583105
38.353289215,1709142509.036271359,1709142509.035870867,/rigid_bodies.rigidbodies[2].pose.position.x,0.8642100010830635
38.363212137,1709142509.046194281,1709142509.045756031,/rigid_bodies.rigidbodies[2].pose.position.x,0.8642098477457572
38.373696745,1709142509.056678889,1709142509.056125914,/rigid_bodies.rigidbodies[2].pose.position.x,0.8641707113238442
38.383335908,1709142509.066318052,1709142509.065938734,/rigid_bodies.rigidbodies[2].pose.position.x,0.8641605400365281
38.393453361,1709142509.076435505,1709142509.075944028,/rigid_bodies.rigidbodies[2].pose.position.x,0.8640781059168914
38.404018313,1709142509.087000457,1709142509.086363836,/rigid_bodies.rigidbodies[2].pose.position.x,0.8640586680464586
38.413389419,1709142509.096371563,1709142509.095948311,/rigid_bodies.rigidbodies[2].pose.position.x,0.864209823688608
38.423497779,1709142509.106479923,1709142509.105992119,/rigid_bodies.rigidbodies[2].pose.position.x,0.8642095610382785
38.434033464,1709142509.117015608,1709142509.116412023,/rigid_bodies.rigidbodies[2].pose.position.x,0.8640835547461709
38.443261619,1709142509.126243763,1709142509.125869893,/rigid_bodies.rigidbodies[2].pose.position.x,0.8640837017809976
38.453312677,1709142509.136294821,1709142509.135848774,/rigid_bodies.rigidbodies[2].pose.position.x,0.8641608551894053
38.463356738,1709142509.146338882,1709142509.145890503,/rigid_bodies.rigidbodies[2].pose.position.x,0.8641408825500555
38.473597255,1709142509.156579399,1709142509.155982250,/rigid_bodies.rigidbodies[2].pose.position.x,0.8640997094793488
38.483950874,1709142509.166933018,1709142509.166184923,/rigid_bodies.rigidbodies[2].pose.position.x,0.8641201584184124
38.493714084,1709142509.176696228,1709142509.176075596,/rigid_bodies.rigidbodies[2].pose.position.x,0.8640962710414076
38.503431074,1709142509.186413218,1709142509.185866486,/rigid_bodies.rigidbodies[2].pose.position.x,0.8641159489213405
38.513080372,1709142509.196062516,1709142509.195652610,/rigid_bodies.rigidbodies[2].pose.position.x,0.8641850545166413
38.523404336,1709142509.206386480,1709142509.205918716,/rigid_bodies.rigidbodies[2].pose.position.x,0.8642091031874313
38.53326611,1709142509.216248254,1709142509.215811257,/rigid_bodies.rigidbodies[2].pose.position.x,0.8640985736309517
38.543123971,1709142509.226106115,1709142509.225726558,/rigid_bodies.rigidbodies[2].pose.position.x,0.8640966860829835
38.553394338,1709142509.236376482,1709142509.235899269,/rigid_bodies.rigidbodies[2].pose.position.x,0.8642008724880769
38.563094396,1709142509.246076540,1709142509.245764476,/rigid_bodies.rigidbodies[2].pose.position.x,0.8641526477982825
38.573404035,1709142509.256386179,1709142509.255929883,/rigid_bodies.rigidbodies[2].pose.position.x,0.8640324751326526
38.583207125,1709142509.266189269,1709142509.265852306,/rigid_bodies.rigidbodies[2].pose.position.x,0.8640802692953214
38.593572357,1709142509.276554501,1709142509.276071509,/rigid_bodies.rigidbodies[2].pose.position.x,0.8641584973134256
38.603378523,1709142509.286360667,1709142509.285946059,/rigid_bodies.rigidbodies[2].pose.position.x,0.8641925396024475
38.613529716,1709142509.296511860,1709142509.295945475,/rigid_bodies.rigidbodies[2].pose.position.x,0.8641789838850769
38.623726779,1709142509.306708923,1709142509.305973368,/rigid_bodies.rigidbodies[2].pose.position.x,0.8641778946682355
38.633375953,1709142509.316358097,1709142509.315887162,/rigid_bodies.rigidbodies[2].pose.position.x,0.8640989938488223
38.644018727,1709142509.327000871,1709142509.326116985,/rigid_bodies.rigidbodies[2].pose.position.x,0.864062652225329
38.653519679,1709142509.336501823,1709142509.336037048,/rigid_bodies.rigidbodies[2].pose.position.x,0.8641472278993124
38.663125233,1709142509.346107377,1709142509.345790614,/rigid_bodies.rigidbodies[2].pose.position.x,0.8641588863594646
38.6738137,1709142509.356795844,1709142509.356131507,/rigid_bodies.rigidbodies[2].pose.position.x,0.8641120758691517
38.683908472,1709142509.366890616,1709142509.366234203,/rigid_bodies.rigidbodies[2].pose.position.x,0.864098032686475
38.693385069,1709142509.376367213,1709142509.375937559,/rigid_bodies.rigidbodies[2].pose.position.x,0.8641598904760908
38.703916087,1709142509.386898231,1709142509.386370304,/rigid_bodies.rigidbodies[2].pose.position.x,0.8641811659833839
38.713243364,1709142509.396225508,1709142509.395854646,/rigid_bodies.rigidbodies[2].pose.position.x,0.864128093093555
38.723222553,1709142509.406204697,1709142509.405698810,/rigid_bodies.rigidbodies[2].pose.position.x,0.8641088134515351
38.733108632,1709142509.416090776,1709142509.415672588,/rigid_bodies.rigidbodies[2].pose.position.x,0.8641448000894306
38.743103367,1709142509.426085511,1709142509.425637506,/rigid_bodies.rigidbodies[2].pose.position.x,0.864108725996494
38.753148639,1709142509.436130783,1709142509.435696462,/rigid_bodies.rigidbodies[2].pose.position.x,0.8641010485207546
38.763208069,1709142509.446190213,1709142509.445792473,/rigid_bodies.rigidbodies[2].pose.position.x,0.8641425545985606
38.773517077,1709142509.456499221,1709142509.455821932,/rigid_bodies.rigidbodies[2].pose.position.x,0.8640804648086604
38.783386347,1709142509.466368491,1709142509.465805792,/rigid_bodies.rigidbodies[2].pose.position.x,0.8641359845920685
38.793883802,1709142509.476865946,1709142509.476049705,/rigid_bodies.rigidbodies[2].pose.position.x,0.8642230482405856
38.803630596,1709142509.486612740,1709142509.485933952,/rigid_bodies.rigidbodies[2].pose.position.x,0.864157100301158
38.81318928,1709142509.496171424,1709142509.495762803,/rigid_bodies.rigidbodies[2].pose.position.x,0.8640779133437596
38.824126331,1709142509.507108475,1709142509.506107086,/rigid_bodies.rigidbodies[2].pose.position.x,0.8640641336900642
38.833241469,1709142509.516223613,1709142509.515865719,/rigid_bodies.rigidbodies[2].pose.position.x,0.8641207048424654
38.843353782,1709142509.526335926,1709142509.525853309,/rigid_bodies.rigidbodies[2].pose.position.x,0.8641733795165453
38.853704573,1709142509.536686717,1709142509.536078957,/rigid_bodies.rigidbodies[2].pose.position.x,0.8641463222836443
38.863213234,1709142509.546195378,1709142509.545787484,/rigid_bodies.rigidbodies[2].pose.position.x,0.8641584864903905
38.873540025,1709142509.556522169,1709142509.556022011,/rigid_bodies.rigidbodies[2].pose.position.x,0.8641453767344515
38.883742979,1709142509.566725123,1709142509.566171550,/rigid_bodies.rigidbodies[2].pose.position.x,0.8641258746338946
38.893675555,1709142509.576657699,1709142509.576032138,/rigid_bodies.rigidbodies[2].pose.position.x,0.8641452163757469
38.903390477,1709142509.586372621,1709142509.585814516,/rigid_bodies.rigidbodies[2].pose.position.x,0.864127169109535
38.913701162,1709142509.596683306,1709142509.596025168,/rigid_bodies.rigidbodies[2].pose.position.x,0.8640433852351328
38.923682684,1709142509.606664828,1709142509.606023095,/rigid_bodies.rigidbodies[2].pose.position.x,0.864068609150348
38.933472901,1709142509.616455045,1709142509.615942551,/rigid_bodies.rigidbodies[2].pose.position.x,0.8641920180271154
38.943345642,1709142509.626327786,1709142509.625925954,/rigid_bodies.rigidbodies[2].pose.position.x,0.8641606239449011
38.953858689,1709142509.636840833,1709142509.636152461,/rigid_bodies.rigidbodies[2].pose.position.x,0.8641388332737986
38.963350908,1709142509.646333052,1709142509.645661228,/rigid_bodies.rigidbodies[2].pose.position.x,0.8641514678435194
38.973568929,1709142509.656551073,1709142509.655893194,/rigid_bodies.rigidbodies[2].pose.position.x,0.864132057256754
38.983739944,1709142509.666722088,1709142509.666067327,/rigid_bodies.rigidbodies[2].pose.position.x,0.8641461324358573
38.993132102,1709142509.676114246,1709142509.675707401,/rigid_bodies.rigidbodies[2].pose.position.x,0.8641432240108201
39.002934239,1709142509.685916383,1709142509.685566408,/rigid_bodies.rigidbodies[2].pose.position.x,0.8641354121904513
39.012800191,1709142509.695782335,1709142509.695483064,/rigid_bodies.rigidbodies[2].pose.position.x,0.8641003252875777
39.02306162,1709142509.706043764,1709142509.705610450,/rigid_bodies.rigidbodies[2].pose.position.x,0.8641760657996689
39.033645891,1709142509.716628035,1709142509.715922559,/rigid_bodies.rigidbodies[2].pose.position.x,0.8642087836695715
39.043413689,1709142509.726395833,1709142509.725738293,/rigid_bodies.rigidbodies[2].pose.position.x,0.8641522126221239
39.053760208,1709142509.736742352,1709142509.736048286,/rigid_bodies.rigidbodies[2].pose.position.x,0.8640873646409176
39.063204219,1709142509.746186363,1709142509.745663588,/rigid_bodies.rigidbodies[2].pose.position.x,0.864141286962501
39.073318956,1709142509.756301100,1709142509.755676833,/rigid_bodies.rigidbodies[2].pose.position.x,0.8641997072453026
39.083604979,1709142509.766587123,1709142509.765827052,/rigid_bodies.rigidbodies[2].pose.position.x,0.8641799325039232
39.093136895,1709142509.776119039,1709142509.775668099,/rigid_bodies.rigidbodies[2].pose.position.x,0.8640861028873464
39.103455531,1709142509.786437675,1709142509.785854768,/rigid_bodies.rigidbodies[2].pose.position.x,0.8640730030031517
39.113604947,1709142509.796587091,1709142509.795991419,/rigid_bodies.rigidbodies[2].pose.position.x,0.8640699882016155
39.123490117,1709142509.806472261,1709142509.805943655,/rigid_bodies.rigidbodies[2].pose.position.x,0.8642051325208421
39.13384063,1709142509.816822774,1709142509.816123948,/rigid_bodies.rigidbodies[2].pose.position.x,0.8642697427770015
39.143025542,1709142509.826007686,1709142509.825692241,/rigid_bodies.rigidbodies[2].pose.position.x,0.8641826354998791
39.153329216,1709142509.836311360,1709142509.835894170,/rigid_bodies.rigidbodies[2].pose.position.x,0.8641000330880687
39.16349882,1709142509.846480964,1709142509.845979734,/rigid_bodies.rigidbodies[2].pose.position.x,0.8641018542772096
39.173894356,1709142509.856876500,1709142509.856222648,/rigid_bodies.rigidbodies[2].pose.position.x,0.864139505978221
39.183364146,1709142509.866346290,1709142509.865919679,/rigid_bodies.rigidbodies[2].pose.position.x,0.8641264831323656
39.193506819,1709142509.876488963,1709142509.875971618,/rigid_bodies.rigidbodies[2].pose.position.x,0.8641880159445685
39.204132132,1709142509.887114276,1709142509.886314764,/rigid_bodies.rigidbodies[2].pose.position.x,0.864179745734631
39.213338483,1709142509.896320627,1709142509.895826086,/rigid_bodies.rigidbodies[2].pose.position.x,0.8640954311448052
39.223256578,1709142509.906238722,1709142509.905815157,/rigid_bodies.rigidbodies[2].pose.position.x,0.864171837482163
39.233523548,1709142509.916505692,1709142509.915995717,/rigid_bodies.rigidbodies[2].pose.position.x,0.8641937816969241
39.243279048,1709142509.926261192,1709142509.925888965,/rigid_bodies.rigidbodies[2].pose.position.x,0.8640808862501129
39.253480122,1709142509.936462266,1709142509.936016458,/rigid_bodies.rigidbodies[2].pose.position.x,0.864098677192493
39.263297352,1709142509.946279496,1709142509.945887372,/rigid_bodies.rigidbodies[2].pose.position.x,0.8641888685889765
39.273364847,1709142509.956346991,1709142509.955903250,/rigid_bodies.rigidbodies[2].pose.position.x,0.8641739897255927
39.283722532,1709142509.966704676,1709142509.966054524,/rigid_bodies.rigidbodies[2].pose.position.x,0.8640989462682127
39.293702237,1709142509.976684381,1709142509.976061234,/rigid_bodies.rigidbodies[2].pose.position.x,0.864132220063525
39.303325932,1709142509.986308076,1709142509.985834245,/rigid_bodies.rigidbodies[2].pose.position.x,0.8641550099847657
39.313473043,1709142509.996455187,1709142509.995914754,/rigid_bodies.rigidbodies[2].pose.position.x,0.8641415738098782
39.323818914,1709142510.006801058,1709142510.006074752,/rigid_bodies.rigidbodies[2].pose.position.x,0.8642038486092017
39.332994336,1709142510.015976480,1709142510.015775806,/rigid_bodies.rigidbodies[2].pose.position.x,0.8642217970857565
39.343291746,1709142510.026273890,1709142510.025972190,/rigid_bodies.rigidbodies[2].pose.position.x,0.8640932686923133
39.352960248,1709142510.035942392,1709142510.035638755,/rigid_bodies.rigidbodies[2].pose.position.x,0.8640262861079311
39.362937123,1709142510.045919267,1709142510.045673376,/rigid_bodies.rigidbodies[2].pose.position.x,0.864185256330524
39.372815497,1709142510.055797641,1709142510.055571717,/rigid_bodies.rigidbodies[2].pose.position.x,0.8641932749929168
39.382827916,1709142510.065810060,1709142510.065587380,/rigid_bodies.rigidbodies[2].pose.position.x,0.8641194101667514
39.392925082,1709142510.075907226,1709142510.075687123,/rigid_bodies.rigidbodies[2].pose.position.x,0.8641316749498936
39.40286374,1709142510.085845884,1709142510.085589568,/rigid_bodies.rigidbodies[2].pose.position.x,0.8641829801581743
39.412790191,1709142510.095772335,1709142510.095532043,/rigid_bodies.rigidbodies[2].pose.position.x,0.8641509281140387
39.422909539,1709142510.105891683,1709142510.105567305,/rigid_bodies.rigidbodies[2].pose.position.x,0.8641265638727882
39.432931275,1709142510.115913419,1709142510.115658224,/rigid_bodies.rigidbodies[2].pose.position.x,0.8641658923814531
39.442949273,1709142510.125931417,1709142510.125694333,/rigid_bodies.rigidbodies[2].pose.position.x,0.8640915895504594
39.453032196,1709142510.136014340,1709142510.135721095,/rigid_bodies.rigidbodies[2].pose.position.x,0.8640662100235201
39.463152652,1709142510.146134796,1709142510.145808422,/rigid_bodies.rigidbodies[2].pose.position.x,0.8642058263450038
39.473484751,1709142510.156466895,1709142510.155986970,/rigid_bodies.rigidbodies[2].pose.position.x,0.8641872830292081
39.483664787,1709142510.166646931,1709142510.166098167,/rigid_bodies.rigidbodies[2].pose.position.x,0.8640969967536622
39.493359031,1709142510.176341175,1709142510.175860047,/rigid_bodies.rigidbodies[2].pose.position.x,0.8641240818646695
39.503826094,1709142510.186808238,1709142510.186192345,/rigid_bodies.rigidbodies[2].pose.position.x,0.8641745076765948
39.513737393,1709142510.196719537,1709142510.196094687,/rigid_bodies.rigidbodies[2].pose.position.x,0.8641363377383252
39.523449763,1709142510.206431907,1709142510.205924127,/rigid_bodies.rigidbodies[2].pose.position.x,0.8640823057084411
39.533624811,1709142510.216606955,1709142510.216024579,/rigid_bodies.rigidbodies[2].pose.position.x,0.8641350448066267
39.543328833,1709142510.226310977,1709142510.225817430,/rigid_bodies.rigidbodies[2].pose.position.x,0.8641466976947164
39.553219223,1709142510.236201367,1709142510.235805499,/rigid_bodies.rigidbodies[2].pose.position.x,0.8641063135888962
39.563230657,1709142510.246212801,1709142510.245830678,/rigid_bodies.rigidbodies[2].pose.position.x,0.8641506143789565
39.573410269,1709142510.256392413,1709142510.255893706,/rigid_bodies.rigidbodies[2].pose.position.x,0.8641798603159527
39.583894018,1709142510.266876162,1709142510.266195211,/rigid_bodies.rigidbodies[2].pose.position.x,0.8641105870807763
39.593212957,1709142510.276195101,1709142510.275806823,/rigid_bodies.rigidbodies[2].pose.position.x,0.8641013482003437
39.603301881,1709142510.286284025,1709142510.285851605,/rigid_bodies.rigidbodies[2].pose.position.x,0.8641620196801525
39.612732438,1709142510.295714582,1709142510.295531475,/rigid_bodies.rigidbodies[2].pose.position.x,0.8641109880407583
39.622941526,1709142510.305923670,1709142510.305708080,/rigid_bodies.rigidbodies[2].pose.position.x,0.8640665525815031
39.633333308,1709142510.316315452,1709142510.315907808,/rigid_bodies.rigidbodies[2].pose.position.x,0.8641046863059322
39.643170989,1709142510.326153133,1709142510.325766193,/rigid_bodies.rigidbodies[2].pose.position.x,0.864181393374888
39.653228247,1709142510.336210391,1709142510.335851217,/rigid_bodies.rigidbodies[2].pose.position.x,0.8641661960907713
39.663301441,1709142510.346283585,1709142510.345783280,/rigid_bodies.rigidbodies[2].pose.position.x,0.8641130075788139
39.673328344,1709142510.356310488,1709142510.355862041,/rigid_bodies.rigidbodies[2].pose.position.x,0.8641498833691817
39.683631453,1709142510.366613597,1709142510.366063668,/rigid_bodies.rigidbodies[2].pose.position.x,0.8640717313335967
39.693632352,1709142510.376614496,1709142510.376007228,/rigid_bodies.rigidbodies[2].pose.position.x,0.8641172037764675
39.703257622,1709142510.386239766,1709142510.385815209,/rigid_bodies.rigidbodies[2].pose.position.x,0.8641757517178262
39.713459444,1709142510.396441588,1709142510.395914601,/rigid_bodies.rigidbodies[2].pose.position.x,0.8641108623237043
39.724009325,1709142510.406991469,1709142510.406149747,/rigid_bodies.rigidbodies[2].pose.position.x,0.864101386703668
39.733191504,1709142510.416173648,1709142510.415807783,/rigid_bodies.rigidbodies[2].pose.position.x,0.8640890491810077
39.743360737,1709142510.426342881,1709142510.425926352,/rigid_bodies.rigidbodies[2].pose.position.x,0.8641730049095921
39.753523647,1709142510.436505791,1709142510.436028878,/rigid_bodies.rigidbodies[2].pose.position.x,0.8641942780533356
39.763143266,1709142510.446125410,1709142510.445671229,/rigid_bodies.rigidbodies[2].pose.position.x,0.864114249530633
39.773064919,1709142510.456047063,1709142510.455658727,/rigid_bodies.rigidbodies[2].pose.position.x,0.8640763482519627
39.783286435,1709142510.466268579,1709142510.465703497,/rigid_bodies.rigidbodies[2].pose.position.x,0.864083004202689
39.793259118,1709142510.476241262,1709142510.475669475,/rigid_bodies.rigidbodies[2].pose.position.x,0.8641282356634118
39.803397963,1709142510.486380107,1709142510.485815973,/rigid_bodies.rigidbodies[2].pose.position.x,0.8641737949505898
39.81320357,1709142510.496185714,1709142510.495716643,/rigid_bodies.rigidbodies[2].pose.position.x,0.8641671488052339
39.823043585,1709142510.506025729,1709142510.505651495,/rigid_bodies.rigidbodies[2].pose.position.x,0.8640499308192937
39.83337375,1709142510.516355894,1709142510.515748028,/rigid_bodies.rigidbodies[2].pose.position.x,0.8640974043282237
39.843307472,1709142510.526289616,1709142510.525725484,/rigid_bodies.rigidbodies[2].pose.position.x,0.8641715831646479
39.8533298,1709142510.536311944,1709142510.535750709,/rigid_bodies.rigidbodies[2].pose.position.x,0.864143505256409
39.863186637,1709142510.546168781,1709142510.545669381,/rigid_bodies.rigidbodies[2].pose.position.x,0.8641225314206346
39.873532831,1709142510.556514975,1709142510.555852252,/rigid_bodies.rigidbodies[2].pose.position.x,0.8640958079032018
39.883575904,1709142510.566558048,1709142510.565901979,/rigid_bodies.rigidbodies[2].pose.position.x,0.8641329399795897
39.893472424,1709142510.576454568,1709142510.575801684,/rigid_bodies.rigidbodies[2].pose.position.x,0.8641394887205543
39.903617615,1709142510.586599759,1709142510.585874873,/rigid_bodies.rigidbodies[2].pose.position.x,0.8640950764314632
39.913277699,1709142510.596259843,1709142510.595699834,/rigid_bodies.rigidbodies[2].pose.position.x,0.8641691622609978
39.923309725,1709142510.606291869,1709142510.605710610,/rigid_bodies.rigidbodies[2].pose.position.x,0.8641090493080495
39.933497353,1709142510.616479497,1709142510.615812141,/rigid_bodies.rigidbodies[2].pose.position.x,0.8641626285470017
39.94344592,1709142510.626428064,1709142510.625841507,/rigid_bodies.rigidbodies[2].pose.position.x,0.8641794258706285
39.953198083,1709142510.636180227,1709142510.635657239,/rigid_bodies.rigidbodies[2].pose.position.x,0.8641128328995131
39.963361913,1709142510.646344057,1709142510.645865540,/rigid_bodies.rigidbodies[2].pose.position.x,0.8640666480827802
39.97324938,1709142510.656231524,1709142510.655737193,/rigid_bodies.rigidbodies[2].pose.position.x,0.8641120653438953
39.983098072,1709142510.666080216,1709142510.665692761,/rigid_bodies.rigidbodies[2].pose.position.x,0.8642317370730961
39.993391499,1709142510.676373643,1709142510.675888218,/rigid_bodies.rigidbodies[2].pose.position.x,0.8642031079044731
40.003963924,1709142510.686946068,1709142510.686221485,/rigid_bodies.rigidbodies[2].pose.position.x,0.8641273236677356
40.01353403,1709142510.696516174,1709142510.695936893,/rigid_bodies.rigidbodies[2].pose.position.x,0.8641341048445677
40.023361511,1709142510.706343655,1709142510.705717136,/rigid_bodies.rigidbodies[2].pose.position.x,0.8640549645723418
40.033575333,1709142510.716557477,1709142510.715872281,/rigid_bodies.rigidbodies[2].pose.position.x,0.8641586153549236
40.043439752,1709142510.726421896,1709142510.725821037,/rigid_bodies.rigidbodies[2].pose.position.x,0.8642073993290629
40.053358113,1709142510.736340257,1709142510.735801648,/rigid_bodies.rigidbodies[2].pose.position.x,0.8641365973912084
40.063345262,1709142510.746327406,1709142510.745833685,/rigid_bodies.rigidbodies[2].pose.position.x,0.864035347403194
40.073435277,1709142510.756417421,1709142510.755968616,/rigid_bodies.rigidbodies[2].pose.position.x,0.8641173809748611
40.083965347,1709142510.766947491,1709142510.766382820,/rigid_bodies.rigidbodies[2].pose.position.x,0.8641729718154727
40.093513571,1709142510.776495715,1709142510.776035469,/rigid_bodies.rigidbodies[2].pose.position.x,0.8641315700113184
40.103280508,1709142510.786262652,1709142510.785925873,/rigid_bodies.rigidbodies[2].pose.position.x,0.8641670589916227
40.113392829,1709142510.796374973,1709142510.795971007,/rigid_bodies.rigidbodies[2].pose.position.x,0.8641211959663422
40.123392552,1709142510.806374696,1709142510.805969885,/rigid_bodies.rigidbodies[2].pose.position.x,0.8641337663368909
40.133264505,1709142510.816246649,1709142510.815884727,/rigid_bodies.rigidbodies[2].pose.position.x,0.8641086619899696
40.143599005,1709142510.826581149,1709142510.826112882,/rigid_bodies.rigidbodies[2].pose.position.x,0.864130677565966
40.153373098,1709142510.836355242,1709142510.835866648,/rigid_bodies.rigidbodies[2].pose.position.x,0.8641238955957364
40.163051898,1709142510.846034042,1709142510.845677202,/rigid_bodies.rigidbodies[2].pose.position.x,0.8640755120464908
40.173309139,1709142510.856291283,1709142510.855785284,/rigid_bodies.rigidbodies[2].pose.position.x,0.8642005666806173
40.183369391,1709142510.866351535,1709142510.865831962,/rigid_bodies.rigidbodies[2].pose.position.x,0.8641405260763668
40.193208374,1709142510.876190518,1709142510.875724756,/rigid_bodies.rigidbodies[2].pose.position.x,0.8640832756213629
40.203176814,1709142510.886158958,1709142510.885713689,/rigid_bodies.rigidbodies[2].pose.position.x,0.8641076873606831
40.213325654,1709142510.896307798,1709142510.895808831,/rigid_bodies.rigidbodies[2].pose.position.x,0.8641396108732596
40.223020781,1709142510.906002925,1709142510.905652250,/rigid_bodies.rigidbodies[2].pose.position.x,0.8641547391705127
40.233372045,1709142510.916354189,1709142510.915862559,/rigid_bodies.rigidbodies[2].pose.position.x,0.864117901613397
40.243152974,1709142510.926135118,1709142510.925789387,/rigid_bodies.rigidbodies[2].pose.position.x,0.8641133716298138
40.253038624,1709142510.936020768,1709142510.935673350,/rigid_bodies.rigidbodies[2].pose.position.x,0.8641517387568661
40.263125535,1709142510.946107679,1709142510.945889390,/rigid_bodies.rigidbodies[2].pose.position.x,0.8641020970194465
40.2734305,1709142510.956412644,1709142510.955993085,/rigid_bodies.rigidbodies[2].pose.position.x,0.8641794535541707
40.283071356,1709142510.966053500,1709142510.965710726,/rigid_bodies.rigidbodies[2].pose.position.x,0.8641503014981095
40.293302708,1709142510.976284852,1709142510.975848433,/rigid_bodies.rigidbodies[2].pose.position.x,0.8640485999074528
40.303387876,1709142510.986370020,1709142510.985936127,/rigid_bodies.rigidbodies[2].pose.position.x,0.8641099284115095
40.313012929,1709142510.995995073,1709142510.995712153,/rigid_bodies.rigidbodies[2].pose.position.x,0.8641976636090197
40.323251347,1709142511.006233491,1709142511.005813470,/rigid_bodies.rigidbodies[2].pose.position.x,0.8641303634586863
40.333341122,1709142511.016323266,1709142511.015884653,/rigid_bodies.rigidbodies[2].pose.position.x,0.8641040492267931
40.342959437,1709142511.025941581,1709142511.025687464,/rigid_bodies.rigidbodies[2].pose.position.x,0.8641267392492487
40.353324344,1709142511.036306488,1709142511.035859275,/rigid_bodies.rigidbodies[2].pose.position.x,0.8641504559773006
40.363178785,1709142511.046160929,1709142511.045685410,/rigid_bodies.rigidbodies[2].pose.position.x,0.8641830725320274
40.373154711,1709142511.056136855,1709142511.055763160,/rigid_bodies.rigidbodies[2].pose.position.x,0.8641451283022467
40.38316118,1709142511.066143324,1709142511.065762269,/rigid_bodies.rigidbodies[2].pose.position.x,0.8641464525594561
40.393500149,1709142511.076482293,1709142511.076019408,/rigid_bodies.rigidbodies[2].pose.position.x,0.8640753083075802
40.403129314,1709142511.086111458,1709142511.085773576,/rigid_bodies.rigidbodies[2].pose.position.x,0.8640977807108455
40.41276569,1709142511.095747834,1709142511.095580598,/rigid_bodies.rigidbodies[2].pose.position.x,0.8642327562326672
40.423023976,1709142511.106006120,1709142511.105706735,/rigid_bodies.rigidbodies[2].pose.position.x,0.8641303367564045
40.433433185,1709142511.116415329,1709142511.115994814,/rigid_bodies.rigidbodies[2].pose.position.x,0.8641065351380594
40.443182432,1709142511.126164576,1709142511.125854592,/rigid_bodies.rigidbodies[2].pose.position.x,0.8641284896325697
40.453528294,1709142511.136510438,1709142511.136132607,/rigid_bodies.rigidbodies[2].pose.position.x,0.8641610025631185
40.463254444,1709142511.146236588,1709142511.145897295,/rigid_bodies.rigidbodies[2].pose.position.x,0.8641500435767994
40.473519499,1709142511.156501643,1709142511.156026415,/rigid_bodies.rigidbodies[2].pose.position.x,0.8641251303643618
40.483444624,1709142511.166426768,1709142511.166074945,/rigid_bodies.rigidbodies[2].pose.position.x,0.8641212578594349
40.49365311,1709142511.176635254,1709142511.176140754,/rigid_bodies.rigidbodies[2].pose.position.x,0.8640632912882158
40.503629123,1709142511.186611267,1709142511.185957357,/rigid_bodies.rigidbodies[2].pose.position.x,0.8641294971084383
40.513456107,1709142511.196438251,1709142511.195971333,/rigid_bodies.rigidbodies[2].pose.position.x,0.8642214405129733
40.523846402,1709142511.206828546,1709142511.206173499,/rigid_bodies.rigidbodies[2].pose.position.x,0.8641381152323518
40.533319758,1709142511.216301902,1709142511.215917631,/rigid_bodies.rigidbodies[2].pose.position.x,0.8640969588053974
40.543615395,1709142511.226597539,1709142511.226134862,/rigid_bodies.rigidbodies[2].pose.position.x,0.8641670669796362
40.553602045,1709142511.236584189,1709142511.236118872,/rigid_bodies.rigidbodies[2].pose.position.x,0.8641846641295361
40.563244679,1709142511.246226823,1709142511.245891972,/rigid_bodies.rigidbodies[2].pose.position.x,0.8641543632634159
40.573433647,1709142511.256415791,1709142511.255994419,/rigid_bodies.rigidbodies[2].pose.position.x,0.8641589663122471
40.583573326,1709142511.266555470,1709142511.266104945,/rigid_bodies.rigidbodies[2].pose.position.x,0.8641525595557147
40.593330294,1709142511.276312438,1709142511.275905893,/rigid_bodies.rigidbodies[2].pose.position.x,0.8641164442946229
40.603737949,1709142511.286720093,1709142511.286187370,/rigid_bodies.rigidbodies[2].pose.position.x,0.8641686444215994
40.613290595,1709142511.296272739,1709142511.295737015,/rigid_bodies.rigidbodies[2].pose.position.x,0.8641860790862823
40.623547582,1709142511.306529726,1709142511.306092227,/rigid_bodies.rigidbodies[2].pose.position.x,0.8641620635999888
40.633794973,1709142511.316777117,1709142511.316068174,/rigid_bodies.rigidbodies[2].pose.position.x,0.8640653330152054
40.643467484,1709142511.326449628,1709142511.325965357,/rigid_bodies.rigidbodies[2].pose.position.x,0.864106914986726
40.653354605,1709142511.336336749,1709142511.335871525,/rigid_bodies.rigidbodies[2].pose.position.x,0.8641917367216717
40.663074318,1709142511.346056462,1709142511.345803293,/rigid_bodies.rigidbodies[2].pose.position.x,0.864113093760482
40.673538248,1709142511.356520392,1709142511.355937258,/rigid_bodies.rigidbodies[2].pose.position.x,0.864125579710637
40.683433396,1709142511.366415540,1709142511.365872419,/rigid_bodies.rigidbodies[2].pose.position.x,0.8641442063436404
40.693363485,1709142511.376345629,1709142511.375845364,/rigid_bodies.rigidbodies[2].pose.position.x,0.8641359941858571
40.703855877,1709142511.386838021,1709142511.386091816,/rigid_bodies.rigidbodies[2].pose.position.x,0.8641647854040919
40.71338951,1709142511.396371654,1709142511.395855228,/rigid_bodies.rigidbodies[2].pose.position.x,0.864175500543797
40.723491525,1709142511.406473669,1709142511.405869394,/rigid_bodies.rigidbodies[2].pose.position.x,0.8641899203399597
40.733722821,1709142511.416704965,1709142511.416010575,/rigid_bodies.rigidbodies[2].pose.position.x,0.8640725137909642
40.743422054,1709142511.426404198,1709142511.425866256,/rigid_bodies.rigidbodies[2].pose.position.x,0.8641262272810513
40.753618281,1709142511.436600425,1709142511.435981096,/rigid_bodies.rigidbodies[2].pose.position.x,0.864167033845775
40.763224125,1709142511.446206269,1709142511.445885919,/rigid_bodies.rigidbodies[2].pose.position.x,0.8641260204837987
40.773439409,1709142511.456421553,1709142511.455922609,/rigid_bodies.rigidbodies[2].pose.position.x,0.8641171019913857
40.783824146,1709142511.466806290,1709142511.466031449,/rigid_bodies.rigidbodies[2].pose.position.x,0.864169926409024
40.793278308,1709142511.476260452,1709142511.475857120,/rigid_bodies.rigidbodies[2].pose.position.x,0.8642044484309594
40.803359631,1709142511.486341775,1709142511.485992890,/rigid_bodies.rigidbodies[2].pose.position.x,0.8640842593185044
40.813250603,1709142511.496232747,1709142511.495902080,/rigid_bodies.rigidbodies[2].pose.position.x,0.8641051788273155
40.823298115,1709142511.506280259,1709142511.505808481,/rigid_bodies.rigidbodies[2].pose.position.x,0.8641256125781053
40.833383973,1709142511.516366117,1709142511.515876409,/rigid_bodies.rigidbodies[2].pose.position.x,0.8641436142465554
40.843325708,1709142511.526307852,1709142511.525942874,/rigid_bodies.rigidbodies[2].pose.position.x,0.8641569853896395
40.853213352,1709142511.536195496,1709142511.535841822,/rigid_bodies.rigidbodies[2].pose.position.x,0.864142624608086
40.863338753,1709142511.546320897,1709142511.546011817,/rigid_bodies.rigidbodies[2].pose.position.x,0.8641411636149013
40.873541135,1709142511.556523279,1709142511.556067091,/rigid_bodies.rigidbodies[2].pose.position.x,0.8640989096280759
40.883198249,1709142511.566180393,1709142511.565813314,/rigid_bodies.rigidbodies[2].pose.position.x,0.8641704065843769
40.893693443000004,1709142511.576675587,1709142511.576105188,/rigid_bodies.rigidbodies[2].pose.position.x,0.8642061625306735
40.903282784,1709142511.586264928,1709142511.585884353,/rigid_bodies.rigidbodies[2].pose.position.x,0.8640978338852654
40.91333667,1709142511.596318814,1709142511.595856125,/rigid_bodies.rigidbodies[2].pose.position.x,0.8640958643584299
40.923288529,1709142511.606270673,1709142511.605838446,/rigid_bodies.rigidbodies[2].pose.position.x,0.8641067568136623
40.933467719,1709142511.616449863,1709142511.615950533,/rigid_bodies.rigidbodies[2].pose.position.x,0.8641613080843243
40.943322837,1709142511.626304981,1709142511.625961090,/rigid_bodies.rigidbodies[2].pose.position.x,0.8641472482073772
40.953330546000004,1709142511.636312690,1709142511.635927406,/rigid_bodies.rigidbodies[2].pose.position.x,0.8641735910592294
40.963088341,1709142511.646070485,1709142511.645793620,/rigid_bodies.rigidbodies[2].pose.position.x,0.8641358153507489
40.973226628,1709142511.656208772,1709142511.655899594,/rigid_bodies.rigidbodies[2].pose.position.x,0.8641286525087948
40.983454562,1709142511.666436706,1709142511.666020037,/rigid_bodies.rigidbodies[2].pose.position.x,0.864177340197737
40.993267474,1709142511.676249618,1709142511.675832940,/rigid_bodies.rigidbodies[2].pose.position.x,0.8641560606142681
41.003571126,1709142511.686553270,1709142511.686040816,/rigid_bodies.rigidbodies[2].pose.position.x,0.8641367528982532
41.013237793,1709142511.696219937,1709142511.695879633,/rigid_bodies.rigidbodies[2].pose.position.x,0.8640912468876687
41.023033532,1709142511.706015676,1709142511.705744841,/rigid_bodies.rigidbodies[2].pose.position.x,0.8641780366544938
41.03316905,1709142511.716151194,1709142511.715797891,/rigid_bodies.rigidbodies[2].pose.position.x,0.8641951841807611
41.042860918,1709142511.725843062,1709142511.725562478,/rigid_bodies.rigidbodies[2].pose.position.x,0.8641090051766936
41.053149335,1709142511.736131479,1709142511.735653890,/rigid_bodies.rigidbodies[2].pose.position.x,0.864121375059016
41.063189501,1709142511.746171645,1709142511.745702868,/rigid_bodies.rigidbodies[2].pose.position.x,0.8641109455978258
41.073608973,1709142511.756591117,1709142511.756041680,/rigid_bodies.rigidbodies[2].pose.position.x,0.8641827645096117
41.08332989,1709142511.766312034,1709142511.765897609,/rigid_bodies.rigidbodies[2].pose.position.x,0.8641665709383634
41.093775892,1709142511.776758036,1709142511.776284859,/rigid_bodies.rigidbodies[2].pose.position.x,0.8641484036742911
41.103522304,1709142511.786504448,1709142511.786069590,/rigid_bodies.rigidbodies[2].pose.position.x,0.864093010653401
41.113056992,1709142511.796039136,1709142511.795818812,/rigid_bodies.rigidbodies[2].pose.position.x,0.8640563500911
41.12397495,1709142511.806957094,1709142511.806216734,/rigid_bodies.rigidbodies[2].pose.position.x,0.8642075733055661
41.133621282,1709142511.816603426,1709142511.815999676,/rigid_bodies.rigidbodies[2].pose.position.x,0.8642044723720089
41.143127016,1709142511.826109160,1709142511.825776207,/rigid_bodies.rigidbodies[2].pose.position.x,0.8641731089489609
41.153692433,1709142511.836674577,1709142511.836182132,/rigid_bodies.rigidbodies[2].pose.position.x,0.8641632356292139
41.163237048,1709142511.846219192,1709142511.845934155,/rigid_bodies.rigidbodies[2].pose.position.x,0.8641051346023337
41.173641918,1709142511.856624062,1709142511.856011015,/rigid_bodies.rigidbodies[2].pose.position.x,0.8641562121912743
41.183460369,1709142511.866442513,1709142511.865948685,/rigid_bodies.rigidbodies[2].pose.position.x,0.8641678691834765
41.193790261,1709142511.876772405,1709142511.876118568,/rigid_bodies.rigidbodies[2].pose.position.x,0.8641551510677689
41.203485331,1709142511.886467475,1709142511.885944886,/rigid_bodies.rigidbodies[2].pose.position.x,0.8640845195647223
41.213361926,1709142511.896344070,1709142511.895871656,/rigid_bodies.rigidbodies[2].pose.position.x,0.864127585359806
41.223640776,1709142511.906622920,1709142511.906019063,/rigid_bodies.rigidbodies[2].pose.position.x,0.8641961313372186
41.233211185,1709142511.916193329,1709142511.915741866,/rigid_bodies.rigidbodies[2].pose.position.x,0.8641617306230615
41.243284299,1709142511.926266443,1709142511.925772923,/rigid_bodies.rigidbodies[2].pose.position.x,0.8640984832250947
41.252856441,1709142511.935838585,1709142511.935543388,/rigid_bodies.rigidbodies[2].pose.position.x,0.8641034213082264
41.262968651,1709142511.945950795,1709142511.945699123,/rigid_bodies.rigidbodies[2].pose.position.x,0.8641352176733665
41.273068817,1709142511.956050961,1709142511.955703384,/rigid_bodies.rigidbodies[2].pose.position.x,0.8641509008686956
41.283289258,1709142511.966271402,1709142511.965833256,/rigid_bodies.rigidbodies[2].pose.position.x,0.8641857444889063
41.292986096,1709142511.975968240,1709142511.975646534,/rigid_bodies.rigidbodies[2].pose.position.x,0.864163923242652
41.30314021,1709142511.986122354,1709142511.985794201,/rigid_bodies.rigidbodies[2].pose.position.x,0.8641133470581176
41.313201995,1709142511.996184139,1709142511.995806676,/rigid_bodies.rigidbodies[2].pose.position.x,0.8641263234559367
41.323182344,1709142512.006164488,1709142512.005862520,/rigid_bodies.rigidbodies[2].pose.position.x,0.8641841824225651
41.333353685,1709142512.016335829,1709142512.015984778,/rigid_bodies.rigidbodies[2].pose.position.x,0.8641800121010287
41.343260621,1709142512.026242765,1709142512.025942013,/rigid_bodies.rigidbodies[2].pose.position.x,0.8640961788357773
41.353114466,1709142512.036096610,1709142512.035735218,/rigid_bodies.rigidbodies[2].pose.position.x,0.8641364708547649
41.363048495,1709142512.046030639,1709142512.045685465,/rigid_bodies.rigidbodies[2].pose.position.x,0.8642043089798421
41.372787997,1709142512.055770141,1709142512.055543806,/rigid_bodies.rigidbodies[2].pose.position.x,0.8640740439066661
41.383148431,1709142512.066130575,1709142512.065785626,/rigid_bodies.rigidbodies[2].pose.position.x,0.864162419193142
41.393048816,1709142512.076030960,1709142512.075636889,/rigid_bodies.rigidbodies[2].pose.position.x,0.8641869517404501
41.403008711,1709142512.085990855,1709142512.085665826,/rigid_bodies.rigidbodies[2].pose.position.x,0.8641069029917218
41.412818693,1709142512.095800837,1709142512.095593406,/rigid_bodies.rigidbodies[2].pose.position.x,0.8641453818694284
41.422907108,1709142512.105889252,1709142512.105677660,/rigid_bodies.rigidbodies[2].pose.position.x,0.8641185362494457
41.43329979,1709142512.116281934,1709142512.115874768,/rigid_bodies.rigidbodies[2].pose.position.x,0.8641318817078919
41.443683559,1709142512.126665703,1709142512.125928049,/rigid_bodies.rigidbodies[2].pose.position.x,0.864084718784979
41.453509109,1709142512.136491253,1709142512.136038690,/rigid_bodies.rigidbodies[2].pose.position.x,0.8641630536337964
41.462895889,1709142512.145878033,1709142512.145662122,/rigid_bodies.rigidbodies[2].pose.position.x,0.8642106908794178
41.473086017,1709142512.156068161,1709142512.155761361,/rigid_bodies.rigidbodies[2].pose.position.x,0.864088052400945
41.483390487,1709142512.166372631,1709142512.165931498,/rigid_bodies.rigidbodies[2].pose.position.x,0.8640848455203893
41.493052119,1709142512.176034263,1709142512.175708353,/rigid_bodies.rigidbodies[2].pose.position.x,0.8641406852040264
41.50338806,1709142512.186370204,1709142512.185938419,/rigid_bodies.rigidbodies[2].pose.position.x,0.8641774834279973
41.513125896,1709142512.196108040,1709142512.195807269,/rigid_bodies.rigidbodies[2].pose.position.x,0.8641273568655753
41.523015782,1709142512.205997926,1709142512.205754921,/rigid_bodies.rigidbodies[2].pose.position.x,0.8641309683309853
41.533308927,1709142512.216291071,1709142512.215918119,/rigid_bodies.rigidbodies[2].pose.position.x,0.8641043445297492
41.54323766,1709142512.226219804,1709142512.225959363,/rigid_bodies.rigidbodies[2].pose.position.x,0.8640529342025134
41.553292979,1709142512.236275123,1709142512.235944043,/rigid_bodies.rigidbodies[2].pose.position.x,0.8641864498223965
41.563049005,1709142512.246031149,1709142512.245733756,/rigid_bodies.rigidbodies[2].pose.position.x,0.8641973740650423
41.573538353000004,1709142512.256520497,1709142512.256097690,/rigid_bodies.rigidbodies[2].pose.position.x,0.8641142998962973
41.58346052,1709142512.266442664,1709142512.265964707,/rigid_bodies.rigidbodies[2].pose.position.x,0.8640502071861448
41.59301151,1709142512.275993654,1709142512.275692025,/rigid_bodies.rigidbodies[2].pose.position.x,0.8641542298361679
41.603379236,1709142512.286361380,1709142512.285955585,/rigid_bodies.rigidbodies[2].pose.position.x,0.8642042892352956
41.613263544,1709142512.296245688,1709142512.295916691,/rigid_bodies.rigidbodies[2].pose.position.x,0.8640996111947042
41.623201657,1709142512.306183801,1709142512.305893456,/rigid_bodies.rigidbodies[2].pose.position.x,0.8641674427212571
41.633303931,1709142512.316286075,1709142512.315896497,/rigid_bodies.rigidbodies[2].pose.position.x,0.864108619491323
41.643015778,1709142512.325997922,1709142512.325702849,/rigid_bodies.rigidbodies[2].pose.position.x,0.8640860444152795
41.652910055,1709142512.335892199,1709142512.335582148,/rigid_bodies.rigidbodies[2].pose.position.x,0.8641827575106921
41.662954383,1709142512.345936527,1709142512.345735533,/rigid_bodies.rigidbodies[2].pose.position.x,0.864193684284511
41.672973831,1709142512.355955975,1709142512.355624521,/rigid_bodies.rigidbodies[2].pose.position.x,0.8641227644353295
41.683147581,1709142512.366129725,1709142512.365734384,/rigid_bodies.rigidbodies[2].pose.position.x,0.8640801954674923
41.693155838,1709142512.376137982,1709142512.375756671,/rigid_bodies.rigidbodies[2].pose.position.x,0.8641724576190039
41.703446959,1709142512.386429103,1709142512.385912435,/rigid_bodies.rigidbodies[2].pose.position.x,0.8641556118677445
41.713170319,1709142512.396152463,1709142512.395727018,/rigid_bodies.rigidbodies[2].pose.position.x,0.8640696937633059
41.723053209,1709142512.406035353,1709142512.405686620,/rigid_bodies.rigidbodies[2].pose.position.x,0.8641105721561356
41.733343602,1709142512.416325746,1709142512.415892626,/rigid_bodies.rigidbodies[2].pose.position.x,0.8641749491116064
41.743214747,1709142512.426196891,1709142512.425817981,/rigid_bodies.rigidbodies[2].pose.position.x,0.8642041316425321
41.753101334,1709142512.436083478,1709142512.435707147,/rigid_bodies.rigidbodies[2].pose.position.x,0.8641241554318888
41.762977954,1709142512.445960098,1709142512.445578493,/rigid_bodies.rigidbodies[2].pose.position.x,0.8641713408256434
41.773283854,1709142512.456265998,1709142512.455876905,/rigid_bodies.rigidbodies[2].pose.position.x,0.8641089864222002
41.783249268,1709142512.466231412,1709142512.465813031,/rigid_bodies.rigidbodies[2].pose.position.x,0.8640919970601257
41.793572458,1709142512.476554602,1709142512.475931525,/rigid_bodies.rigidbodies[2].pose.position.x,0.8642003042888026
41.803322473,1709142512.486304617,1709142512.485762412,/rigid_bodies.rigidbodies[2].pose.position.x,0.8642062484213541
41.813042006,1709142512.496024150,1709142512.495737898,/rigid_bodies.rigidbodies[2].pose.position.x,0.8641361081272987
41.823210875,1709142512.506193019,1709142512.505725240,/rigid_bodies.rigidbodies[2].pose.position.x,0.8640644007342644
41.833542462,1709142512.516524606,1709142512.515880714,/rigid_bodies.rigidbodies[2].pose.position.x,0.8641764313566954
41.843113459,1709142512.526095603,1709142512.525692203,/rigid_bodies.rigidbodies[2].pose.position.x,0.8641764051273046
41.853370984,1709142512.536353128,1709142512.535845583,/rigid_bodies.rigidbodies[2].pose.position.x,0.8641441764514562
41.863062293,1709142512.546044437,1709142512.545601083,/rigid_bodies.rigidbodies[2].pose.position.x,0.8641767084363471
41.873132624,1709142512.556114768,1709142512.555712072,/rigid_bodies.rigidbodies[2].pose.position.x,0.8641537075810503
41.883007657,1709142512.565989801,1709142512.565651644,/rigid_bodies.rigidbodies[2].pose.position.x,0.8641438777817245
41.893269604,1709142512.576251748,1709142512.575904104,/rigid_bodies.rigidbodies[2].pose.position.x,0.8641168472457285
41.903205346,1709142512.586187490,1709142512.585847701,/rigid_bodies.rigidbodies[2].pose.position.x,0.8642031023080793
41.913074533,1709142512.596056677,1709142512.595802023,/rigid_bodies.rigidbodies[2].pose.position.x,0.8641736585667876
41.923656731,1709142512.606638875,1709142512.606139977,/rigid_bodies.rigidbodies[2].pose.position.x,0.8641107763762981
41.933107151,1709142512.616089295,1709142512.615859151,/rigid_bodies.rigidbodies[2].pose.position.x,0.8641742846269436
41.943029222,1709142512.626011366,1709142512.625683099,/rigid_bodies.rigidbodies[2].pose.position.x,0.8641453241183135
41.953708491,1709142512.636690635,1709142512.636219583,/rigid_bodies.rigidbodies[2].pose.position.x,0.8640727680809951
41.962960269,1709142512.645942413,1709142512.645699353,/rigid_bodies.rigidbodies[2].pose.position.x,0.8641338489723677
41.973113258,1709142512.656095402,1709142512.655838926,/rigid_bodies.rigidbodies[2].pose.position.x,0.8641845683195967
41.983534516,1709142512.666516660,1709142512.666057115,/rigid_bodies.rigidbodies[2].pose.position.x,0.864171785958048
41.993143571,1709142512.676125715,1709142512.675739186,/rigid_bodies.rigidbodies[2].pose.position.x,0.8641094760216506
42.003117219,1709142512.686099363,1709142512.685801963,/rigid_bodies.rigidbodies[2].pose.position.x,0.8641371288326795
42.013266134,1709142512.696248278,1709142512.695878997,/rigid_bodies.rigidbodies[2].pose.position.x,0.8641359590279444
42.023280596,1709142512.706262740,1709142512.705866583,/rigid_bodies.rigidbodies[2].pose.position.x,0.8641369625830089
42.033245679,1709142512.716227823,1709142512.715840003,/rigid_bodies.rigidbodies[2].pose.position.x,0.8641620610235757
42.043335977,1709142512.726318121,1709142512.725923910,/rigid_bodies.rigidbodies[2].pose.position.x,0.8641401386431468
42.053281613,1709142512.736263757,1709142512.735886944,/rigid_bodies.rigidbodies[2].pose.position.x,0.8641089580557321
42.063177318,1709142512.746159462,1709142512.745720142,/rigid_bodies.rigidbodies[2].pose.position.x,0.8641073958569414
42.073687012,1709142512.756669156,1709142512.756055765,/rigid_bodies.rigidbodies[2].pose.position.x,0.8642561955228392
42.083122252,1709142512.766104396,1709142512.765762806,/rigid_bodies.rigidbodies[2].pose.position.x,0.8641403080424714
42.093199222,1709142512.776181366,1709142512.775764499,/rigid_bodies.rigidbodies[2].pose.position.x,0.864130614572879
42.103268278,1709142512.786250422,1709142512.785839495,/rigid_bodies.rigidbodies[2].pose.position.x,0.864127244575979
42.113525181,1709142512.796507325,1709142512.795855461,/rigid_bodies.rigidbodies[2].pose.position.x,0.8641998027860498
42.123665229,1709142512.806647373,1709142512.805947331,/rigid_bodies.rigidbodies[2].pose.position.x,0.8645168451993235
42.133410581,1709142512.816392725,1709142512.815773331,/rigid_bodies.rigidbodies[2].pose.position.x,0.8643978530572723
42.143257323,1709142512.826239467,1709142512.825771887,/rigid_bodies.rigidbodies[2].pose.position.x,0.8641421809616623
42.153461119,1709142512.836443263,1709142512.835811901,/rigid_bodies.rigidbodies[2].pose.position.x,0.8640416765536674
42.163132951,1709142512.846115095,1709142512.845647641,/rigid_bodies.rigidbodies[2].pose.position.x,0.8640912699545522
42.173642219,1709142512.856624363,1709142512.855959268,/rigid_bodies.rigidbodies[2].pose.position.x,0.8642392341269781
42.18335485,1709142512.866336994,1709142512.865843782,/rigid_bodies.rigidbodies[2].pose.position.x,0.8641665738827787
42.193581877,1709142512.876564021,1709142512.875983726,/rigid_bodies.rigidbodies[2].pose.position.x,0.8641331427900787
42.203369854,1709142512.886351998,1709142512.885859461,/rigid_bodies.rigidbodies[2].pose.position.x,0.8641161767639239
42.213278765,1709142512.896260909,1709142512.895808690,/rigid_bodies.rigidbodies[2].pose.position.x,0.8641497018731518
42.223836988,1709142512.906819132,1709142512.906076821,/rigid_bodies.rigidbodies[2].pose.position.x,0.864174017309299
42.233685627,1709142512.916667771,1709142512.916092369,/rigid_bodies.rigidbodies[2].pose.position.x,0.864136693880782
42.243222398,1709142512.926204542,1709142512.925768495,/rigid_bodies.rigidbodies[2].pose.position.x,0.8641334428809165
42.253628268,1709142512.936610412,1709142512.935977733,/rigid_bodies.rigidbodies[2].pose.position.x,0.8640947032119519
42.263157719,1709142512.946139863,1709142512.945807472,/rigid_bodies.rigidbodies[2].pose.position.x,0.8641422146026689
42.273567326,1709142512.956549470,1709142512.955916279,/rigid_bodies.rigidbodies[2].pose.position.x,0.8641641581904872
42.283844808,1709142512.966826952,1709142512.966081502,/rigid_bodies.rigidbodies[2].pose.position.x,0.8641435769579703
42.293191864,1709142512.976174008,1709142512.975798523,/rigid_bodies.rigidbodies[2].pose.position.x,0.8640704981377689
42.303180944,1709142512.986163088,1709142512.985709782,/rigid_bodies.rigidbodies[2].pose.position.x,0.8641171954594735
42.313434936,1709142512.996417080,1709142512.995923307,/rigid_bodies.rigidbodies[2].pose.position.x,0.8642036630020699
42.32335976,1709142513.006341904,1709142513.005881946,/rigid_bodies.rigidbodies[2].pose.position.x,0.8641340021246144
42.33344076,1709142513.016422904,1709142513.015912555,/rigid_bodies.rigidbodies[2].pose.position.x,0.8641343916076816
42.343428699,1709142513.026410843,1709142513.025939334,/rigid_bodies.rigidbodies[2].pose.position.x,0.8641300355385527
42.353475214,1709142513.036457358,1709142513.036023296,/rigid_bodies.rigidbodies[2].pose.position.x,0.8641289732221799
42.363185046,1709142513.046167190,1709142513.045873645,/rigid_bodies.rigidbodies[2].pose.position.x,0.864151931984084
42.373738705,1709142513.056720849,1709142513.056125583,/rigid_bodies.rigidbodies[2].pose.position.x,0.8641889555151404
42.383756087,1709142513.066738231,1709142513.066089900,/rigid_bodies.rigidbodies[2].pose.position.x,0.8641722587761661
42.393386824,1709142513.076368968,1709142513.075868729,/rigid_bodies.rigidbodies[2].pose.position.x,0.8641171960654925
42.40376623,1709142513.086748374,1709142513.086069811,/rigid_bodies.rigidbodies[2].pose.position.x,0.8642037798391201
42.413554411,1709142513.096536555,1709142513.095986607,/rigid_bodies.rigidbodies[2].pose.position.x,0.8641936064905421
42.423371759,1709142513.106353903,1709142513.105861730,/rigid_bodies.rigidbodies[2].pose.position.x,0.8641392192549063
42.434185131,1709142513.117167275,1709142513.116435900,/rigid_bodies.rigidbodies[2].pose.position.x,0.8641720380697501
42.443924782,1709142513.126906926,1709142513.126128134,/rigid_bodies.rigidbodies[2].pose.position.x,0.864161368235491
42.453425811,1709142513.136407955,1709142513.135960841,/rigid_bodies.rigidbodies[2].pose.position.x,0.8641666817970379
42.463331684,1709142513.146313828,1709142513.145850558,/rigid_bodies.rigidbodies[2].pose.position.x,0.8641100297033837
42.473630696,1709142513.156612840,1709142513.156141073,/rigid_bodies.rigidbodies[2].pose.position.x,0.8641843045174881
42.48354277,1709142513.166524914,1709142513.165969309,/rigid_bodies.rigidbodies[2].pose.position.x,0.8641513166307957
42.493716317,1709142513.176698461,1709142513.176077043,/rigid_bodies.rigidbodies[2].pose.position.x,0.8640951231679251
42.503156726,1709142513.186138870,1709142513.185846992,/rigid_bodies.rigidbodies[2].pose.position.x,0.8641982855912609
42.513115865,1709142513.196098009,1709142513.195746677,/rigid_bodies.rigidbodies[2].pose.position.x,0.8641895467033521
42.523855343,1709142513.206837487,1709142513.206032819,/rigid_bodies.rigidbodies[2].pose.position.x,0.864153714072074
42.533597931,1709142513.216580075,1709142513.216000176,/rigid_bodies.rigidbodies[2].pose.position.x,0.864162078988279
42.543284045,1709142513.226266189,1709142513.225904279,/rigid_bodies.rigidbodies[2].pose.position.x,0.8642187691996912
42.553632355,1709142513.236614499,1709142513.236052997,/rigid_bodies.rigidbodies[2].pose.position.x,0.8644933232056282
42.563119478,1709142513.246101622,1709142513.245725716,/rigid_bodies.rigidbodies[2].pose.position.x,0.8640949397603068
42.573332559,1709142513.256314703,1709142513.255794909,/rigid_bodies.rigidbodies[2].pose.position.x,0.864165271194669
42.583303193,1709142513.266285337,1709142513.265779335,/rigid_bodies.rigidbodies[2].pose.position.x,0.864167536643679
42.593695728,1709142513.276677872,1709142513.276018229,/rigid_bodies.rigidbodies[2].pose.position.x,0.8641004569257091
42.603369885,1709142513.286352029,1709142513.285847246,/rigid_bodies.rigidbodies[2].pose.position.x,0.86411519428434
42.613236039,1709142513.296218183,1709142513.295759402,/rigid_bodies.rigidbodies[2].pose.position.x,0.8641453254183645
42.623618146,1709142513.306600290,1709142513.305947371,/rigid_bodies.rigidbodies[2].pose.position.x,0.8643157290671933
42.633318632,1709142513.316300776,1709142513.315805486,/rigid_bodies.rigidbodies[2].pose.position.x,0.8641094290063502
42.643323721,1709142513.326305865,1709142513.325817677,/rigid_bodies.rigidbodies[2].pose.position.x,0.8642152093678787
42.65384075,1709142513.336822894,1709142513.336120413,/rigid_bodies.rigidbodies[2].pose.position.x,0.8641845807221976
42.663048933,1709142513.346031077,1709142513.345743514,/rigid_bodies.rigidbodies[2].pose.position.x,0.8641172511613577
42.673344071,1709142513.356326215,1709142513.355878275,/rigid_bodies.rigidbodies[2].pose.position.x,0.8640975149625033
42.683729502,1709142513.366711646,1709142513.366046368,/rigid_bodies.rigidbodies[2].pose.position.x,0.8642075110517996
42.693617405,1709142513.376599549,1709142513.375987783,/rigid_bodies.rigidbodies[2].pose.position.x,0.8642099182108705
42.703399327,1709142513.386381471,1709142513.385899077,/rigid_bodies.rigidbodies[2].pose.position.x,0.8641295864368738
42.713222659,1709142513.396204803,1709142513.395786048,/rigid_bodies.rigidbodies[2].pose.position.x,0.864178539446002
42.723043405,1709142513.406025549,1709142513.405760801,/rigid_bodies.rigidbodies[2].pose.position.x,0.864127452924
42.733505257,1709142513.416487401,1709142513.416003048,/rigid_bodies.rigidbodies[2].pose.position.x,0.8641220999732299
42.743432136,1709142513.426414280,1709142513.425927330,/rigid_bodies.rigidbodies[2].pose.position.x,0.8641745351405816
42.753874771,1709142513.436856915,1709142513.436097876,/rigid_bodies.rigidbodies[2].pose.position.x,0.8641803131438219
42.763130364,1709142513.446112508,1709142513.445801397,/rigid_bodies.rigidbodies[2].pose.position.x,0.8641283248641548
42.773070944,1709142513.456053088,1709142513.455751474,/rigid_bodies.rigidbodies[2].pose.position.x,0.864014343901006
42.7838124,1709142513.466794544,1709142513.466264487,/rigid_bodies.rigidbodies[2].pose.position.x,0.8641818905305605
42.793294018,1709142513.476276162,1709142513.475853923,/rigid_bodies.rigidbodies[2].pose.position.x,0.8642130633837308
42.803337466,1709142513.486319610,1709142513.485997527,/rigid_bodies.rigidbodies[2].pose.position.x,0.8641728598372211
42.813273357,1709142513.496255501,1709142513.495855309,/rigid_bodies.rigidbodies[2].pose.position.x,0.8641639847572988
42.823150297,1709142513.506132441,1709142513.505756971,/rigid_bodies.rigidbodies[2].pose.position.x,0.8641052171724959
42.833501069,1709142513.516483213,1709142513.515901416,/rigid_bodies.rigidbodies[2].pose.position.x,0.864135812528786
42.843505128,1709142513.526487272,1709142513.525982380,/rigid_bodies.rigidbodies[2].pose.position.x,0.8641557536465067
42.853409692,1709142513.536391836,1709142513.535821003,/rigid_bodies.rigidbodies[2].pose.position.x,0.8641975674077239
42.863190535,1709142513.546172679,1709142513.545828885,/rigid_bodies.rigidbodies[2].pose.position.x,0.8641322937963243
42.873701436,1709142513.556683580,1709142513.556031494,/rigid_bodies.rigidbodies[2].pose.position.x,0.8641149667209063
42.883244875,1709142513.566227019,1709142513.565815863,/rigid_bodies.rigidbodies[2].pose.position.x,0.8641719887854101
42.893678141,1709142513.576660285,1709142513.576018118,/rigid_bodies.rigidbodies[2].pose.position.x,0.8641947618509254
42.903356927,1709142513.586339071,1709142513.585883035,/rigid_bodies.rigidbodies[2].pose.position.x,0.8641621746185603
42.913325368,1709142513.596307512,1709142513.595865677,/rigid_bodies.rigidbodies[2].pose.position.x,0.8641569719218073
42.922971033,1709142513.605953177,1709142513.605641163,/rigid_bodies.rigidbodies[2].pose.position.x,0.8642003358873864
42.933312276,1709142513.616294420,1709142513.615846242,/rigid_bodies.rigidbodies[2].pose.position.x,0.8641049997029794
42.943189624,1709142513.626171768,1709142513.625761164,/rigid_bodies.rigidbodies[2].pose.position.x,0.8641245939492748
42.953645728,1709142513.636627872,1709142513.635963462,/rigid_bodies.rigidbodies[2].pose.position.x,0.8641812785665841
42.962914107,1709142513.645896251,1709142513.645651230,/rigid_bodies.rigidbodies[2].pose.position.x,0.8641293481157739
42.973329712,1709142513.656311856,1709142513.655942100,/rigid_bodies.rigidbodies[2].pose.position.x,0.8641584149606932
42.983250655,1709142513.666232799,1709142513.665851938,/rigid_bodies.rigidbodies[2].pose.position.x,0.8641839797581933
42.993380734,1709142513.676362878,1709142513.675920548,/rigid_bodies.rigidbodies[2].pose.position.x,0.8641876738913167
43.003301274,1709142513.686283418,1709142513.685892462,/rigid_bodies.rigidbodies[2].pose.position.x,0.8640844730913311
43.013303748,1709142513.696285892,1709142513.695801314,/rigid_bodies.rigidbodies[2].pose.position.x,0.8640798183419613
43.023261208,1709142513.706243352,1709142513.705825256,/rigid_bodies.rigidbodies[2].pose.position.x,0.8641745563939189
43.033351864,1709142513.716334008,1709142513.715897687,/rigid_bodies.rigidbodies[2].pose.position.x,0.8641503029760387
43.043500592,1709142513.726482736,1709142513.725897343,/rigid_bodies.rigidbodies[2].pose.position.x,0.8641469928300393
43.05322791,1709142513.736210054,1709142513.735781633,/rigid_bodies.rigidbodies[2].pose.position.x,0.8641530347853194
43.063163491,1709142513.746145635,1709142513.745821836,/rigid_bodies.rigidbodies[2].pose.position.x,0.8641299667391252
43.072822031,1709142513.755804175,1709142513.755572795,/rigid_bodies.rigidbodies[2].pose.position.x,0.8641234202500792
43.082827483,1709142513.765809627,1709142513.765606251,/rigid_bodies.rigidbodies[2].pose.position.x,0.8640950838877532
43.093375913,1709142513.776358057,1709142513.775963646,/rigid_bodies.rigidbodies[2].pose.position.x,0.8641700439984181
43.103419695,1709142513.786401839,1709142513.785862802,/rigid_bodies.rigidbodies[2].pose.position.x,0.8641555760730507
43.113633782,1709142513.796615926,1709142513.796001452,/rigid_bodies.rigidbodies[2].pose.position.x,0.8640976211009036
43.123135721,1709142513.806117865,1709142513.805680520,/rigid_bodies.rigidbodies[2].pose.position.x,0.864133506857394
43.1332581,1709142513.816240244,1709142513.815805412,/rigid_bodies.rigidbodies[2].pose.position.x,0.8641237177659664
43.143022403,1709142513.826004547,1709142513.825687650,/rigid_bodies.rigidbodies[2].pose.position.x,0.8641443305317322
43.153398382,1709142513.836380526,1709142513.835853341,/rigid_bodies.rigidbodies[2].pose.position.x,0.8641888215840922
43.163229698,1709142513.846211842,1709142513.845813885,/rigid_bodies.rigidbodies[2].pose.position.x,0.8641741102431798
43.173582732,1709142513.856564876,1709142513.855961821,/rigid_bodies.rigidbodies[2].pose.position.x,0.864114786250113
43.183578141,1709142513.866560285,1709142513.866007779,/rigid_bodies.rigidbodies[2].pose.position.x,0.8640827693532427
43.193403822,1709142513.876385966,1709142513.875870217,/rigid_bodies.rigidbodies[2].pose.position.x,0.864127436808931
43.20378462,1709142513.886766764,1709142513.886100541,/rigid_bodies.rigidbodies[2].pose.position.x,0.8641407337645657
43.213738594,1709142513.896720738,1709142513.896040349,/rigid_bodies.rigidbodies[2].pose.position.x,0.8641415039450815
43.223216528,1709142513.906198672,1709142513.905834018,/rigid_bodies.rigidbodies[2].pose.position.x,0.8641579967972792
43.233767557,1709142513.916749701,1709142513.916064655,/rigid_bodies.rigidbodies[2].pose.position.x,0.8641224157770296
43.243796369,1709142513.926778513,1709142513.926006922,/rigid_bodies.rigidbodies[2].pose.position.x,0.8641010650419098
43.253265021,1709142513.936247165,1709142513.935751708,/rigid_bodies.rigidbodies[2].pose.position.x,0.8641418978484463
43.263254314,1709142513.946236458,1709142513.945781863,/rigid_bodies.rigidbodies[2].pose.position.x,0.8641909331892476
43.273295892,1709142513.956278036,1709142513.955795084,/rigid_bodies.rigidbodies[2].pose.position.x,0.8641114914105367
43.283345746,1709142513.966327890,1709142513.965808386,/rigid_bodies.rigidbodies[2].pose.position.x,0.8641400155039654
43.293454707,1709142513.976436851,1709142513.975884837,/rigid_bodies.rigidbodies[2].pose.position.x,0.864153307657595
43.303470632,1709142513.986452776,1709142513.985899838,/rigid_bodies.rigidbodies[2].pose.position.x,0.8641657801395279
43.313299693,1709142513.996281837,1709142513.995882536,/rigid_bodies.rigidbodies[2].pose.position.x,0.8641363770024094
43.32324378,1709142514.006225924,1709142514.005801693,/rigid_bodies.rigidbodies[2].pose.position.x,0.8641424731415781
43.333513041,1709142514.016495185,1709142514.015883327,/rigid_bodies.rigidbodies[2].pose.position.x,0.8641589708333557
43.343267913,1709142514.026250057,1709142514.025805066,/rigid_bodies.rigidbodies[2].pose.position.x,0.8640999045804235
43.352864701,1709142514.035846845,1709142514.035567593,/rigid_bodies.rigidbodies[2].pose.position.x,0.8641730776192237
43.362822901,1709142514.045805045,1709142514.045597805,/rigid_bodies.rigidbodies[2].pose.position.x,0.86418733409931
43.373211548,1709142514.056193692,1709142514.055798218,/rigid_bodies.rigidbodies[2].pose.position.x,0.8641274709296854
43.382845997,1709142514.065828141,1709142514.065590515,/rigid_bodies.rigidbodies[2].pose.position.x,0.8641384660788617
43.39281723,1709142514.075799374,1709142514.075517711,/rigid_bodies.rigidbodies[2].pose.position.x,0.8641705317965329
43.402950726,1709142514.085932870,1709142514.085603035,/rigid_bodies.rigidbodies[2].pose.position.x,0.8641898270569737
43.412805065,1709142514.095787209,1709142514.095580171,/rigid_bodies.rigidbodies[2].pose.position.x,0.8641178448799692
43.422721905,1709142514.105704049,1709142514.105482095,/rigid_bodies.rigidbodies[2].pose.position.x,0.8641471274883199
43.433203192,1709142514.116185336,1709142514.115764516,/rigid_bodies.rigidbodies[2].pose.position.x,0.864139686914773
43.443204851,1709142514.126186995,1709142514.125802564,/rigid_bodies.rigidbodies[2].pose.position.x,0.8640726708541198
43.453410341,1709142514.136392485,1709142514.135879629,/rigid_bodies.rigidbodies[2].pose.position.x,0.8641678500897038
43.463070404,1709142514.146052548,1709142514.145726407,/rigid_bodies.rigidbodies[2].pose.position.x,0.8641814180197805
43.47322411,1709142514.156206254,1709142514.155790888,/rigid_bodies.rigidbodies[2].pose.position.x,0.8641435777247335
43.483678433,1709142514.166660577,1709142514.166094280,/rigid_bodies.rigidbodies[2].pose.position.x,0.8641139060230075
43.493102747,1709142514.176084891,1709142514.175697480,/rigid_bodies.rigidbodies[2].pose.position.x,0.8641668334725205
43.503411398,1709142514.186393542,1709142514.185869916,/rigid_bodies.rigidbodies[2].pose.position.x,0.8641741940295827
43.513006082,1709142514.195988226,1709142514.195688184,/rigid_bodies.rigidbodies[2].pose.position.x,0.8640917285912566
43.523185073,1709142514.206167217,1709142514.205800845,/rigid_bodies.rigidbodies[2].pose.position.x,0.8641271249529563
43.533343793,1709142514.216325937,1709142514.215897606,/rigid_bodies.rigidbodies[2].pose.position.x,0.8641006498253894
43.543624070999996,1709142514.226606215,1709142514.226015824,/rigid_bodies.rigidbodies[2].pose.position.x,0.8641270515810281
43.553158129,1709142514.236140273,1709142514.235729189,/rigid_bodies.rigidbodies[2].pose.position.x,0.8641650754386238
43.563159763,1709142514.246141907,1709142514.245875936,/rigid_bodies.rigidbodies[2].pose.position.x,0.8641976687393372
43.573327372,1709142514.256309516,1709142514.255834536,/rigid_bodies.rigidbodies[2].pose.position.x,0.8641893598731938
43.584067841,1709142514.267049985,1709142514.266384604,/rigid_bodies.rigidbodies[2].pose.position.x,0.8640918108958513
43.593497765,1709142514.276479909,1709142514.275901923,/rigid_bodies.rigidbodies[2].pose.position.x,0.8641656647941802
43.603273246,1709142514.286255390,1709142514.285884927,/rigid_bodies.rigidbodies[2].pose.position.x,0.8641469434014113
43.613668732,1709142514.296650876,1709142514.296071110,/rigid_bodies.rigidbodies[2].pose.position.x,0.8641028018316387
43.623356761,1709142514.306338905,1709142514.305899889,/rigid_bodies.rigidbodies[2].pose.position.x,0.8641350754811744
43.633415395,1709142514.316397539,1709142514.315861703,/rigid_bodies.rigidbodies[2].pose.position.x,0.8641922510388501
43.643404354,1709142514.326386498,1709142514.325958080,/rigid_bodies.rigidbodies[2].pose.position.x,0.8641479036205724
43.653340407,1709142514.336322551,1709142514.335871654,/rigid_bodies.rigidbodies[2].pose.position.x,0.8641358739279137
43.662959614,1709142514.345941758,1709142514.345764644,/rigid_bodies.rigidbodies[2].pose.position.x,0.8641372945100375
43.673248541,1709142514.356230685,1709142514.355866630,/rigid_bodies.rigidbodies[2].pose.position.x,0.8640401604288129
43.68292687,1709142514.365909014,1709142514.365674527,/rigid_bodies.rigidbodies[2].pose.position.x,0.863863549157063
43.693359075000004,1709142514.376341219,1709142514.375885935,/rigid_bodies.rigidbodies[2].pose.position.x,0.8641932369961101
43.703617804,1709142514.386599948,1709142514.385983149,/rigid_bodies.rigidbodies[2].pose.position.x,0.8641999310344246
43.713441846,1709142514.396423990,1709142514.396068501,/rigid_bodies.rigidbodies[2].pose.position.x,0.8641374469263868
43.723673664,1709142514.406655808,1709142514.406082051,/rigid_bodies.rigidbodies[2].pose.position.x,0.8640833241800493
43.733387863,1709142514.416370007,1709142514.415910512,/rigid_bodies.rigidbodies[2].pose.position.x,0.8643212736512269
43.743376571,1709142514.426358715,1709142514.426000029,/rigid_bodies.rigidbodies[2].pose.position.x,0.8641362351373395
43.753652964,1709142514.436635108,1709142514.436101224,/rigid_bodies.rigidbodies[2].pose.position.x,0.8641767209515498
43.763155312,1709142514.446137456,1709142514.445786002,/rigid_bodies.rigidbodies[2].pose.position.x,0.8642139870084118
43.77350491,1709142514.456487054,1709142514.455908636,/rigid_bodies.rigidbodies[2].pose.position.x,0.864195446889155
43.783847473,1709142514.466829617,1709142514.466057998,/rigid_bodies.rigidbodies[2].pose.position.x,0.8641631819595872
43.793478515,1709142514.476460659,1709142514.475964150,/rigid_bodies.rigidbodies[2].pose.position.x,0.8640757556084967
43.803534385,1709142514.486516529,1709142514.485919311,/rigid_bodies.rigidbodies[2].pose.position.x,0.8641704110982449
43.81353138,1709142514.496513524,1709142514.495864698,/rigid_bodies.rigidbodies[2].pose.position.x,0.8641258572487619
43.823916598,1709142514.506898742,1709142514.506172995,/rigid_bodies.rigidbodies[2].pose.position.x,0.8641487606898041
43.833002755,1709142514.515984899,1709142514.515743834,/rigid_bodies.rigidbodies[2].pose.position.x,0.8642270953279316
43.842954756,1709142514.525936900,1709142514.525608165,/rigid_bodies.rigidbodies[2].pose.position.x,0.8641163494431446
43.853103308,1709142514.536085452,1709142514.535782917,/rigid_bodies.rigidbodies[2].pose.position.x,0.8640558301948824
43.862761296,1709142514.545743440,1709142514.545553505,/rigid_bodies.rigidbodies[2].pose.position.x,0.864117566092899
43.872778565,1709142514.555760709,1709142514.555552599,/rigid_bodies.rigidbodies[2].pose.position.x,0.8641692613283053
43.883541809,1709142514.566523953,1709142514.565960913,/rigid_bodies.rigidbodies[2].pose.position.x,0.8641492419723515
43.89333056,1709142514.576312704,1709142514.575796383,/rigid_bodies.rigidbodies[2].pose.position.x,0.8641733261109079
43.9036851,1709142514.586667244,1709142514.586022280,/rigid_bodies.rigidbodies[2].pose.position.x,0.8641578590277313
43.91344283,1709142514.596424974,1709142514.595826337,/rigid_bodies.rigidbodies[2].pose.position.x,0.8640938320075154
43.923501201,1709142514.606483345,1709142514.605997974,/rigid_bodies.rigidbodies[2].pose.position.x,0.8641545664838757
43.93346999,1709142514.616452134,1709142514.615937677,/rigid_bodies.rigidbodies[2].pose.position.x,0.864140713940538
43.94349241,1709142514.626474554,1709142514.625946640,/rigid_bodies.rigidbodies[2].pose.position.x,0.8641201863962169
43.953437942,1709142514.636420086,1709142514.635956209,/rigid_bodies.rigidbodies[2].pose.position.x,0.864110128782533
43.963185239,1709142514.646167383,1709142514.645772749,/rigid_bodies.rigidbodies[2].pose.position.x,0.8641580889961888
43.973246948,1709142514.656229092,1709142514.655796432,/rigid_bodies.rigidbodies[2].pose.position.x,0.8641648314623839
43.983617164,1709142514.666599308,1709142514.665984564,/rigid_bodies.rigidbodies[2].pose.position.x,0.8639604053021719
43.993466473,1709142514.676448617,1709142514.675872173,/rigid_bodies.rigidbodies[2].pose.position.x,0.8641023035290719
44.003801609,1709142514.686783753,1709142514.686114022,/rigid_bodies.rigidbodies[2].pose.position.x,0.8641150765660124
44.013426956,1709142514.696409100,1709142514.695861084,/rigid_bodies.rigidbodies[2].pose.position.x,0.8641121425413614
44.023317565,1709142514.706299709,1709142514.705718316,/rigid_bodies.rigidbodies[2].pose.position.x,0.8641497136179371
44.033748762,1709142514.716730906,1709142514.716063530,/rigid_bodies.rigidbodies[2].pose.position.x,0.8641015783524196
44.043312334,1709142514.726294478,1709142514.725799762,/rigid_bodies.rigidbodies[2].pose.position.x,0.8642453088037406
44.053303883,1709142514.736286027,1709142514.735778813,/rigid_bodies.rigidbodies[2].pose.position.x,0.8640540414513278
44.063181362,1709142514.746163506,1709142514.745822316,/rigid_bodies.rigidbodies[2].pose.position.x,0.8641144619104244
44.073322199,1709142514.756304343,1709142514.755898393,/rigid_bodies.rigidbodies[2].pose.position.x,0.8641132601309417
44.083332882,1709142514.766315026,1709142514.765878478,/rigid_bodies.rigidbodies[2].pose.position.x,0.8641609292922496
44.093543844,1709142514.776525988,1709142514.775998996,/rigid_bodies.rigidbodies[2].pose.position.x,0.864170009194295
44.103767415,1709142514.786749559,1709142514.786129630,/rigid_bodies.rigidbodies[2].pose.position.x,0.8641598524235374
44.113260947,1709142514.796243091,1709142514.795884346,/rigid_bodies.rigidbodies[2].pose.position.x,0.8641522786572594
44.123521916,1709142514.806504060,1709142514.805971811,/rigid_bodies.rigidbodies[2].pose.position.x,0.8641181654981721
44.133528908,1709142514.816511052,1709142514.816026920,/rigid_bodies.rigidbodies[2].pose.position.x,0.8641393068034685
44.143340992,1709142514.826323136,1709142514.825998994,/rigid_bodies.rigidbodies[2].pose.position.x,0.8641854681721716
44.153675743,1709142514.836657887,1709142514.836119327,/rigid_bodies.rigidbodies[2].pose.position.x,0.8641279229899828
44.163070638,1709142514.846052782,1709142514.845759164,/rigid_bodies.rigidbodies[2].pose.position.x,0.8641941645385345
44.173329517,1709142514.856311661,1709142514.855918603,/rigid_bodies.rigidbodies[2].pose.position.x,0.864151653093147
44.18326608,1709142514.866248224,1709142514.865923165,/rigid_bodies.rigidbodies[2].pose.position.x,0.8640887992428984
44.193426939,1709142514.876409083,1709142514.875968144,/rigid_bodies.rigidbodies[2].pose.position.x,0.8640631227874366
44.203233867,1709142514.886216011,1709142514.885859809,/rigid_bodies.rigidbodies[2].pose.position.x,0.8641261554667256
44.213499339,1709142514.896481483,1709142514.896032216,/rigid_bodies.rigidbodies[2].pose.position.x,0.8641238571814881
44.223611315,1709142514.906593459,1709142514.906046151,/rigid_bodies.rigidbodies[2].pose.position.x,0.8640945935945513
44.233247159,1709142514.916229303,1709142514.915890931,/rigid_bodies.rigidbodies[2].pose.position.x,0.864159122718513
44.243282474,1709142514.926264618,1709142514.925916966,/rigid_bodies.rigidbodies[2].pose.position.x,0.8640992490270227
44.253652765,1709142514.936634909,1709142514.936149062,/rigid_bodies.rigidbodies[2].pose.position.x,0.8641321848322122
44.26315642,1709142514.946138564,1709142514.945799333,/rigid_bodies.rigidbodies[2].pose.position.x,0.8641447407119769
44.273431755,1709142514.956413899,1709142514.955991805,/rigid_bodies.rigidbodies[2].pose.position.x,0.8641311561411181
44.283445243,1709142514.966427387,1709142514.965983685,/rigid_bodies.rigidbodies[2].pose.position.x,0.8641235226110747
44.293266777,1709142514.976248921,1709142514.975866144,/rigid_bodies.rigidbodies[2].pose.position.x,0.8641033748885032
44.303461471,1709142514.986443615,1709142514.985984064,/rigid_bodies.rigidbodies[2].pose.position.x,0.8641888645833771
44.313213427,1709142514.996195571,1709142514.995847342,/rigid_bodies.rigidbodies[2].pose.position.x,0.8641215264947177
44.323181901,1709142515.006164045,1709142515.005815245,/rigid_bodies.rigidbodies[2].pose.position.x,0.8641055837525796
44.333314412,1709142515.016296556,1709142515.015909864,/rigid_bodies.rigidbodies[2].pose.position.x,0.8641806996925755
44.343059421,1709142515.026041565,1709142515.025720012,/rigid_bodies.rigidbodies[2].pose.position.x,0.8641560767028252
44.353375392,1709142515.036357536,1709142515.035938452,/rigid_bodies.rigidbodies[2].pose.position.x,0.8641336330065913
44.363077261,1709142515.046059405,1709142515.045762910,/rigid_bodies.rigidbodies[2].pose.position.x,0.8641653038956084
44.373109715,1709142515.056091859,1709142515.055796648,/rigid_bodies.rigidbodies[2].pose.position.x,0.8641871010712315
44.383273841,1709142515.066255985,1709142515.065890871,/rigid_bodies.rigidbodies[2].pose.position.x,0.8641107847629996
44.39301345,1709142515.075995594,1709142515.075730097,/rigid_bodies.rigidbodies[2].pose.position.x,0.8641316123731053
44.403324733,1709142515.086306877,1709142515.085939644,/rigid_bodies.rigidbodies[2].pose.position.x,0.864146514086408
44.413223166,1709142515.096205310,1709142515.095839673,/rigid_bodies.rigidbodies[2].pose.position.x,0.8640974204599221
44.423248408,1709142515.106230552,1709142515.105851561,/rigid_bodies.rigidbodies[2].pose.position.x,0.8641284767922885
44.43335241,1709142515.116334554,1709142515.115924995,/rigid_bodies.rigidbodies[2].pose.position.x,0.8641369458611865
44.4433973,1709142515.126379444,1709142515.125902318,/rigid_bodies.rigidbodies[2].pose.position.x,0.8642298627931931
44.453527852,1709142515.136509996,1709142515.136038359,/rigid_bodies.rigidbodies[2].pose.position.x,0.8641018030650425
44.463020285,1709142515.146002429,1709142515.145750350,/rigid_bodies.rigidbodies[2].pose.position.x,0.8640697516003408
44.473722063,1709142515.156704207,1709142515.156008283,/rigid_bodies.rigidbodies[2].pose.position.x,0.8641398445267418
44.483510065,1709142515.166492209,1709142515.165949859,/rigid_bodies.rigidbodies[2].pose.position.x,0.8640969215955586
44.493964815,1709142515.176946959,1709142515.176248267,/rigid_bodies.rigidbodies[2].pose.position.x,0.8641740156509393
44.503492173,1709142515.186474317,1709142515.185912868,/rigid_bodies.rigidbodies[2].pose.position.x,0.8641976189346344
44.513605779,1709142515.196587923,1709142515.196087797,/rigid_bodies.rigidbodies[2].pose.position.x,0.8641587056110903
44.523955502,1709142515.206937646,1709142515.206247533,/rigid_bodies.rigidbodies[2].pose.position.x,0.8640975936987763
44.533438562,1709142515.216420706,1709142515.215908096,/rigid_bodies.rigidbodies[2].pose.position.x,0.8641210407886637
44.54363816,1709142515.226620304,1709142515.225994342,/rigid_bodies.rigidbodies[2].pose.position.x,0.8641849602992564
44.553710876,1709142515.236693020,1709142515.236061196,/rigid_bodies.rigidbodies[2].pose.position.x,0.8641198504471038
44.563317433,1709142515.246299577,1709142515.245811026,/rigid_bodies.rigidbodies[2].pose.position.x,0.8641230692960241
44.573626093,1709142515.256608237,1709142515.255995598,/rigid_bodies.rigidbodies[2].pose.position.x,0.8641319953284902
44.583951393,1709142515.266933537,1709142515.266226385,/rigid_bodies.rigidbodies[2].pose.position.x,0.8641322528816386
44.59379617,1709142515.276778314,1709142515.276134459,/rigid_bodies.rigidbodies[2].pose.position.x,0.8641137284586727
44.603366674,1709142515.286348818,1709142515.285922179,/rigid_bodies.rigidbodies[2].pose.position.x,0.8641176469869029
44.613300565,1709142515.296282709,1709142515.295928043,/rigid_bodies.rigidbodies[2].pose.position.x,0.8641666692213837
44.623825525,1709142515.306807669,1709142515.306195510,/rigid_bodies.rigidbodies[2].pose.position.x,0.8641486633875869
44.633471074,1709142515.316453218,1709142515.315987793,/rigid_bodies.rigidbodies[2].pose.position.x,0.8641978493075498
44.643618189,1709142515.326600333,1709142515.326017675,/rigid_bodies.rigidbodies[2].pose.position.x,0.8641277514260767
44.653638901,1709142515.336621045,1709142515.336036231,/rigid_bodies.rigidbodies[2].pose.position.x,0.8640825332085632
44.663460454,1709142515.346442598,1709142515.345990654,/rigid_bodies.rigidbodies[2].pose.position.x,0.8640724596991545
44.67373512,1709142515.356717264,1709142515.356080154,/rigid_bodies.rigidbodies[2].pose.position.x,0.8641347238087671
44.683952649,1709142515.366934793,1709142515.366156279,/rigid_bodies.rigidbodies[2].pose.position.x,0.8642228811152153
44.693293887,1709142515.376276031,1709142515.375789692,/rigid_bodies.rigidbodies[2].pose.position.x,0.8641097020752815
44.703728942,1709142515.386711086,1709142515.386027897,/rigid_bodies.rigidbodies[2].pose.position.x,0.8641468134437373
44.713416864,1709142515.396399008,1709142515.395833248,/rigid_bodies.rigidbodies[2].pose.position.x,0.8641321848322122
44.723103954,1709142515.406086098,1709142515.405720809,/rigid_bodies.rigidbodies[2].pose.position.x,0.8640877257180848
44.733555703,1709142515.416537847,1709142515.415877454,/rigid_bodies.rigidbodies[2].pose.position.x,0.864146922449558
44.74312054,1709142515.426102684,1709142515.425715612,/rigid_bodies.rigidbodies[2].pose.position.x,0.864129039765547
44.753276996,1709142515.436259140,1709142515.435773237,/rigid_bodies.rigidbodies[2].pose.position.x,0.8641255871090683
44.762939422,1709142515.445921566,1709142515.445680240,/rigid_bodies.rigidbodies[2].pose.position.x,0.8641215235416468
44.773345347,1709142515.456327491,1709142515.455866442,/rigid_bodies.rigidbodies[2].pose.position.x,0.8641646985734367
44.783247916,1709142515.466230060,1709142515.465773427,/rigid_bodies.rigidbodies[2].pose.position.x,0.8641684957891356
44.793200107,1709142515.476182251,1709142515.475695489,/rigid_bodies.rigidbodies[2].pose.position.x,0.8641162271283294
44.803668488,1709142515.486650632,1709142515.485988559,/rigid_bodies.rigidbodies[2].pose.position.x,0.8641409734116039
44.813164707,1709142515.496146851,1709142515.495679365,/rigid_bodies.rigidbodies[2].pose.position.x,0.8641578377728422
44.823254649,1709142515.506236793,1709142515.505754100,/rigid_bodies.rigidbodies[2].pose.position.x,0.8641590435058546
44.833628294,1709142515.516610438,1709142515.515969878,/rigid_bodies.rigidbodies[2].pose.position.x,0.8641228409393648
44.843091757,1709142515.526073901,1709142515.525696119,/rigid_bodies.rigidbodies[2].pose.position.x,0.8641146186871662
44.853310824,1709142515.536292968,1709142515.535797093,/rigid_bodies.rigidbodies[2].pose.position.x,0.8641274195254391
44.863245799,1709142515.546227943,1709142515.545747654,/rigid_bodies.rigidbodies[2].pose.position.x,0.8641230313837379
44.873420541,1709142515.556402685,1709142515.555923281,/rigid_bodies.rigidbodies[2].pose.position.x,0.8641708755624407
44.88343918,1709142515.566421324,1709142515.565948005,/rigid_bodies.rigidbodies[2].pose.position.x,0.864145927984255
44.893891829,1709142515.576873973,1709142515.576214250,/rigid_bodies.rigidbodies[2].pose.position.x,0.8641280823222932
44.903590494,1709142515.586572638,1709142515.586050676,/rigid_bodies.rigidbodies[2].pose.position.x,0.8641211178983238
44.913458189,1709142515.596440333,1709142515.595943755,/rigid_bodies.rigidbodies[2].pose.position.x,0.8641537892365738
44.923610725,1709142515.606592869,1709142515.605990730,/rigid_bodies.rigidbodies[2].pose.position.x,0.8641218567966105
44.933708933,1709142515.616691077,1709142515.616070290,/rigid_bodies.rigidbodies[2].pose.position.x,0.8640945248521951
44.943285058,1709142515.626267202,1709142515.625854868,/rigid_bodies.rigidbodies[2].pose.position.x,0.8641487777458461
44.953219379000004,1709142515.636201523,1709142515.635778534,/rigid_bodies.rigidbodies[2].pose.position.x,0.864107121998577
44.963091192,1709142515.646073336,1709142515.645655379,/rigid_bodies.rigidbodies[2].pose.position.x,0.8641218325651482
44.973294455,1709142515.656276599,1709142515.655745527,/rigid_bodies.rigidbodies[2].pose.position.x,0.864146133309483
44.98352607,1709142515.666508214,1709142515.665858867,/rigid_bodies.rigidbodies[2].pose.position.x,0.8641195600413991
44.993681933,1709142515.676664077,1709142515.675964870,/rigid_bodies.rigidbodies[2].pose.position.x,0.8640621804058284
45.00327252,1709142515.686254664,1709142515.685748236,/rigid_bodies.rigidbodies[2].pose.position.x,0.8640952752335651
45.013333586,1709142515.696315730,1709142515.695723444,/rigid_bodies.rigidbodies[2].pose.position.x,0.8641877198428861
45.023042665,1709142515.706024809,1709142515.705711259,/rigid_bodies.rigidbodies[2].pose.position.x,0.864115724427955
45.033287629,1709142515.716269773,1709142515.715704550,/rigid_bodies.rigidbodies[2].pose.position.x,0.8641032800197073
45.043358183,1709142515.726340327,1709142515.725808889,/rigid_bodies.rigidbodies[2].pose.position.x,0.8641516517117193
45.05358386,1709142515.736566004,1709142515.736035884,/rigid_bodies.rigidbodies[2].pose.position.x,0.864144277045769
45.063522128,1709142515.746504272,1709142515.746170126,/rigid_bodies.rigidbodies[2].pose.position.x,0.8641400654470399
45.073555658,1709142515.756537802,1709142515.756089796,/rigid_bodies.rigidbodies[2].pose.position.x,0.8641091972318209
45.083167565,1709142515.766149709,1709142515.765853470,/rigid_bodies.rigidbodies[2].pose.position.x,0.8641312114140107
45.093221864,1709142515.776204008,1709142515.775846590,/rigid_bodies.rigidbodies[2].pose.position.x,0.8641237184807526
45.102850757,1709142515.785832901,1709142515.785672980,/rigid_bodies.rigidbodies[2].pose.position.x,0.8641256499591263
45.112921307,1709142515.795903451,1709142515.795715966,/rigid_bodies.rigidbodies[2].pose.position.x,0.8641540268230126
45.123421661,1709142515.806403805,1709142515.805992059,/rigid_bodies.rigidbodies[2].pose.position.x,0.8641157361109797
45.133832106,1709142515.816814250,1709142515.816165969,/rigid_bodies.rigidbodies[2].pose.position.x,0.864113498731384
45.143215733,1709142515.826197877,1709142515.825875900,/rigid_bodies.rigidbodies[2].pose.position.x,0.8641131034185873
45.153297186,1709142515.836279330,1709142515.835881869,/rigid_bodies.rigidbodies[2].pose.position.x,0.864186945931024
45.163332819,1709142515.846314963,1709142515.845987129,/rigid_bodies.rigidbodies[2].pose.position.x,0.8640898422599318
45.173347764,1709142515.856329908,1709142515.855939243,/rigid_bodies.rigidbodies[2].pose.position.x,0.8640977677015548
45.183127286,1709142515.866109430,1709142515.865755231,/rigid_bodies.rigidbodies[2].pose.position.x,0.8641310658346858
45.193166713,1709142515.876148857,1709142515.875790581,/rigid_bodies.rigidbodies[2].pose.position.x,0.8640769846008861
45.20293793,1709142515.885920074,1709142515.885683874,/rigid_bodies.rigidbodies[2].pose.position.x,0.8641878069629713
45.213169156,1709142515.896151300,1709142515.895852137,/rigid_bodies.rigidbodies[2].pose.position.x,0.8641759889320694
45.223599103,1709142515.906581247,1709142515.906078891,/rigid_bodies.rigidbodies[2].pose.position.x,0.8641466100924556
45.233102395,1709142515.916084539,1709142515.915805513,/rigid_bodies.rigidbodies[2].pose.position.x,0.8640825786761259
45.243283919,1709142515.926266063,1709142515.925952237,/rigid_bodies.rigidbodies[2].pose.position.x,0.8641056520074353
45.253720612,1709142515.936702756,1709142515.936158487,/rigid_bodies.rigidbodies[2].pose.position.x,0.8641786818586438
45.263197134,1709142515.946179278,1709142515.945904043,/rigid_bodies.rigidbodies[2].pose.position.x,0.8640899998324055
45.273726998,1709142515.956709142,1709142515.956203805,/rigid_bodies.rigidbodies[2].pose.position.x,0.8640823074218977
45.283882456,1709142515.966864600,1709142515.966213911,/rigid_bodies.rigidbodies[2].pose.position.x,0.8641741186413289
45.293602583,1709142515.976584727,1709142515.976009494,/rigid_bodies.rigidbodies[2].pose.position.x,0.8641671894525216
45.3036166,1709142515.986598744,1709142515.985964392,/rigid_bodies.rigidbodies[2].pose.position.x,0.8641820752620297
45.313668117,1709142515.996650261,1709142515.996016813,/rigid_bodies.rigidbodies[2].pose.position.x,0.8641031418705515
45.323716965,1709142516.006699109,1709142516.006058988,/rigid_bodies.rigidbodies[2].pose.position.x,0.8641057650663466
45.333741317,1709142516.016723461,1709142516.016039983,/rigid_bodies.rigidbodies[2].pose.position.x,0.8640833265690632
45.343989892,1709142516.026972036,1709142516.026075182,/rigid_bodies.rigidbodies[2].pose.position.x,0.8641640681336167
45.352914558,1709142516.035896702,1709142516.035694854,/rigid_bodies.rigidbodies[2].pose.position.x,0.8642085180952206
45.363208472,1709142516.046190616,1709142516.045931078,/rigid_bodies.rigidbodies[2].pose.position.x,0.8641281013830213
45.372935024,1709142516.055917168,1709142516.055604265,/rigid_bodies.rigidbodies[2].pose.position.x,0.8641071430225294
45.383072172,1709142516.066054316,1709142516.065664043,/rigid_bodies.rigidbodies[2].pose.position.x,0.8641289589602167
45.393035458,1709142516.076017602,1709142516.075657049,/rigid_bodies.rigidbodies[2].pose.position.x,0.864162812464722
45.402929462,1709142516.085911606,1709142516.085617784,/rigid_bodies.rigidbodies[2].pose.position.x,0.8641027825815862
45.413242576,1709142516.096224720,1709142516.095866775,/rigid_bodies.rigidbodies[2].pose.position.x,0.8641387712187305
45.422894465,1709142516.105876609,1709142516.105546826,/rigid_bodies.rigidbodies[2].pose.position.x,0.8641534844447862
45.433270744,1709142516.116252888,1709142516.115775734,/rigid_bodies.rigidbodies[2].pose.position.x,0.8640817184139732
45.443125308,1709142516.126107452,1709142516.125753317,/rigid_bodies.rigidbodies[2].pose.position.x,0.864126128096563
45.453378609,1709142516.136360753,1709142516.135954096,/rigid_bodies.rigidbodies[2].pose.position.x,0.86415760817459
45.4631101,1709142516.146092244,1709142516.145763258,/rigid_bodies.rigidbodies[2].pose.position.x,0.8641411286585109
45.473429567,1709142516.156411711,1709142516.155904958,/rigid_bodies.rigidbodies[2].pose.position.x,0.8641104750693408
45.483270165,1709142516.166252309,1709142516.165822480,/rigid_bodies.rigidbodies[2].pose.position.x,0.8641846181902822
45.493291899,1709142516.176274043,1709142516.175793831,/rigid_bodies.rigidbodies[2].pose.position.x,0.8641733401404891
45.50372377,1709142516.186705914,1709142516.186159484,/rigid_bodies.rigidbodies[2].pose.position.x,0.8640620366668103
45.51317042,1709142516.196152564,1709142516.195760427,/rigid_bodies.rigidbodies[2].pose.position.x,0.8640712280970169
45.523314616,1709142516.206296760,1709142516.205767353,/rigid_bodies.rigidbodies[2].pose.position.x,0.8641138469575155
45.533798902,1709142516.216781046,1709142516.216151186,/rigid_bodies.rigidbodies[2].pose.position.x,0.8641414118687651
45.543343768,1709142516.226325912,1709142516.225910334,/rigid_bodies.rigidbodies[2].pose.position.x,0.8641569807501825
45.553306522,1709142516.236288666,1709142516.235928262,/rigid_bodies.rigidbodies[2].pose.position.x,0.864157961981453
45.563390644,1709142516.246372788,1709142516.245852284,/rigid_bodies.rigidbodies[2].pose.position.x,0.8641421414687622
45.573449065,1709142516.256431209,1709142516.255902454,/rigid_bodies.rigidbodies[2].pose.position.x,0.8640568332416394
45.583252454,1709142516.266234598,1709142516.265787898,/rigid_bodies.rigidbodies[2].pose.position.x,0.8641158668271557
45.593261207,1709142516.276243351,1709142516.275662114,/rigid_bodies.rigidbodies[2].pose.position.x,0.8641121490446256
45.60343488,1709142516.286417024,1709142516.285793593,/rigid_bodies.rigidbodies[2].pose.position.x,0.864046654435644
45.613224805,1709142516.296206949,1709142516.295738138,/rigid_bodies.rigidbodies[2].pose.position.x,0.8641535658851682
45.623360858,1709142516.306343002,1709142516.305747002,/rigid_bodies.rigidbodies[2].pose.position.x,0.8641882216841235
45.633714172,1709142516.316696316,1709142516.315941290,/rigid_bodies.rigidbodies[2].pose.position.x,0.8641439601519838
45.643213652,1709142516.326195796,1709142516.325670925,/rigid_bodies.rigidbodies[2].pose.position.x,0.8641288323435539
45.653108867,1709142516.336091011,1709142516.335671904,/rigid_bodies.rigidbodies[2].pose.position.x,0.8641365489549622
45.663370214,1709142516.346352358,1709142516.345702044,/rigid_bodies.rigidbodies[2].pose.position.x,0.864139490440819
45.673142418,1709142516.356124562,1709142516.355744274,/rigid_bodies.rigidbodies[2].pose.position.x,0.8640950190268115
45.6832986,1709142516.366280744,1709142516.365901866,/rigid_bodies.rigidbodies[2].pose.position.x,0.8641297762110554
45.693038599,1709142516.376020743,1709142516.375664867,/rigid_bodies.rigidbodies[2].pose.position.x,0.8641131262988491
45.70311984,1709142516.386101984,1709142516.385746449,/rigid_bodies.rigidbodies[2].pose.position.x,0.8641177750006891
45.712948888,1709142516.395931032,1709142516.395665458,/rigid_bodies.rigidbodies[2].pose.position.x,0.8641249042468926
45.723435902,1709142516.406418046,1709142516.405840834,/rigid_bodies.rigidbodies[2].pose.position.x,0.8641638853730854
45.733461583,1709142516.416443727,1709142516.415858920,/rigid_bodies.rigidbodies[2].pose.position.x,0.864158073598598
45.743341797,1709142516.426323941,1709142516.425861470,/rigid_bodies.rigidbodies[2].pose.position.x,0.864102605713243
45.753765579,1709142516.436747723,1709142516.436059458,/rigid_bodies.rigidbodies[2].pose.position.x,0.8641322554521869
45.763300527,1709142516.446282671,1709142516.445808877,/rigid_bodies.rigidbodies[2].pose.position.x,0.8641459654975624
45.773610045,1709142516.456592189,1709142516.456026501,/rigid_bodies.rigidbodies[2].pose.position.x,0.8641040799043952
45.783592489,1709142516.466574633,1709142516.466022972,/rigid_bodies.rigidbodies[2].pose.position.x,0.8641322763089196
45.79344413,1709142516.476426274,1709142516.475916450,/rigid_bodies.rigidbodies[2].pose.position.x,0.8641514877996858
45.803771211,1709142516.486753355,1709142516.486182866,/rigid_bodies.rigidbodies[2].pose.position.x,0.864126837009734
45.813390238,1709142516.496372382,1709142516.496005764,/rigid_bodies.rigidbodies[2].pose.position.x,0.8641675663441771
45.823741943,1709142516.506724087,1709142516.506119693,/rigid_bodies.rigidbodies[2].pose.position.x,0.8642156600550837
45.833780877,1709142516.516763021,1709142516.516118598,/rigid_bodies.rigidbodies[2].pose.position.x,0.8641335036589496
45.843370604,1709142516.526352748,1709142516.525893782,/rigid_bodies.rigidbodies[2].pose.position.x,0.8640529400543189
45.8534497,1709142516.536431844,1709142516.535897669,/rigid_bodies.rigidbodies[2].pose.position.x,0.8641029607730193
45.863042024,1709142516.546024168,1709142516.545762207,/rigid_bodies.rigidbodies[2].pose.position.x,0.8641281799832079
45.873179476,1709142516.556161620,1709142516.555713468,/rigid_bodies.rigidbodies[2].pose.position.x,0.8641445016663929
45.883451017,1709142516.566433161,1709142516.565844390,/rigid_bodies.rigidbodies[2].pose.position.x,0.8641476615301317
45.893412652,1709142516.576394796,1709142516.575813310,/rigid_bodies.rigidbodies[2].pose.position.x,0.8641400808640518
45.903426879,1709142516.586409023,1709142516.585868554,/rigid_bodies.rigidbodies[2].pose.position.x,0.8641282051830027
45.913328901,1709142516.596311045,1709142516.595763186,/rigid_bodies.rigidbodies[2].pose.position.x,0.8641373549877944
45.923314076,1709142516.606296220,1709142516.605785973,/rigid_bodies.rigidbodies[2].pose.position.x,0.8641395912715941
45.933610366,1709142516.616592510,1709142516.615941164,/rigid_bodies.rigidbodies[2].pose.position.x,0.8641387669135894
45.943109035,1709142516.626091179,1709142516.625660727,/rigid_bodies.rigidbodies[2].pose.position.x,0.8640614706183911
45.953286124,1709142516.636268268,1709142516.635801675,/rigid_bodies.rigidbodies[2].pose.position.x,0.8641368038546853
45.963217149,1709142516.646199293,1709142516.645718410,/rigid_bodies.rigidbodies[2].pose.position.x,0.8642280002202317
45.973068923,1709142516.656051067,1709142516.655719501,/rigid_bodies.rigidbodies[2].pose.position.x,0.8641807956929016
45.983333626,1709142516.666315770,1709142516.665810381,/rigid_bodies.rigidbodies[2].pose.position.x,0.8640941385709312
45.993676934,1709142516.676659078,1709142516.675973459,/rigid_bodies.rigidbodies[2].pose.position.x,0.8641458857933354
46.003390536,1709142516.686372680,1709142516.685935500,/rigid_bodies.rigidbodies[2].pose.position.x,0.8641769662107497
46.013375404,1709142516.696357548,1709142516.695867337,/rigid_bodies.rigidbodies[2].pose.position.x,0.864196267387298
46.023578929,1709142516.706561073,1709142516.705993033,/rigid_bodies.rigidbodies[2].pose.position.x,0.8641732769822589
46.033498511,1709142516.716480655,1709142516.715907302,/rigid_bodies.rigidbodies[2].pose.position.x,0.8641266946420822
46.043279125,1709142516.726261269,1709142516.725782726,/rigid_bodies.rigidbodies[2].pose.position.x,0.8640687870725162
46.053657196,1709142516.736639340,1709142516.736024987,/rigid_bodies.rigidbodies[2].pose.position.x,0.8641016816294236
46.063176604,1709142516.746158748,1709142516.745786623,/rigid_bodies.rigidbodies[2].pose.position.x,0.8641874660540069
46.073306254,1709142516.756288398,1709142516.755809117,/rigid_bodies.rigidbodies[2].pose.position.x,0.8642057366840866
46.084213045,1709142516.767195189,1709142516.766151690,/rigid_bodies.rigidbodies[2].pose.position.x,0.8641327330233328
46.093624932,1709142516.776607076,1709142516.776058291,/rigid_bodies.rigidbodies[2].pose.position.x,0.8641664778608501
46.103343532,1709142516.786325676,1709142516.785882230,/rigid_bodies.rigidbodies[2].pose.position.x,0.8641687212590144
46.113777181,1709142516.796759325,1709142516.796215745,/rigid_bodies.rigidbodies[2].pose.position.x,0.8641395598141555
46.123597643,1709142516.806579787,1709142516.806083052,/rigid_bodies.rigidbodies[2].pose.position.x,0.8641474409523472
46.133253854,1709142516.816235998,1709142516.815904137,/rigid_bodies.rigidbodies[2].pose.position.x,0.8641118126588361
46.143406642,1709142516.826388786,1709142516.825987344,/rigid_bodies.rigidbodies[2].pose.position.x,0.8641485966928854
46.153525441,1709142516.836507585,1709142516.835990074,/rigid_bodies.rigidbodies[2].pose.position.x,0.8641730568152893
46.16333031,1709142516.846312454,1709142516.845965760,/rigid_bodies.rigidbodies[2].pose.position.x,0.8641556952988726
46.173452414,1709142516.856434558,1709142516.855973053,/rigid_bodies.rigidbodies[2].pose.position.x,0.8641126880568
46.183308925,1709142516.866291069,1709142516.865829998,/rigid_bodies.rigidbodies[2].pose.position.x,0.8640373985290323
46.1934366,1709142516.876418744,1709142516.875963981,/rigid_bodies.rigidbodies[2].pose.position.x,0.8641211038277268
46.203692861,1709142516.886675005,1709142516.885962614,/rigid_bodies.rigidbodies[2].pose.position.x,0.8641860342759548
46.213648515,1709142516.896630659,1709142516.896041866,/rigid_bodies.rigidbodies[2].pose.position.x,0.8641430696180916
46.223185261,1709142516.906167405,1709142516.905720245,/rigid_bodies.rigidbodies[2].pose.position.x,0.8641498731822755
46.233526135,1709142516.916508279,1709142516.915952609,/rigid_bodies.rigidbodies[2].pose.position.x,0.8641345765370912
46.243346921,1709142516.926329065,1709142516.925866092,/rigid_bodies.rigidbodies[2].pose.position.x,0.8641209142791612
46.253187095,1709142516.936169239,1709142516.935800277,/rigid_bodies.rigidbodies[2].pose.position.x,0.8641778842973302
46.263361574,1709142516.946343718,1709142516.945992256,/rigid_bodies.rigidbodies[2].pose.position.x,0.8641582778822122
46.273553234,1709142516.956535378,1709142516.956054786,/rigid_bodies.rigidbodies[2].pose.position.x,0.864077568192863
46.283123055,1709142516.966105199,1709142516.965680364,/rigid_bodies.rigidbodies[2].pose.position.x,0.8641316525823954
46.293098071,1709142516.976080215,1709142516.975711008,/rigid_bodies.rigidbodies[2].pose.position.x,0.8641639445999935
46.303403857,1709142516.986386001,1709142516.985825431,/rigid_bodies.rigidbodies[2].pose.position.x,0.8641588717493587
46.313516963,1709142516.996499107,1709142516.996035711,/rigid_bodies.rigidbodies[2].pose.position.x,0.8640950187624735
46.323377828,1709142517.006359972,1709142517.005883910,/rigid_bodies.rigidbodies[2].pose.position.x,0.8640814514448142
46.333677214,1709142517.016659358,1709142517.016072999,/rigid_bodies.rigidbodies[2].pose.position.x,0.8641704242099375
46.343324948,1709142517.026307092,1709142517.025874418,/rigid_bodies.rigidbodies[2].pose.position.x,0.8641308839132571
46.353335586,1709142517.036317730,1709142517.035872342,/rigid_bodies.rigidbodies[2].pose.position.x,0.8641533572837475
46.363681017,1709142517.046663161,1709142517.046152818,/rigid_bodies.rigidbodies[2].pose.position.x,0.8641329294374409
46.373721977,1709142517.056704121,1709142517.056124493,/rigid_bodies.rigidbodies[2].pose.position.x,0.8640820210564987
46.38342633,1709142517.066408474,1709142517.065917725,/rigid_bodies.rigidbodies[2].pose.position.x,0.8641210028979445
46.393504674,1709142517.076486818,1709142517.075953979,/rigid_bodies.rigidbodies[2].pose.position.x,0.8641605782464288
46.403596261,1709142517.086578405,1709142517.086011246,/rigid_bodies.rigidbodies[2].pose.position.x,0.8641989753438063
46.413571216,1709142517.096553360,1709142517.096084842,/rigid_bodies.rigidbodies[2].pose.position.x,0.8640829707482434
46.423300405,1709142517.106282549,1709142517.105900989,/rigid_bodies.rigidbodies[2].pose.position.x,0.8640873324497513
46.433866804,1709142517.116848948,1709142517.116220059,/rigid_bodies.rigidbodies[2].pose.position.x,0.8641708459949337
46.443172056,1709142517.126154200,1709142517.125771674,/rigid_bodies.rigidbodies[2].pose.position.x,0.8641299875218704
46.453126899,1709142517.136109043,1709142517.135722122,/rigid_bodies.rigidbodies[2].pose.position.x,0.8641331962159308
46.463275681,1709142517.146257825,1709142517.145867690,/rigid_bodies.rigidbodies[2].pose.position.x,0.8641291937083
46.473433366,1709142517.156415510,1709142517.155976420,/rigid_bodies.rigidbodies[2].pose.position.x,0.8641272324796214
46.483337039,1709142517.166319183,1709142517.165911328,/rigid_bodies.rigidbodies[2].pose.position.x,0.8641237342032164
46.493117998,1709142517.176100142,1709142517.175727855,/rigid_bodies.rigidbodies[2].pose.position.x,0.8641442110787777
46.503222974,1709142517.186205118,1709142517.185806174,/rigid_bodies.rigidbodies[2].pose.position.x,0.864133998938559
46.513307201,1709142517.196289345,1709142517.195767866,/rigid_bodies.rigidbodies[2].pose.position.x,0.8640367519310231
46.523336913,1709142517.206319057,1709142517.205857988,/rigid_bodies.rigidbodies[2].pose.position.x,0.8640817636691106
46.533310306,1709142517.216292450,1709142517.215785070,/rigid_bodies.rigidbodies[2].pose.position.x,0.8641931827192452
46.543555559,1709142517.226537703,1709142517.225888871,/rigid_bodies.rigidbodies[2].pose.position.x,0.864187627628573
46.553375927,1709142517.236358071,1709142517.235798671,/rigid_bodies.rigidbodies[2].pose.position.x,0.8640992863806981
46.563397991,1709142517.246380135,1709142517.245958995,/rigid_bodies.rigidbodies[2].pose.position.x,0.8641169089269966
46.57342976,1709142517.256411904,1709142517.255874930,/rigid_bodies.rigidbodies[2].pose.position.x,0.864173760346258
46.583256009,1709142517.266238153,1709142517.265844157,/rigid_bodies.rigidbodies[2].pose.position.x,0.8641357127013237
46.593456474,1709142517.276438618,1709142517.275993477,/rigid_bodies.rigidbodies[2].pose.position.x,0.8641728212703383
46.603522381,1709142517.286504525,1709142517.286007362,/rigid_bodies.rigidbodies[2].pose.position.x,0.8641414462043903
46.613781196,1709142517.296763340,1709142517.296192122,/rigid_bodies.rigidbodies[2].pose.position.x,0.8640297646971683
46.623184504,1709142517.306166648,1709142517.305804940,/rigid_bodies.rigidbodies[2].pose.position.x,0.8641201934491015
46.633583183,1709142517.316565327,1709142517.316036943,/rigid_bodies.rigidbodies[2].pose.position.x,0.8641606950461647
46.643334866000004,1709142517.326317010,1709142517.325866254,/rigid_bodies.rigidbodies[2].pose.position.x,0.8641302236991527
46.653447982,1709142517.336430126,1709142517.335893160,/rigid_bodies.rigidbodies[2].pose.position.x,0.8640331824605284
46.663383346,1709142517.346365490,1709142517.345925999,/rigid_bodies.rigidbodies[2].pose.position.x,0.8640964586963914
46.673585713,1709142517.356567857,1709142517.355997125,/rigid_bodies.rigidbodies[2].pose.position.x,0.864168687897942
46.683426621,1709142517.366408765,1709142517.365929249,/rigid_bodies.rigidbodies[2].pose.position.x,0.8641244104180397
46.693482236,1709142517.376464380,1709142517.375887592,/rigid_bodies.rigidbodies[2].pose.position.x,0.8641292178347398
46.703414899,1709142517.386397043,1709142517.385952491,/rigid_bodies.rigidbodies[2].pose.position.x,0.8640756766706517
46.7132814,1709142517.396263544,1709142517.395867272,/rigid_bodies.rigidbodies[2].pose.position.x,0.8640056700261458
46.723602295,1709142517.406584439,1709142517.405941495,/rigid_bodies.rigidbodies[2].pose.position.x,0.864113457504532
46.733414902,1709142517.416397046,1709142517.415858499,/rigid_bodies.rigidbodies[2].pose.position.x,0.8642022631354719
46.743045947,1709142517.426028091,1709142517.425610507,/rigid_bodies.rigidbodies[2].pose.position.x,0.8641313886850832
46.753141324,1709142517.436123468,1709142517.435705189,/rigid_bodies.rigidbodies[2].pose.position.x,0.864057016733007
46.763140736,1709142517.446122880,1709142517.445681859,/rigid_bodies.rigidbodies[2].pose.position.x,0.8640871243401063
46.773253989,1709142517.456236133,1709142517.455791801,/rigid_bodies.rigidbodies[2].pose.position.x,0.8641222280755406
46.783725502,1709142517.466707646,1709142517.465995958,/rigid_bodies.rigidbodies[2].pose.position.x,0.8641292602384238
46.793411251,1709142517.476393395,1709142517.475840642,/rigid_bodies.rigidbodies[2].pose.position.x,0.864128444384351
46.803295512,1709142517.486277656,1709142517.485813641,/rigid_bodies.rigidbodies[2].pose.position.x,0.8641182903172426
46.813656798,1709142517.496638942,1709142517.496105429,/rigid_bodies.rigidbodies[2].pose.position.x,0.8641244022625477
46.823438208,1709142517.506420352,1709142517.505859399,/rigid_bodies.rigidbodies[2].pose.position.x,0.8641264434374019
46.833349332,1709142517.516331476,1709142517.515822060,/rigid_bodies.rigidbodies[2].pose.position.x,0.8641967435904109
46.843340203,1709142517.526322347,1709142517.525814871,/rigid_bodies.rigidbodies[2].pose.position.x,0.8641077483117291
46.853394944,1709142517.536377088,1709142517.535875422,/rigid_bodies.rigidbodies[2].pose.position.x,0.8640642234870289
46.863213977,1709142517.546196121,1709142517.545770186,/rigid_bodies.rigidbodies[2].pose.position.x,0.8641303638684181
46.873489014,1709142517.556471158,1709142517.555893833,/rigid_bodies.rigidbodies[2].pose.position.x,0.8641764134977313
46.883526257,1709142517.566508401,1709142517.565915046,/rigid_bodies.rigidbodies[2].pose.position.x,0.8641144886177979
46.893230194,1709142517.576212338,1709142517.575778204,/rigid_bodies.rigidbodies[2].pose.position.x,0.8641003644969142
46.90329876,1709142517.586280904,1709142517.585789968,/rigid_bodies.rigidbodies[2].pose.position.x,0.8641520625274638
46.913047565,1709142517.596029709,1709142517.595712532,/rigid_bodies.rigidbodies[2].pose.position.x,0.8641060916870631
46.922957153,1709142517.605939297,1709142517.605623813,/rigid_bodies.rigidbodies[2].pose.position.x,0.8641422352985564
46.933264653,1709142517.616246797,1709142517.615792538,/rigid_bodies.rigidbodies[2].pose.position.x,0.8642281023137199
46.943459273,1709142517.626441417,1709142517.625844298,/rigid_bodies.rigidbodies[2].pose.position.x,0.8641484213270457
46.953535898,1709142517.636518042,1709142517.635866770,/rigid_bodies.rigidbodies[2].pose.position.x,0.8641139345756597
46.963416822,1709142517.646398966,1709142517.645994907,/rigid_bodies.rigidbodies[2].pose.position.x,0.8641588720968143
46.973387008,1709142517.656369152,1709142517.655863217,/rigid_bodies.rigidbodies[2].pose.position.x,0.8641877068096768
46.983438301,1709142517.666420445,1709142517.665880047,/rigid_bodies.rigidbodies[2].pose.position.x,0.8641761387619471
46.993214145,1709142517.676196289,1709142517.675749980,/rigid_bodies.rigidbodies[2].pose.position.x,0.8641171744358108
47.003376594,1709142517.686358738,1709142517.685839555,/rigid_bodies.rigidbodies[2].pose.position.x,0.8640762699650447
47.01371375,1709142517.696695894,1709142517.696077205,/rigid_bodies.rigidbodies[2].pose.position.x,0.8640980189415771
47.023176038,1709142517.706158182,1709142517.705709630,/rigid_bodies.rigidbodies[2].pose.position.x,0.8641099215320763
47.033343762,1709142517.716325906,1709142517.715824025,/rigid_bodies.rigidbodies[2].pose.position.x,0.8641396508855628
47.043549642,1709142517.726531786,1709142517.725902810,/rigid_bodies.rigidbodies[2].pose.position.x,0.8641158854408326
47.053091386,1709142517.736073530,1709142517.735677641,/rigid_bodies.rigidbodies[2].pose.position.x,0.864114432299513
47.063248093,1709142517.746230237,1709142517.745806434,/rigid_bodies.rigidbodies[2].pose.position.x,0.8641385798298833
47.073565379,1709142517.756547523,1709142517.755934377,/rigid_bodies.rigidbodies[2].pose.position.x,0.8641750232625806
47.083170396,1709142517.766152540,1709142517.765732345,/rigid_bodies.rigidbodies[2].pose.position.x,0.8640879842351402
47.093185827,1709142517.776167971,1709142517.775719158,/rigid_bodies.rigidbodies[2].pose.position.x,0.864064101330167
47.103564419,1709142517.786546563,1709142517.785933429,/rigid_bodies.rigidbodies[2].pose.position.x,0.8641687190689458
47.113208383,1709142517.796190527,1709142517.795856326,/rigid_bodies.rigidbodies[2].pose.position.x,0.8641603404188128
47.122924306,1709142517.805906450,1709142517.805660082,/rigid_bodies.rigidbodies[2].pose.position.x,0.8641040813458184
47.132714208,1709142517.815696352,1709142517.815506991,/rigid_bodies.rigidbodies[2].pose.position.x,0.8640884587719273
47.143016223,1709142517.825998367,1709142517.825828166,/rigid_bodies.rigidbodies[2].pose.position.x,0.8641289350167525
47.153125611,1709142517.836107755,1709142517.835824473,/rigid_bodies.rigidbodies[2].pose.position.x,0.864004631910024
47.16333103,1709142517.846313174,1709142517.845956071,/rigid_bodies.rigidbodies[2].pose.position.x,0.8641448047731181
47.173459003,1709142517.856441147,1709142517.855940534,/rigid_bodies.rigidbodies[2].pose.position.x,0.8641780813409059
47.183438348,1709142517.866420492,1709142517.866024024,/rigid_bodies.rigidbodies[2].pose.position.x,0.8641012837640877
47.193262679,1709142517.876244823,1709142517.875860484,/rigid_bodies.rigidbodies[2].pose.position.x,0.8640982354985673
47.203165005,1709142517.886147149,1709142517.885801274,/rigid_bodies.rigidbodies[2].pose.position.x,0.8641515220909325
47.213499462,1709142517.896481606,1709142517.895968294,/rigid_bodies.rigidbodies[2].pose.position.x,0.8641570040859803
47.223200911,1709142517.906183055,1709142517.905854066,/rigid_bodies.rigidbodies[2].pose.position.x,0.8641213019117217
47.233635954,1709142517.916618098,1709142517.916160725,/rigid_bodies.rigidbodies[2].pose.position.x,0.8640728943762248
47.243190454,1709142517.926172598,1709142517.925896865,/rigid_bodies.rigidbodies[2].pose.position.x,0.864156365665378
47.253305902,1709142517.936288046,1709142517.935953049,/rigid_bodies.rigidbodies[2].pose.position.x,0.8641580303602762
47.263255544,1709142517.946237688,1709142517.945994958,/rigid_bodies.rigidbodies[2].pose.position.x,0.8641229897004981
47.273354794,1709142517.956336938,1709142517.956035299,/rigid_bodies.rigidbodies[2].pose.position.x,0.8641095212867016
47.283144529,1709142517.966126673,1709142517.965854177,/rigid_bodies.rigidbodies[2].pose.position.x,0.8640940352610652
47.293396883,1709142517.976379027,1709142517.976018193,/rigid_bodies.rigidbodies[2].pose.position.x,0.8641280899572389
47.303033797,1709142517.986015941,1709142517.985776906,/rigid_bodies.rigidbodies[2].pose.position.x,0.8641666642405162
47.31337874,1709142517.996360884,1709142517.996040653,/rigid_bodies.rigidbodies[2].pose.position.x,0.8641679407878589
47.323271493,1709142518.006253637,1709142518.005957697,/rigid_bodies.rigidbodies[2].pose.position.x,0.8640898759439712
47.333539624,1709142518.016521768,1709142518.016131778,/rigid_bodies.rigidbodies[2].pose.position.x,0.8641232996003289
47.342881725,1709142518.025863869,1709142518.025677013,/rigid_bodies.rigidbodies[2].pose.position.x,0.864185413173818
47.352835939,1709142518.035818083,1709142518.035641823,/rigid_bodies.rigidbodies[2].pose.position.x,0.8641793887972683
47.363063331,1709142518.046045475,1709142518.045854222,/rigid_bodies.rigidbodies[2].pose.position.x,0.8641470050446741
47.372771907,1709142518.055754051,1709142518.055608446,/rigid_bodies.rigidbodies[2].pose.position.x,0.8641113393710211
47.382946272,1709142518.065928416,1709142518.065786833,/rigid_bodies.rigidbodies[2].pose.position.x,0.8641018961332887
47.3929016,1709142518.075883744,1709142518.075701079,/rigid_bodies.rigidbodies[2].pose.position.x,0.8641681122236209
47.403031308,1709142518.086013452,1709142518.085783064,/rigid_bodies.rigidbodies[2].pose.position.x,0.8641956331338259
47.41300024,1709142518.095982384,1709142518.095746926,/rigid_bodies.rigidbodies[2].pose.position.x,0.8641806365598883
47.422994344,1709142518.105976488,1709142518.105803209,/rigid_bodies.rigidbodies[2].pose.position.x,0.864123171623179
47.433170122,1709142518.116152266,1709142518.115848604,/rigid_bodies.rigidbodies[2].pose.position.x,0.8639962534794869
47.443319308,1709142518.126301452,1709142518.125914182,/rigid_bodies.rigidbodies[2].pose.position.x,0.8641223440082958
47.453348103,1709142518.136330247,1709142518.135986442,/rigid_bodies.rigidbodies[2].pose.position.x,0.864217510948607
47.463386374,1709142518.146368518,1709142518.145926185,/rigid_bodies.rigidbodies[2].pose.position.x,0.8641497494991549
47.473530198,1709142518.156512342,1709142518.156019237,/rigid_bodies.rigidbodies[2].pose.position.x,0.8640605740582183
47.483268943,1709142518.166251087,1709142518.165987553,/rigid_bodies.rigidbodies[2].pose.position.x,0.8641497605730196
47.493646645,1709142518.176628789,1709142518.176184473,/rigid_bodies.rigidbodies[2].pose.position.x,0.8641623062642891
47.503345374,1709142518.186327518,1709142518.185965976,/rigid_bodies.rigidbodies[2].pose.position.x,0.86415139257532
47.513234125,1709142518.196216269,1709142518.195939881,/rigid_bodies.rigidbodies[2].pose.position.x,0.8641667299137893
47.52375217,1709142518.206734314,1709142518.206211503,/rigid_bodies.rigidbodies[2].pose.position.x,0.8641406952441357
47.533547099,1709142518.216529243,1709142518.216091337,/rigid_bodies.rigidbodies[2].pose.position.x,0.8639172983503485
47.543269409,1709142518.226251553,1709142518.225944710,/rigid_bodies.rigidbodies[2].pose.position.x,0.8640851058350781
47.553110859,1709142518.236093003,1709142518.235716061,/rigid_bodies.rigidbodies[2].pose.position.x,0.8641555729777242
47.563365523,1709142518.246347667,1709142518.246085786,/rigid_bodies.rigidbodies[2].pose.position.x,0.8640949982985603
47.573243614,1709142518.256225758,1709142518.255809100,/rigid_bodies.rigidbodies[2].pose.position.x,0.8640640023192505
47.583195947,1709142518.266178091,1709142518.265779519,/rigid_bodies.rigidbodies[2].pose.position.x,0.8641699224126853
47.593637375,1709142518.276619519,1709142518.275977037,/rigid_bodies.rigidbodies[2].pose.position.x,0.8641827007278082
47.603233219,1709142518.286215363,1709142518.285832247,/rigid_bodies.rigidbodies[2].pose.position.x,0.864134344839689
47.613541751,1709142518.296523895,1709142518.296045338,/rigid_bodies.rigidbodies[2].pose.position.x,0.8640452372918066
47.623693444,1709142518.306675588,1709142518.306042678,/rigid_bodies.rigidbodies[2].pose.position.x,0.8640652787186247
47.633390231999996,1709142518.316372376,1709142518.315921741,/rigid_bodies.rigidbodies[2].pose.position.x,0.86416007795785
47.643389603,1709142518.326371747,1709142518.325842695,/rigid_bodies.rigidbodies[2].pose.position.x,0.8641384252222853
47.65374691,1709142518.336729054,1709142518.336001315,/rigid_bodies.rigidbodies[2].pose.position.x,0.8641854600641615
47.663140369,1709142518.346122513,1709142518.345800916,/rigid_bodies.rigidbodies[2].pose.position.x,0.8641159028558534
47.673465254,1709142518.356447398,1709142518.355957638,/rigid_bodies.rigidbodies[2].pose.position.x,0.864087813588676
47.68342063,1709142518.366402774,1709142518.365929171,/rigid_bodies.rigidbodies[2].pose.position.x,0.8641438302873281
47.693715587,1709142518.376697731,1709142518.376112534,/rigid_bodies.rigidbodies[2].pose.position.x,0.8641402802582899
47.703598955,1709142518.386581099,1709142518.386043537,/rigid_bodies.rigidbodies[2].pose.position.x,0.8641125320449728
47.713748463,1709142518.396730607,1709142518.396157504,/rigid_bodies.rigidbodies[2].pose.position.x,0.864107530486451
47.72280186,1709142518.405784004,1709142518.405523839,/rigid_bodies.rigidbodies[2].pose.position.x,0.8641440197653241
47.732850058,1709142518.415832202,1709142518.415606182,/rigid_bodies.rigidbodies[2].pose.position.x,0.8641234879440384
47.742749268,1709142518.425731412,1709142518.425507465,/rigid_bodies.rigidbodies[2].pose.position.x,0.8641459836060248
47.752882085,1709142518.435864229,1709142518.435588142,/rigid_bodies.rigidbodies[2].pose.position.x,0.8641514327002129
47.762942876,1709142518.445925020,1709142518.445750851,/rigid_bodies.rigidbodies[2].pose.position.x,0.8641140621163413
47.772967936,1709142518.455950080,1709142518.455642085,/rigid_bodies.rigidbodies[2].pose.position.x,0.8641886837694542
47.783336432,1709142518.466318576,1709142518.465850645,/rigid_bodies.rigidbodies[2].pose.position.x,0.8642119017780893
47.793194272,1709142518.476176416,1709142518.475779668,/rigid_bodies.rigidbodies[2].pose.position.x,0.8641652665169651
47.803383289,1709142518.486365433,1709142518.485818533,/rigid_bodies.rigidbodies[2].pose.position.x,0.8640660856702082
47.813336346,1709142518.496318490,1709142518.495881590,/rigid_bodies.rigidbodies[2].pose.position.x,0.8640645984067311
47.823118121,1709142518.506100265,1709142518.505724283,/rigid_bodies.rigidbodies[2].pose.position.x,0.8641653097858526
47.833604872,1709142518.516587016,1709142518.515953996,/rigid_bodies.rigidbodies[2].pose.position.x,0.8641651072401485
47.843202688,1709142518.526184832,1709142518.525745315,/rigid_bodies.rigidbodies[2].pose.position.x,0.8641231204648818
47.8531847,1709142518.536166844,1709142518.535796132,/rigid_bodies.rigidbodies[2].pose.position.x,0.8640527164206473
47.86338446,1709142518.546366604,1709142518.545956919,/rigid_bodies.rigidbodies[2].pose.position.x,0.8641219744117179
47.873564371,1709142518.556546515,1709142518.555994563,/rigid_bodies.rigidbodies[2].pose.position.x,0.8641421178082456
47.883058831,1709142518.566040975,1709142518.565731267,/rigid_bodies.rigidbodies[2].pose.position.x,0.8642151640983441
47.893217993,1709142518.576200137,1709142518.575819110,/rigid_bodies.rigidbodies[2].pose.position.x,0.8641846247988895
47.903425488,1709142518.586407632,1709142518.585923583,/rigid_bodies.rigidbodies[2].pose.position.x,0.864060200706927
47.913247751,1709142518.596229895,1709142518.595850572,/rigid_bodies.rigidbodies[2].pose.position.x,0.8641380331914709
47.923261092,1709142518.606243236,1709142518.605823235,/rigid_bodies.rigidbodies[2].pose.position.x,0.864198536304871
47.933513482,1709142518.616495626,1709142518.615964161,/rigid_bodies.rigidbodies[2].pose.position.x,0.8641547389646128
47.943256275,1709142518.626238419,1709142518.625833808,/rigid_bodies.rigidbodies[2].pose.position.x,0.8640835996130719
47.953329988,1709142518.636312132,1709142518.635841033,/rigid_bodies.rigidbodies[2].pose.position.x,0.8640973557958224
47.963210263,1709142518.646192407,1709142518.645853697,/rigid_bodies.rigidbodies[2].pose.position.x,0.864170559669289
47.973507312,1709142518.656489456,1709142518.655972600,/rigid_bodies.rigidbodies[2].pose.position.x,0.8641743977031254
47.983657959,1709142518.666640103,1709142518.666025141,/rigid_bodies.rigidbodies[2].pose.position.x,0.8641746993775166
47.993132413,1709142518.676114557,1709142518.675724087,/rigid_bodies.rigidbodies[2].pose.position.x,0.864101462914913
48.003440538,1709142518.686422682,1709142518.685912601,/rigid_bodies.rigidbodies[2].pose.position.x,0.8640403418666122
48.013347931,1709142518.696330075,1709142518.695830178,/rigid_bodies.rigidbodies[2].pose.position.x,0.8641488919812658
48.02332084,1709142518.706302984,1709142518.705776946,/rigid_bodies.rigidbodies[2].pose.position.x,0.8642197503894753
48.033412678,1709142518.716394822,1709142518.715919818,/rigid_bodies.rigidbodies[2].pose.position.x,0.864216149814982
48.043205484,1709142518.726187628,1709142518.725761412,/rigid_bodies.rigidbodies[2].pose.position.x,0.8640949271255403
48.053137536,1709142518.736119680,1709142518.735766137,/rigid_bodies.rigidbodies[2].pose.position.x,0.864116195271625
48.06315347,1709142518.746135614,1709142518.745835285,/rigid_bodies.rigidbodies[2].pose.position.x,0.8641937671810185
48.073410323,1709142518.756392467,1709142518.755869304,/rigid_bodies.rigidbodies[2].pose.position.x,0.8641354061111367
48.083144832,1709142518.766126976,1709142518.765724759,/rigid_bodies.rigidbodies[2].pose.position.x,0.8641649905698794
48.093415577,1709142518.776397721,1709142518.775916805,/rigid_bodies.rigidbodies[2].pose.position.x,0.8640924183316335
48.103186017,1709142518.786168161,1709142518.785801348,/rigid_bodies.rigidbodies[2].pose.position.x,0.8640545825040526
48.113300624,1709142518.796282768,1709142518.795869144,/rigid_bodies.rigidbodies[2].pose.position.x,0.864138587775849
48.123259448,1709142518.806241592,1709142518.805820558,/rigid_bodies.rigidbodies[2].pose.position.x,0.8641989787348535
48.133298059,1709142518.816280203,1709142518.815830620,/rigid_bodies.rigidbodies[2].pose.position.x,0.864128004772644
48.143376512,1709142518.826358656,1709142518.825834783,/rigid_bodies.rigidbodies[2].pose.position.x,0.8641506360689929
48.153350307,1709142518.836332451,1709142518.835874529,/rigid_bodies.rigidbodies[2].pose.position.x,0.8641270574951448
48.16324713,1709142518.846229274,1709142518.845905034,/rigid_bodies.rigidbodies[2].pose.position.x,0.8640713197398401
48.173181922,1709142518.856164066,1709142518.855786014,/rigid_bodies.rigidbodies[2].pose.position.x,0.8640961192285074
48.183150512,1709142518.866132656,1709142518.865793530,/rigid_bodies.rigidbodies[2].pose.position.x,0.8641164959166702
48.193356568,1709142518.876338712,1709142518.875912406,/rigid_bodies.rigidbodies[2].pose.position.x,0.8641530867769741
48.203515463,1709142518.886497607,1709142518.885923883,/rigid_bodies.rigidbodies[2].pose.position.x,0.8641391737610905
48.21331268,1709142518.896294824,1709142518.895859404,/rigid_bodies.rigidbodies[2].pose.position.x,0.8643562778452971
48.223441229,1709142518.906423373,1709142518.905903151,/rigid_bodies.rigidbodies[2].pose.position.x,0.8642499593194506
48.233589498,1709142518.916571642,1709142518.915931132,/rigid_bodies.rigidbodies[2].pose.position.x,0.8641409888528768
48.243301117,1709142518.926283261,1709142518.925893150,/rigid_bodies.rigidbodies[2].pose.position.x,0.8640701843464786
48.253618794,1709142518.936600938,1709142518.936025001,/rigid_bodies.rigidbodies[2].pose.position.x,0.8641322197734812
48.263383138,1709142518.946365282,1709142518.945928448,/rigid_bodies.rigidbodies[2].pose.position.x,0.864228829182888
48.273508529,1709142518.956490673,1709142518.956097931,/rigid_bodies.rigidbodies[2].pose.position.x,0.864137640315725
48.283433177,1709142518.966415321,1709142518.965977775,/rigid_bodies.rigidbodies[2].pose.position.x,0.8640634134427494
48.293749969,1709142518.976732113,1709142518.976258175,/rigid_bodies.rigidbodies[2].pose.position.x,0.8641585043630914
48.303436457,1709142518.986418601,1709142518.986044332,/rigid_bodies.rigidbodies[2].pose.position.x,0.8641698539167225
48.313301607,1709142518.996283751,1709142518.995976194,/rigid_bodies.rigidbodies[2].pose.position.x,0.8641652348939757
48.32358454,1709142519.006566684,1709142519.006099617,/rigid_bodies.rigidbodies[2].pose.position.x,0.8642194404793184
48.333612846,1709142519.016594990,1709142519.016163475,/rigid_bodies.rigidbodies[2].pose.position.x,0.864134151364387
48.343286812,1709142519.026268956,1709142519.025925849,/rigid_bodies.rigidbodies[2].pose.position.x,0.8640579056848131
48.353734655,1709142519.036716799,1709142519.036284185,/rigid_bodies.rigidbodies[2].pose.position.x,0.8641535502523687
48.363170977,1709142519.046153121,1709142519.045849933,/rigid_bodies.rigidbodies[2].pose.position.x,0.8642170626516522
48.373521882,1709142519.056504026,1709142519.055974521,/rigid_bodies.rigidbodies[2].pose.position.x,0.8641516089700282
48.383150302,1709142519.066132446,1709142519.065891837,/rigid_bodies.rigidbodies[2].pose.position.x,0.8640797857007153
48.393475508,1709142519.076457652,1709142519.076057480,/rigid_bodies.rigidbodies[2].pose.position.x,0.8640767095077868
48.403385093,1709142519.086367237,1709142519.085972877,/rigid_bodies.rigidbodies[2].pose.position.x,0.8641829553449694
48.413860471,1709142519.096842615,1709142519.096143306,/rigid_bodies.rigidbodies[2].pose.position.x,0.8641294327100794
48.423407568,1709142519.106389712,1709142519.105992567,/rigid_bodies.rigidbodies[2].pose.position.x,0.8641409931483184
48.433308227,1709142519.116290371,1709142519.115943357,/rigid_bodies.rigidbodies[2].pose.position.x,0.864113175547247
48.443763216,1709142519.126745360,1709142519.126171756,/rigid_bodies.rigidbodies[2].pose.position.x,0.8641282075293171
48.453597678,1709142519.136579822,1709142519.136149421,/rigid_bodies.rigidbodies[2].pose.position.x,0.864123691729228
48.463520809,1709142519.146502953,1709142519.145999938,/rigid_bodies.rigidbodies[2].pose.position.x,0.864181553354946
48.473609116,1709142519.156591260,1709142519.156069930,/rigid_bodies.rigidbodies[2].pose.position.x,0.8640921045284624
48.483787037,1709142519.166769181,1709142519.166116046,/rigid_bodies.rigidbodies[2].pose.position.x,0.8642898614666589
48.493335752,1709142519.176317896,1709142519.175935320,/rigid_bodies.rigidbodies[2].pose.position.x,0.8642215324089123
48.503630321,1709142519.186612465,1709142519.186101160,/rigid_bodies.rigidbodies[2].pose.position.x,0.8642100380028439
48.513646103,1709142519.196628247,1709142519.196041672,/rigid_bodies.rigidbodies[2].pose.position.x,0.8641197315278507
48.523412415,1709142519.206394559,1709142519.205920865,/rigid_bodies.rigidbodies[2].pose.position.x,0.8640684817313862
48.533665934,1709142519.216648078,1709142519.216077640,/rigid_bodies.rigidbodies[2].pose.position.x,0.86413146948015
48.543428001,1709142519.226410145,1709142519.225915586,/rigid_bodies.rigidbodies[2].pose.position.x,0.8641651194970572
48.553515574,1709142519.236497718,1709142519.236007626,/rigid_bodies.rigidbodies[2].pose.position.x,0.8641545917242262
48.563190679,1709142519.246172823,1709142519.245872363,/rigid_bodies.rigidbodies[2].pose.position.x,0.8641621081774598
48.573482271,1709142519.256464415,1709142519.256068630,/rigid_bodies.rigidbodies[2].pose.position.x,0.8640690442987764
48.58345875,1709142519.266440894,1709142519.266024404,/rigid_bodies.rigidbodies[2].pose.position.x,0.8640939370754883
48.593268659,1709142519.276250803,1709142519.275962384,/rigid_bodies.rigidbodies[2].pose.position.x,0.8642119124353623
48.603441229,1709142519.286423373,1709142519.286013369,/rigid_bodies.rigidbodies[2].pose.position.x,0.8642143206432316
48.613303328,1709142519.296285472,1709142519.295933593,/rigid_bodies.rigidbodies[2].pose.position.x,0.8641408097796
48.623318056,1709142519.306300200,1709142519.305978041,/rigid_bodies.rigidbodies[2].pose.position.x,0.8640538875956979
48.633467311,1709142519.316449455,1709142519.316055395,/rigid_bodies.rigidbodies[2].pose.position.x,0.8641317944637392
48.643329162,1709142519.326311306,1709142519.325938148,/rigid_bodies.rigidbodies[2].pose.position.x,0.8641947598829738
48.653440038,1709142519.336422182,1709142519.336017189,/rigid_bodies.rigidbodies[2].pose.position.x,0.8641864657354024
48.66333804,1709142519.346320184,1709142519.345833642,/rigid_bodies.rigidbodies[2].pose.position.x,0.8641466853220787
48.67343841,1709142519.356420554,1709142519.355976400,/rigid_bodies.rigidbodies[2].pose.position.x,0.8640632066475994
48.683312256,1709142519.366294400,1709142519.365962095,/rigid_bodies.rigidbodies[2].pose.position.x,0.86408654817864
48.6932708,1709142519.376252944,1709142519.375915246,/rigid_bodies.rigidbodies[2].pose.position.x,0.8641809371059291
48.703714526,1709142519.386696670,1709142519.386161394,/rigid_bodies.rigidbodies[2].pose.position.x,0.86421571338401
48.713253052,1709142519.396235196,1709142519.395847621,/rigid_bodies.rigidbodies[2].pose.position.x,0.8640913480280413
48.723326185,1709142519.406308329,1709142519.405905782,/rigid_bodies.rigidbodies[2].pose.position.x,0.8640833019242791
48.733572467,1709142519.416554611,1709142519.416053866,/rigid_bodies.rigidbodies[2].pose.position.x,0.8641705211189676
48.743404815,1709142519.426386959,1709142519.426018674,/rigid_bodies.rigidbodies[2].pose.position.x,0.8641629165994515
48.753461279,1709142519.436443423,1709142519.436004357,/rigid_bodies.rigidbodies[2].pose.position.x,0.864171043281707
48.76324475,1709142519.446226894,1709142519.445935561,/rigid_bodies.rigidbodies[2].pose.position.x,0.8640895377172704
48.77332848,1709142519.456310624,1709142519.456006256,/rigid_bodies.rigidbodies[2].pose.position.x,0.8641225124723035
48.783730889,1709142519.466713033,1709142519.466290539,/rigid_bodies.rigidbodies[2].pose.position.x,0.8641346457922665
48.79330639,1709142519.476288534,1709142519.475911102,/rigid_bodies.rigidbodies[2].pose.position.x,0.8641744306054829
48.803609923,1709142519.486592067,1709142519.486035703,/rigid_bodies.rigidbodies[2].pose.position.x,0.8641661453578041
48.813259548,1709142519.496241692,1709142519.495880866,/rigid_bodies.rigidbodies[2].pose.position.x,0.8640727253902468
48.823270766,1709142519.506252910,1709142519.505918142,/rigid_bodies.rigidbodies[2].pose.position.x,0.8641436556463733
48.833298279,1709142519.516280423,1709142519.515927000,/rigid_bodies.rigidbodies[2].pose.position.x,0.8641821667330681
48.843275187,1709142519.526257331,1709142519.525981643,/rigid_bodies.rigidbodies[2].pose.position.x,0.8641688659577632
48.853359049,1709142519.536341193,1709142519.535943012,/rigid_bodies.rigidbodies[2].pose.position.x,0.8641112501464917
48.863193734,1709142519.546175878,1709142519.545833963,/rigid_bodies.rigidbodies[2].pose.position.x,0.8640762367855691
48.873425524,1709142519.556407668,1709142519.555997140,/rigid_bodies.rigidbodies[2].pose.position.x,0.8641347871989479
48.883193987,1709142519.566176131,1709142519.565819132,/rigid_bodies.rigidbodies[2].pose.position.x,0.8641563881068854
48.893291581,1709142519.576273725,1709142519.575880269,/rigid_bodies.rigidbodies[2].pose.position.x,0.8642016905327684
48.903779004,1709142519.586761148,1709142519.586224656,/rigid_bodies.rigidbodies[2].pose.position.x,0.8641480361702043
48.913297517,1709142519.596279661,1709142519.595982721,/rigid_bodies.rigidbodies[2].pose.position.x,0.8640252375832199
48.923337687,1709142519.606319831,1709142519.606028221,/rigid_bodies.rigidbodies[2].pose.position.x,0.8641306684054122
48.933249735,1709142519.616231879,1709142519.615961386,/rigid_bodies.rigidbodies[2].pose.position.x,0.864247610607009
48.943419251,1709142519.626401395,1709142519.626078250,/rigid_bodies.rigidbodies[2].pose.position.x,0.8641641593229059
48.953229012,1709142519.636211156,1709142519.635910154,/rigid_bodies.rigidbodies[2].pose.position.x,0.8641159689424729
48.963048479,1709142519.646030623,1709142519.645785542,/rigid_bodies.rigidbodies[2].pose.position.x,0.8640979402721991
48.973618795,1709142519.656600939,1709142519.656194156,/rigid_bodies.rigidbodies[2].pose.position.x,0.8641446819452421
48.98317242,1709142519.666154564,1709142519.665875187,/rigid_bodies.rigidbodies[2].pose.position.x,0.8641509495233463
48.993591107,1709142519.676573251,1709142519.676064878,/rigid_bodies.rigidbodies[2].pose.position.x,0.8641759750687116
49.003331369,1709142519.686313513,1709142519.685872141,/rigid_bodies.rigidbodies[2].pose.position.x,0.8641087821891217
49.013218032,1709142519.696200176,1709142519.695810729,/rigid_bodies.rigidbodies[2].pose.position.x,0.8640799298389905
49.023230131,1709142519.706212275,1709142519.705793544,/rigid_bodies.rigidbodies[2].pose.position.x,0.8641536899480088
49.033301182,1709142519.716283326,1709142519.715864766,/rigid_bodies.rigidbodies[2].pose.position.x,0.8641879115849979
49.043383855,1709142519.726365999,1709142519.725923574,/rigid_bodies.rigidbodies[2].pose.position.x,0.8641669875471784
49.053387983,1709142519.736370127,1709142519.735875324,/rigid_bodies.rigidbodies[2].pose.position.x,0.8640851726883093
49.063026502,1709142519.746008646,1709142519.745728290,/rigid_bodies.rigidbodies[2].pose.position.x,0.8641380381998306
49.073537845,1709142519.756519989,1709142519.756078483,/rigid_bodies.rigidbodies[2].pose.position.x,0.8641931258806448
49.083588895,1709142519.766571039,1709142519.766148186,/rigid_bodies.rigidbodies[2].pose.position.x,0.8641406455556392
49.093319027,1709142519.776301171,1709142519.775982962,/rigid_bodies.rigidbodies[2].pose.position.x,0.8641095838481081
49.103509712,1709142519.786491856,1709142519.786009365,/rigid_bodies.rigidbodies[2].pose.position.x,0.8640998810871292
49.113287829,1709142519.796269973,1709142519.795942424,/rigid_bodies.rigidbodies[2].pose.position.x,0.864102346499727
49.123383323,1709142519.806365467,1709142519.806004212,/rigid_bodies.rigidbodies[2].pose.position.x,0.8641813483346794
49.133585413,1709142519.816567557,1709142519.816022653,/rigid_bodies.rigidbodies[2].pose.position.x,0.8642133952017182
49.143145799,1709142519.826127943,1709142519.825903646,/rigid_bodies.rigidbodies[2].pose.position.x,0.8641116179260013
49.153015252,1709142519.835997396,1709142519.835613277,/rigid_bodies.rigidbodies[2].pose.position.x,0.8640500140842486
49.162812402,1709142519.845794546,1709142519.845650393,/rigid_bodies.rigidbodies[2].pose.position.x,0.8641836346077644
49.172884543,1709142519.855866687,1709142519.855700464,/rigid_bodies.rigidbodies[2].pose.position.x,0.8642429587072099
49.18317726,1709142519.866159404,1709142519.865829087,/rigid_bodies.rigidbodies[2].pose.position.x,0.8641724855519743
49.193785503,1709142519.876767647,1709142519.876087436,/rigid_bodies.rigidbodies[2].pose.position.x,0.864102264027013
49.203182353,1709142519.886164497,1709142519.885836887,/rigid_bodies.rigidbodies[2].pose.position.x,0.864106299316842
49.213373547,1709142519.896355691,1709142519.895878346,/rigid_bodies.rigidbodies[2].pose.position.x,0.8641494444174824
49.223120774,1709142519.906102918,1709142519.905716160,/rigid_bodies.rigidbodies[2].pose.position.x,0.864181765164309
49.233206177,1709142519.916188321,1709142519.915806348,/rigid_bodies.rigidbodies[2].pose.position.x,0.864160495751663
49.243506967,1709142519.926489111,1709142519.925964603,/rigid_bodies.rigidbodies[2].pose.position.x,0.8640981077057621
49.253495094,1709142519.936477238,1709142519.935902662,/rigid_bodies.rigidbodies[2].pose.position.x,0.8640466137050379
49.263273847,1709142519.946255991,1709142519.945847065,/rigid_bodies.rigidbodies[2].pose.position.x,0.8641265706085562
49.273511405,1709142519.956493549,1709142519.955945953,/rigid_bodies.rigidbodies[2].pose.position.x,0.8642457770412388
49.283515441,1709142519.966497585,1709142519.965966852,/rigid_bodies.rigidbodies[2].pose.position.x,0.8641912170540607
49.293247742,1709142519.976229886,1709142519.975779783,/rigid_bodies.rigidbodies[2].pose.position.x,0.8640827244689895
49.303248189,1709142519.986230333,1709142519.985815453,/rigid_bodies.rigidbodies[2].pose.position.x,0.8640934859170823
49.31323251,1709142519.996214654,1709142519.995837285,/rigid_bodies.rigidbodies[2].pose.position.x,0.8641455202497399
49.323192283,1709142520.006174427,1709142520.005775499,/rigid_bodies.rigidbodies[2].pose.position.x,0.8641624903740293
49.333336248,1709142520.016318392,1709142520.015810910,/rigid_bodies.rigidbodies[2].pose.position.x,0.8641919742061405
49.343364512,1709142520.026346656,1709142520.025786774,/rigid_bodies.rigidbodies[2].pose.position.x,0.8640965878661282
49.35309563,1709142520.036077774,1709142520.035670456,/rigid_bodies.rigidbodies[2].pose.position.x,0.8641142867471208
49.362923508,1709142520.045905652,1709142520.045580483,/rigid_bodies.rigidbodies[2].pose.position.x,0.8641645552627824
49.372968553,1709142520.055950697,1709142520.055599437,/rigid_bodies.rigidbodies[2].pose.position.x,0.8641882591176167
49.382920629,1709142520.065902773,1709142520.065577180,/rigid_bodies.rigidbodies[2].pose.position.x,0.8641150531284313
49.392913372,1709142520.075895516,1709142520.075631595,/rigid_bodies.rigidbodies[2].pose.position.x,0.8641061031484781
49.402887782,1709142520.085869926,1709142520.085580850,/rigid_bodies.rigidbodies[2].pose.position.x,0.8641792503708633
49.412863761,1709142520.095845905,1709142520.095561114,/rigid_bodies.rigidbodies[2].pose.position.x,0.8641687108658864
49.422998269,1709142520.105980413,1709142520.105722057,/rigid_bodies.rigidbodies[2].pose.position.x,0.8641430423462237
49.432962132,1709142520.115944276,1709142520.115628310,/rigid_bodies.rigidbodies[2].pose.position.x,0.8640961651732323
49.443070955,1709142520.126053099,1709142520.125686087,/rigid_bodies.rigidbodies[2].pose.position.x,0.8641499534017106
49.453215212,1709142520.136197356,1709142520.135767905,/rigid_bodies.rigidbodies[2].pose.position.x,0.8641542213805976
49.463154229,1709142520.146136373,1709142520.145728385,/rigid_bodies.rigidbodies[2].pose.position.x,0.8641760769672105
49.473123836,1709142520.156105980,1709142520.155672498,/rigid_bodies.rigidbodies[2].pose.position.x,0.8642068422238456
49.483422353,1709142520.166404497,1709142520.165850368,/rigid_bodies.rigidbodies[2].pose.position.x,0.8640719694822557
49.493408335,1709142520.176390479,1709142520.175803556,/rigid_bodies.rigidbodies[2].pose.position.x,0.8640902584226645
49.50332523,1709142520.186307374,1709142520.185841594,/rigid_bodies.rigidbodies[2].pose.position.x,0.8641646901258844
49.513608081,1709142520.196590225,1709142520.195944774,/rigid_bodies.rigidbodies[2].pose.position.x,0.864226357693463
49.523279077,1709142520.206261221,1709142520.205792467,/rigid_bodies.rigidbodies[2].pose.position.x,0.8641226638929691
49.533197156,1709142520.216179300,1709142520.215756911,/rigid_bodies.rigidbodies[2].pose.position.x,0.8641150950553452
49.543191164,1709142520.226173308,1709142520.225770341,/rigid_bodies.rigidbodies[2].pose.position.x,0.8641799315945426
49.553280691,1709142520.236262835,1709142520.235799638,/rigid_bodies.rigidbodies[2].pose.position.x,0.864152837972127
49.563095659,1709142520.246077803,1709142520.245716545,/rigid_bodies.rigidbodies[2].pose.position.x,0.8641664362390845
49.573445954,1709142520.256428098,1709142520.255891798,/rigid_bodies.rigidbodies[2].pose.position.x,0.8641577136005254
49.583649425,1709142520.266631569,1709142520.265887372,/rigid_bodies.rigidbodies[2].pose.position.x,0.8640634268342532
49.593313586,1709142520.276295730,1709142520.275803572,/rigid_bodies.rigidbodies[2].pose.position.x,0.8641291203961966
49.603695171,1709142520.286677315,1709142520.285989862,/rigid_bodies.rigidbodies[2].pose.position.x,0.8642046811656438
49.613313119,1709142520.296295263,1709142520.295862729,/rigid_bodies.rigidbodies[2].pose.position.x,0.8642025996785297
49.623087743,1709142520.306069887,1709142520.305767645,/rigid_bodies.rigidbodies[2].pose.position.x,0.864120381944093
49.633121279,1709142520.316103423,1709142520.315692062,/rigid_bodies.rigidbodies[2].pose.position.x,0.8641064154395642
49.643029305,1709142520.326011449,1709142520.325596923,/rigid_bodies.rigidbodies[2].pose.position.x,0.8642002152765481
49.653153625,1709142520.336135769,1709142520.335716239,/rigid_bodies.rigidbodies[2].pose.position.x,0.8641644909960357
49.66316648,1709142520.346148624,1709142520.345770330,/rigid_bodies.rigidbodies[2].pose.position.x,0.8641385675108016
49.673540068,1709142520.356522212,1709142520.356019850,/rigid_bodies.rigidbodies[2].pose.position.x,0.864175972883293
49.68345521,1709142520.366437354,1709142520.365914392,/rigid_bodies.rigidbodies[2].pose.position.x,0.8641317926914847
49.693311559,1709142520.376293703,1709142520.375856224,/rigid_bodies.rigidbodies[2].pose.position.x,0.864121690193418
49.703508549,1709142520.386490693,1709142520.385984797,/rigid_bodies.rigidbodies[2].pose.position.x,0.8641822150283524
49.713206237,1709142520.396188381,1709142520.395850567,/rigid_bodies.rigidbodies[2].pose.position.x,0.8641808677531196
49.7231993,1709142520.406181444,1709142520.405805365,/rigid_bodies.rigidbodies[2].pose.position.x,0.8640892367096629
49.733551489,1709142520.416533633,1709142520.416033565,/rigid_bodies.rigidbodies[2].pose.position.x,0.8641364805756588
49.743331928,1709142520.426314072,1709142520.425795944,/rigid_bodies.rigidbodies[2].pose.position.x,0.8642432272841395
49.753331994,1709142520.436314138,1709142520.435791762,/rigid_bodies.rigidbodies[2].pose.position.x,0.8641465456214017
49.762977562,1709142520.445959706,1709142520.445704401,/rigid_bodies.rigidbodies[2].pose.position.x,0.8641106514729606
49.772890964,1709142520.455873108,1709142520.455602484,/rigid_bodies.rigidbodies[2].pose.position.x,0.8641140494539244
49.783275153,1709142520.466257297,1709142520.465821605,/rigid_bodies.rigidbodies[2].pose.position.x,0.8641599903735817
49.79356499,1709142520.476547134,1709142520.475956802,/rigid_bodies.rigidbodies[2].pose.position.x,0.8641751327900257
49.80356632,1709142520.486548464,1709142520.485941845,/rigid_bodies.rigidbodies[2].pose.position.x,0.8642528232654672
49.813205034,1709142520.496187178,1709142520.495730637,/rigid_bodies.rigidbodies[2].pose.position.x,0.8641703141367831
49.823636483,1709142520.506618627,1709142520.506026638,/rigid_bodies.rigidbodies[2].pose.position.x,0.8640342372514097
49.833682536,1709142520.516664680,1709142520.516054835,/rigid_bodies.rigidbodies[2].pose.position.x,0.8641012169271256
49.843184552,1709142520.526166696,1709142520.525738525,/rigid_bodies.rigidbodies[2].pose.position.x,0.8641762964805255
49.853463714,1709142520.536445858,1709142520.535897428,/rigid_bodies.rigidbodies[2].pose.position.x,0.8641787798109272
49.863217379,1709142520.546199523,1709142520.545738429,/rigid_bodies.rigidbodies[2].pose.position.x,0.8641177059791595
49.873281378,1709142520.556263522,1709142520.555822071,/rigid_bodies.rigidbodies[2].pose.position.x,0.8641194579312556
49.883530887,1709142520.566513031,1709142520.565868629,/rigid_bodies.rigidbodies[2].pose.position.x,0.8641745934802457
49.893525336,1709142520.576507480,1709142520.575833722,/rigid_bodies.rigidbodies[2].pose.position.x,0.864117769637745
49.903153078,1709142520.586135222,1709142520.585677849,/rigid_bodies.rigidbodies[2].pose.position.x,0.864132579822509
49.913580396,1709142520.596562540,1709142520.595917863,/rigid_bodies.rigidbodies[2].pose.position.x,0.8641020713146819
49.92372634,1709142520.606708484,1709142520.605979182,/rigid_bodies.rigidbodies[2].pose.position.x,0.8640559371599275
49.933277781,1709142520.616259925,1709142520.615755622,/rigid_bodies.rigidbodies[2].pose.position.x,0.8641674661672879
49.943413476,1709142520.626395620,1709142520.625818566,/rigid_bodies.rigidbodies[2].pose.position.x,0.8642265657659814
49.953301334,1709142520.636283478,1709142520.635790283,/rigid_bodies.rigidbodies[2].pose.position.x,0.8641703490356375
49.963196954,1709142520.646179098,1709142520.645738772,/rigid_bodies.rigidbodies[2].pose.position.x,0.8640883941005204
49.973293133,1709142520.656275277,1709142520.655789701,/rigid_bodies.rigidbodies[2].pose.position.x,0.8641247879573223
49.983752105,1709142520.666734249,1709142520.666017986,/rigid_bodies.rigidbodies[2].pose.position.x,0.864181533674432
49.993143171,1709142520.676125315,1709142520.675703024,/rigid_bodies.rigidbodies[2].pose.position.x,0.8641606086148307
50.003285907,1709142520.686268051,1709142520.685864107,/rigid_bodies.rigidbodies[2].pose.position.x,0.8641095719816201
50.013903652,1709142520.696885796,1709142520.696198693,/rigid_bodies.rigidbodies[2].pose.position.x,0.8640912267495771
50.023335194,1709142520.706317338,1709142520.705859592,/rigid_bodies.rigidbodies[2].pose.position.x,0.8640948961453314
50.033402808,1709142520.716384952,1709142520.715937625,/rigid_bodies.rigidbodies[2].pose.position.x,0.8641556364256358
50.043868141,1709142520.726850285,1709142520.725990453,/rigid_bodies.rigidbodies[2].pose.position.x,0.8641980676495933
50.053348213,1709142520.736330357,1709142520.735859510,/rigid_bodies.rigidbodies[2].pose.position.x,0.8641302673452874
50.063207237,1709142520.746189381,1709142520.745774408,/rigid_bodies.rigidbodies[2].pose.position.x,0.8640618340031164
50.073340405,1709142520.756322549,1709142520.755835874,/rigid_bodies.rigidbodies[2].pose.position.x,0.8641100927255551
50.083185326,1709142520.766167470,1709142520.765788775,/rigid_bodies.rigidbodies[2].pose.position.x,0.8641789299404087
50.093281942,1709142520.776264086,1709142520.775804937,/rigid_bodies.rigidbodies[2].pose.position.x,0.864124470041201
50.103339912,1709142520.786322056,1709142520.785855859,/rigid_bodies.rigidbodies[2].pose.position.x,0.8640645475720662
50.113268676,1709142520.796250820,1709142520.795896409,/rigid_bodies.rigidbodies[2].pose.position.x,0.8641057713761755
50.123645829,1709142520.806627973,1709142520.806115062,/rigid_bodies.rigidbodies[2].pose.position.x,0.8641918197333396
50.133483528,1709142520.816465672,1709142520.815964160,/rigid_bodies.rigidbodies[2].pose.position.x,0.8641740366560063
50.143275419,1709142520.826257563,1709142520.825907570,/rigid_bodies.rigidbodies[2].pose.position.x,0.8641973344100026
50.153532397,1709142520.836514541,1709142520.836006605,/rigid_bodies.rigidbodies[2].pose.position.x,0.8641082637565498
50.163235557,1709142520.846217701,1709142520.845858023,/rigid_bodies.rigidbodies[2].pose.position.x,0.8640056048815229
50.173794581,1709142520.856776725,1709142520.856158812,/rigid_bodies.rigidbodies[2].pose.position.x,0.8641763914600897
50.183391826,1709142520.866373970,1709142520.865924438,/rigid_bodies.rigidbodies[2].pose.position.x,0.8641905858401668
50.19362479,1709142520.876606934,1709142520.876054271,/rigid_bodies.rigidbodies[2].pose.position.x,0.8641278386362578
50.203719421,1709142520.886701565,1709142520.886106883,/rigid_bodies.rigidbodies[2].pose.position.x,0.864101101177778
50.213008903,1709142520.895991047,1709142520.895685702,/rigid_bodies.rigidbodies[2].pose.position.x,0.8641342498572083
50.222855813,1709142520.905837957,1709142520.905550147,/rigid_bodies.rigidbodies[2].pose.position.x,0.864200561807322
50.232864995,1709142520.915847139,1709142520.915577868,/rigid_bodies.rigidbodies[2].pose.position.x,0.864185102965452
50.242910613,1709142520.925892757,1709142520.925584982,/rigid_bodies.rigidbodies[2].pose.position.x,0.8641464907611025
50.253230556,1709142520.936212700,1709142520.935842519,/rigid_bodies.rigidbodies[2].pose.position.x,0.8640809453697428
50.262849729,1709142520.945831873,1709142520.945570933,/rigid_bodies.rigidbodies[2].pose.position.x,0.8640774834334817
50.273157939,1709142520.956140083,1709142520.955744431,/rigid_bodies.rigidbodies[2].pose.position.x,0.864144320180191
50.283515695,1709142520.966497839,1709142520.965960138,/rigid_bodies.rigidbodies[2].pose.position.x,0.8642492421297797
50.293202806,1709142520.976184950,1709142520.975730088,/rigid_bodies.rigidbodies[2].pose.position.x,0.8641400205335514
50.303362121,1709142520.986344265,1709142520.985861530,/rigid_bodies.rigidbodies[2].pose.position.x,0.8640435282461372
50.31340887,1709142520.996391014,1709142520.995915894,/rigid_bodies.rigidbodies[2].pose.position.x,0.8641247027330085
50.323090249,1709142521.006072393,1709142521.005702862,/rigid_bodies.rigidbodies[2].pose.position.x,0.8641562242123371
50.333164104,1709142521.016146248,1709142521.015755507,/rigid_bodies.rigidbodies[2].pose.position.x,0.8641535132786481
50.343358671,1709142521.026340815,1709142521.025888007,/rigid_bodies.rigidbodies[2].pose.position.x,0.8640804088598353
50.353387185,1709142521.036369329,1709142521.035911455,/rigid_bodies.rigidbodies[2].pose.position.x,0.8641002622859786
50.363241398,1709142521.046223542,1709142521.045802952,/rigid_bodies.rigidbodies[2].pose.position.x,0.8640719801914858
50.37346955,1709142521.056451694,1709142521.055930184,/rigid_bodies.rigidbodies[2].pose.position.x,0.8641377482447907
50.383167282,1709142521.066149426,1709142521.065758286,/rigid_bodies.rigidbodies[2].pose.position.x,0.8642290457851219
50.393149343,1709142521.076131487,1709142521.075716557,/rigid_bodies.rigidbodies[2].pose.position.x,0.8641473458315097
50.403577264,1709142521.086559408,1709142521.085921859,/rigid_bodies.rigidbodies[2].pose.position.x,0.8640765706871316
50.413555466,1709142521.096537610,1709142521.095930044,/rigid_bodies.rigidbodies[2].pose.position.x,0.8641624531466303
50.423200545,1709142521.106182689,1709142521.105746117,/rigid_bodies.rigidbodies[2].pose.position.x,0.8641567201903002
50.433758582,1709142521.116740726,1709142521.116042580,/rigid_bodies.rigidbodies[2].pose.position.x,0.8640998395651622
50.44345735,1709142521.126439494,1709142521.125903318,/rigid_bodies.rigidbodies[2].pose.position.x,0.8640830887505546
50.453237808,1709142521.136219952,1709142521.135765587,/rigid_bodies.rigidbodies[2].pose.position.x,0.8641474171224086
50.463279586,1709142521.146261730,1709142521.145801894,/rigid_bodies.rigidbodies[2].pose.position.x,0.8642066956093591
50.472934046,1709142521.155916190,1709142521.155613990,/rigid_bodies.rigidbodies[2].pose.position.x,0.8641294357951611
50.483197076,1709142521.166179220,1709142521.165753547,/rigid_bodies.rigidbodies[2].pose.position.x,0.8641337132247132
50.493565747,1709142521.176547891,1709142521.175896334,/rigid_bodies.rigidbodies[2].pose.position.x,0.8640991922090882
50.503950018,1709142521.186932162,1709142521.186073165,/rigid_bodies.rigidbodies[2].pose.position.x,0.8640672354046428
50.513477549,1709142521.196459693,1709142521.195939260,/rigid_bodies.rigidbodies[2].pose.position.x,0.8641733223355348
50.523438662,1709142521.206420806,1709142521.205883179,/rigid_bodies.rigidbodies[2].pose.position.x,0.8641710914549174
50.533832917,1709142521.216815061,1709142521.216074119,/rigid_bodies.rigidbodies[2].pose.position.x,0.8641085180959087
50.543502758,1709142521.226484902,1709142521.225963329,/rigid_bodies.rigidbodies[2].pose.position.x,0.8641094611947197
50.553404691,1709142521.236386835,1709142521.235947746,/rigid_bodies.rigidbodies[2].pose.position.x,0.8641620822837663
50.563166116,1709142521.246148260,1709142521.245748157,/rigid_bodies.rigidbodies[2].pose.position.x,0.864214311120777
50.573425697,1709142521.256407841,1709142521.255895496,/rigid_bodies.rigidbodies[2].pose.position.x,0.8640937307604536
50.583530813,1709142521.266512957,1709142521.265922239,/rigid_bodies.rigidbodies[2].pose.position.x,0.8641199604067972
50.59344381,1709142521.276425954,1709142521.275865414,/rigid_bodies.rigidbodies[2].pose.position.x,0.8641022939600177
50.603359855,1709142521.286341999,1709142521.285922080,/rigid_bodies.rigidbodies[2].pose.position.x,0.864101653212394
50.613449251,1709142521.296431395,1709142521.295917873,/rigid_bodies.rigidbodies[2].pose.position.x,0.8641727714246695
50.623461107,1709142521.306443251,1709142521.305892204,/rigid_bodies.rigidbodies[2].pose.position.x,0.8641556311521807
50.633563519,1709142521.316545663,1709142521.315972781,/rigid_bodies.rigidbodies[2].pose.position.x,0.8640951120168578
50.643182022,1709142521.326164166,1709142521.325857498,/rigid_bodies.rigidbodies[2].pose.position.x,0.8641095710597155
50.65356041,1709142521.336542554,1709142521.335967788,/rigid_bodies.rigidbodies[2].pose.position.x,0.864210778125545
50.663135217,1709142521.346117361,1709142521.345769200,/rigid_bodies.rigidbodies[2].pose.position.x,0.8642336421915338
50.673526842,1709142521.356508986,1709142521.355967417,/rigid_bodies.rigidbodies[2].pose.position.x,0.8641228358387631
50.682900082,1709142521.365882226,1709142521.365621326,/rigid_bodies.rigidbodies[2].pose.position.x,0.8640590666556063
50.692934382,1709142521.375916526,1709142521.375645324,/rigid_bodies.rigidbodies[2].pose.position.x,0.8640931534884051
50.702926852,1709142521.385908996,1709142521.385690998,/rigid_bodies.rigidbodies[2].pose.position.x,0.864171234433861
50.712994577,1709142521.395976721,1709142521.395766044,/rigid_bodies.rigidbodies[2].pose.position.x,0.8641904964909931
50.723179252,1709142521.406161396,1709142521.405855129,/rigid_bodies.rigidbodies[2].pose.position.x,0.864180537076567
50.733029698,1709142521.416011842,1709142521.415640875,/rigid_bodies.rigidbodies[2].pose.position.x,0.8640828594353448
50.742720572,1709142521.425702716,1709142521.425528614,/rigid_bodies.rigidbodies[2].pose.position.x,0.8640934508174339
50.752819636,1709142521.435801780,1709142521.435560659,/rigid_bodies.rigidbodies[2].pose.position.x,0.8642221995760877
50.762902085,1709142521.445884229,1709142521.445741594,/rigid_bodies.rigidbodies[2].pose.position.x,0.8641696335518371
50.772826333,1709142521.455808477,1709142521.455556602,/rigid_bodies.rigidbodies[2].pose.position.x,0.8641013109502292
50.783155738,1709142521.466137882,1709142521.465705828,/rigid_bodies.rigidbodies[2].pose.position.x,0.864069698256151
50.793357618,1709142521.476339762,1709142521.475835173,/rigid_bodies.rigidbodies[2].pose.position.x,0.864168435951423
50.803425329,1709142521.486407473,1709142521.485917044,/rigid_bodies.rigidbodies[2].pose.position.x,0.8642167440369277
50.813744982,1709142521.496727126,1709142521.496112087,/rigid_bodies.rigidbodies[2].pose.position.x,0.864170767425722
50.823428369,1709142521.506410513,1709142521.505907868,/rigid_bodies.rigidbodies[2].pose.position.x,0.8641935809233263
50.833468986,1709142521.516451130,1709142521.515963738,/rigid_bodies.rigidbodies[2].pose.position.x,0.8640796033355711
50.843580911000004,1709142521.526563055,1709142521.526008856,/rigid_bodies.rigidbodies[2].pose.position.x,0.8640975657868443
50.853471501,1709142521.536453645,1709142521.536032982,/rigid_bodies.rigidbodies[2].pose.position.x,0.8642623473715866
50.863317491000004,1709142521.546299635,1709142521.545837608,/rigid_bodies.rigidbodies[2].pose.position.x,0.8642710340599786
50.873374161,1709142521.556356305,1709142521.555832744,/rigid_bodies.rigidbodies[2].pose.position.x,0.8641226680916002
50.88348936,1709142521.566471504,1709142521.565957932,/rigid_bodies.rigidbodies[2].pose.position.x,0.8640606035893923
50.893271048,1709142521.576253192,1709142521.575915854,/rigid_bodies.rigidbodies[2].pose.position.x,0.8641687128242266
50.903603877,1709142521.586586021,1709142521.586023906,/rigid_bodies.rigidbodies[2].pose.position.x,0.8642317588592672
50.913427126,1709142521.596409270,1709142521.595879116,/rigid_bodies.rigidbodies[2].pose.position.x,0.8641974198530002
50.923291627,1709142521.606273771,1709142521.605863114,/rigid_bodies.rigidbodies[2].pose.position.x,0.8641627007618139
50.933472457,1709142521.616454601,1709142521.616004941,/rigid_bodies.rigidbodies[2].pose.position.x,0.8641023279602603
50.943286009,1709142521.626268153,1709142521.625787822,/rigid_bodies.rigidbodies[2].pose.position.x,0.8641019176918674
50.953623024,1709142521.636605168,1709142521.636019229,/rigid_bodies.rigidbodies[2].pose.position.x,0.8641684460399877
50.963452798,1709142521.646434942,1709142521.645964441,/rigid_bodies.rigidbodies[2].pose.position.x,0.8642045046263914
50.973407273,1709142521.656389417,1709142521.655861672,/rigid_bodies.rigidbodies[2].pose.position.x,0.8641261510669653
50.983936646000004,1709142521.666918790,1709142521.666197824,/rigid_bodies.rigidbodies[2].pose.position.x,0.8640977396992183
50.993607318,1709142521.676589462,1709142521.676001533,/rigid_bodies.rigidbodies[2].pose.position.x,0.8641873829740286
51.003351657,1709142521.686333801,1709142521.685746032,/rigid_bodies.rigidbodies[2].pose.position.x,0.8641983873644001
51.013356481,1709142521.696338625,1709142521.695867651,/rigid_bodies.rigidbodies[2].pose.position.x,0.8641232798504359
51.023633064,1709142521.706615208,1709142521.706038628,/rigid_bodies.rigidbodies[2].pose.position.x,0.8640962249972788
51.033202217,1709142521.716184361,1709142521.715792859,/rigid_bodies.rigidbodies[2].pose.position.x,0.8641243789704123
51.044012617,1709142521.726994761,1709142521.726356049,/rigid_bodies.rigidbodies[2].pose.position.x,0.86412558837758
51.053621714,1709142521.736603858,1709142521.736011193,/rigid_bodies.rigidbodies[2].pose.position.x,0.8641858310547123
51.063285528,1709142521.746267672,1709142521.745887221,/rigid_bodies.rigidbodies[2].pose.position.x,0.8642179667704328
51.073330006,1709142521.756312150,1709142521.755880657,/rigid_bodies.rigidbodies[2].pose.position.x,0.8641108381910545
51.083699088,1709142521.766681232,1709142521.766089138,/rigid_bodies.rigidbodies[2].pose.position.x,0.8640808477633345
51.093420386,1709142521.776402530,1709142521.775982284,/rigid_bodies.rigidbodies[2].pose.position.x,0.8641364796997755
51.103108931,1709142521.786091075,1709142521.785717075,/rigid_bodies.rigidbodies[2].pose.position.x,0.8641585095982691
51.113534223,1709142521.796516367,1709142521.795910268,/rigid_bodies.rigidbodies[2].pose.position.x,0.8641239792326537
51.123370734,1709142521.806352878,1709142521.805930365,/rigid_bodies.rigidbodies[2].pose.position.x,0.8641130173777234
51.133539461,1709142521.816521605,1709142521.815972795,/rigid_bodies.rigidbodies[2].pose.position.x,0.8641859675338822
51.143629418,1709142521.826611562,1709142521.826011951,/rigid_bodies.rigidbodies[2].pose.position.x,0.8641373321874902
51.153728717,1709142521.836710861,1709142521.836151476,/rigid_bodies.rigidbodies[2].pose.position.x,0.8641148496348381
51.16335598,1709142521.846338124,1709142521.845915909,/rigid_bodies.rigidbodies[2].pose.position.x,0.864129832925511
51.173060086,1709142521.856042230,1709142521.855613420,/rigid_bodies.rigidbodies[2].pose.position.x,0.8641364151664195
51.183144396,1709142521.866126540,1709142521.865837940,/rigid_bodies.rigidbodies[2].pose.position.x,0.8641621836322461
51.193134377,1709142521.876116521,1709142521.875740261,/rigid_bodies.rigidbodies[2].pose.position.x,0.8641825135128967
51.203154315,1709142521.886136459,1709142521.885647287,/rigid_bodies.rigidbodies[2].pose.position.x,0.8641432605393181
51.213961548,1709142521.896943692,1709142521.896141133,/rigid_bodies.rigidbodies[2].pose.position.x,0.8640930091420762
51.223394915,1709142521.906377059,1709142521.905805180,/rigid_bodies.rigidbodies[2].pose.position.x,0.864087463913351
51.233921082,1709142521.916903226,1709142521.916071260,/rigid_bodies.rigidbodies[2].pose.position.x,0.8642046995842084
51.243437505,1709142521.926419649,1709142521.925887025,/rigid_bodies.rigidbodies[2].pose.position.x,0.8641513243863203
51.253341382,1709142521.936323526,1709142521.935818496,/rigid_bodies.rigidbodies[2].pose.position.x,0.8641400971959
51.263265454,1709142521.946247598,1709142521.945862391,/rigid_bodies.rigidbodies[2].pose.position.x,0.864152705952268
51.273311037,1709142521.956293181,1709142521.955855054,/rigid_bodies.rigidbodies[2].pose.position.x,0.8640963203124254
51.28328472,1709142521.966266864,1709142521.965923855,/rigid_bodies.rigidbodies[2].pose.position.x,0.8641032498320534
51.293669944,1709142521.976652088,1709142521.976092266,/rigid_bodies.rigidbodies[2].pose.position.x,0.8641541002366074
51.303432677,1709142521.986414821,1709142521.985920061,/rigid_bodies.rigidbodies[2].pose.position.x,0.8641775768043619
51.313269009,1709142521.996251153,1709142521.995812037,/rigid_bodies.rigidbodies[2].pose.position.x,0.8641601419774931
51.323407748,1709142522.006389892,1709142522.005952967,/rigid_bodies.rigidbodies[2].pose.position.x,0.864144929277233
51.333680169,1709142522.016662313,1709142522.016062449,/rigid_bodies.rigidbodies[2].pose.position.x,0.8641978963166633
51.343342161,1709142522.026324305,1709142522.026012685,/rigid_bodies.rigidbodies[2].pose.position.x,0.864151494013564
51.353059286,1709142522.036041430,1709142522.035744049,/rigid_bodies.rigidbodies[2].pose.position.x,0.8640887221632011
51.362916443,1709142522.045898587,1709142522.045720938,/rigid_bodies.rigidbodies[2].pose.position.x,0.8641501320718039
51.373157085,1709142522.056139229,1709142522.055805476,/rigid_bodies.rigidbodies[2].pose.position.x,0.8641747810436579
51.382946888,1709142522.065929032,1709142522.065657062,/rigid_bodies.rigidbodies[2].pose.position.x,0.8641599505601563
51.392858409,1709142522.075840553,1709142522.075648821,/rigid_bodies.rigidbodies[2].pose.position.x,0.8641279385288767
51.402921561,1709142522.085903705,1709142522.085663547,/rigid_bodies.rigidbodies[2].pose.position.x,0.8641200813001017
51.4130691,1709142522.096051244,1709142522.095741899,/rigid_bodies.rigidbodies[2].pose.position.x,0.8640731892478883
51.422952543,1709142522.105934687,1709142522.105595286,/rigid_bodies.rigidbodies[2].pose.position.x,0.8641226146446673
51.433163764,1709142522.116145908,1709142522.115781088,/rigid_bodies.rigidbodies[2].pose.position.x,0.8641993749290595
51.443157249,1709142522.126139393,1709142522.125722164,/rigid_bodies.rigidbodies[2].pose.position.x,0.8641577110075835
51.453740706,1709142522.136722850,1709142522.136140554,/rigid_bodies.rigidbodies[2].pose.position.x,0.8641034971903918
51.463320613,1709142522.146302757,1709142522.145889788,/rigid_bodies.rigidbodies[2].pose.position.x,0.86412172135671
51.473644916,1709142522.156627060,1709142522.156100038,/rigid_bodies.rigidbodies[2].pose.position.x,0.8641957189108141
51.483453583,1709142522.166435727,1709142522.165989346,/rigid_bodies.rigidbodies[2].pose.position.x,0.864159546860417
51.493578139,1709142522.176560283,1709142522.176071897,/rigid_bodies.rigidbodies[2].pose.position.x,0.8641544406348062
51.503363631,1709142522.186345775,1709142522.186033529,/rigid_bodies.rigidbodies[2].pose.position.x,0.8641604838409953
51.513084369,1709142522.196066513,1709142522.195764892,/rigid_bodies.rigidbodies[2].pose.position.x,0.8640723510237339
51.523282353,1709142522.206264497,1709142522.205852940,/rigid_bodies.rigidbodies[2].pose.position.x,0.8641539897391743
51.533510919,1709142522.216493063,1709142522.216020455,/rigid_bodies.rigidbodies[2].pose.position.x,0.8642154470610094
51.542969912,1709142522.225952056,1709142522.225691430,/rigid_bodies.rigidbodies[2].pose.position.x,0.8641311874013389
51.553794031,1709142522.236776175,1709142522.236243514,/rigid_bodies.rigidbodies[2].pose.position.x,0.8640591654292957
51.563324808,1709142522.246306952,1709142522.245868639,/rigid_bodies.rigidbodies[2].pose.position.x,0.8640874852752312
51.573487723,1709142522.256469867,1709142522.255952712,/rigid_bodies.rigidbodies[2].pose.position.x,0.8641969441590277
51.583682729,1709142522.266664873,1709142522.266062623,/rigid_bodies.rigidbodies[2].pose.position.x,0.8641748557423892
51.593722407,1709142522.276704551,1709142522.276116989,/rigid_bodies.rigidbodies[2].pose.position.x,0.8641231806684923
51.603310568,1709142522.286292712,1709142522.285776273,/rigid_bodies.rigidbodies[2].pose.position.x,0.8641294778120383
51.613646391,1709142522.296628535,1709142522.296091807,/rigid_bodies.rigidbodies[2].pose.position.x,0.8640557478586719
51.623326596,1709142522.306308740,1709142522.305907930,/rigid_bodies.rigidbodies[2].pose.position.x,0.864138994389186
51.633814565,1709142522.316796709,1709142522.316222050,/rigid_bodies.rigidbodies[2].pose.position.x,0.8641983399061032
51.643647264,1709142522.326629408,1709142522.326079819,/rigid_bodies.rigidbodies[2].pose.position.x,0.8641940287499214
51.65339368,1709142522.336375824,1709142522.335967844,/rigid_bodies.rigidbodies[2].pose.position.x,0.8641138388805956
51.663346994,1709142522.346329138,1709142522.345925203,/rigid_bodies.rigidbodies[2].pose.position.x,0.8641085133496238
51.673691863,1709142522.356674007,1709142522.356104469,/rigid_bodies.rigidbodies[2].pose.position.x,0.8642128655795623
51.683247999,1709142522.366230143,1709142522.365910574,/rigid_bodies.rigidbodies[2].pose.position.x,0.8641601085400551
51.69353737,1709142522.376519514,1709142522.376123674,/rigid_bodies.rigidbodies[2].pose.position.x,0.8641319617863887
51.70330177,1709142522.386283914,1709142522.385952648,/rigid_bodies.rigidbodies[2].pose.position.x,0.8641650496019937
51.713285499,1709142522.396267643,1709142522.395969174,/rigid_bodies.rigidbodies[2].pose.position.x,0.8641358978307279
51.723511211,1709142522.406493355,1709142522.406030916,/rigid_bodies.rigidbodies[2].pose.position.x,0.8641542743426726
51.733369849,1709142522.416351993,1709142522.415991794,/rigid_bodies.rigidbodies[2].pose.position.x,0.8641541559030134
51.743175883,1709142522.426158027,1709142522.425919932,/rigid_bodies.rigidbodies[2].pose.position.x,0.8641641727442548
51.753626246,1709142522.436608390,1709142522.436125855,/rigid_bodies.rigidbodies[2].pose.position.x,0.8640986352392491
51.763308867,1709142522.446291011,1709142522.445894342,/rigid_bodies.rigidbodies[2].pose.position.x,0.864111524011042
51.773481771,1709142522.456463915,1709142522.455999285,/rigid_bodies.rigidbodies[2].pose.position.x,0.8641567816052094
51.783314149,1709142522.466296293,1709142522.465987227,/rigid_bodies.rigidbodies[2].pose.position.x,0.8641699332344093
51.793010828,1709142522.475992972,1709142522.475720499,/rigid_bodies.rigidbodies[2].pose.position.x,0.8641244991977706
51.80313876,1709142522.486120904,1709142522.485762305,/rigid_bodies.rigidbodies[2].pose.position.x,0.8641103498178968
51.813538543,1709142522.496520687,1709142522.496024896,/rigid_bodies.rigidbodies[2].pose.position.x,0.8641418605192778
51.823802696,1709142522.506784840,1709142522.506080703,/rigid_bodies.rigidbodies[2].pose.position.x,0.8641387217353403
51.833797302,1709142522.516779446,1709142522.516081465,/rigid_bodies.rigidbodies[2].pose.position.x,0.8641359685472055
51.843787559,1709142522.526769703,1709142522.526026941,/rigid_bodies.rigidbodies[2].pose.position.x,0.8641485101864445
51.853853338,1709142522.536835482,1709142522.536214881,/rigid_bodies.rigidbodies[2].pose.position.x,0.8640909270892735
51.863355364,1709142522.546337508,1709142522.545981758,/rigid_bodies.rigidbodies[2].pose.position.x,0.8641362826875408
51.873842182,1709142522.556824326,1709142522.556191283,/rigid_bodies.rigidbodies[2].pose.position.x,0.8641964953764877
51.883681587,1709142522.566663731,1709142522.566211335,/rigid_bodies.rigidbodies[2].pose.position.x,0.8641739687314289
51.893332215,1709142522.576314359,1709142522.575947888,/rigid_bodies.rigidbodies[2].pose.position.x,0.8641285696691511
51.903851401,1709142522.586833545,1709142522.586305246,/rigid_bodies.rigidbodies[2].pose.position.x,0.8641084892078541
51.913731345,1709142522.596713489,1709142522.596112211,/rigid_bodies.rigidbodies[2].pose.position.x,0.864172477981658
51.923371873,1709142522.606354017,1709142522.605907819,/rigid_bodies.rigidbodies[2].pose.position.x,0.8641607340091536
51.933854992,1709142522.616837136,1709142522.616181308,/rigid_bodies.rigidbodies[2].pose.position.x,0.8641362530802129
51.943617533,1709142522.626599677,1709142522.626049634,/rigid_bodies.rigidbodies[2].pose.position.x,0.8641318041738678
51.953364931,1709142522.636347075,1709142522.635885223,/rigid_bodies.rigidbodies[2].pose.position.x,0.8640911886651499
51.963304381,1709142522.646286525,1709142522.645807536,/rigid_bodies.rigidbodies[2].pose.position.x,0.8641428922525058
51.973653589,1709142522.656635733,1709142522.656005523,/rigid_bodies.rigidbodies[2].pose.position.x,0.8641833841099271
51.983594991,1709142522.666577135,1709142522.666004461,/rigid_bodies.rigidbodies[2].pose.position.x,0.8641645801189519
51.99351048,1709142522.676492624,1709142522.675906237,/rigid_bodies.rigidbodies[2].pose.position.x,0.8641144811175167
52.004178592,1709142522.687160736,1709142522.686229676,/rigid_bodies.rigidbodies[2].pose.position.x,0.8640871409516325
52.013599964,1709142522.696582108,1709142522.696014479,/rigid_bodies.rigidbodies[2].pose.position.x,0.8641268663136608
52.023439784,1709142522.706421928,1709142522.705911490,/rigid_bodies.rigidbodies[2].pose.position.x,0.8641155537015031
52.034024164,1709142522.717006308,1709142522.716294314,/rigid_bodies.rigidbodies[2].pose.position.x,0.864156167689126
52.043667535,1709142522.726649679,1709142522.726058440,/rigid_bodies.rigidbodies[2].pose.position.x,0.8642026548584882
52.053312735,1709142522.736294879,1709142522.735929919,/rigid_bodies.rigidbodies[2].pose.position.x,0.864149045324596
52.063539689,1709142522.746521833,1709142522.746028304,/rigid_bodies.rigidbodies[2].pose.position.x,0.8641329759523835
52.0738202,1709142522.756802344,1709142522.756229508,/rigid_bodies.rigidbodies[2].pose.position.x,0.8641549529723961
52.083358241,1709142522.766340385,1709142522.765922228,/rigid_bodies.rigidbodies[2].pose.position.x,0.864145491514137
52.09291476,1709142522.775896904,1709142522.775647331,/rigid_bodies.rigidbodies[2].pose.position.x,0.8641077763977133
52.102988039,1709142522.785970183,1709142522.785706809,/rigid_bodies.rigidbodies[2].pose.position.x,0.8641947696956005
52.112883175,1709142522.795865319,1709142522.795643380,/rigid_bodies.rigidbodies[2].pose.position.x,0.8642242181283233
52.123250212,1709142522.806232356,1709142522.805869537,/rigid_bodies.rigidbodies[2].pose.position.x,0.8640968633438909
52.133725076,1709142522.816707220,1709142522.816158396,/rigid_bodies.rigidbodies[2].pose.position.x,0.864124268599124
52.143637551,1709142522.826619695,1709142522.826075880,/rigid_bodies.rigidbodies[2].pose.position.x,0.8641217931782397
52.153647265,1709142522.836629409,1709142522.836094819,/rigid_bodies.rigidbodies[2].pose.position.x,0.8641068243420204
52.163050024,1709142522.846032168,1709142522.845688109,/rigid_bodies.rigidbodies[2].pose.position.x,0.8641109431565659
52.173496091,1709142522.856478235,1709142522.855938185,/rigid_bodies.rigidbodies[2].pose.position.x,0.8641262568338612
52.183770367,1709142522.866752511,1709142522.866155205,/rigid_bodies.rigidbodies[2].pose.position.x,0.8641515597971445
52.193763456,1709142522.876745600,1709142522.876129873,/rigid_bodies.rigidbodies[2].pose.position.x,0.8640895137304788
52.203595313,1709142522.886577457,1709142522.886025806,/rigid_bodies.rigidbodies[2].pose.position.x,0.8641772305753037
52.213513337,1709142522.896495481,1709142522.896049769,/rigid_bodies.rigidbodies[2].pose.position.x,0.8641863775433114
52.223691869,1709142522.906674013,1709142522.905937486,/rigid_bodies.rigidbodies[2].pose.position.x,0.8640807321985736
52.233544152,1709142522.916526296,1709142522.915965407,/rigid_bodies.rigidbodies[2].pose.position.x,0.8640582342498307
52.24325551,1709142522.926237654,1709142522.925848609,/rigid_bodies.rigidbodies[2].pose.position.x,0.8640786653598211
52.253812439,1709142522.936794583,1709142522.936147676,/rigid_bodies.rigidbodies[2].pose.position.x,0.8641120612416164
52.263313892,1709142522.946296036,1709142522.945867251,/rigid_bodies.rigidbodies[2].pose.position.x,0.8640530523870267
52.273810085,1709142522.956792229,1709142522.956092224,/rigid_bodies.rigidbodies[2].pose.position.x,0.8640763472744255
52.283705565,1709142522.966687709,1709142522.966082098,/rigid_bodies.rigidbodies[2].pose.position.x,0.86411447014297
52.293303058,1709142522.976285202,1709142522.975883064,/rigid_bodies.rigidbodies[2].pose.position.x,0.8640443687013984
52.303720325,1709142522.986702469,1709142522.986185403,/rigid_bodies.rigidbodies[2].pose.position.x,0.8641497416961462
52.313246322,1709142522.996228466,1709142522.995927766,/rigid_bodies.rigidbodies[2].pose.position.x,0.8641760729112956
52.32337787,1709142523.006360014,1709142523.005959153,/rigid_bodies.rigidbodies[2].pose.position.x,0.8640953458481043
52.334037813,1709142523.017019957,1709142523.016332692,/rigid_bodies.rigidbodies[2].pose.position.x,0.8640719846866841
52.343246658,1709142523.026228802,1709142523.025845870,/rigid_bodies.rigidbodies[2].pose.position.x,0.8641351341274741
52.353491612,1709142523.036473756,1709142523.035980200,/rigid_bodies.rigidbodies[2].pose.position.x,0.864152977296466
52.36332448,1709142523.046306624,1709142523.045912116,/rigid_bodies.rigidbodies[2].pose.position.x,0.8641030755380275
52.37320127,1709142523.056183414,1709142523.055887314,/rigid_bodies.rigidbodies[2].pose.position.x,0.8641354919834294
52.383099024,1709142523.066081168,1709142523.065846195,/rigid_bodies.rigidbodies[2].pose.position.x,0.8641339597830087
52.393286029,1709142523.076268173,1709142523.075937664,/rigid_bodies.rigidbodies[2].pose.position.x,0.8641619153599924
52.403416806,1709142523.086398950,1709142523.085992475,/rigid_bodies.rigidbodies[2].pose.position.x,0.8641627961015012
52.413293775,1709142523.096275919,1709142523.095831151,/rigid_bodies.rigidbodies[2].pose.position.x,0.8641848364435828
52.423393411,1709142523.106375555,1709142523.105868190,/rigid_bodies.rigidbodies[2].pose.position.x,0.8641204049317162
52.433794731,1709142523.116776875,1709142523.116082273,/rigid_bodies.rigidbodies[2].pose.position.x,0.8640676352272201
52.44339579,1709142523.126377934,1709142523.125989320,/rigid_bodies.rigidbodies[2].pose.position.x,0.8641552377542433
52.453801138,1709142523.136783282,1709142523.136155457,/rigid_bodies.rigidbodies[2].pose.position.x,0.8641771685128682
52.463412226,1709142523.146394370,1709142523.145866490,/rigid_bodies.rigidbodies[2].pose.position.x,0.864107680298278
52.473495245,1709142523.156477389,1709142523.155975875,/rigid_bodies.rigidbodies[2].pose.position.x,0.8641108792703667
52.48363039,1709142523.166612534,1709142523.166028767,/rigid_bodies.rigidbodies[2].pose.position.x,0.8641019599041111
52.4937413,1709142523.176723444,1709142523.176062264,/rigid_bodies.rigidbodies[2].pose.position.x,0.8641215247691858
52.503410285,1709142523.186392429,1709142523.185888049,/rigid_bodies.rigidbodies[2].pose.position.x,0.8641677513763785
52.513346493,1709142523.196328637,1709142523.195874537,/rigid_bodies.rigidbodies[2].pose.position.x,0.864182985704598
52.523506181,1709142523.206488325,1709142523.205964442,/rigid_bodies.rigidbodies[2].pose.position.x,0.864177154569758
52.533342679,1709142523.216324823,1709142523.215879637,/rigid_bodies.rigidbodies[2].pose.position.x,0.8640514218094321
52.54349172,1709142523.226473864,1709142523.225927830,/rigid_bodies.rigidbodies[2].pose.position.x,0.8641393832529147
52.553945509,1709142523.236927653,1709142523.236182504,/rigid_bodies.rigidbodies[2].pose.position.x,0.8641715607939061
52.563234292,1709142523.246216436,1709142523.245841876,/rigid_bodies.rigidbodies[2].pose.position.x,0.8641134706661755
52.57368351,1709142523.256665654,1709142523.256003036,/rigid_bodies.rigidbodies[2].pose.position.x,0.8641518033391622
52.583360944,1709142523.266343088,1709142523.265840495,/rigid_bodies.rigidbodies[2].pose.position.x,0.8641225974143653
52.593640686,1709142523.276622830,1709142523.275921233,/rigid_bodies.rigidbodies[2].pose.position.x,0.8640946421833673
52.603299016,1709142523.286281160,1709142523.285774949,/rigid_bodies.rigidbodies[2].pose.position.x,0.8641207833198093
52.613217697,1709142523.296199841,1709142523.295715551,/rigid_bodies.rigidbodies[2].pose.position.x,0.8641512106858591
52.623817507,1709142523.306799651,1709142523.305958658,/rigid_bodies.rigidbodies[2].pose.position.x,0.8641356229041943
52.633210506,1709142523.316192650,1709142523.315851533,/rigid_bodies.rigidbodies[2].pose.position.x,0.8640973262495566
52.643327218,1709142523.326309362,1709142523.325906490,/rigid_bodies.rigidbodies[2].pose.position.x,0.8641744489329943
52.653658893,1709142523.336641037,1709142523.336015203,/rigid_bodies.rigidbodies[2].pose.position.x,0.8642086076947879
52.663254646,1709142523.346236790,1709142523.345824828,/rigid_bodies.rigidbodies[2].pose.position.x,0.8641407947016008
52.673331714,1709142523.356313858,1709142523.355855376,/rigid_bodies.rigidbodies[2].pose.position.x,0.8641102124431072
52.683298844,1709142523.366280988,1709142523.365929205,/rigid_bodies.rigidbodies[2].pose.position.x,0.8641316942234589
52.693234457,1709142523.376216601,1709142523.375864930,/rigid_bodies.rigidbodies[2].pose.position.x,0.8641279611653451
52.703102428,1709142523.386084572,1709142523.385817774,/rigid_bodies.rigidbodies[2].pose.position.x,0.86415410534062
52.713385472,1709142523.396367616,1709142523.395816836,/rigid_bodies.rigidbodies[2].pose.position.x,0.8642379440467752
52.723381309,1709142523.406363453,1709142523.405801935,/rigid_bodies.rigidbodies[2].pose.position.x,0.864187394768099
52.733732762,1709142523.416714906,1709142523.415946292,/rigid_bodies.rigidbodies[2].pose.position.x,0.8640976352279206
52.743409656,1709142523.426391800,1709142523.425810009,/rigid_bodies.rigidbodies[2].pose.position.x,0.8641247836754382
52.753448256,1709142523.436430400,1709142523.435890749,/rigid_bodies.rigidbodies[2].pose.position.x,0.8641803162500995
52.763574218,1709142523.446556362,1709142523.445956895,/rigid_bodies.rigidbodies[2].pose.position.x,0.8641617203725926
52.773852595,1709142523.456834739,1709142523.455981901,/rigid_bodies.rigidbodies[2].pose.position.x,0.8641096027461296
52.783241801,1709142523.466223945,1709142523.465772144,/rigid_bodies.rigidbodies[2].pose.position.x,0.8641666182215342
52.793017786,1709142523.475999930,1709142523.475643102,/rigid_bodies.rigidbodies[2].pose.position.x,0.8641539607533053
52.803442603,1709142523.486424747,1709142523.485929491,/rigid_bodies.rigidbodies[2].pose.position.x,0.8641412317053622
52.813334622,1709142523.496316766,1709142523.495891400,/rigid_bodies.rigidbodies[2].pose.position.x,0.8642313161450574
52.823243043,1709142523.506225187,1709142523.505809083,/rigid_bodies.rigidbodies[2].pose.position.x,0.8641478111652363
52.83371148,1709142523.516693624,1709142523.516063041,/rigid_bodies.rigidbodies[2].pose.position.x,0.8641387196143966
52.843338748,1709142523.526320892,1709142523.525874470,/rigid_bodies.rigidbodies[2].pose.position.x,0.8641558504143907
52.853329713,1709142523.536311857,1709142523.535766394,/rigid_bodies.rigidbodies[2].pose.position.x,0.8641864482823658
52.863195995,1709142523.546178139,1709142523.545778690,/rigid_bodies.rigidbodies[2].pose.position.x,0.8641315099495911
52.873363427,1709142523.556345571,1709142523.555851939,/rigid_bodies.rigidbodies[2].pose.position.x,0.8641126350395616
52.883630442,1709142523.566612586,1709142523.566088023,/rigid_bodies.rigidbodies[2].pose.position.x,0.8641558183698559
52.893338085,1709142523.576320229,1709142523.575842488,/rigid_bodies.rigidbodies[2].pose.position.x,0.86414910624802
52.903267446,1709142523.586249590,1709142523.585902426,/rigid_bodies.rigidbodies[2].pose.position.x,0.8641312506069314
52.9134485,1709142523.596430644,1709142523.595902509,/rigid_bodies.rigidbodies[2].pose.position.x,0.8641606492747381
52.923427903,1709142523.606410047,1709142523.605923700,/rigid_bodies.rigidbodies[2].pose.position.x,0.8641861448412311
52.933414912,1709142523.616397056,1709142523.615906269,/rigid_bodies.rigidbodies[2].pose.position.x,0.8640930185674364
52.943624936,1709142523.626607080,1709142523.625992322,/rigid_bodies.rigidbodies[2].pose.position.x,0.8641166831211352
52.953649019,1709142523.636631163,1709142523.636031825,/rigid_bodies.rigidbodies[2].pose.position.x,0.8641532190440909
52.963130364,1709142523.646112508,1709142523.645741531,/rigid_bodies.rigidbodies[2].pose.position.x,0.8641597680613781
52.973555314,1709142523.656537458,1709142523.655934898,/rigid_bodies.rigidbodies[2].pose.position.x,0.8641354347874088
52.983246603,1709142523.666228747,1709142523.665757680,/rigid_bodies.rigidbodies[2].pose.position.x,0.8641768531257662
52.993238866,1709142523.676221010,1709142523.675743924,/rigid_bodies.rigidbodies[2].pose.position.x,0.8641713784410892
53.003286927,1709142523.686269071,1709142523.685785657,/rigid_bodies.rigidbodies[2].pose.position.x,0.8640972546524331
53.013585454,1709142523.696567598,1709142523.695967317,/rigid_bodies.rigidbodies[2].pose.position.x,0.8641281466109705
53.023357816,1709142523.706339960,1709142523.705874625,/rigid_bodies.rigidbodies[2].pose.position.x,0.8641968791467626
53.033210178,1709142523.716192322,1709142523.715739298,/rigid_bodies.rigidbodies[2].pose.position.x,0.864092640478114
53.043340205,1709142523.726322349,1709142523.725892828,/rigid_bodies.rigidbodies[2].pose.position.x,0.8640836212118441
53.053499153,1709142523.736481297,1709142523.735917568,/rigid_bodies.rigidbodies[2].pose.position.x,0.8643460513940374
53.063325976,1709142523.746308120,1709142523.745814327,/rigid_bodies.rigidbodies[2].pose.position.x,0.8639225075115899
53.073639518,1709142523.756621662,1709142523.756027423,/rigid_bodies.rigidbodies[2].pose.position.x,0.8640991349793605
53.083442635,1709142523.766424779,1709142523.765946254,/rigid_bodies.rigidbodies[2].pose.position.x,0.8641786144819068
53.093238047,1709142523.776220191,1709142523.775800857,/rigid_bodies.rigidbodies[2].pose.position.x,0.864087923332215
53.103409412,1709142523.786391556,1709142523.785928248,/rigid_bodies.rigidbodies[2].pose.position.x,0.8641386500308088
53.113282769,1709142523.796264913,1709142523.795779661,/rigid_bodies.rigidbodies[2].pose.position.x,0.8641239793536158
53.123249911,1709142523.806232055,1709142523.805750238,/rigid_bodies.rigidbodies[2].pose.position.x,0.864156864845359
53.133547358,1709142523.816529502,1709142523.815963196,/rigid_bodies.rigidbodies[2].pose.position.x,0.8641296885763763
53.143356623,1709142523.826338767,1709142523.825888392,/rigid_bodies.rigidbodies[2].pose.position.x,0.864073133820558
53.153503382,1709142523.836485526,1709142523.835951404,/rigid_bodies.rigidbodies[2].pose.position.x,0.8641726925874322
53.163362086,1709142523.846344230,1709142523.845881020,/rigid_bodies.rigidbodies[2].pose.position.x,0.864175153254918
53.173454108,1709142523.856436252,1709142523.855975373,/rigid_bodies.rigidbodies[2].pose.position.x,0.8641398271485877
53.183221661,1709142523.866203805,1709142523.865847648,/rigid_bodies.rigidbodies[2].pose.position.x,0.8641820160472095
53.193180169,1709142523.876162313,1709142523.875760509,/rigid_bodies.rigidbodies[2].pose.position.x,0.8641450755024889
53.202825802,1709142523.885807946,1709142523.885592161,/rigid_bodies.rigidbodies[2].pose.position.x,0.8641261452971022
53.21274242,1709142523.895724564,1709142523.895581372,/rigid_bodies.rigidbodies[2].pose.position.x,0.8641078691138171
53.222687483,1709142523.905669627,1709142523.905487166,/rigid_bodies.rigidbodies[2].pose.position.x,0.8641921303632537
53.23294562,1709142523.915927764,1709142523.915673454,/rigid_bodies.rigidbodies[2].pose.position.x,0.8641713918878658
53.243354457,1709142523.926336601,1709142523.925990983,/rigid_bodies.rigidbodies[2].pose.position.x,0.8641038712037985
53.253625659,1709142523.936607803,1709142523.936065646,/rigid_bodies.rigidbodies[2].pose.position.x,0.864165993704558
53.263221515,1709142523.946203659,1709142523.945766773,/rigid_bodies.rigidbodies[2].pose.position.x,0.8643562277823194
53.273396498,1709142523.956378642,1709142523.955784029,/rigid_bodies.rigidbodies[2].pose.position.x,0.8641190311629676
53.283515391,1709142523.966497535,1709142523.965860176,/rigid_bodies.rigidbodies[2].pose.position.x,0.8641305209066449
53.293774112,1709142523.976756256,1709142523.976031605,/rigid_bodies.rigidbodies[2].pose.position.x,0.8641023022375394
53.303326831,1709142523.986308975,1709142523.985805108,/rigid_bodies.rigidbodies[2].pose.position.x,0.8641959307571631
53.313139316,1709142523.996121460,1709142523.995749549,/rigid_bodies.rigidbodies[2].pose.position.x,0.8641328831646173
53.323680608,1709142524.006662752,1709142524.006002791,/rigid_bodies.rigidbodies[2].pose.position.x,0.8642069845614103
53.333277488,1709142524.016259632,1709142524.015833012,/rigid_bodies.rigidbodies[2].pose.position.x,0.8641544360123031
53.34322733,1709142524.026209474,1709142524.025825443,/rigid_bodies.rigidbodies[2].pose.position.x,0.8641069958778246
53.353157882,1709142524.036140026,1709142524.035743997,/rigid_bodies.rigidbodies[2].pose.position.x,0.8641336515218795
53.363196566,1709142524.046178710,1709142524.045791028,/rigid_bodies.rigidbodies[2].pose.position.x,0.8641677443100328
53.373205808,1709142524.056187952,1709142524.055791199,/rigid_bodies.rigidbodies[2].pose.position.x,0.8641656433082706
53.383061324,1709142524.066043468,1709142524.065772377,/rigid_bodies.rigidbodies[2].pose.position.x,0.8641292747734379
53.393140861,1709142524.076123005,1709142524.075786148,/rigid_bodies.rigidbodies[2].pose.position.x,0.8641615708280915
53.403134668,1709142524.086116812,1709142524.085765901,/rigid_bodies.rigidbodies[2].pose.position.x,0.8640897924369423
53.413179836,1709142524.096161980,1709142524.095854695,/rigid_bodies.rigidbodies[2].pose.position.x,0.8641327261355435
53.423304849,1709142524.106286993,1709142524.105978346,/rigid_bodies.rigidbodies[2].pose.position.x,0.8642462542260811
53.43310139,1709142524.116083534,1709142524.115752726,/rigid_bodies.rigidbodies[2].pose.position.x,0.8641789939675831
53.443313519,1709142524.126295663,1709142524.125895646,/rigid_bodies.rigidbodies[2].pose.position.x,0.8641518047208538
53.453939511,1709142524.136921655,1709142524.136264229,/rigid_bodies.rigidbodies[2].pose.position.x,0.8641302024960271
53.463923651,1709142524.146905795,1709142524.146158177,/rigid_bodies.rigidbodies[2].pose.position.x,0.8641264826278656
53.47406809,1709142524.157050234,1709142524.156536973,/rigid_bodies.rigidbodies[2].pose.position.x,0.8641474371187948
53.483919053,1709142524.166901197,1709142524.166402123,/rigid_bodies.rigidbodies[2].pose.position.x,0.8641790406213756
53.493736599,1709142524.176718743,1709142524.176286864,/rigid_bodies.rigidbodies[2].pose.position.x,0.8641854881261724
53.504157389,1709142524.187139533,1709142524.186556541,/rigid_bodies.rigidbodies[2].pose.position.x,0.8641224692065123
53.513553145,1709142524.196535289,1709142524.196163950,/rigid_bodies.rigidbodies[2].pose.position.x,0.8641105328705012
53.523343051,1709142524.206325195,1709142524.205932006,/rigid_bodies.rigidbodies[2].pose.position.x,0.8641513745842238
53.533391615,1709142524.216373759,1709142524.215960606,/rigid_bodies.rigidbodies[2].pose.position.x,0.864155882134696
53.543306435,1709142524.226288579,1709142524.225945981,/rigid_bodies.rigidbodies[2].pose.position.x,0.864111091366028
53.553348246,1709142524.236330390,1709142524.235935329,/rigid_bodies.rigidbodies[2].pose.position.x,0.8641115944548349
53.563239111,1709142524.246221255,1709142524.245913241,/rigid_bodies.rigidbodies[2].pose.position.x,0.8641382058535568
53.573644025,1709142524.256626169,1709142524.256070007,/rigid_bodies.rigidbodies[2].pose.position.x,0.8641151672168879
53.583294385,1709142524.266276529,1709142524.265844214,/rigid_bodies.rigidbodies[2].pose.position.x,0.8641419648495124
53.593325709,1709142524.276307853,1709142524.275918723,/rigid_bodies.rigidbodies[2].pose.position.x,0.864136733964171
53.603564704,1709142524.286546848,1709142524.286088694,/rigid_bodies.rigidbodies[2].pose.position.x,0.8641511096663774
53.613200952,1709142524.296183096,1709142524.295852220,/rigid_bodies.rigidbodies[2].pose.position.x,0.8641107177843795
53.623142042,1709142524.306124186,1709142524.305757702,/rigid_bodies.rigidbodies[2].pose.position.x,0.864201405359018
53.63348878,1709142524.316470924,1709142524.316087311,/rigid_bodies.rigidbodies[2].pose.position.x,0.8641974293538716
53.643126438,1709142524.326108582,1709142524.325774654,/rigid_bodies.rigidbodies[2].pose.position.x,0.8641451768239685
53.653282314,1709142524.336264458,1709142524.335899226,/rigid_bodies.rigidbodies[2].pose.position.x,0.8641142168153292
53.663094649,1709142524.346076793,1709142524.345799282,/rigid_bodies.rigidbodies[2].pose.position.x,0.86415585732108
53.673394177,1709142524.356376321,1709142524.355943264,/rigid_bodies.rigidbodies[2].pose.position.x,0.863973247133371
53.683324913,1709142524.366307057,1709142524.365912111,/rigid_bodies.rigidbodies[2].pose.position.x,0.8641558492794199
53.694022725,1709142524.377004869,1709142524.376347364,/rigid_bodies.rigidbodies[2].pose.position.x,0.8641634469863055
53.703429835,1709142524.386411979,1709142524.385915414,/rigid_bodies.rigidbodies[2].pose.position.x,0.8641538548472006
53.713514921,1709142524.396497065,1709142524.396047477,/rigid_bodies.rigidbodies[2].pose.position.x,0.8641616597352996
53.72358138,1709142524.406563524,1709142524.406052694,/rigid_bodies.rigidbodies[2].pose.position.x,0.8641603735951293
53.733321982,1709142524.416304126,1709142524.415908867,/rigid_bodies.rigidbodies[2].pose.position.x,0.8641395725198376
53.743346133,1709142524.426328277,1709142524.426029491,/rigid_bodies.rigidbodies[2].pose.position.x,0.8641127670936559
53.753705947,1709142524.436688091,1709142524.436227699,/rigid_bodies.rigidbodies[2].pose.position.x,0.8640897527568568
53.76327754,1709142524.446259684,1709142524.445798175,/rigid_bodies.rigidbodies[2].pose.position.x,0.8641659577349007
53.773863682,1709142524.456845826,1709142524.456209699,/rigid_bodies.rigidbodies[2].pose.position.x,0.864180660759225
53.783416477,1709142524.466398621,1709142524.465857370,/rigid_bodies.rigidbodies[2].pose.position.x,0.8641276961581432
53.793377605,1709142524.476359749,1709142524.475908389,/rigid_bodies.rigidbodies[2].pose.position.x,0.864105903356496
53.80333288,1709142524.486315024,1709142524.485977886,/rigid_bodies.rigidbodies[2].pose.position.x,0.8640732477415458
53.812950068,1709142524.495932212,1709142524.495741488,/rigid_bodies.rigidbodies[2].pose.position.x,0.8641024611203628
53.823159544,1709142524.506141688,1709142524.505897361,/rigid_bodies.rigidbodies[2].pose.position.x,0.8641250529553812
53.833106618,1709142524.516088762,1709142524.515820178,/rigid_bodies.rigidbodies[2].pose.position.x,0.8641690775932475
53.843230435,1709142524.526212579,1709142524.525889164,/rigid_bodies.rigidbodies[2].pose.position.x,0.8641650999755056
53.853567205,1709142524.536549349,1709142524.536131731,/rigid_bodies.rigidbodies[2].pose.position.x,0.864112513140679
53.863561939,1709142524.546544083,1709142524.546031180,/rigid_bodies.rigidbodies[2].pose.position.x,0.8640935015802359
53.873842819000004,1709142524.556824963,1709142524.556143334,/rigid_bodies.rigidbodies[2].pose.position.x,0.8641253204276124
53.883771998,1709142524.566754142,1709142524.566140678,/rigid_bodies.rigidbodies[2].pose.position.x,0.8640730303351675
53.893573119,1709142524.576555263,1709142524.576084730,/rigid_bodies.rigidbodies[2].pose.position.x,0.8637595583977159
53.903591234,1709142524.586573378,1709142524.586104133,/rigid_bodies.rigidbodies[2].pose.position.x,0.8641537989506102
53.91331481,1709142524.596296954,1709142524.595868175,/rigid_bodies.rigidbodies[2].pose.position.x,0.8641663122938328
53.923513247,1709142524.606495391,1709142524.605957004,/rigid_bodies.rigidbodies[2].pose.position.x,0.8641278468889118
53.933938842,1709142524.616920986,1709142524.616244145,/rigid_bodies.rigidbodies[2].pose.position.x,0.8641188053265508
53.943273757,1709142524.626255901,1709142524.625878650,/rigid_bodies.rigidbodies[2].pose.position.x,0.8641316193680818
53.953837938,1709142524.636820082,1709142524.636246791,/rigid_bodies.rigidbodies[2].pose.position.x,0.8641251891038697
53.963273594,1709142524.646255738,1709142524.645829016,/rigid_bodies.rigidbodies[2].pose.position.x,0.8641128276786341
53.973553947,1709142524.656536091,1709142524.656058215,/rigid_bodies.rigidbodies[2].pose.position.x,0.864151792853963
53.983550495,1709142524.666532639,1709142524.666079792,/rigid_bodies.rigidbodies[2].pose.position.x,0.864000727209321
53.993621644,1709142524.676603788,1709142524.676170783,/rigid_bodies.rigidbodies[2].pose.position.x,0.8641534831108444
54.003313457,1709142524.686295601,1709142524.685944416,/rigid_bodies.rigidbodies[2].pose.position.x,0.8642039296663839
54.013304303,1709142524.696286447,1709142524.695925038,/rigid_bodies.rigidbodies[2].pose.position.x,0.8641814870726912
54.023555725,1709142524.706537869,1709142524.706112933,/rigid_bodies.rigidbodies[2].pose.position.x,0.8641533211164137
54.03354069,1709142524.716522834,1709142524.716062952,/rigid_bodies.rigidbodies[2].pose.position.x,0.8641695833427493
54.04318944,1709142524.726171584,1709142524.725876093,/rigid_bodies.rigidbodies[2].pose.position.x,0.8641290169038955
54.053433941,1709142524.736416085,1709142524.736057231,/rigid_bodies.rigidbodies[2].pose.position.x,0.8641391697222572
54.063534602,1709142524.746516746,1709142524.746002644,/rigid_bodies.rigidbodies[2].pose.position.x,0.8640776303098928
54.07360664,1709142524.756588784,1709142524.756074433,/rigid_bodies.rigidbodies[2].pose.position.x,0.8641046506260384
54.083929005,1709142524.766911149,1709142524.766317361,/rigid_bodies.rigidbodies[2].pose.position.x,0.8641251237816366
54.093976701,1709142524.776958845,1709142524.776281802,/rigid_bodies.rigidbodies[2].pose.position.x,0.8641495468285388
54.103519582,1709142524.786501726,1709142524.785925274,/rigid_bodies.rigidbodies[2].pose.position.x,0.8642005582162764
54.113553329,1709142524.796535473,1709142524.796017026,/rigid_bodies.rigidbodies[2].pose.position.x,0.8641687306508562
54.124010204,1709142524.806992348,1709142524.806243947,/rigid_bodies.rigidbodies[2].pose.position.x,0.8640852485359226
54.133311295,1709142524.816293439,1709142524.815889522,/rigid_bodies.rigidbodies[2].pose.position.x,0.8640639482974043
54.143520303,1709142524.826502447,1709142524.826120600,/rigid_bodies.rigidbodies[2].pose.position.x,0.864112644556534
54.15369715,1709142524.836679294,1709142524.836186886,/rigid_bodies.rigidbodies[2].pose.position.x,0.8641420660747302
54.163381107,1709142524.846363251,1709142524.845894647,/rigid_bodies.rigidbodies[2].pose.position.x,0.864145483637783
54.173481842,1709142524.856463986,1709142524.856098994,/rigid_bodies.rigidbodies[2].pose.position.x,0.8641819958171163
54.18348484,1709142524.866466984,1709142524.866146692,/rigid_bodies.rigidbodies[2].pose.position.x,0.8641218219646386
54.193474884,1709142524.876457028,1709142524.875938708,/rigid_bodies.rigidbodies[2].pose.position.x,0.8641130903481741
54.203532653,1709142524.886514797,1709142524.886027178,/rigid_bodies.rigidbodies[2].pose.position.x,0.8641750979756273
54.213465154,1709142524.896447298,1709142524.895894570,/rigid_bodies.rigidbodies[2].pose.position.x,0.8641341043997688
54.223440835,1709142524.906422979,1709142524.905961688,/rigid_bodies.rigidbodies[2].pose.position.x,0.8641088399609007
54.233445449,1709142524.916427593,1709142524.915903000,/rigid_bodies.rigidbodies[2].pose.position.x,0.8641144359143483
54.243395147,1709142524.926377291,1709142524.925851386,/rigid_bodies.rigidbodies[2].pose.position.x,0.8641705051227708
54.253181314,1709142524.936163458,1709142524.935766488,/rigid_bodies.rigidbodies[2].pose.position.x,0.8641281917307694
54.263213324,1709142524.946195468,1709142524.945797962,/rigid_bodies.rigidbodies[2].pose.position.x,0.8641202354958839
54.273677713,1709142524.956659857,1709142524.956054988,/rigid_bodies.rigidbodies[2].pose.position.x,0.8641613457057512
54.283221929,1709142524.966204073,1709142524.965819126,/rigid_bodies.rigidbodies[2].pose.position.x,0.8641249913565082
54.293191073,1709142524.976173217,1709142524.975817610,/rigid_bodies.rigidbodies[2].pose.position.x,0.8641344718228757
54.303818194,1709142524.986800338,1709142524.986188119,/rigid_bodies.rigidbodies[2].pose.position.x,0.8641922200601495
54.313089802,1709142524.996071946,1709142524.995734320,/rigid_bodies.rigidbodies[2].pose.position.x,0.8641295949132826
54.323292834,1709142525.006274978,1709142525.005883577,/rigid_bodies.rigidbodies[2].pose.position.x,0.8640871925550865
54.333467137,1709142525.016449281,1709142525.016065289,/rigid_bodies.rigidbodies[2].pose.position.x,0.8641125689373275
54.343412818,1709142525.026394962,1709142525.025956562,/rigid_bodies.rigidbodies[2].pose.position.x,0.8641900072891375
54.353564827,1709142525.036546971,1709142525.035978794,/rigid_bodies.rigidbodies[2].pose.position.x,0.8641860561670593
54.363403986,1709142525.046386130,1709142525.045895273,/rigid_bodies.rigidbodies[2].pose.position.x,0.8641420668914687
54.373642002,1709142525.056624146,1709142525.056027027,/rigid_bodies.rigidbodies[2].pose.position.x,0.8641128328970108
54.383485465,1709142525.066467609,1709142525.065847360,/rigid_bodies.rigidbodies[2].pose.position.x,0.8641020730311871
54.393500791,1709142525.076482935,1709142525.075876469,/rigid_bodies.rigidbodies[2].pose.position.x,0.8641223578527657
54.403731091,1709142525.086713235,1709142525.086117780,/rigid_bodies.rigidbodies[2].pose.position.x,0.8641731807776234
54.413485231,1709142525.096467375,1709142525.095961094,/rigid_bodies.rigidbodies[2].pose.position.x,0.8642008276954043
54.423636183,1709142525.106618327,1709142525.106044075,/rigid_bodies.rigidbodies[2].pose.position.x,0.8641037803069965
54.433709727,1709142525.116691871,1709142525.116106345,/rigid_bodies.rigidbodies[2].pose.position.x,0.8641650602117285
54.443305881,1709142525.126288025,1709142525.125796568,/rigid_bodies.rigidbodies[2].pose.position.x,0.8642287830385623
54.453274459,1709142525.136256603,1709142525.135818021,/rigid_bodies.rigidbodies[2].pose.position.x,0.8641702495678137
54.463256862,1709142525.146239006,1709142525.145856603,/rigid_bodies.rigidbodies[2].pose.position.x,0.8641651141627319
54.473351049,1709142525.156333193,1709142525.155902092,/rigid_bodies.rigidbodies[2].pose.position.x,0.8641202553826529
54.483713226,1709142525.166695370,1709142525.166163023,/rigid_bodies.rigidbodies[2].pose.position.x,0.8641223751084265
54.493580974,1709142525.176563118,1709142525.176074773,/rigid_bodies.rigidbodies[2].pose.position.x,0.8641243498433685
54.503276911,1709142525.186259055,1709142525.185972668,/rigid_bodies.rigidbodies[2].pose.position.x,0.8641716571987136
54.513288514,1709142525.196270658,1709142525.196001113,/rigid_bodies.rigidbodies[2].pose.position.x,0.8641895167257663
54.523665446,1709142525.206647590,1709142525.206222133,/rigid_bodies.rigidbodies[2].pose.position.x,0.8640828994869671
54.533502201,1709142525.216484345,1709142525.215994464,/rigid_bodies.rigidbodies[2].pose.position.x,0.8641234428682754
54.543643557,1709142525.226625701,1709142525.226017703,/rigid_bodies.rigidbodies[2].pose.position.x,0.8641931646514488
54.553724099,1709142525.236706243,1709142525.236035811,/rigid_bodies.rigidbodies[2].pose.position.x,0.8641542866775901
54.563440523,1709142525.246422667,1709142525.245998144,/rigid_bodies.rigidbodies[2].pose.position.x,0.8641406317972126
54.573873703,1709142525.256855847,1709142525.256182508,/rigid_bodies.rigidbodies[2].pose.position.x,0.8640966624730337
54.583594065,1709142525.266576209,1709142525.266068889,/rigid_bodies.rigidbodies[2].pose.position.x,0.8641439543298592
54.59360346,1709142525.276585604,1709142525.276106259,/rigid_bodies.rigidbodies[2].pose.position.x,0.8641185764935206
54.603769635,1709142525.286751779,1709142525.286122000,/rigid_bodies.rigidbodies[2].pose.position.x,0.8641431442165264
54.613204308,1709142525.296186452,1709142525.295866624,/rigid_bodies.rigidbodies[2].pose.position.x,0.8641733755732343
54.623229931,1709142525.306212075,1709142525.305809338,/rigid_bodies.rigidbodies[2].pose.position.x,0.8640872624442212
54.633747163,1709142525.316729307,1709142525.316079232,/rigid_bodies.rigidbodies[2].pose.position.x,0.8641179000566168
54.643208299,1709142525.326190443,1709142525.325779588,/rigid_bodies.rigidbodies[2].pose.position.x,0.8642091883943603
54.653014803,1709142525.335996947,1709142525.335736379,/rigid_bodies.rigidbodies[2].pose.position.x,0.8641269378787568
54.663200854,1709142525.346182998,1709142525.345833672,/rigid_bodies.rigidbodies[2].pose.position.x,0.8640690089491583
54.673145155,1709142525.356127299,1709142525.355700077,/rigid_bodies.rigidbodies[2].pose.position.x,0.8641190673678066
54.683376977,1709142525.366359121,1709142525.365810518,/rigid_bodies.rigidbodies[2].pose.position.x,0.8641852099744762
54.693504333,1709142525.376486477,1709142525.375856215,/rigid_bodies.rigidbodies[2].pose.position.x,0.8641217741056834
54.703737255,1709142525.386719399,1709142525.386013540,/rigid_bodies.rigidbodies[2].pose.position.x,0.8641379068063499
54.713262172,1709142525.396244316,1709142525.395888345,/rigid_bodies.rigidbodies[2].pose.position.x,0.8641320599952763
54.723503969,1709142525.406486113,1709142525.406008742,/rigid_bodies.rigidbodies[2].pose.position.x,0.864074103769937
54.733274173,1709142525.416256317,1709142525.415906871,/rigid_bodies.rigidbodies[2].pose.position.x,0.8640751453130582
54.743116521,1709142525.426098665,1709142525.425777117,/rigid_bodies.rigidbodies[2].pose.position.x,0.8641071848943412
54.753324476,1709142525.436306620,1709142525.435905590,/rigid_bodies.rigidbodies[2].pose.position.x,0.8641577208807154
54.763200027,1709142525.446182171,1709142525.445831196,/rigid_bodies.rigidbodies[2].pose.position.x,0.8640878999571419
54.773245678,1709142525.456227822,1709142525.455824908,/rigid_bodies.rigidbodies[2].pose.position.x,0.8641327678859423
54.78324192,1709142525.466224064,1709142525.465795794,/rigid_bodies.rigidbodies[2].pose.position.x,0.8642438750228897
54.793542057,1709142525.476524201,1709142525.475969475,/rigid_bodies.rigidbodies[2].pose.position.x,0.8641294593107508
54.803143625,1709142525.486125769,1709142525.485823528,/rigid_bodies.rigidbodies[2].pose.position.x,0.8641017367437789
54.813163302,1709142525.496145446,1709142525.495805523,/rigid_bodies.rigidbodies[2].pose.position.x,0.8641405333006993
54.82337141,1709142525.506353554,1709142525.505903708,/rigid_bodies.rigidbodies[2].pose.position.x,0.8641475738517006
54.833521206,1709142525.516503350,1709142525.516011639,/rigid_bodies.rigidbodies[2].pose.position.x,0.8641178326110937
54.843357034,1709142525.526339178,1709142525.525963236,/rigid_bodies.rigidbodies[2].pose.position.x,0.8641337645250405
54.853433199,1709142525.536415343,1709142525.536014448,/rigid_bodies.rigidbodies[2].pose.position.x,0.8641672893220431
54.86322761,1709142525.546209754,1709142525.545915781,/rigid_bodies.rigidbodies[2].pose.position.x,0.8640766693453067
54.873701877,1709142525.556684021,1709142525.556115646,/rigid_bodies.rigidbodies[2].pose.position.x,0.8641232526305985
54.883181393,1709142525.566163537,1709142525.565788023,/rigid_bodies.rigidbodies[2].pose.position.x,0.8642392139305992
54.893504318,1709142525.576486462,1709142525.575982559,/rigid_bodies.rigidbodies[2].pose.position.x,0.8641954110730805
54.903738945,1709142525.586721089,1709142525.586139035,/rigid_bodies.rigidbodies[2].pose.position.x,0.8641281165348748
54.913468675,1709142525.596450819,1709142525.596022617,/rigid_bodies.rigidbodies[2].pose.position.x,0.8641297139927754
54.923920449,1709142525.606902593,1709142525.606294868,/rigid_bodies.rigidbodies[2].pose.position.x,0.8641447049228199
54.933570179,1709142525.616552323,1709142525.616085639,/rigid_bodies.rigidbodies[2].pose.position.x,0.864144871770134
54.943607454,1709142525.626589598,1709142525.626164695,/rigid_bodies.rigidbodies[2].pose.position.x,0.8641630155461342
54.953612743,1709142525.636594887,1709142525.636142655,/rigid_bodies.rigidbodies[2].pose.position.x,0.8641725427199413
54.963625379,1709142525.646607523,1709142525.646050065,/rigid_bodies.rigidbodies[2].pose.position.x,0.8641325294401158
54.973704256,1709142525.656686400,1709142525.656050899,/rigid_bodies.rigidbodies[2].pose.position.x,0.8641194596501584
54.983509322,1709142525.666491466,1709142525.665944086,/rigid_bodies.rigidbodies[2].pose.position.x,0.8641518283711992
54.99340747,1709142525.676389614,1709142525.675866354,/rigid_bodies.rigidbodies[2].pose.position.x,0.8641746829640212
55.003823037,1709142525.686805181,1709142525.686038872,/rigid_bodies.rigidbodies[2].pose.position.x,0.8640964471246086
55.013274956,1709142525.696257100,1709142525.695814726,/rigid_bodies.rigidbodies[2].pose.position.x,0.8641128163502585
55.023315048,1709142525.706297192,1709142525.705904111,/rigid_bodies.rigidbodies[2].pose.position.x,0.8641500795906606
55.03377852,1709142525.716760664,1709142525.716167994,/rigid_bodies.rigidbodies[2].pose.position.x,0.8641131903870722
55.043583698,1709142525.726565842,1709142525.726019084,/rigid_bodies.rigidbodies[2].pose.position.x,0.8641051078489796
55.053342842,1709142525.736324986,1709142525.735919437,/rigid_bodies.rigidbodies[2].pose.position.x,0.8641414253655528
55.063571207,1709142525.746553351,1709142525.746030867,/rigid_bodies.rigidbodies[2].pose.position.x,0.864100829197393
55.074122098,1709142525.757104242,1709142525.756329824,/rigid_bodies.rigidbodies[2].pose.position.x,0.8640988191443358
55.083307478,1709142525.766289622,1709142525.765970276,/rigid_bodies.rigidbodies[2].pose.position.x,0.8641562272748137
55.093269708,1709142525.776251852,1709142525.775826939,/rigid_bodies.rigidbodies[2].pose.position.x,0.8640936552030342
55.103470732,1709142525.786452876,1709142525.785915000,/rigid_bodies.rigidbodies[2].pose.position.x,0.8640849813085495
55.113432532,1709142525.796414676,1709142525.795898780,/rigid_bodies.rigidbodies[2].pose.position.x,0.8641356781207786
55.123658965,1709142525.806641109,1709142525.806101334,/rigid_bodies.rigidbodies[2].pose.position.x,0.8641600497272087
55.133970275,1709142525.816952419,1709142525.816323754,/rigid_bodies.rigidbodies[2].pose.position.x,0.8641756705847403
55.143459481,1709142525.826441625,1709142525.826079419,/rigid_bodies.rigidbodies[2].pose.position.x,0.8641307184377091
55.153331876,1709142525.836314020,1709142525.835980997,/rigid_bodies.rigidbodies[2].pose.position.x,0.8640897882560061
55.163382253,1709142525.846364397,1709142525.846071169,/rigid_bodies.rigidbodies[2].pose.position.x,0.8641261866001678
55.173298115,1709142525.856280259,1709142525.855856115,/rigid_bodies.rigidbodies[2].pose.position.x,0.864141396379967
55.183612884,1709142525.866595028,1709142525.866070722,/rigid_bodies.rigidbodies[2].pose.position.x,0.864158896169666
55.193525234,1709142525.876507378,1709142525.875985320,/rigid_bodies.rigidbodies[2].pose.position.x,0.8641463344473344
55.203685691,1709142525.886667835,1709142525.886089319,/rigid_bodies.rigidbodies[2].pose.position.x,0.8640629203629678
55.213488202,1709142525.896470346,1709142525.896020190,/rigid_bodies.rigidbodies[2].pose.position.x,0.8641323883948232
55.222965387,1709142525.905947531,1709142525.905700809,/rigid_bodies.rigidbodies[2].pose.position.x,0.8641912860347617
55.23335639,1709142525.916338534,1709142525.915948799,/rigid_bodies.rigidbodies[2].pose.position.x,0.8641367057236068
55.243049301,1709142525.926031445,1709142525.925772466,/rigid_bodies.rigidbodies[2].pose.position.x,0.8641548486775527
55.253239214,1709142525.936221358,1709142525.935977799,/rigid_bodies.rigidbodies[2].pose.position.x,0.8641197416813629
55.263720659,1709142525.946702803,1709142525.946146192,/rigid_bodies.rigidbodies[2].pose.position.x,0.8640856117743939
55.27368013,1709142525.956662274,1709142525.956078983,/rigid_bodies.rigidbodies[2].pose.position.x,0.8641155130068469
55.28341382,1709142525.966395964,1709142525.965891744,/rigid_bodies.rigidbodies[2].pose.position.x,0.8641376491343227
55.293736199,1709142525.976718343,1709142525.976134367,/rigid_bodies.rigidbodies[2].pose.position.x,0.8641703207300184
55.303278085,1709142525.986260229,1709142525.985805305,/rigid_bodies.rigidbodies[2].pose.position.x,0.86409993236025
55.313236845,1709142525.996218989,1709142525.995792245,/rigid_bodies.rigidbodies[2].pose.position.x,0.8641433960882889
55.323547357,1709142526.006529501,1709142526.005976227,/rigid_bodies.rigidbodies[2].pose.position.x,0.8641694937975601
55.33341067,1709142526.016392814,1709142526.015948042,/rigid_bodies.rigidbodies[2].pose.position.x,0.8641030265304761
55.343320875,1709142526.026303019,1709142526.025846466,/rigid_bodies.rigidbodies[2].pose.position.x,0.8641105106412283
55.353236342,1709142526.036218486,1709142526.035794078,/rigid_bodies.rigidbodies[2].pose.position.x,0.8640879110468285
55.363086435,1709142526.046068579,1709142526.045760011,/rigid_bodies.rigidbodies[2].pose.position.x,0.864140007162263
55.372854754,1709142526.055836898,1709142526.055585045,/rigid_bodies.rigidbodies[2].pose.position.x,0.8641260352259987
55.383056843,1709142526.066038987,1709142526.065707033,/rigid_bodies.rigidbodies[2].pose.position.x,0.8641444857684231
55.39301754,1709142526.075999684,1709142526.075632194,/rigid_bodies.rigidbodies[2].pose.position.x,0.8642130188836286
55.402992508,1709142526.085974652,1709142526.085591215,/rigid_bodies.rigidbodies[2].pose.position.x,0.8641047838925902
55.413042419,1709142526.096024563,1709142526.095710160,/rigid_bodies.rigidbodies[2].pose.position.x,0.8640751744666846
55.423148554,1709142526.106130698,1709142526.105813531,/rigid_bodies.rigidbodies[2].pose.position.x,0.8641762716424398
55.432948321,1709142526.115930465,1709142526.115589702,/rigid_bodies.rigidbodies[2].pose.position.x,0.8641299566880273
55.443124412,1709142526.126106556,1709142526.125769554,/rigid_bodies.rigidbodies[2].pose.position.x,0.8641092518448773
55.453418378,1709142526.136400522,1709142526.135909993,/rigid_bodies.rigidbodies[2].pose.position.x,0.8641543427520164
55.463287252,1709142526.146269396,1709142526.145808037,/rigid_bodies.rigidbodies[2].pose.position.x,0.8641757392030879
55.473343206,1709142526.156325350,1709142526.155840633,/rigid_bodies.rigidbodies[2].pose.position.x,0.8641349252294003
55.483528184,1709142526.166510328,1709142526.165919486,/rigid_bodies.rigidbodies[2].pose.position.x,0.8641170079800222
55.493535601,1709142526.176517745,1709142526.175942323,/rigid_bodies.rigidbodies[2].pose.position.x,0.8641699591661532
55.503534104,1709142526.186516248,1709142526.185904918,/rigid_bodies.rigidbodies[2].pose.position.x,0.8641436219042133
55.513248217,1709142526.196230361,1709142526.195835556,/rigid_bodies.rigidbodies[2].pose.position.x,0.8641332332832989
55.523337734,1709142526.206319878,1709142526.205831710,/rigid_bodies.rigidbodies[2].pose.position.x,0.864179572689267
55.53366489,1709142526.216647034,1709142526.216031848,/rigid_bodies.rigidbodies[2].pose.position.x,0.8641372522235999
55.543308684,1709142526.226290828,1709142526.225926192,/rigid_bodies.rigidbodies[2].pose.position.x,0.864108412953711
55.553692581,1709142526.236674725,1709142526.236041931,/rigid_bodies.rigidbodies[2].pose.position.x,0.8641169947377098
55.56328446,1709142526.246266604,1709142526.245831282,/rigid_bodies.rigidbodies[2].pose.position.x,0.86419671058851
55.573478027,1709142526.256460171,1709142526.255945050,/rigid_bodies.rigidbodies[2].pose.position.x,0.8641582099741612
55.58385432,1709142526.266836464,1709142526.266193813,/rigid_bodies.rigidbodies[2].pose.position.x,0.8641098243643421
55.593540792,1709142526.276522936,1709142526.276033759,/rigid_bodies.rigidbodies[2].pose.position.x,0.8641039796024172
55.603357874,1709142526.286340018,1709142526.285844051,/rigid_bodies.rigidbodies[2].pose.position.x,0.8641311533477777
55.613319206,1709142526.296301350,1709142526.295844511,/rigid_bodies.rigidbodies[2].pose.position.x,0.8641127729110668
55.62377766,1709142526.306759804,1709142526.306116478,/rigid_bodies.rigidbodies[2].pose.position.x,0.8641718892058938
55.633500729,1709142526.316482873,1709142526.316031534,/rigid_bodies.rigidbodies[2].pose.position.x,0.8641779215251788
55.643537262,1709142526.326519406,1709142526.326009548,/rigid_bodies.rigidbodies[2].pose.position.x,0.8640969631906297
55.653740732,1709142526.336722876,1709142526.336043588,/rigid_bodies.rigidbodies[2].pose.position.x,0.8641486465050352
55.663349783,1709142526.346331927,1709142526.345859512,/rigid_bodies.rigidbodies[2].pose.position.x,0.8642099568640619
55.673596651,1709142526.356578795,1709142526.355988172,/rigid_bodies.rigidbodies[2].pose.position.x,0.8641584972613873
55.683429043,1709142526.366411187,1709142526.365955060,/rigid_bodies.rigidbodies[2].pose.position.x,0.8641533590824805
55.693324444,1709142526.376306588,1709142526.375803029,/rigid_bodies.rigidbodies[2].pose.position.x,0.864104632734993
55.703417741,1709142526.386399885,1709142526.385913124,/rigid_bodies.rigidbodies[2].pose.position.x,0.8641227849118197
55.713504936,1709142526.396487080,1709142526.395941454,/rigid_bodies.rigidbodies[2].pose.position.x,0.8640963188828461
55.723213955,1709142526.406196099,1709142526.405834071,/rigid_bodies.rigidbodies[2].pose.position.x,0.864130748311519
55.733276799,1709142526.416258943,1709142526.415814188,/rigid_bodies.rigidbodies[2].pose.position.x,0.8641491462382389
55.743509444,1709142526.426491588,1709142526.425946478,/rigid_bodies.rigidbodies[2].pose.position.x,0.8640948831016008
55.75337746,1709142526.436359604,1709142526.435966415,/rigid_bodies.rigidbodies[2].pose.position.x,0.8641203292124909
55.763462394,1709142526.446444538,1709142526.446035093,/rigid_bodies.rigidbodies[2].pose.position.x,0.8641586114632711
55.773986084,1709142526.456968228,1709142526.456310058,/rigid_bodies.rigidbodies[2].pose.position.x,0.8641524943925079
55.783661212,1709142526.466643356,1709142526.466084866,/rigid_bodies.rigidbodies[2].pose.position.x,0.8641240154577996
55.793547434,1709142526.476529578,1709142526.475942829,/rigid_bodies.rigidbodies[2].pose.position.x,0.8641485387112178
55.803707832,1709142526.486689976,1709142526.486057346,/rigid_bodies.rigidbodies[2].pose.position.x,0.8642222912031591
55.813404307,1709142526.496386451,1709142526.495921421,/rigid_bodies.rigidbodies[2].pose.position.x,0.864168329697733
55.823306511,1709142526.506288655,1709142526.505824376,/rigid_bodies.rigidbodies[2].pose.position.x,0.864138668637631
55.833022736,1709142526.516004880,1709142526.515680431,/rigid_bodies.rigidbodies[2].pose.position.x,0.8641476662238434
55.842742376,1709142526.525724520,1709142526.525583882,/rigid_bodies.rigidbodies[2].pose.position.x,0.8641219640524171
55.852881437,1709142526.535863581,1709142526.535693812,/rigid_bodies.rigidbodies[2].pose.position.x,0.864162422528826
55.863266599,1709142526.546248743,1709142526.545831321,/rigid_bodies.rigidbodies[2].pose.position.x,0.8641842828515597
55.873581613,1709142526.556563757,1709142526.556012711,/rigid_bodies.rigidbodies[2].pose.position.x,0.8641417164679335
55.883365074,1709142526.566347218,1709142526.565873452,/rigid_bodies.rigidbodies[2].pose.position.x,0.864068716856049
55.89366574,1709142526.576647884,1709142526.576083624,/rigid_bodies.rigidbodies[2].pose.position.x,0.864126603266375
55.903428873,1709142526.586411017,1709142526.585911437,/rigid_bodies.rigidbodies[2].pose.position.x,0.8641584590444719
55.913330253,1709142526.596312397,1709142526.595880926,/rigid_bodies.rigidbodies[2].pose.position.x,0.8641440968256268
55.923503304,1709142526.606485448,1709142526.605950304,/rigid_bodies.rigidbodies[2].pose.position.x,0.864136887847171
55.933187464,1709142526.616169608,1709142526.615808626,/rigid_bodies.rigidbodies[2].pose.position.x,0.8641561757294922
55.943326394,1709142526.626308538,1709142526.625911044,/rigid_bodies.rigidbodies[2].pose.position.x,0.8641026598939193
55.953552326,1709142526.636534470,1709142526.636015491,/rigid_bodies.rigidbodies[2].pose.position.x,0.8641246904736977
55.963187048,1709142526.646169192,1709142526.645784146,/rigid_bodies.rigidbodies[2].pose.position.x,0.8641479323763409
55.973423074,1709142526.656405218,1709142526.655923131,/rigid_bodies.rigidbodies[2].pose.position.x,0.8641339126448113
55.983349639,1709142526.666331783,1709142526.665883404,/rigid_bodies.rigidbodies[2].pose.position.x,0.864082423418373
55.993366959,1709142526.676349103,1709142526.675821916,/rigid_bodies.rigidbodies[2].pose.position.x,0.8640653628220016
56.003366145,1709142526.686348289,1709142526.685871017,/rigid_bodies.rigidbodies[2].pose.position.x,0.8641812022816509
56.013798665,1709142526.696780809,1709142526.696135044,/rigid_bodies.rigidbodies[2].pose.position.x,0.8641698290503782
56.02328222,1709142526.706264364,1709142526.705825848,/rigid_bodies.rigidbodies[2].pose.position.x,0.8641808794290542
56.033369201,1709142526.716351345,1709142526.715859649,/rigid_bodies.rigidbodies[2].pose.position.x,0.8641665889680887
56.043231888,1709142526.726214032,1709142526.725867763,/rigid_bodies.rigidbodies[2].pose.position.x,0.8638338130675542
56.053111913,1709142526.736094057,1709142526.735774376,/rigid_bodies.rigidbodies[2].pose.position.x,0.8640655031986397
56.063338133,1709142526.746320277,1709142526.745953689,/rigid_bodies.rigidbodies[2].pose.position.x,0.8641347558412795
56.073679782,1709142526.756661926,1709142526.756056693,/rigid_bodies.rigidbodies[2].pose.position.x,0.8641756598819758
56.083374988,1709142526.766357132,1709142526.765883422,/rigid_bodies.rigidbodies[2].pose.position.x,0.8641127030405867
56.09341996,1709142526.776402104,1709142526.775950649,/rigid_bodies.rigidbodies[2].pose.position.x,0.864144169675745
56.103745022,1709142526.786727166,1709142526.786096796,/rigid_bodies.rigidbodies[2].pose.position.x,0.864298151342276
56.113403689,1709142526.796385833,1709142526.795908809,/rigid_bodies.rigidbodies[2].pose.position.x,0.8641053944657048
56.123306111,1709142526.806288255,1709142526.805907492,/rigid_bodies.rigidbodies[2].pose.position.x,0.8641052525144748
56.133542378,1709142526.816524522,1709142526.815975911,/rigid_bodies.rigidbodies[2].pose.position.x,0.8641273893778023
56.143252797,1709142526.826234941,1709142526.825827364,/rigid_bodies.rigidbodies[2].pose.position.x,0.8640816833122524
56.153344435,1709142526.836326579,1709142526.835901115,/rigid_bodies.rigidbodies[2].pose.position.x,0.864105855277752
56.16345537,1709142526.846437514,1709142526.845924204,/rigid_bodies.rigidbodies[2].pose.position.x,0.8641427335158359
56.173660234,1709142526.856642378,1709142526.855985069,/rigid_bodies.rigidbodies[2].pose.position.x,0.8641785570750118
56.183338511,1709142526.866320655,1709142526.865928118,/rigid_bodies.rigidbodies[2].pose.position.x,0.8641459520583415
56.193697569,1709142526.876679713,1709142526.876089372,/rigid_bodies.rigidbodies[2].pose.position.x,0.8640928003511011
56.203741247,1709142526.886723391,1709142526.886032805,/rigid_bodies.rigidbodies[2].pose.position.x,0.8641563124257375
56.213459398,1709142526.896441542,1709142526.895980368,/rigid_bodies.rigidbodies[2].pose.position.x,0.8641539589508687
56.223540723,1709142526.906522867,1709142526.905993369,/rigid_bodies.rigidbodies[2].pose.position.x,0.8641114124193142
56.233661167,1709142526.916643311,1709142526.916029710,/rigid_bodies.rigidbodies[2].pose.position.x,0.864152277896553
56.243285001,1709142526.926267145,1709142526.925854734,/rigid_bodies.rigidbodies[2].pose.position.x,0.8641711818697972
56.253225844,1709142526.936207988,1709142526.935914009,/rigid_bodies.rigidbodies[2].pose.position.x,0.864115310514135
56.263165151,1709142526.946147295,1709142526.945857203,/rigid_bodies.rigidbodies[2].pose.position.x,0.8641037282780692
56.273502075,1709142526.956484219,1709142526.956060555,/rigid_bodies.rigidbodies[2].pose.position.x,0.8642011424041325
56.28355538,1709142526.966537524,1709142526.966061073,/rigid_bodies.rigidbodies[2].pose.position.x,0.8641747684010334
56.294121999,1709142526.977104143,1709142526.976454089,/rigid_bodies.rigidbodies[2].pose.position.x,0.8641329690012349
56.303798426,1709142526.986780570,1709142526.986146231,/rigid_bodies.rigidbodies[2].pose.position.x,0.8641757025221715
56.313414092,1709142526.996396236,1709142526.995934820,/rigid_bodies.rigidbodies[2].pose.position.x,0.8639363050269732
56.324263122,1709142527.007245266,1709142527.006386237,/rigid_bodies.rigidbodies[2].pose.position.x,0.8640849936894665
56.334050304,1709142527.017032448,1709142527.016321220,/rigid_bodies.rigidbodies[2].pose.position.x,0.8641104629400345
56.343485092,1709142527.026467236,1709142527.026005640,/rigid_bodies.rigidbodies[2].pose.position.x,0.8641898884614714
56.353317074,1709142527.036299218,1709142527.035847862,/rigid_bodies.rigidbodies[2].pose.position.x,0.8641890979897119
56.363319534,1709142527.046301678,1709142527.045927039,/rigid_bodies.rigidbodies[2].pose.position.x,0.8641689488698384
56.373564904,1709142527.056547048,1709142527.056010222,/rigid_bodies.rigidbodies[2].pose.position.x,0.864215063457513
56.384202749,1709142527.067184893,1709142527.066451307,/rigid_bodies.rigidbodies[2].pose.position.x,0.8641063224671798
56.39390123,1709142527.076883374,1709142527.076165922,/rigid_bodies.rigidbodies[2].pose.position.x,0.8640570877815619
56.403614076,1709142527.086596220,1709142527.086047149,/rigid_bodies.rigidbodies[2].pose.position.x,0.8641232595958778
56.413735226,1709142527.096717370,1709142527.096169262,/rigid_bodies.rigidbodies[2].pose.position.x,0.8641596082173342
56.423685783,1709142527.106667927,1709142527.106064373,/rigid_bodies.rigidbodies[2].pose.position.x,0.8641401663644543
56.43361943,1709142527.116601574,1709142527.116112581,/rigid_bodies.rigidbodies[2].pose.position.x,0.8640803416578647
56.443736363,1709142527.126718507,1709142527.126159841,/rigid_bodies.rigidbodies[2].pose.position.x,0.8641110506272999
56.453661022,1709142527.136643166,1709142527.136142981,/rigid_bodies.rigidbodies[2].pose.position.x,0.8641361775264005
56.463369036,1709142527.146351180,1709142527.145884227,/rigid_bodies.rigidbodies[2].pose.position.x,0.8641023186722346
56.473539696,1709142527.156521840,1709142527.156069631,/rigid_bodies.rigidbodies[2].pose.position.x,0.8641264464314208
56.483593986,1709142527.166576130,1709142527.166051955,/rigid_bodies.rigidbodies[2].pose.position.x,0.8641088188006686
56.493270904,1709142527.176253048,1709142527.175842607,/rigid_bodies.rigidbodies[2].pose.position.x,0.8640738497196079
56.503454724,1709142527.186436868,1709142527.185935415,/rigid_bodies.rigidbodies[2].pose.position.x,0.8642865944052822
56.513521933,1709142527.196504077,1709142527.195975280,/rigid_bodies.rigidbodies[2].pose.position.x,0.8640345619461612
56.52327838,1709142527.206260524,1709142527.205854212,/rigid_bodies.rigidbodies[2].pose.position.x,0.8640989978939967
56.533290942,1709142527.216273086,1709142527.215842415,/rigid_bodies.rigidbodies[2].pose.position.x,0.864131823650154
56.543627831,1709142527.226609975,1709142527.226054838,/rigid_bodies.rigidbodies[2].pose.position.x,0.8641529312189287
56.55328579,1709142527.236267934,1709142527.235991623,/rigid_bodies.rigidbodies[2].pose.position.x,0.8641716357661599
56.563563884,1709142527.246546028,1709142527.246142486,/rigid_bodies.rigidbodies[2].pose.position.x,0.8641165635588955
56.573262108,1709142527.256244252,1709142527.255928447,/rigid_bodies.rigidbodies[2].pose.position.x,0.8640998358608748
56.583253659,1709142527.266235803,1709142527.265961080,/rigid_bodies.rigidbodies[2].pose.position.x,0.8641352534178499
56.59351112,1709142527.276493264,1709142527.276092975,/rigid_bodies.rigidbodies[2].pose.position.x,0.8641482597332708
56.604341039,1709142527.287323183,1709142527.286284708,/rigid_bodies.rigidbodies[2].pose.position.x,0.8641340906593269
56.613432931,1709142527.296415075,1709142527.295979148,/rigid_bodies.rigidbodies[2].pose.position.x,0.8641614497206623
56.623976224,1709142527.306958368,1709142527.306328303,/rigid_bodies.rigidbodies[2].pose.position.x,0.8641079235233328
56.633750603,1709142527.316732747,1709142527.316129314,/rigid_bodies.rigidbodies[2].pose.position.x,0.8640949356512427
56.643311839,1709142527.326293983,1709142527.325927488,/rigid_bodies.rigidbodies[2].pose.position.x,0.8641762990709593
56.653546341,1709142527.336528485,1709142527.336176757,/rigid_bodies.rigidbodies[2].pose.position.x,0.8641673481877802
56.663344896,1709142527.346327040,1709142527.345950965,/rigid_bodies.rigidbodies[2].pose.position.x,0.8641353716944881
56.673440595,1709142527.356422739,1709142527.355939387,/rigid_bodies.rigidbodies[2].pose.position.x,0.8641068998043335
56.683537535,1709142527.366519679,1709142527.365903707,/rigid_bodies.rigidbodies[2].pose.position.x,0.8641293139468458
56.693151604,1709142527.376133748,1709142527.375749771,/rigid_bodies.rigidbodies[2].pose.position.x,0.8641319985483396
56.703269872999996,1709142527.386252017,1709142527.385840743,/rigid_bodies.rigidbodies[2].pose.position.x,0.8641639185431825
56.713340627,1709142527.396322771,1709142527.395813591,/rigid_bodies.rigidbodies[2].pose.position.x,0.8640632061005428
56.723308777,1709142527.406290921,1709142527.405806478,/rigid_bodies.rigidbodies[2].pose.position.x,0.864114356488633
56.733494722,1709142527.416476866,1709142527.415952301,/rigid_bodies.rigidbodies[2].pose.position.x,0.8640911054781066
56.743400293,1709142527.426382437,1709142527.425820106,/rigid_bodies.rigidbodies[2].pose.position.x,0.8640328235139814
56.753553671,1709142527.436535815,1709142527.436044698,/rigid_bodies.rigidbodies[2].pose.position.x,0.8644415003704553
56.763368759,1709142527.446350903,1709142527.445908743,/rigid_bodies.rigidbodies[2].pose.position.x,0.8641007020116026
56.773201656,1709142527.456183800,1709142527.455802729,/rigid_bodies.rigidbodies[2].pose.position.x,0.8640649449546787
56.783449765,1709142527.466431909,1709142527.465947794,/rigid_bodies.rigidbodies[2].pose.position.x,0.8643081690482006
56.793357873,1709142527.476340017,1709142527.475892602,/rigid_bodies.rigidbodies[2].pose.position.x,0.8641184360007204
56.803360324,1709142527.486342468,1709142527.485869403,/rigid_bodies.rigidbodies[2].pose.position.x,0.8641505409255215
56.813528182,1709142527.496510326,1709142527.495908706,/rigid_bodies.rigidbodies[2].pose.position.x,0.8641814796014909
56.823383627,1709142527.506365771,1709142527.505822230,/rigid_bodies.rigidbodies[2].pose.position.x,0.8641480662670491
56.833852392,1709142527.516834536,1709142527.516075789,/rigid_bodies.rigidbodies[2].pose.position.x,0.8640888669841017
56.843410839,1709142527.526392983,1709142527.525840765,/rigid_bodies.rigidbodies[2].pose.position.x,0.8640891996132218
56.85335066,1709142527.536332804,1709142527.535929732,/rigid_bodies.rigidbodies[2].pose.position.x,0.8641692389401354
56.863770614,1709142527.546752758,1709142527.546116284,/rigid_bodies.rigidbodies[2].pose.position.x,0.8641046316650997
56.874033465,1709142527.557015609,1709142527.556262926,/rigid_bodies.rigidbodies[2].pose.position.x,0.8640838758213286
56.883646521,1709142527.566628665,1709142527.566169316,/rigid_bodies.rigidbodies[2].pose.position.x,0.8641004735222645
56.893595669,1709142527.576577813,1709142527.576157190,/rigid_bodies.rigidbodies[2].pose.position.x,0.8641056182954425
56.90360517,1709142527.586587314,1709142527.586158324,/rigid_bodies.rigidbodies[2].pose.position.x,0.8641285577321729
56.913478191,1709142527.596460335,1709142527.596132585,/rigid_bodies.rigidbodies[2].pose.position.x,0.8641732310676004
56.923348464,1709142527.606330608,1709142527.605973342,/rigid_bodies.rigidbodies[2].pose.position.x,0.8641172360801992
56.933594776,1709142527.616576920,1709142527.616212776,/rigid_bodies.rigidbodies[2].pose.position.x,0.8640731534063857
56.943579239,1709142527.626561383,1709142527.626102367,/rigid_bodies.rigidbodies[2].pose.position.x,0.8641154699699579
56.953468276,1709142527.636450420,1709142527.636002992,/rigid_bodies.rigidbodies[2].pose.position.x,0.8641855431129685
56.963360879,1709142527.646343023,1709142527.645932252,/rigid_bodies.rigidbodies[2].pose.position.x,0.8641151880006716
56.973646591,1709142527.656628735,1709142527.656109019,/rigid_bodies.rigidbodies[2].pose.position.x,0.8640615394041338
56.983271439,1709142527.666253583,1709142527.665921605,/rigid_bodies.rigidbodies[2].pose.position.x,0.8640994587854121
56.993406405,1709142527.676388549,1709142527.676031316,/rigid_bodies.rigidbodies[2].pose.position.x,0.8641177643846698
57.003840101,1709142527.686822245,1709142527.686270169,/rigid_bodies.rigidbodies[2].pose.position.x,0.8641335404301973
57.013333465,1709142527.696315609,1709142527.696027297,/rigid_bodies.rigidbodies[2].pose.position.x,0.8641437548007075
57.023585942,1709142527.706568086,1709142527.706073892,/rigid_bodies.rigidbodies[2].pose.position.x,0.8641192001488769
57.033755967,1709142527.716738111,1709142527.716208568,/rigid_bodies.rigidbodies[2].pose.position.x,0.8641272572641278
57.043416859,1709142527.726399003,1709142527.725982939,/rigid_bodies.rigidbodies[2].pose.position.x,0.8641325396933959
57.053826048,1709142527.736808192,1709142527.736174521,/rigid_bodies.rigidbodies[2].pose.position.x,0.8641579912312061
57.06357568,1709142527.746557824,1709142527.745989818,/rigid_bodies.rigidbodies[2].pose.position.x,0.8641352447214723
57.073474516,1709142527.756456660,1709142527.756016113,/rigid_bodies.rigidbodies[2].pose.position.x,0.8640985008603894
57.083636124,1709142527.766618268,1709142527.766198930,/rigid_bodies.rigidbodies[2].pose.position.x,0.8641563003074946
57.093623197,1709142527.776605341,1709142527.776214742,/rigid_bodies.rigidbodies[2].pose.position.x,0.8641858164088233
57.103383679,1709142527.786365823,1709142527.786069835,/rigid_bodies.rigidbodies[2].pose.position.x,0.8641084055896463
57.113942144,1709142527.796924288,1709142527.796316163,/rigid_bodies.rigidbodies[2].pose.position.x,0.8641356066846689
57.123841708,1709142527.806823852,1709142527.806215583,/rigid_bodies.rigidbodies[2].pose.position.x,0.8640758834498423
57.133433647,1709142527.816415791,1709142527.816010162,/rigid_bodies.rigidbodies[2].pose.position.x,0.8640688471512441
57.143627056,1709142527.826609200,1709142527.825993885,/rigid_bodies.rigidbodies[2].pose.position.x,0.8641625312732039
57.153771748,1709142527.836753892,1709142527.836173439,/rigid_bodies.rigidbodies[2].pose.position.x,0.8641683965983961
57.163399181,1709142527.846381325,1709142527.846010378,/rigid_bodies.rigidbodies[2].pose.position.x,0.8641185817079625
57.173515669,1709142527.856497813,1709142527.855987545,/rigid_bodies.rigidbodies[2].pose.position.x,0.8641136406255238
57.183903627,1709142527.866885771,1709142527.866190086,/rigid_bodies.rigidbodies[2].pose.position.x,0.8641327101180405
57.193175437,1709142527.876157581,1709142527.875807975,/rigid_bodies.rigidbodies[2].pose.position.x,0.8641710918913295
57.203314407,1709142527.886296551,1709142527.885980989,/rigid_bodies.rigidbodies[2].pose.position.x,0.864133552473549
57.213515676,1709142527.896497820,1709142527.896037841,/rigid_bodies.rigidbodies[2].pose.position.x,0.8641138655832106
57.223452664,1709142527.906434808,1709142527.906040682,/rigid_bodies.rigidbodies[2].pose.position.x,0.8641153614054131
57.233564353,1709142527.916546497,1709142527.916051846,/rigid_bodies.rigidbodies[2].pose.position.x,0.8641433615462287
57.243303724,1709142527.926285868,1709142527.925948844,/rigid_bodies.rigidbodies[2].pose.position.x,0.8641392122354659
57.253080369,1709142527.936062513,1709142527.935797530,/rigid_bodies.rigidbodies[2].pose.position.x,0.8641524971295688
57.263166196,1709142527.946148340,1709142527.945916757,/rigid_bodies.rigidbodies[2].pose.position.x,0.86416437450009
57.272812197,1709142527.955794341,1709142527.955603254,/rigid_bodies.rigidbodies[2].pose.position.x,0.8641236121391579
57.282756741,1709142527.965738885,1709142527.965555385,/rigid_bodies.rigidbodies[2].pose.position.x,0.8641154639643575
57.293027044,1709142527.976009188,1709142527.975652761,/rigid_bodies.rigidbodies[2].pose.position.x,0.8641384576191409
57.303286962,1709142527.986269106,1709142527.985817854,/rigid_bodies.rigidbodies[2].pose.position.x,0.8641239991560742
57.313395461,1709142527.996377605,1709142527.995819457,/rigid_bodies.rigidbodies[2].pose.position.x,0.8640868979058483
57.32339747,1709142528.006379614,1709142528.005853445,/rigid_bodies.rigidbodies[2].pose.position.x,0.8641129988813895
57.33314744,1709142528.016129584,1709142528.015789622,/rigid_bodies.rigidbodies[2].pose.position.x,0.8641583256919936
57.343391874,1709142528.026374018,1709142528.025889421,/rigid_bodies.rigidbodies[2].pose.position.x,0.8641559557310305
57.353220895,1709142528.036203039,1709142528.035806008,/rigid_bodies.rigidbodies[2].pose.position.x,0.8641580421933339
57.363373415,1709142528.046355559,1709142528.045936733,/rigid_bodies.rigidbodies[2].pose.position.x,0.864154529919652
57.37290422,1709142528.055886364,1709142528.055568854,/rigid_bodies.rigidbodies[2].pose.position.x,0.8641281822360212
57.383035108,1709142528.066017252,1709142528.065664811,/rigid_bodies.rigidbodies[2].pose.position.x,0.8641678896114429
57.393215025,1709142528.076197169,1709142528.075922603,/rigid_bodies.rigidbodies[2].pose.position.x,0.864153542320901
57.402915183,1709142528.085897327,1709142528.085658658,/rigid_bodies.rigidbodies[2].pose.position.x,0.8641151741838855
57.413205429,1709142528.096187573,1709142528.095895112,/rigid_bodies.rigidbodies[2].pose.position.x,0.8641115773008244
57.422926494,1709142528.105908638,1709142528.105659594,/rigid_bodies.rigidbodies[2].pose.position.x,0.8641310774695957
57.43337615,1709142528.116358294,1709142528.115874489,/rigid_bodies.rigidbodies[2].pose.position.x,0.8642034178347924
57.443497912,1709142528.126480056,1709142528.125918910,/rigid_bodies.rigidbodies[2].pose.position.x,0.8641519137069102
57.453468798,1709142528.136450942,1709142528.135924919,/rigid_bodies.rigidbodies[2].pose.position.x,0.8640964934180873
57.463363887,1709142528.146346031,1709142528.145842735,/rigid_bodies.rigidbodies[2].pose.position.x,0.864077981317587
57.473510074000004,1709142528.156492218,1709142528.155949465,/rigid_bodies.rigidbodies[2].pose.position.x,0.8641341882599771
57.483770746,1709142528.166752890,1709142528.166053259,/rigid_bodies.rigidbodies[2].pose.position.x,0.8641530825417805
57.493373316,1709142528.176355460,1709142528.175883317,/rigid_bodies.rigidbodies[2].pose.position.x,0.8641640700842445
57.503422864,1709142528.186405008,1709142528.185971364,/rigid_bodies.rigidbodies[2].pose.position.x,0.8641659757746111
57.513619408,1709142528.196601552,1709142528.196010569,/rigid_bodies.rigidbodies[2].pose.position.x,0.8640873630676177
57.523490035,1709142528.206472179,1709142528.205993681,/rigid_bodies.rigidbodies[2].pose.position.x,0.8641222621823295
57.533195732,1709142528.216177876,1709142528.215902545,/rigid_bodies.rigidbodies[2].pose.position.x,0.8641826903385716
57.543388237,1709142528.226370381,1709142528.226063436,/rigid_bodies.rigidbodies[2].pose.position.x,0.8641977180591963
57.553361234,1709142528.236343378,1709142528.235949214,/rigid_bodies.rigidbodies[2].pose.position.x,0.8641287223900431
57.563506409,1709142528.246488553,1709142528.245968407,/rigid_bodies.rigidbodies[2].pose.position.x,0.8640909482436279
57.573995785,1709142528.256977929,1709142528.256257931,/rigid_bodies.rigidbodies[2].pose.position.x,0.8641199451287556
57.583906183,1709142528.266888327,1709142528.266251181,/rigid_bodies.rigidbodies[2].pose.position.x,0.8641388681100858
57.593500727,1709142528.276482871,1709142528.275955127,/rigid_bodies.rigidbodies[2].pose.position.x,0.864166306881147
57.603613441,1709142528.286595585,1709142528.286023607,/rigid_bodies.rigidbodies[2].pose.position.x,0.8641692124978797
57.613528033,1709142528.296510177,1709142528.296015498,/rigid_bodies.rigidbodies[2].pose.position.x,0.864151336976812
57.623402056,1709142528.306384200,1709142528.305927673,/rigid_bodies.rigidbodies[2].pose.position.x,0.8641569995726669
57.633732499,1709142528.316714643,1709142528.316123719,/rigid_bodies.rigidbodies[2].pose.position.x,0.8641039229414161
57.64376175,1709142528.326743894,1709142528.326168579,/rigid_bodies.rigidbodies[2].pose.position.x,0.864116481762538
57.653507676,1709142528.336489820,1709142528.335997926,/rigid_bodies.rigidbodies[2].pose.position.x,0.8640812721903384
57.663438896,1709142528.346421040,1709142528.345951558,/rigid_bodies.rigidbodies[2].pose.position.x,0.864119368315976
57.673562477,1709142528.356544621,1709142528.356084656,/rigid_bodies.rigidbodies[2].pose.position.x,0.8642230551559964
57.683415269,1709142528.366397413,1709142528.365919831,/rigid_bodies.rigidbodies[2].pose.position.x,0.8641704910080729
57.69359991,1709142528.376582054,1709142528.376032887,/rigid_bodies.rigidbodies[2].pose.position.x,0.8641528413084149
57.703629559,1709142528.386611703,1709142528.385986884,/rigid_bodies.rigidbodies[2].pose.position.x,0.8641194063624367
57.713214249,1709142528.396196393,1709142528.395876585,/rigid_bodies.rigidbodies[2].pose.position.x,0.8641124170706234
57.723259303,1709142528.406241447,1709142528.405884789,/rigid_bodies.rigidbodies[2].pose.position.x,0.864160772875509
57.733614213,1709142528.416596357,1709142528.416087892,/rigid_bodies.rigidbodies[2].pose.position.x,0.8641781325404203
57.743182119,1709142528.426164263,1709142528.425864739,/rigid_bodies.rigidbodies[2].pose.position.x,0.8641333330791995
57.75343327,1709142528.436415414,1709142528.436016601,/rigid_bodies.rigidbodies[2].pose.position.x,0.8641244871526833
57.763293783,1709142528.446275927,1709142528.445848082,/rigid_bodies.rigidbodies[2].pose.position.x,0.8641334629186087
57.773619901,1709142528.456602045,1709142528.456031423,/rigid_bodies.rigidbodies[2].pose.position.x,0.8641991274465433
57.783636248,1709142528.466618392,1709142528.466031527,/rigid_bodies.rigidbodies[2].pose.position.x,0.8641647319990449
57.793961563,1709142528.476943707,1709142528.476264559,/rigid_bodies.rigidbodies[2].pose.position.x,0.8641022876477394
57.803495787,1709142528.486477931,1709142528.485985861,/rigid_bodies.rigidbodies[2].pose.position.x,0.864134499758676
57.813356043,1709142528.496338187,1709142528.495886627,/rigid_bodies.rigidbodies[2].pose.position.x,0.8641291541937854
57.82301593,1709142528.505998074,1709142528.505671565,/rigid_bodies.rigidbodies[2].pose.position.x,0.8641609831958997
57.833375145,1709142528.516357289,1709142528.515907514,/rigid_bodies.rigidbodies[2].pose.position.x,0.8641678708428067
57.843441967,1709142528.526424111,1709142528.526054465,/rigid_bodies.rigidbodies[2].pose.position.x,0.8641144765012213
57.853503482,1709142528.536485626,1709142528.535973417,/rigid_bodies.rigidbodies[2].pose.position.x,0.8641387413707602
57.863087083,1709142528.546069227,1709142528.545707657,/rigid_bodies.rigidbodies[2].pose.position.x,0.8641384805794883
57.873007514,1709142528.555989658,1709142528.555686771,/rigid_bodies.rigidbodies[2].pose.position.x,0.8642126145490927
57.883038806,1709142528.566020950,1709142528.565689193,/rigid_bodies.rigidbodies[2].pose.position.x,0.8641588420632144
57.893364143,1709142528.576346287,1709142528.575808738,/rigid_bodies.rigidbodies[2].pose.position.x,0.8641234818739462
57.903510248,1709142528.586492392,1709142528.586016523,/rigid_bodies.rigidbodies[2].pose.position.x,0.8641608431660089
57.913417936,1709142528.596400080,1709142528.595954708,/rigid_bodies.rigidbodies[2].pose.position.x,0.8641095963266573
57.923559974,1709142528.606542118,1709142528.606024102,/rigid_bodies.rigidbodies[2].pose.position.x,0.8641245973885637
57.933412169,1709142528.616394313,1709142528.615940532,/rigid_bodies.rigidbodies[2].pose.position.x,0.864188229910116
57.943341109,1709142528.626323253,1709142528.625952849,/rigid_bodies.rigidbodies[2].pose.position.x,0.864165219423227
57.953496096,1709142528.636478240,1709142528.636021237,/rigid_bodies.rigidbodies[2].pose.position.x,0.8641319138742637
57.963343632,1709142528.646325776,1709142528.645839502,/rigid_bodies.rigidbodies[2].pose.position.x,0.8641235953406321
57.973256288,1709142528.656238432,1709142528.655808140,/rigid_bodies.rigidbodies[2].pose.position.x,0.864143071639454
57.983339528,1709142528.666321672,1709142528.665878907,/rigid_bodies.rigidbodies[2].pose.position.x,0.8641129591638874
57.993133102,1709142528.676115246,1709142528.675745900,/rigid_bodies.rigidbodies[2].pose.position.x,0.8641255618750847
58.003375189,1709142528.686357333,1709142528.685866108,/rigid_bodies.rigidbodies[2].pose.position.x,0.8641937573515479
58.013382482,1709142528.696364626,1709142528.695856210,/rigid_bodies.rigidbodies[2].pose.position.x,0.8641637410724076
58.023262015,1709142528.706244159,1709142528.705844510,/rigid_bodies.rigidbodies[2].pose.position.x,0.8641125334964288
58.033204998,1709142528.716187142,1709142528.715765048,/rigid_bodies.rigidbodies[2].pose.position.x,0.8641425921618507
58.043554608,1709142528.726536752,1709142528.725962507,/rigid_bodies.rigidbodies[2].pose.position.x,0.8641366700986025
58.053303943,1709142528.736286087,1709142528.735844852,/rigid_bodies.rigidbodies[2].pose.position.x,0.8641397677325537
58.063374254,1709142528.746356398,1709142528.745915035,/rigid_bodies.rigidbodies[2].pose.position.x,0.8641529582772363
58.073851468,1709142528.756833612,1709142528.756168413,/rigid_bodies.rigidbodies[2].pose.position.x,0.8641752247604951
58.083237445,1709142528.766219589,1709142528.765872044,/rigid_bodies.rigidbodies[2].pose.position.x,0.8641409639231498
58.093657764,1709142528.776639908,1709142528.776140222,/rigid_bodies.rigidbodies[2].pose.position.x,0.8640924962566088
58.103547341,1709142528.786529485,1709142528.786011359,/rigid_bodies.rigidbodies[2].pose.position.x,0.8641141485161298
58.113518896,1709142528.796501040,1709142528.796067020,/rigid_bodies.rigidbodies[2].pose.position.x,0.8641499450977491
58.123719549,1709142528.806701693,1709142528.806110564,/rigid_bodies.rigidbodies[2].pose.position.x,0.8641537367289929
58.133940466,1709142528.816922610,1709142528.816214252,/rigid_bodies.rigidbodies[2].pose.position.x,0.8641628881576069
58.143634713,1709142528.826616857,1709142528.826131680,/rigid_bodies.rigidbodies[2].pose.position.x,0.8641353773069345
58.153542997,1709142528.836525141,1709142528.835933607,/rigid_bodies.rigidbodies[2].pose.position.x,0.8640713712745749
58.163236219,1709142528.846218363,1709142528.845808977,/rigid_bodies.rigidbodies[2].pose.position.x,0.8640980914140457
58.173417757,1709142528.856399901,1709142528.855903024,/rigid_bodies.rigidbodies[2].pose.position.x,0.8641740906365878
58.183787579,1709142528.866769723,1709142528.866088554,/rigid_bodies.rigidbodies[2].pose.position.x,0.8641705642882057
58.193350937,1709142528.876333081,1709142528.875817945,/rigid_bodies.rigidbodies[2].pose.position.x,0.8641393494343601
58.203405912,1709142528.886388056,1709142528.885865601,/rigid_bodies.rigidbodies[2].pose.position.x,0.8641144582143149
58.21323889,1709142528.896221034,1709142528.895816861,/rigid_bodies.rigidbodies[2].pose.position.x,0.8641613459158135
58.223598781,1709142528.906580925,1709142528.905994132,/rigid_bodies.rigidbodies[2].pose.position.x,0.864160320606327
58.23350106,1709142528.916483204,1709142528.915966623,/rigid_bodies.rigidbodies[2].pose.position.x,0.8641147007831244
58.243241874,1709142528.926224018,1709142528.925855939,/rigid_bodies.rigidbodies[2].pose.position.x,0.8641367226667369
58.253477991,1709142528.936460135,1709142528.936013951,/rigid_bodies.rigidbodies[2].pose.position.x,0.8641019900922189
58.263272626,1709142528.946254770,1709142528.945858784,/rigid_bodies.rigidbodies[2].pose.position.x,0.8641001530872463
58.273633885,1709142528.956616029,1709142528.955962881,/rigid_bodies.rigidbodies[2].pose.position.x,0.8641954560024642
58.283890162,1709142528.966872306,1709142528.966096132,/rigid_bodies.rigidbodies[2].pose.position.x,0.8642151084650519
58.293402871,1709142528.976385015,1709142528.976015165,/rigid_bodies.rigidbodies[2].pose.position.x,0.8641230822729338
58.303546376,1709142528.986528520,1709142528.986035294,/rigid_bodies.rigidbodies[2].pose.position.x,0.8640616032545524
58.313424234,1709142528.996406378,1709142528.995937538,/rigid_bodies.rigidbodies[2].pose.position.x,0.8641527096963475
58.323331618,1709142529.006313762,1709142529.005926101,/rigid_bodies.rigidbodies[2].pose.position.x,0.8641519059067712
58.333904663,1709142529.016886807,1709142529.016360384,/rigid_bodies.rigidbodies[2].pose.position.x,0.8641446853301689
58.343713517,1709142529.026695661,1709142529.026167737,/rigid_bodies.rigidbodies[2].pose.position.x,0.864165865410902
58.353411163,1709142529.036393307,1709142529.035977943,/rigid_bodies.rigidbodies[2].pose.position.x,0.86412674390814
58.363497483,1709142529.046479627,1709142529.045931134,/rigid_bodies.rigidbodies[2].pose.position.x,0.8640987579355411
58.373742384,1709142529.056724528,1709142529.056070157,/rigid_bodies.rigidbodies[2].pose.position.x,0.8641610761104032
58.38355736,1709142529.066539504,1709142529.066017416,/rigid_bodies.rigidbodies[2].pose.position.x,0.8641718414062242
58.393614648,1709142529.076596792,1709142529.075972738,/rigid_bodies.rigidbodies[2].pose.position.x,0.8641337927285411
58.403695087,1709142529.086677231,1709142529.086025601,/rigid_bodies.rigidbodies[2].pose.position.x,0.8640984980266821
58.413292349,1709142529.096274493,1709142529.095812795,/rigid_bodies.rigidbodies[2].pose.position.x,0.8641565951017417
58.423435468,1709142529.106417612,1709142529.105905688,/rigid_bodies.rigidbodies[2].pose.position.x,0.8641608579649478
58.433493151,1709142529.116475295,1709142529.115955189,/rigid_bodies.rigidbodies[2].pose.position.x,0.8641436339613237
58.443414458,1709142529.126396602,1709142529.125914048,/rigid_bodies.rigidbodies[2].pose.position.x,0.864133540430563
58.453187186,1709142529.136169330,1709142529.135830759,/rigid_bodies.rigidbodies[2].pose.position.x,0.8641407522828235
58.463528793,1709142529.146510937,1709142529.145961776,/rigid_bodies.rigidbodies[2].pose.position.x,0.8641626371472999
58.473750404,1709142529.156732548,1709142529.156100517,/rigid_bodies.rigidbodies[2].pose.position.x,0.8641853385414592
58.483381833,1709142529.166363977,1709142529.165899993,/rigid_bodies.rigidbodies[2].pose.position.x,0.8642181826212914
58.493697259,1709142529.176679403,1709142529.176074140,/rigid_bodies.rigidbodies[2].pose.position.x,0.8640977467490519
58.503640426,1709142529.186622570,1709142529.186085620,/rigid_bodies.rigidbodies[2].pose.position.x,0.8640489500441215
58.513368253,1709142529.196350397,1709142529.195883524,/rigid_bodies.rigidbodies[2].pose.position.x,0.8641618140612889
58.523529004,1709142529.206511148,1709142529.205973235,/rigid_bodies.rigidbodies[2].pose.position.x,0.8642363740001573
58.533724923,1709142529.216707067,1709142529.216051352,/rigid_bodies.rigidbodies[2].pose.position.x,0.8641783261749998
58.543325248,1709142529.226307392,1709142529.225900277,/rigid_bodies.rigidbodies[2].pose.position.x,0.8641112318799808
58.553675508,1709142529.236657652,1709142529.236095604,/rigid_bodies.rigidbodies[2].pose.position.x,0.8640918498543873
58.563416139,1709142529.246398283,1709142529.245990583,/rigid_bodies.rigidbodies[2].pose.position.x,0.8641159259381065
58.573581166,1709142529.256563310,1709142529.256064813,/rigid_bodies.rigidbodies[2].pose.position.x,0.8641553868186985
58.583678289,1709142529.266660433,1709142529.266202956,/rigid_bodies.rigidbodies[2].pose.position.x,0.8642005618022356
58.594131145,1709142529.277113289,1709142529.276543207,/rigid_bodies.rigidbodies[2].pose.position.x,0.8641126110015642
58.603394076,1709142529.286376220,1709142529.285959205,/rigid_bodies.rigidbodies[2].pose.position.x,0.8640848560572074
58.613435387,1709142529.296417531,1709142529.296003526,/rigid_bodies.rigidbodies[2].pose.position.x,0.8641582615162874
58.623911441,1709142529.306893585,1709142529.306303956,/rigid_bodies.rigidbodies[2].pose.position.x,0.8641977097466151
58.633517224,1709142529.316499368,1709142529.316115161,/rigid_bodies.rigidbodies[2].pose.position.x,0.8641474469143411
58.643671258,1709142529.326653402,1709142529.326194106,/rigid_bodies.rigidbodies[2].pose.position.x,0.864105051435726
58.653183177,1709142529.336165321,1709142529.335857210,/rigid_bodies.rigidbodies[2].pose.position.x,0.8641054061446548
58.663358722,1709142529.346340866,1709142529.345947736,/rigid_bodies.rigidbodies[2].pose.position.x,0.8641512659253686
58.673437337,1709142529.356419481,1709142529.355968597,/rigid_bodies.rigidbodies[2].pose.position.x,0.8641752361470133
58.683549295,1709142529.366531439,1709142529.365952660,/rigid_bodies.rigidbodies[2].pose.position.x,0.8641719759750921
58.693339042,1709142529.376321186,1709142529.375847997,/rigid_bodies.rigidbodies[2].pose.position.x,0.8641203521500974
58.703941847,1709142529.386923991,1709142529.386114003,/rigid_bodies.rigidbodies[2].pose.position.x,0.8640843931336049
58.713303872,1709142529.396286016,1709142529.395865798,/rigid_bodies.rigidbodies[2].pose.position.x,0.8641491556675229
58.723317793,1709142529.406299937,1709142529.405835683,/rigid_bodies.rigidbodies[2].pose.position.x,0.8642021112681739
58.733749747,1709142529.416731891,1709142529.416081408,/rigid_bodies.rigidbodies[2].pose.position.x,0.8641812270356601
58.743370422,1709142529.426352566,1709142529.425900617,/rigid_bodies.rigidbodies[2].pose.position.x,0.8641285878649291
58.753237769,1709142529.436219913,1709142529.435864211,/rigid_bodies.rigidbodies[2].pose.position.x,0.8641533914897127
58.763227698,1709142529.446209842,1709142529.445883212,/rigid_bodies.rigidbodies[2].pose.position.x,0.8641089626543187
58.773359024,1709142529.456341168,1709142529.455982171,/rigid_bodies.rigidbodies[2].pose.position.x,0.8641233853720647
58.783361481,1709142529.466343625,1709142529.465931058,/rigid_bodies.rigidbodies[2].pose.position.x,0.8641662108529288
58.793682086,1709142529.476664230,1709142529.476208762,/rigid_bodies.rigidbodies[2].pose.position.x,0.8641509591231623
58.803327073,1709142529.486309217,1709142529.486014498,/rigid_bodies.rigidbodies[2].pose.position.x,0.8641133846743857
58.813368718,1709142529.496350862,1709142529.495993838,/rigid_bodies.rigidbodies[2].pose.position.x,0.8641717159128646
58.823503217,1709142529.506485361,1709142529.506088025,/rigid_bodies.rigidbodies[2].pose.position.x,0.8641494101692168
58.833637991,1709142529.516620135,1709142529.516165356,/rigid_bodies.rigidbodies[2].pose.position.x,0.8641195158618015
58.843499297,1709142529.526481441,1709142529.526063290,/rigid_bodies.rigidbodies[2].pose.position.x,0.8640410938328311
58.853473432,1709142529.536455576,1709142529.536097739,/rigid_bodies.rigidbodies[2].pose.position.x,0.8641371386054171
58.863258865,1709142529.546241009,1709142529.545936777,/rigid_bodies.rigidbodies[2].pose.position.x,0.8641376550332885
58.873581789,1709142529.556563933,1709142529.556189183,/rigid_bodies.rigidbodies[2].pose.position.x,0.8641342988083086
58.884015756,1709142529.566997900,1709142529.566321563,/rigid_bodies.rigidbodies[2].pose.position.x,0.8641668372023293
58.893818133,1709142529.576800277,1709142529.576221133,/rigid_bodies.rigidbodies[2].pose.position.x,0.8641235343738363
58.903446704,1709142529.586428848,1709142529.585951997,/rigid_bodies.rigidbodies[2].pose.position.x,0.8641174396419444
58.913469334,1709142529.596451478,1709142529.596000968,/rigid_bodies.rigidbodies[2].pose.position.x,0.8641503773040824
58.923284116,1709142529.606266260,1709142529.605888781,/rigid_bodies.rigidbodies[2].pose.position.x,0.8641627544460714
58.933646362,1709142529.616628506,1709142529.616215280,/rigid_bodies.rigidbodies[2].pose.position.x,0.8641335012246077
58.94378207,1709142529.626764214,1709142529.626217366,/rigid_bodies.rigidbodies[2].pose.position.x,0.8641288007534199
58.953797749,1709142529.636779893,1709142529.636302420,/rigid_bodies.rigidbodies[2].pose.position.x,0.8642106458392256
58.9635722,1709142529.646554344,1709142529.646088827,/rigid_bodies.rigidbodies[2].pose.position.x,0.8641642727236731
58.974053177,1709142529.657035321,1709142529.656427656,/rigid_bodies.rigidbodies[2].pose.position.x,0.8641205427132445
58.983755692,1709142529.666737836,1709142529.666115481,/rigid_bodies.rigidbodies[2].pose.position.x,0.8641884608917856
58.993588993,1709142529.676571137,1709142529.676016356,/rigid_bodies.rigidbodies[2].pose.position.x,0.8641684868431542
59.003466382,1709142529.686448526,1709142529.685942124,/rigid_bodies.rigidbodies[2].pose.position.x,0.8641108381963528
59.013580653,1709142529.696562797,1709142529.696006593,/rigid_bodies.rigidbodies[2].pose.position.x,0.8641779484662744
59.023385579,1709142529.706367723,1709142529.705884568,/rigid_bodies.rigidbodies[2].pose.position.x,0.8641518281199954
59.033573321,1709142529.716555465,1709142529.715925685,/rigid_bodies.rigidbodies[2].pose.position.x,0.8640979266727458
59.043496992,1709142529.726479136,1709142529.725944440,/rigid_bodies.rigidbodies[2].pose.position.x,0.8640909603275067
59.053792082,1709142529.736774226,1709142529.736346219,/rigid_bodies.rigidbodies[2].pose.position.x,0.8641863591243268
59.063876541,1709142529.746858685,1709142529.746447303,/rigid_bodies.rigidbodies[2].pose.position.x,0.8641630767293672
59.073295848,1709142529.756277992,1709142529.755932463,/rigid_bodies.rigidbodies[2].pose.position.x,0.8641361830688764
59.083231767,1709142529.766213911,1709142529.765849616,/rigid_bodies.rigidbodies[2].pose.position.x,0.8641803153276048
59.093370729,1709142529.776352873,1709142529.775879776,/rigid_bodies.rigidbodies[2].pose.position.x,0.864167843785022
59.103777407,1709142529.786759551,1709142529.786120632,/rigid_bodies.rigidbodies[2].pose.position.x,0.8641173052202669
59.113459514,1709142529.796441658,1709142529.795927871,/rigid_bodies.rigidbodies[2].pose.position.x,0.8641246044111321
59.123219102,1709142529.806201246,1709142529.805816561,/rigid_bodies.rigidbodies[2].pose.position.x,0.8641518039711862
59.133627755,1709142529.816609899,1709142529.816026048,/rigid_bodies.rigidbodies[2].pose.position.x,0.8641428334547119
59.14350666,1709142529.826488804,1709142529.825950875,/rigid_bodies.rigidbodies[2].pose.position.x,0.8641387386508513
59.15330665,1709142529.836288794,1709142529.835820041,/rigid_bodies.rigidbodies[2].pose.position.x,0.8641839264260748
59.163404053,1709142529.846386197,1709142529.845900215,/rigid_bodies.rigidbodies[2].pose.position.x,0.8641356269927202
59.173702212,1709142529.856684356,1709142529.856142391,/rigid_bodies.rigidbodies[2].pose.position.x,0.8640884242269536
59.183412984,1709142529.866395128,1709142529.865920629,/rigid_bodies.rigidbodies[2].pose.position.x,0.8641208287868704
59.193420889,1709142529.876403033,1709142529.875878082,/rigid_bodies.rigidbodies[2].pose.position.x,0.86417991747769
59.203732052,1709142529.886714196,1709142529.886076919,/rigid_bodies.rigidbodies[2].pose.position.x,0.8641268420029112
59.21322632,1709142529.896208464,1709142529.895837736,/rigid_bodies.rigidbodies[2].pose.position.x,0.8641016584830427
59.223432254,1709142529.906414398,1709142529.905961993,/rigid_bodies.rigidbodies[2].pose.position.x,0.8641678799498231
59.233555039,1709142529.916537183,1709142529.915999113,/rigid_bodies.rigidbodies[2].pose.position.x,0.8640933730029617
59.243157559,1709142529.926139703,1709142529.925835227,/rigid_bodies.rigidbodies[2].pose.position.x,0.8641073941768928
59.253266154,1709142529.936248298,1709142529.935937962,/rigid_bodies.rigidbodies[2].pose.position.x,0.8641945434233366
59.263238813,1709142529.946220957,1709142529.945845225,/rigid_bodies.rigidbodies[2].pose.position.x,0.8641734700656208
59.273353274,1709142529.956335418,1709142529.955870407,/rigid_bodies.rigidbodies[2].pose.position.x,0.8640935665037137
59.283172789,1709142529.966154933,1709142529.965824260,/rigid_bodies.rigidbodies[2].pose.position.x,0.8641006180945375
59.292982978,1709142529.975965122,1709142529.975623771,/rigid_bodies.rigidbodies[2].pose.position.x,0.8641965798454895
59.303106248,1709142529.986088392,1709142529.985728291,/rigid_bodies.rigidbodies[2].pose.position.x,0.8641511150122461
59.312947406,1709142529.995929550,1709142529.995611131,/rigid_bodies.rigidbodies[2].pose.position.x,0.8641246966232253
59.323137156,1709142530.006119300,1709142530.005790529,/rigid_bodies.rigidbodies[2].pose.position.x,0.864135905344906
59.333469938,1709142530.016452082,1709142530.016014907,/rigid_bodies.rigidbodies[2].pose.position.x,0.8641099931806517
59.343426889,1709142530.026409033,1709142530.025976036,/rigid_bodies.rigidbodies[2].pose.position.x,0.8641286582318546
59.353377646,1709142530.036359790,1709142530.035965016,/rigid_bodies.rigidbodies[2].pose.position.x,0.8642107271354228
59.363251381,1709142530.046233525,1709142530.045909396,/rigid_bodies.rigidbodies[2].pose.position.x,0.8641879130579885
59.373218285,1709142530.056200429,1709142530.055990674,/rigid_bodies.rigidbodies[2].pose.position.x,0.8640894372432566
59.383321909,1709142530.066304053,1709142530.065991268,/rigid_bodies.rigidbodies[2].pose.position.x,0.8640491851250913
59.393167556,1709142530.076149700,1709142530.075805074,/rigid_bodies.rigidbodies[2].pose.position.x,0.8641970409503386
59.403109406,1709142530.086091550,1709142530.085864442,/rigid_bodies.rigidbodies[2].pose.position.x,0.8641910800011885
59.413206806,1709142530.096188950,1709142530.095880168,/rigid_bodies.rigidbodies[2].pose.position.x,0.8641412532106281
59.423156746,1709142530.106138890,1709142530.105810030,/rigid_bodies.rigidbodies[2].pose.position.x,0.8641548585451828
59.433193215,1709142530.116175359,1709142530.115840819,/rigid_bodies.rigidbodies[2].pose.position.x,0.8641159006669775
59.443374897,1709142530.126357041,1709142530.125880499,/rigid_bodies.rigidbodies[2].pose.position.x,0.8640843732209176
59.453004649,1709142530.135986793,1709142530.135759973,/rigid_bodies.rigidbodies[2].pose.position.x,0.8641782540535193
59.463348545,1709142530.146330689,1709142530.145964667,/rigid_bodies.rigidbodies[2].pose.position.x,0.8642075812856622
59.473888978,1709142530.156871122,1709142530.156269278,/rigid_bodies.rigidbodies[2].pose.position.x,0.864143879955242
59.483833063,1709142530.166815207,1709142530.166177094,/rigid_bodies.rigidbodies[2].pose.position.x,0.8640792759412096
59.493545379,1709142530.176527523,1709142530.176016593,/rigid_bodies.rigidbodies[2].pose.position.x,0.8641362992964693
59.503844265,1709142530.186826409,1709142530.186214909,/rigid_bodies.rigidbodies[2].pose.position.x,0.8641806096361773
59.513208949,1709142530.196191093,1709142530.195770486,/rigid_bodies.rigidbodies[2].pose.position.x,0.8641107166252141
59.523552677,1709142530.206534821,1709142530.205946443,/rigid_bodies.rigidbodies[2].pose.position.x,0.8641613278165238
59.533395387,1709142530.216377531,1709142530.215857962,/rigid_bodies.rigidbodies[2].pose.position.x,0.8641582598579607
59.543453232,1709142530.226435376,1709142530.225921675,/rigid_bodies.rigidbodies[2].pose.position.x,0.86413592058545
59.553331862,1709142530.236314006,1709142530.235901897,/rigid_bodies.rigidbodies[2].pose.position.x,0.8641755823355409
59.563555812,1709142530.246537956,1709142530.246096651,/rigid_bodies.rigidbodies[2].pose.position.x,0.8641704765342141
59.573422142,1709142530.256404286,1709142530.256002113,/rigid_bodies.rigidbodies[2].pose.position.x,0.8641291346286901
59.583362203,1709142530.266344347,1709142530.265939657,/rigid_bodies.rigidbodies[2].pose.position.x,0.8640817784058565
59.593798589,1709142530.276780733,1709142530.276245007,/rigid_bodies.rigidbodies[2].pose.position.x,0.8641524498942644
59.603295857,1709142530.286278001,1709142530.285948561,/rigid_bodies.rigidbodies[2].pose.position.x,0.8642247645516319
59.613133558,1709142530.296115702,1709142530.295758836,/rigid_bodies.rigidbodies[2].pose.position.x,0.8641691495184668
59.623738533,1709142530.306720677,1709142530.305976029,/rigid_bodies.rigidbodies[2].pose.position.x,0.8640889376387956
59.633473688,1709142530.316455832,1709142530.315966982,/rigid_bodies.rigidbodies[2].pose.position.x,0.8641437335408989
59.643322364,1709142530.326304508,1709142530.325884672,/rigid_bodies.rigidbodies[2].pose.position.x,0.8641736626310591
59.657610536,1709142530.340592680,1709142530.340231440,/rigid_bodies.rigidbodies[2].pose.position.x,0.8641987825090971
59.668225301,1709142530.351207445,1709142530.350629701,/rigid_bodies.rigidbodies[2].pose.position.x,0.8641429347697224
59.677694103,1709142530.360676247,1709142530.360327472,/rigid_bodies.rigidbodies[2].pose.position.x,0.8641091143057082
59.68838553,1709142530.371367674,1709142530.370906703,/rigid_bodies.rigidbodies[2].pose.position.x,0.8641691637192667
59.698961635,1709142530.381943779,1709142530.381431016,/rigid_bodies.rigidbodies[2].pose.position.x,0.8642111319339598
59.707928082,1709142530.390910226,1709142530.390514226,/rigid_bodies.rigidbodies[2].pose.position.x,0.8641578222095696
59.718199001,1709142530.401181145,1709142530.400765396,/rigid_bodies.rigidbodies[2].pose.position.x,0.8641107276003908
59.727931707,1709142530.410913851,1709142530.410409727,/rigid_bodies.rigidbodies[2].pose.position.x,0.8641581777424006
59.737933688,1709142530.420915832,1709142530.420442796,/rigid_bodies.rigidbodies[2].pose.position.x,0.864182870680651
59.748465387,1709142530.431447531,1709142530.430782909,/rigid_bodies.rigidbodies[2].pose.position.x,0.8641791608968971
59.758292201,1709142530.441274345,1709142530.440871056,/rigid_bodies.rigidbodies[2].pose.position.x,0.8641883582921206
59.768060008,1709142530.451042152,1709142530.450684868,/rigid_bodies.rigidbodies[2].pose.position.x,0.8641239553421265
59.778197219,1709142530.461179363,1709142530.460809151,/rigid_bodies.rigidbodies[2].pose.position.x,0.8640439448408498
59.787918006,1709142530.470900150,1709142530.470401251,/rigid_bodies.rigidbodies[2].pose.position.x,0.8641068174440106
59.798016295,1709142530.480998439,1709142530.480605145,/rigid_bodies.rigidbodies[2].pose.position.x,0.8642111444354024
59.808035432,1709142530.491017576,1709142530.490625785,/rigid_bodies.rigidbodies[2].pose.position.x,0.8641740018573298
59.818127284,1709142530.501109428,1709142530.500633587,/rigid_bodies.rigidbodies[2].pose.position.x,0.8640951485487711
59.827688443,1709142530.510670587,1709142530.510140805,/rigid_bodies.rigidbodies[2].pose.position.x,0.8641393593853525
59.838302977,1709142530.521285121,1709142530.520816614,/rigid_bodies.rigidbodies[2].pose.position.x,0.8641045401490794
59.848324387,1709142530.531306531,1709142530.530769878,/rigid_bodies.rigidbodies[2].pose.position.x,0.8641421582147054
59.858039524,1709142530.541021668,1709142530.540699492,/rigid_bodies.rigidbodies[2].pose.position.x,0.8642107617210024
59.868441593,1709142530.551423737,1709142530.551026956,/rigid_bodies.rigidbodies[2].pose.position.x,0.8641705047034716
59.877772527,1709142530.560754671,1709142530.560446995,/rigid_bodies.rigidbodies[2].pose.position.x,0.8641003603778795
59.887695664,1709142530.570677808,1709142530.570481401,/rigid_bodies.rigidbodies[2].pose.position.x,0.8641162953113186
59.897852005,1709142530.580834149,1709142530.580592247,/rigid_bodies.rigidbodies[2].pose.position.x,0.8641705197648905
59.907742017,1709142530.590724161,1709142530.590564064,/rigid_bodies.rigidbodies[2].pose.position.x,0.8641382479736514
59.9175393,1709142530.600521444,1709142530.600103310,/rigid_bodies.rigidbodies[2].pose.position.x,0.8641332419743031
59.927761227,1709142530.610743371,1709142530.610410492,/rigid_bodies.rigidbodies[2].pose.position.x,0.8641710361080729
59.938186035,1709142530.621168179,1709142530.620738608,/rigid_bodies.rigidbodies[2].pose.position.x,0.8641286221539503
59.948211944,1709142530.631194088,1709142530.630782113,/rigid_bodies.rigidbodies[2].pose.position.x,0.8640935323840042
59.957191463,1709142530.640173607,1709142530.639832853,/rigid_bodies.rigidbodies[2].pose.position.x,0.8641692679254408
59.96827682,1709142530.651258964,1709142530.650854751,/rigid_bodies.rigidbodies[2].pose.position.x,0.8641797583289875
59.977207131,1709142530.660189275,1709142530.659781629,/rigid_bodies.rigidbodies[2].pose.position.x,0.8641374610747862
59.987916552,1709142530.670898696,1709142530.670450784,/rigid_bodies.rigidbodies[2].pose.position.x,0.8641225554527079
59.998202854,1709142530.681184998,1709142530.680670384,/rigid_bodies.rigidbodies[2].pose.position.x,0.8641976641963385
60.008015953,1709142530.690998097,1709142530.690517755,/rigid_bodies.rigidbodies[2].pose.position.x,0.8641482884080595
60.017935929,1709142530.700918073,1709142530.700549113,/rigid_bodies.rigidbodies[2].pose.position.x,0.864071496546819
60.02847574,1709142530.711457884,1709142530.710890716,/rigid_bodies.rigidbodies[2].pose.position.x,0.8641728586349346
60.038146762,1709142530.721128906,1709142530.720615345,/rigid_bodies.rigidbodies[2].pose.position.x,0.8642077793600591
60.048170851,1709142530.731152995,1709142530.730767550,/rigid_bodies.rigidbodies[2].pose.position.x,0.8641291402904018
60.058099166,1709142530.741081310,1709142530.740723873,/rigid_bodies.rigidbodies[2].pose.position.x,0.8641542876205702
60.067861513,1709142530.750843657,1709142530.750270647,/rigid_bodies.rigidbodies[2].pose.position.x,0.864160017791391
60.077450316,1709142530.760432460,1709142530.760040594,/rigid_bodies.rigidbodies[2].pose.position.x,0.8641429420134241
60.08673797,1709142530.769720114,1709142530.769391556,/rigid_bodies.rigidbodies[2].pose.position.x,0.8641589654353278
60.098239368,1709142530.781221512,1709142530.780792797,/rigid_bodies.rigidbodies[2].pose.position.x,0.8641975660115176
60.107488386,1709142530.790470530,1709142530.790135040,/rigid_bodies.rigidbodies[2].pose.position.x,0.8641439207105189
60.118343297,1709142530.801325441,1709142530.800957296,/rigid_bodies.rigidbodies[2].pose.position.x,0.864111184933437
60.128055107,1709142530.811037251,1709142530.810114003,/rigid_bodies.rigidbodies[2].pose.position.x,0.8641940387618212
60.137871673,1709142530.820853817,1709142530.820552323,/rigid_bodies.rigidbodies[2].pose.position.x,0.8641962260172474
60.147555657,1709142530.830537801,1709142530.830104304,/rigid_bodies.rigidbodies[2].pose.position.x,0.8641323386410508
60.157945874,1709142530.840928018,1709142530.840587606,/rigid_bodies.rigidbodies[2].pose.position.x,0.8641272022725935
60.167957561,1709142530.850939705,1709142530.850543989,/rigid_bodies.rigidbodies[2].pose.position.x,0.8641554923103308
60.177895266,1709142530.860877410,1709142530.860421317,/rigid_bodies.rigidbodies[2].pose.position.x,0.8641318925717651
60.188453727,1709142530.871435871,1709142530.870735166,/rigid_bodies.rigidbodies[2].pose.position.x,0.864155823116406
60.198107636,1709142530.881089780,1709142530.880711710,/rigid_bodies.rigidbodies[2].pose.position.x,0.8642098066707401
60.20812993,1709142530.891112074,1709142530.890548838,/rigid_bodies.rigidbodies[2].pose.position.x,0.8641689695665287
60.218214776,1709142530.901196920,1709142530.900651344,/rigid_bodies.rigidbodies[2].pose.position.x,0.8640579441616781
60.22760104,1709142530.910583184,1709142530.910232060,/rigid_bodies.rigidbodies[2].pose.position.x,0.8641190877866789
60.238331806,1709142530.921313950,1709142530.920762579,/rigid_bodies.rigidbodies[2].pose.position.x,0.8641661057349225
60.247944835,1709142530.930926979,1709142530.930582353,/rigid_bodies.rigidbodies[2].pose.position.x,0.8641427653712693
60.258089408000004,1709142530.941071552,1709142530.940738594,/rigid_bodies.rigidbodies[2].pose.position.x,0.8641150324051698
60.268223088,1709142530.951205232,1709142530.950730880,/rigid_bodies.rigidbodies[2].pose.position.x,0.8641502672281333
60.278440562,1709142530.961422706,1709142530.960949617,/rigid_bodies.rigidbodies[2].pose.position.x,0.8641308783134817
60.287457159,1709142530.970439303,1709142530.969939532,/rigid_bodies.rigidbodies[2].pose.position.x,0.8641056608562329
60.298746759,1709142530.981728903,1709142530.981289049,/rigid_bodies.rigidbodies[2].pose.position.x,0.8641617749642037
60.308066026,1709142530.991048170,1709142530.990519543,/rigid_bodies.rigidbodies[2].pose.position.x,0.8641744161718208
60.318356043,1709142531.001338187,1709142531.000887768,/rigid_bodies.rigidbodies[2].pose.position.x,0.8641068189441548
60.328348193,1709142531.011330337,1709142531.010718693,/rigid_bodies.rigidbodies[2].pose.position.x,0.8641656577126945
60.338814713,1709142531.021796857,1709142531.021313338,/rigid_bodies.rigidbodies[2].pose.position.x,0.8641627476428241
60.348129384,1709142531.031111528,1709142531.030729176,/rigid_bodies.rigidbodies[2].pose.position.x,0.8640962414799574
60.358856038,1709142531.041838182,1709142531.041457314,/rigid_bodies.rigidbodies[2].pose.position.x,0.8641415445522646
60.36850147,1709142531.051483614,1709142531.050951678,/rigid_bodies.rigidbodies[2].pose.position.x,0.8641857849142286
60.378626339,1709142531.061608483,1709142531.060942402,/rigid_bodies.rigidbodies[2].pose.position.x,0.8641451373740243
60.388141547000004,1709142531.071123691,1709142531.070319418,/rigid_bodies.rigidbodies[2].pose.position.x,0.8640935157277557
60.398541156,1709142531.081523300,1709142531.080854659,/rigid_bodies.rigidbodies[2].pose.position.x,0.8641378483299781
60.408312888,1709142531.091295032,1709142531.090845799,/rigid_bodies.rigidbodies[2].pose.position.x,0.8641557063022902
60.418532001,1709142531.101514145,1709142531.100947714,/rigid_bodies.rigidbodies[2].pose.position.x,0.8640627464469572
60.427591329,1709142531.110573473,1709142531.109941843,/rigid_bodies.rigidbodies[2].pose.position.x,0.8641427739442005
60.438222425,1709142531.121204569,1709142531.120781007,/rigid_bodies.rigidbodies[2].pose.position.x,0.864199981570224
60.448605261,1709142531.131587405,1709142531.131115543,/rigid_bodies.rigidbodies[2].pose.position.x,0.8641545483741353
60.457904784,1709142531.140886928,1709142531.140446890,/rigid_bodies.rigidbodies[2].pose.position.x,0.864142975183573
60.468742624,1709142531.151724768,1709142531.151180543,/rigid_bodies.rigidbodies[2].pose.position.x,0.8641971680231504
60.476677033,1709142531.159659177,1709142531.159232189,/rigid_bodies.rigidbodies[2].pose.position.x,0.8641990761053678
60.488046504,1709142531.171028648,1709142531.170488589,/rigid_bodies.rigidbodies[2].pose.position.x,0.8641372702634325
60.498577131,1709142531.181559275,1709142531.180881665,/rigid_bodies.rigidbodies[2].pose.position.x,0.8641359918869502
60.507525249,1709142531.190507393,1709142531.190051469,/rigid_bodies.rigidbodies[2].pose.position.x,0.8641426516562314
60.518555203,1709142531.201537347,1709142531.200866610,/rigid_bodies.rigidbodies[2].pose.position.x,0.8640808891167256
60.5278782,1709142531.210860344,1709142531.210382341,/rigid_bodies.rigidbodies[2].pose.position.x,0.8641468242196715
60.53785892,1709142531.220841064,1709142531.220445943,/rigid_bodies.rigidbodies[2].pose.position.x,0.8642214298285137
60.548700102,1709142531.231682246,1709142531.231008933,/rigid_bodies.rigidbodies[2].pose.position.x,0.8641315825616068
60.558009,1709142531.240991144,1709142531.240626277,/rigid_bodies.rigidbodies[2].pose.position.x,0.8640968447818265
60.568136462,1709142531.251118606,1709142531.250730006,/rigid_bodies.rigidbodies[2].pose.position.x,0.8641553466511763
60.577766597,1709142531.260748741,1709142531.260404340,/rigid_bodies.rigidbodies[2].pose.position.x,0.8641496089400348
60.588528424,1709142531.271510568,1709142531.270971673,/rigid_bodies.rigidbodies[2].pose.position.x,0.864119943356817
60.59805626,1709142531.281038404,1709142531.280695573,/rigid_bodies.rigidbodies[2].pose.position.x,0.864161237447196
60.607537658,1709142531.290519802,1709142531.290094466,/rigid_bodies.rigidbodies[2].pose.position.x,0.8641466334798922
60.61791143,1709142531.300893574,1709142531.300577252,/rigid_bodies.rigidbodies[2].pose.position.x,0.8640883491585329
60.627811685,1709142531.310793829,1709142531.310416627,/rigid_bodies.rigidbodies[2].pose.position.x,0.8640944429572276
60.638243675,1709142531.321225819,1709142531.320829644,/rigid_bodies.rigidbodies[2].pose.position.x,0.8642051967713107
60.647977578,1709142531.330959722,1709142531.330588260,/rigid_bodies.rigidbodies[2].pose.position.x,0.864147034325959
60.657924763,1709142531.340906907,1709142531.340388426,/rigid_bodies.rigidbodies[2].pose.position.x,0.8640558568959672
60.668295058,1709142531.351277202,1709142531.350681818,/rigid_bodies.rigidbodies[2].pose.position.x,0.864102564528845
60.677592255,1709142531.360574399,1709142531.360160317,/rigid_bodies.rigidbodies[2].pose.position.x,0.8641695568093968
60.687531846,1709142531.370513990,1709142531.370220383,/rigid_bodies.rigidbodies[2].pose.position.x,0.8641415096295627
60.698306373,1709142531.381288517,1709142531.380832984,/rigid_bodies.rigidbodies[2].pose.position.x,0.8641688815182965
60.708263822,1709142531.391245966,1709142531.390770716,/rigid_bodies.rigidbodies[2].pose.position.x,0.8641782588285829
60.718424998,1709142531.401407142,1709142531.400953720,/rigid_bodies.rigidbodies[2].pose.position.x,0.8641351346220868
60.727767554,1709142531.410749698,1709142531.410291557,/rigid_bodies.rigidbodies[2].pose.position.x,0.8641639241790846
60.738448142,1709142531.421430286,1709142531.420939064,/rigid_bodies.rigidbodies[2].pose.position.x,0.864179909004829
60.74809389,1709142531.431076034,1709142531.430752156,/rigid_bodies.rigidbodies[2].pose.position.x,0.8641642421771146
60.757569132,1709142531.440551276,1709142531.440245199,/rigid_bodies.rigidbodies[2].pose.position.x,0.8640748422476523
60.767708283,1709142531.450690427,1709142531.450468363,/rigid_bodies.rigidbodies[2].pose.position.x,0.8641324477397322
60.777492936,1709142531.460475080,1709142531.460268585,/rigid_bodies.rigidbodies[2].pose.position.x,0.864169991572237
60.78790273,1709142531.470884874,1709142531.470600187,/rigid_bodies.rigidbodies[2].pose.position.x,0.8641454498869038
60.797545757,1709142531.480527901,1709142531.480361667,/rigid_bodies.rigidbodies[2].pose.position.x,0.8641742923247299
60.807604615,1709142531.490586759,1709142531.490377793,/rigid_bodies.rigidbodies[2].pose.position.x,0.8641828209702563
60.817662948,1709142531.500645092,1709142531.500421059,/rigid_bodies.rigidbodies[2].pose.position.x,0.8641292968262279
60.827071611,1709142531.510053755,1709142531.509840327,/rigid_bodies.rigidbodies[2].pose.position.x,0.864099717075378
60.837577439,1709142531.520559583,1709142531.520381942,/rigid_bodies.rigidbodies[2].pose.position.x,0.8641448630973877
60.847343892,1709142531.530326036,1709142531.530231892,/rigid_bodies.rigidbodies[2].pose.position.x,0.8641391644438403
60.8581571,1709142531.541139244,1709142531.540963270,/rigid_bodies.rigidbodies[2].pose.position.x,0.8641001669138528
60.867815033,1709142531.550797177,1709142531.550520751,/rigid_bodies.rigidbodies[2].pose.position.x,0.8641347829694914
60.878049335,1709142531.561031479,1709142531.560681974,/rigid_bodies.rigidbodies[2].pose.position.x,0.8641634911329198
60.887572341,1709142531.570554485,1709142531.570130041,/rigid_bodies.rigidbodies[2].pose.position.x,0.8641093275160742
60.898409047,1709142531.581391191,1709142531.581002456,/rigid_bodies.rigidbodies[2].pose.position.x,0.8641275955562686
60.908377545,1709142531.591359689,1709142531.590898784,/rigid_bodies.rigidbodies[2].pose.position.x,0.8641300064441505
60.918183888,1709142531.601166032,1709142531.600727767,/rigid_bodies.rigidbodies[2].pose.position.x,0.8641220797348216
60.927878235,1709142531.610860379,1709142531.610261135,/rigid_bodies.rigidbodies[2].pose.position.x,0.864118453944891
60.937963602,1709142531.620945746,1709142531.620613635,/rigid_bodies.rigidbodies[2].pose.position.x,0.8641506570489506
60.948159097,1709142531.631141241,1709142531.630671761,/rigid_bodies.rigidbodies[2].pose.position.x,0.8641420983525135
60.957762344,1709142531.640744488,1709142531.640371079,/rigid_bodies.rigidbodies[2].pose.position.x,0.8641043420611026
60.967739519,1709142531.650721663,1709142531.650326644,/rigid_bodies.rigidbodies[2].pose.position.x,0.864152400106599
60.977144167,1709142531.660126311,1709142531.659799292,/rigid_bodies.rigidbodies[2].pose.position.x,0.8641979876071447
60.987810832,1709142531.670792976,1709142531.670478315,/rigid_bodies.rigidbodies[2].pose.position.x,0.8641408633416223
60.998244582,1709142531.681226726,1709142531.680893807,/rigid_bodies.rigidbodies[2].pose.position.x,0.8641413342989807
61.00832863,1709142531.691310774,1709142531.690822133,/rigid_bodies.rigidbodies[2].pose.position.x,0.8641455955342795
61.018298339,1709142531.701280483,1709142531.700766910,/rigid_bodies.rigidbodies[2].pose.position.x,0.8641254786474186
61.027754561,1709142531.710736705,1709142531.710423600,/rigid_bodies.rigidbodies[2].pose.position.x,0.8641442449295704
61.038213068,1709142531.721195212,1709142531.720689746,/rigid_bodies.rigidbodies[2].pose.position.x,0.864154193746963
61.048201458,1709142531.731183602,1709142531.730810217,/rigid_bodies.rigidbodies[2].pose.position.x,0.8641818551062376
61.057925076,1709142531.740907220,1709142531.740551472,/rigid_bodies.rigidbodies[2].pose.position.x,0.8641081013481436
61.068313874,1709142531.751296018,1709142531.750765810,/rigid_bodies.rigidbodies[2].pose.position.x,0.8641417063002574
61.077696504,1709142531.760678648,1709142531.760301184,/rigid_bodies.rigidbodies[2].pose.position.x,0.8641974609109951
61.088397805,1709142531.771379949,1709142531.771004575,/rigid_bodies.rigidbodies[2].pose.position.x,0.8641537729885913
61.098397517,1709142531.781379661,1709142531.780860223,/rigid_bodies.rigidbodies[2].pose.position.x,0.8641079931426042
61.107953086,1709142531.790935230,1709142531.790492349,/rigid_bodies.rigidbodies[2].pose.position.x,0.8640914138146961
61.117903698,1709142531.800885842,1709142531.800480721,/rigid_bodies.rigidbodies[2].pose.position.x,0.8641205405929985
61.128150493,1709142531.811132637,1709142531.810290715,/rigid_bodies.rigidbodies[2].pose.position.x,0.8641390552613393
61.138972228,1709142531.821954372,1709142531.821174395,/rigid_bodies.rigidbodies[2].pose.position.x,0.8641875644967146
61.148551174,1709142531.831533318,1709142531.830922142,/rigid_bodies.rigidbodies[2].pose.position.x,0.8641763000712032
61.158451236,1709142531.841433380,1709142531.840919942,/rigid_bodies.rigidbodies[2].pose.position.x,0.8641322562551397
61.168067851,1709142531.851049995,1709142531.850622801,/rigid_bodies.rigidbodies[2].pose.position.x,0.864152368474606
61.177891008,1709142531.860873152,1709142531.860410338,/rigid_bodies.rigidbodies[2].pose.position.x,0.8641526475125018
61.188217215,1709142531.871199359,1709142531.870777265,/rigid_bodies.rigidbodies[2].pose.position.x,0.8641355927479897
61.19841437,1709142531.881396514,1709142531.880851606,/rigid_bodies.rigidbodies[2].pose.position.x,0.8640825325562445
61.208091581,1709142531.891073725,1709142531.890654733,/rigid_bodies.rigidbodies[2].pose.position.x,0.8641030772446395
61.217896589,1709142531.900878733,1709142531.900243597,/rigid_bodies.rigidbodies[2].pose.position.x,0.8641556670610807
61.228815079,1709142531.911797223,1709142531.911089070,/rigid_bodies.rigidbodies[2].pose.position.x,0.8641101495132278
61.238129112,1709142531.921111256,1709142531.920608146,/rigid_bodies.rigidbodies[2].pose.position.x,0.8641723565927992
61.248594934,1709142531.931577078,1709142531.931051208,/rigid_bodies.rigidbodies[2].pose.position.x,0.864135437245838
61.257466561,1709142531.940448705,1709142531.939967668,/rigid_bodies.rigidbodies[2].pose.position.x,0.8640987467569989
61.268335916,1709142531.951318060,1709142531.950843976,/rigid_bodies.rigidbodies[2].pose.position.x,0.864139733495545
61.278017686,1709142531.960999830,1709142531.960594711,/rigid_bodies.rigidbodies[2].pose.position.x,0.8642201341810033
61.287977105,1709142531.970959249,1709142531.970439851,/rigid_bodies.rigidbodies[2].pose.position.x,0.8642017834279242
61.298281604,1709142531.981263748,1709142531.980885572,/rigid_bodies.rigidbodies[2].pose.position.x,0.8640944419397931
61.307731575,1709142531.990713719,1709142531.990451726,/rigid_bodies.rigidbodies[2].pose.position.x,0.8640680766933917
61.31723935,1709142532.000221494,1709142531.999987708,/rigid_bodies.rigidbodies[2].pose.position.x,0.8641364477756375
61.328062443,1709142532.011044587,1709142532.010634498,/rigid_bodies.rigidbodies[2].pose.position.x,0.8641971434827006
61.338001076,1709142532.020983220,1709142532.020582710,/rigid_bodies.rigidbodies[2].pose.position.x,0.8642015005241888
61.34870246,1709142532.031684604,1709142532.031207891,/rigid_bodies.rigidbodies[2].pose.position.x,0.8641510123038243
61.35785024,1709142532.040832384,1709142532.040482413,/rigid_bodies.rigidbodies[2].pose.position.x,0.8640420494744117
61.367854513,1709142532.050836657,1709142532.050466198,/rigid_bodies.rigidbodies[2].pose.position.x,0.8640612190869772
61.377676769,1709142532.060658913,1709142532.060451557,/rigid_bodies.rigidbodies[2].pose.position.x,0.8641733700177116
61.388034995,1709142532.071017139,1709142532.070688120,/rigid_bodies.rigidbodies[2].pose.position.x,0.8642136240159877
61.397922976,1709142532.080905120,1709142532.080565974,/rigid_bodies.rigidbodies[2].pose.position.x,0.8641477289081533
61.407341895,1709142532.090324039,1709142532.090116721,/rigid_bodies.rigidbodies[2].pose.position.x,0.8640936493597386
61.41326318,1709142532.096245324,1709142532.095900663,/rigid_bodies.rigidbodies[2].pose.position.x,0.864115022338507
61.428038507,1709142532.111020651,1709142532.110691483,/rigid_bodies.rigidbodies[2].pose.position.x,0.8641242278499094
61.438464036,1709142532.121446180,1709142532.120900184,/rigid_bodies.rigidbodies[2].pose.position.x,0.8641623290550428
61.447951995,1709142532.130934139,1709142532.130293702,/rigid_bodies.rigidbodies[2].pose.position.x,0.8641877199992989
61.457802532,1709142532.140784676,1709142532.140309359,/rigid_bodies.rigidbodies[2].pose.position.x,0.8641022177315721
61.468401894,1709142532.151384038,1709142532.150862866,/rigid_bodies.rigidbodies[2].pose.position.x,0.8641126028563978
61.47806781,1709142532.161049954,1709142532.160412291,/rigid_bodies.rigidbodies[2].pose.position.x,0.8641710457958931
61.488000017,1709142532.170982161,1709142532.170536741,/rigid_bodies.rigidbodies[2].pose.position.x,0.8641794748643518
61.498193027,1709142532.181175171,1709142532.180549650,/rigid_bodies.rigidbodies[2].pose.position.x,0.8641279398723417
61.508116951,1709142532.191099095,1709142532.190549293,/rigid_bodies.rigidbodies[2].pose.position.x,0.8641067206442351
61.518347062,1709142532.201329206,1709142532.200785758,/rigid_bodies.rigidbodies[2].pose.position.x,0.8641299436068793
61.527772039,1709142532.210754183,1709142532.210102213,/rigid_bodies.rigidbodies[2].pose.position.x,0.8641358013926489
61.538194007,1709142532.221176151,1709142532.220582833,/rigid_bodies.rigidbodies[2].pose.position.x,0.8641416561178126
61.547821414,1709142532.230803558,1709142532.230502346,/rigid_bodies.rigidbodies[2].pose.position.x,0.8641578942470375
61.557877128,1709142532.240859272,1709142532.240388270,/rigid_bodies.rigidbodies[2].pose.position.x,0.8641112276016268
61.567845367,1709142532.250827511,1709142532.250336558,/rigid_bodies.rigidbodies[2].pose.position.x,0.8641102308214059
61.577976149,1709142532.260958293,1709142532.260464729,/rigid_bodies.rigidbodies[2].pose.position.x,0.8641759372734792
61.587750214,1709142532.270732358,1709142532.270273592,/rigid_bodies.rigidbodies[2].pose.position.x,0.8641915214475634
61.598117729,1709142532.281099873,1709142532.280733588,/rigid_bodies.rigidbodies[2].pose.position.x,0.864140299159174
61.607632692,1709142532.290614836,1709142532.290400034,/rigid_bodies.rigidbodies[2].pose.position.x,0.8641145643901214
61.618046308,1709142532.301028452,1709142532.300425011,/rigid_bodies.rigidbodies[2].pose.position.x,0.8641294150621716
61.628471628,1709142532.311453772,1709142532.310773659,/rigid_bodies.rigidbodies[2].pose.position.x,0.8641164584341889
61.637428632,1709142532.320410776,1709142532.319993110,/rigid_bodies.rigidbodies[2].pose.position.x,0.8641258950428271
61.648813839,1709142532.331795983,1709142532.331280465,/rigid_bodies.rigidbodies[2].pose.position.x,0.8641441221424445
61.657541915,1709142532.340524059,1709142532.340106656,/rigid_bodies.rigidbodies[2].pose.position.x,0.8641028882676233
61.668151714,1709142532.351133858,1709142532.350702391,/rigid_bodies.rigidbodies[2].pose.position.x,0.8640784510969817
61.677929089,1709142532.360911233,1709142532.360534602,/rigid_bodies.rigidbodies[2].pose.position.x,0.8641480641501387
61.68814575,1709142532.371127894,1709142532.370694682,/rigid_bodies.rigidbodies[2].pose.position.x,0.864205978788733
61.697858421,1709142532.380840565,1709142532.380558269,/rigid_bodies.rigidbodies[2].pose.position.x,0.8640878197885494
61.708035382,1709142532.391017526,1709142532.390599802,/rigid_bodies.rigidbodies[2].pose.position.x,0.864073895960684
61.718124861,1709142532.401107005,1709142532.400635827,/rigid_bodies.rigidbodies[2].pose.position.x,0.8641397282907156
61.727590139,1709142532.410572283,1709142532.410252063,/rigid_bodies.rigidbodies[2].pose.position.x,0.8641935802987771
61.738280851,1709142532.421262995,1709142532.420793131,/rigid_bodies.rigidbodies[2].pose.position.x,0.8641779638332299
61.74842588,1709142532.431408024,1709142532.430908817,/rigid_bodies.rigidbodies[2].pose.position.x,0.8641819208571025
61.758033832,1709142532.441015976,1709142532.440646016,/rigid_bodies.rigidbodies[2].pose.position.x,0.8641629182161187
61.767861396,1709142532.450843540,1709142532.450449519,/rigid_bodies.rigidbodies[2].pose.position.x,0.8640805984232719
61.777747557,1709142532.460729701,1709142532.460350249,/rigid_bodies.rigidbodies[2].pose.position.x,0.8641601295756135
61.787931451,1709142532.470913595,1709142532.470618066,/rigid_bodies.rigidbodies[2].pose.position.x,0.8642419123983089
61.798638732,1709142532.481620876,1709142532.481209257,/rigid_bodies.rigidbodies[2].pose.position.x,0.8641446095447214
61.807963694,1709142532.490945838,1709142532.490575847,/rigid_bodies.rigidbodies[2].pose.position.x,0.8640970978913621
61.817936448,1709142532.500918592,1709142532.500573187,/rigid_bodies.rigidbodies[2].pose.position.x,0.8641206040277418
61.82929844,1709142532.512280584,1709142532.511532617,/rigid_bodies.rigidbodies[2].pose.position.x,0.8641130160244408
61.838603634,1709142532.521585778,1709142532.520791763,/rigid_bodies.rigidbodies[2].pose.position.x,0.8641227373958723
61.848415814,1709142532.531397958,1709142532.530829599,/rigid_bodies.rigidbodies[2].pose.position.x,0.8642091060924243
61.857883315,1709142532.540865459,1709142532.540312440,/rigid_bodies.rigidbodies[2].pose.position.x,0.8641615919188751
61.868067348,1709142532.551049492,1709142532.550434106,/rigid_bodies.rigidbodies[2].pose.position.x,0.8640706665635821
61.873382191,1709142532.556364335,1709142532.555794837,/rigid_bodies.rigidbodies[2].pose.position.x,0.8641315080548959
61.888891403,1709142532.571873547,1709142532.571062559,/rigid_bodies.rigidbodies[2].pose.position.x,0.8642221908510223
61.898564697,1709142532.581546841,1709142532.581019514,/rigid_bodies.rigidbodies[2].pose.position.x,0.8641524336745546
61.908256184,1709142532.591238328,1709142532.590683333,/rigid_bodies.rigidbodies[2].pose.position.x,0.8641025922299017
61.917905243,1709142532.600887387,1709142532.600508489,/rigid_bodies.rigidbodies[2].pose.position.x,0.8641184844858886
61.927409581,1709142532.610391725,1709142532.610187687,/rigid_bodies.rigidbodies[2].pose.position.x,0.8641226897760873
61.937349716,1709142532.620331860,1709142532.620047607,/rigid_bodies.rigidbodies[2].pose.position.x,0.8640870767456479
61.948341229,1709142532.631323373,1709142532.630825124,/rigid_bodies.rigidbodies[2].pose.position.x,0.8641218260075961
61.958206347,1709142532.641188491,1709142532.640899457,/rigid_bodies.rigidbodies[2].pose.position.x,0.8641583799153372
61.967993576,1709142532.650975720,1709142532.650503837,/rigid_bodies.rigidbodies[2].pose.position.x,0.8640901964019012
61.978177298,1709142532.661159442,1709142532.660469816,/rigid_bodies.rigidbodies[2].pose.position.x,0.8640765357011662
61.988584934,1709142532.671567078,1709142532.670954608,/rigid_bodies.rigidbodies[2].pose.position.x,0.8641518713055396
61.998288835,1709142532.681270979,1709142532.680684596,/rigid_bodies.rigidbodies[2].pose.position.x,0.8641623761052654
62.008515737,1709142532.691497881,1709142532.690940235,/rigid_bodies.rigidbodies[2].pose.position.x,0.8641157469130285
62.01807481,1709142532.701056954,1709142532.700603890,/rigid_bodies.rigidbodies[2].pose.position.x,0.8641319857493226
62.027809569,1709142532.710791713,1709142532.710311562,/rigid_bodies.rigidbodies[2].pose.position.x,0.8641613093361702
62.03759828,1709142532.720580424,1709142532.720094375,/rigid_bodies.rigidbodies[2].pose.position.x,0.864124926485019
62.048759662,1709142532.731741806,1709142532.731045218,/rigid_bodies.rigidbodies[2].pose.position.x,0.8641109692325772
62.057964294,1709142532.740946438,1709142532.740564558,/rigid_bodies.rigidbodies[2].pose.position.x,0.8641629422338181
62.068341572,1709142532.751323716,1709142532.750833771,/rigid_bodies.rigidbodies[2].pose.position.x,0.8641577142717474
62.077890933,1709142532.760873077,1709142532.760461119,/rigid_bodies.rigidbodies[2].pose.position.x,0.8641257031460704
62.088539226,1709142532.771521370,1709142532.770978095,/rigid_bodies.rigidbodies[2].pose.position.x,0.864121221652811
62.098596838,1709142532.781578982,1709142532.781175431,/rigid_bodies.rigidbodies[2].pose.position.x,0.8641196414312712
62.108040663,1709142532.791022807,1709142532.790410423,/rigid_bodies.rigidbodies[2].pose.position.x,0.8640630265613786
62.117511913,1709142532.800494057,1709142532.799844481,/rigid_bodies.rigidbodies[2].pose.position.x,0.8641399809925584
62.128197133,1709142532.811179277,1709142532.810732763,/rigid_bodies.rigidbodies[2].pose.position.x,0.8641813807404048
62.137933721,1709142532.820915865,1709142532.820398486,/rigid_bodies.rigidbodies[2].pose.position.x,0.8641425817942395
62.148464983,1709142532.831447127,1709142532.830986770,/rigid_bodies.rigidbodies[2].pose.position.x,0.8640711865486358
62.157996404,1709142532.840978548,1709142532.840625973,/rigid_bodies.rigidbodies[2].pose.position.x,0.8640873927816733
62.167637747,1709142532.850619891,1709142532.850157197,/rigid_bodies.rigidbodies[2].pose.position.x,0.8641329733605134
62.177957693,1709142532.860939837,1709142532.860523905,/rigid_bodies.rigidbodies[2].pose.position.x,0.8641240047204859
62.188483792,1709142532.871465936,1709142532.871093644,/rigid_bodies.rigidbodies[2].pose.position.x,0.8641293448755759
62.197965303,1709142532.880947447,1709142532.880622428,/rigid_bodies.rigidbodies[2].pose.position.x,0.864143871621419
62.208496331,1709142532.891478475,1709142532.891025183,/rigid_bodies.rigidbodies[2].pose.position.x,0.8641186327461803
62.217839079,1709142532.900821223,1709142532.900429516,/rigid_bodies.rigidbodies[2].pose.position.x,0.8641151848541132
62.227752635,1709142532.910734779,1709142532.910363709,/rigid_bodies.rigidbodies[2].pose.position.x,0.86417050518726
62.237171605,1709142532.920153749,1709142532.919892434,/rigid_bodies.rigidbodies[2].pose.position.x,0.8641560388598009
62.248416182,1709142532.931398326,1709142532.931002245,/rigid_bodies.rigidbodies[2].pose.position.x,0.8640802682348668
62.257413611,1709142532.940395755,1709142532.939940301,/rigid_bodies.rigidbodies[2].pose.position.x,0.8641137345412145
62.267749539,1709142532.950731683,1709142532.950125585,/rigid_bodies.rigidbodies[2].pose.position.x,0.8641547387231244
62.277859341,1709142532.960841485,1709142532.960408591,/rigid_bodies.rigidbodies[2].pose.position.x,0.8641133770855648
62.288151058,1709142532.971133202,1709142532.970725473,/rigid_bodies.rigidbodies[2].pose.position.x,0.8641197351455924
62.298644926,1709142532.981627070,1709142532.980924867,/rigid_bodies.rigidbodies[2].pose.position.x,0.8641401626921764
62.307538975,1709142532.990521119,1709142532.990117430,/rigid_bodies.rigidbodies[2].pose.position.x,0.8641189497626202
62.317760738,1709142533.000742882,1709142533.000400195,/rigid_bodies.rigidbodies[2].pose.position.x,0.864117932580053
62.327417804,1709142533.010399948,1709142533.010022383,/rigid_bodies.rigidbodies[2].pose.position.x,0.8641658929709276
62.338145785,1709142533.021127929,1709142533.020749460,/rigid_bodies.rigidbodies[2].pose.position.x,0.8641267954595322
62.34848152,1709142533.031463664,1709142533.030964800,/rigid_bodies.rigidbodies[2].pose.position.x,0.8640954661955105
62.357925944,1709142533.040908088,1709142533.040436769,/rigid_bodies.rigidbodies[2].pose.position.x,0.8641297056784569
62.36841207,1709142533.051394214,1709142533.050905509,/rigid_bodies.rigidbodies[2].pose.position.x,0.8641370884668677
62.377495901,1709142533.060478045,1709142533.060029183,/rigid_bodies.rigidbodies[2].pose.position.x,0.8641116083412993
62.388436697,1709142533.071418841,1709142533.071016353,/rigid_bodies.rigidbodies[2].pose.position.x,0.8641106189104374
62.398427729,1709142533.081409873,1709142533.080916813,/rigid_bodies.rigidbodies[2].pose.position.x,0.8641531811944542
62.407984607,1709142533.090966751,1709142533.090402665,/rigid_bodies.rigidbodies[2].pose.position.x,0.8641133123152136
62.418053456,1709142533.101035600,1709142533.100312906,/rigid_bodies.rigidbodies[2].pose.position.x,0.8640634088144176
62.427927736,1709142533.110909880,1709142533.110233165,/rigid_bodies.rigidbodies[2].pose.position.x,0.8641854658008227
62.438214565,1709142533.121196709,1709142533.120734630,/rigid_bodies.rigidbodies[2].pose.position.x,0.8641806707453782
62.448361005,1709142533.131343149,1709142533.130818717,/rigid_bodies.rigidbodies[2].pose.position.x,0.8641227265729389
62.458171042000004,1709142533.141153186,1709142533.140646293,/rigid_bodies.rigidbodies[2].pose.position.x,0.8641120792763608
62.468279722,1709142533.151261866,1709142533.150792141,/rigid_bodies.rigidbodies[2].pose.position.x,0.8641419562783985
62.478277621,1709142533.161259765,1709142533.160696880,/rigid_bodies.rigidbodies[2].pose.position.x,0.8641100572409336
62.488384233,1709142533.171366377,1709142533.170693425,/rigid_bodies.rigidbodies[2].pose.position.x,0.8641284972239663
62.498670987,1709142533.181653131,1709142533.181098975,/rigid_bodies.rigidbodies[2].pose.position.x,0.864170453030911
62.508300549,1709142533.191282693,1709142533.190645001,/rigid_bodies.rigidbodies[2].pose.position.x,0.8641546286201363
62.517806456,1709142533.200788600,1709142533.200289503,/rigid_bodies.rigidbodies[2].pose.position.x,0.8641293959333463
62.528190437,1709142533.211172581,1709142533.210637403,/rigid_bodies.rigidbodies[2].pose.position.x,0.8641660332780027
62.538078214,1709142533.221060358,1709142533.220454928,/rigid_bodies.rigidbodies[2].pose.position.x,0.8641421860115339
62.548515211,1709142533.231497355,1709142533.231032860,/rigid_bodies.rigidbodies[2].pose.position.x,0.8640423796429069
62.558398425,1709142533.241380569,1709142533.240859260,/rigid_bodies.rigidbodies[2].pose.position.x,0.8640752027711793
62.56820211,1709142533.251184254,1709142533.250729761,/rigid_bodies.rigidbodies[2].pose.position.x,0.864134094290618
62.577474092,1709142533.260456236,1709142533.259997909,/rigid_bodies.rigidbodies[2].pose.position.x,0.8641650676367604
62.588439312,1709142533.271421456,1709142533.270927814,/rigid_bodies.rigidbodies[2].pose.position.x,0.8640971285953584
62.598178192,1709142533.281160336,1709142533.280692296,/rigid_bodies.rigidbodies[2].pose.position.x,0.8640894479399479
62.607898159,1709142533.290880303,1709142533.290297997,/rigid_bodies.rigidbodies[2].pose.position.x,0.8641156555388126
62.618156489,1709142533.301138633,1709142533.300676413,/rigid_bodies.rigidbodies[2].pose.position.x,0.8641119772517581
62.628483201,1709142533.311465345,1709142533.310862336,/rigid_bodies.rigidbodies[2].pose.position.x,0.8642073713121856
62.638377484,1709142533.321359628,1709142533.320790969,/rigid_bodies.rigidbodies[2].pose.position.x,0.8642198371161987
62.648002854,1709142533.330984998,1709142533.330540411,/rigid_bodies.rigidbodies[2].pose.position.x,0.8640756531085968
62.658145555,1709142533.341127699,1709142533.340688090,/rigid_bodies.rigidbodies[2].pose.position.x,0.8641022044581549
62.668413656,1709142533.351395800,1709142533.350832801,/rigid_bodies.rigidbodies[2].pose.position.x,0.8641943745124844
62.677772675,1709142533.360754819,1709142533.360285951,/rigid_bodies.rigidbodies[2].pose.position.x,0.8641791691730172
62.688906925,1709142533.371889069,1709142533.371158105,/rigid_bodies.rigidbodies[2].pose.position.x,0.8641516773688794
62.69834678,1709142533.381328924,1709142533.380896211,/rigid_bodies.rigidbodies[2].pose.position.x,0.8641340302880985
62.707827017,1709142533.390809161,1709142533.390413048,/rigid_bodies.rigidbodies[2].pose.position.x,0.8641220802076651
62.717781995,1709142533.400764139,1709142533.400181279,/rigid_bodies.rigidbodies[2].pose.position.x,0.8640939303770266
62.728252344,1709142533.411234488,1709142533.410579073,/rigid_bodies.rigidbodies[2].pose.position.x,0.8641779879705507
62.738135769,1709142533.421117913,1709142533.420688655,/rigid_bodies.rigidbodies[2].pose.position.x,0.8642214857388201
62.74828568,1709142533.431267824,1709142533.430716551,/rigid_bodies.rigidbodies[2].pose.position.x,0.8641257064241576
62.757892072,1709142533.440874216,1709142533.440339532,/rigid_bodies.rigidbodies[2].pose.position.x,0.8641305852682631
62.767411864,1709142533.450394008,1709142533.450007163,/rigid_bodies.rigidbodies[2].pose.position.x,0.8641891133670082
62.778390902,1709142533.461373046,1709142533.460822007,/rigid_bodies.rigidbodies[2].pose.position.x,0.8641616742414108
62.787991199,1709142533.470973343,1709142533.470315234,/rigid_bodies.rigidbodies[2].pose.position.x,0.8641490890632552
62.798403162,1709142533.481385306,1709142533.480872447,/rigid_bodies.rigidbodies[2].pose.position.x,0.8641584790004713
62.807944406,1709142533.490926550,1709142533.490550647,/rigid_bodies.rigidbodies[2].pose.position.x,0.8641946762239556
62.818407362,1709142533.501389506,1709142533.500789460,/rigid_bodies.rigidbodies[2].pose.position.x,0.8641312875255778
62.827770172,1709142533.510752316,1709142533.509882993,/rigid_bodies.rigidbodies[2].pose.position.x,0.8641227458119211
62.838184469,1709142533.521166613,1709142533.520761204,/rigid_bodies.rigidbodies[2].pose.position.x,0.8641734562972702
62.848719148,1709142533.531701292,1709142533.531101170,/rigid_bodies.rigidbodies[2].pose.position.x,0.8641226774159702
62.858045489,1709142533.541027633,1709142533.540615083,/rigid_bodies.rigidbodies[2].pose.position.x,0.8641031167754702
62.868267046,1709142533.551249190,1709142533.550712222,/rigid_bodies.rigidbodies[2].pose.position.x,0.8641981550237412
62.878293996,1709142533.561276140,1709142533.560776569,/rigid_bodies.rigidbodies[2].pose.position.x,0.8641829868922657
62.888328631,1709142533.571310775,1709142533.570699030,/rigid_bodies.rigidbodies[2].pose.position.x,0.8640877963918954
62.898556035,1709142533.581538179,1709142533.581028880,/rigid_bodies.rigidbodies[2].pose.position.x,0.8641097359004285
62.90821902,1709142533.591201164,1709142533.590691505,/rigid_bodies.rigidbodies[2].pose.position.x,0.8641741714137624
62.917940005,1709142533.600922149,1709142533.600342333,/rigid_bodies.rigidbodies[2].pose.position.x,0.8641263273431345
62.928284288,1709142533.611266432,1709142533.610766617,/rigid_bodies.rigidbodies[2].pose.position.x,0.8641717678426629
62.938404173,1709142533.621386317,1709142533.620886778,/rigid_bodies.rigidbodies[2].pose.position.x,0.8641267776301308
62.948371072,1709142533.631353216,1709142533.630870244,/rigid_bodies.rigidbodies[2].pose.position.x,0.8640533308783614
62.958242025,1709142533.641224169,1709142533.640758039,/rigid_bodies.rigidbodies[2].pose.position.x,0.8640677870624047
62.968178734,1709142533.651160878,1709142533.650752553,/rigid_bodies.rigidbodies[2].pose.position.x,0.8641947033975251
62.977931231,1709142533.660913375,1709142533.660415932,/rigid_bodies.rigidbodies[2].pose.position.x,0.864225691860643
62.988394351,1709142533.671376495,1709142533.670818855,/rigid_bodies.rigidbodies[2].pose.position.x,0.864122081255041
62.998107361,1709142533.681089505,1709142533.680655874,/rigid_bodies.rigidbodies[2].pose.position.x,0.8640783512833216
63.008505636,1709142533.691487780,1709142533.690939960,/rigid_bodies.rigidbodies[2].pose.position.x,0.8641472971524522
63.01789373,1709142533.700875874,1709142533.700405913,/rigid_bodies.rigidbodies[2].pose.position.x,0.864117379461713
63.027879157,1709142533.710861301,1709142533.710568436,/rigid_bodies.rigidbodies[2].pose.position.x,0.8641277728255911
63.038602752,1709142533.721584896,1709142533.721082129,/rigid_bodies.rigidbodies[2].pose.position.x,0.8641508157825064
63.048418822,1709142533.731400966,1709142533.730858266,/rigid_bodies.rigidbodies[2].pose.position.x,0.8640996660739771
63.058122512,1709142533.741104656,1709142533.740656629,/rigid_bodies.rigidbodies[2].pose.position.x,0.8640344872791159
63.068305211,1709142533.751287355,1709142533.750833741,/rigid_bodies.rigidbodies[2].pose.position.x,0.8641110266058779
63.077619923,1709142533.760602067,1709142533.760069094,/rigid_bodies.rigidbodies[2].pose.position.x,0.8641675831005465
63.087822889,1709142533.770805033,1709142533.770195479,/rigid_bodies.rigidbodies[2].pose.position.x,0.8640959420244555
63.098748339,1709142533.781730483,1709142533.781197840,/rigid_bodies.rigidbodies[2].pose.position.x,0.8640825501812417
63.10819396,1709142533.791176104,1709142533.790704583,/rigid_bodies.rigidbodies[2].pose.position.x,0.8641420709298898
63.11846916,1709142533.801451304,1709142533.800854933,/rigid_bodies.rigidbodies[2].pose.position.x,0.8640611980695716
63.127905887,1709142533.810888031,1709142533.810295470,/rigid_bodies.rigidbodies[2].pose.position.x,0.8640601948722446
63.138323967,1709142533.821306111,1709142533.820877866,/rigid_bodies.rigidbodies[2].pose.position.x,0.8641448333300592
63.148815988,1709142533.831798132,1709142533.831322383,/rigid_bodies.rigidbodies[2].pose.position.x,0.8641533472265557
63.157619572,1709142533.840601716,1709142533.840176412,/rigid_bodies.rigidbodies[2].pose.position.x,0.8641455792692446
63.167424439,1709142533.850406583,1709142533.849985501,/rigid_bodies.rigidbodies[2].pose.position.x,0.8641866097557274
63.177889431,1709142533.860871575,1709142533.860371805,/rigid_bodies.rigidbodies[2].pose.position.x,0.8641900645515513
63.188154407,1709142533.871136551,1709142533.870577246,/rigid_bodies.rigidbodies[2].pose.position.x,0.8641326864687345
63.19856117,1709142533.881543314,1709142533.881055900,/rigid_bodies.rigidbodies[2].pose.position.x,0.8640660332978972
63.207794272,1709142533.890776416,1709142533.890385452,/rigid_bodies.rigidbodies[2].pose.position.x,0.8641555068407142
63.217999895,1709142533.900982039,1709142533.900457510,/rigid_bodies.rigidbodies[2].pose.position.x,0.8641677224418178
63.228010362,1709142533.910992506,1709142533.910449690,/rigid_bodies.rigidbodies[2].pose.position.x,0.8641252639718239
63.23849199,1709142533.921474134,1709142533.920938951,/rigid_bodies.rigidbodies[2].pose.position.x,0.8641437912202803
63.248449931,1709142533.931432075,1709142533.930894930,/rigid_bodies.rigidbodies[2].pose.position.x,0.8641727408706391
63.258114106,1709142533.941096250,1709142533.940711146,/rigid_bodies.rigidbodies[2].pose.position.x,0.8641332990300405
63.268389228,1709142533.951371372,1709142533.950745429,/rigid_bodies.rigidbodies[2].pose.position.x,0.8641512522592361
63.277857724,1709142533.960839868,1709142533.960499505,/rigid_bodies.rigidbodies[2].pose.position.x,0.8642168161649064
63.287754776,1709142533.970736920,1709142533.970242122,/rigid_bodies.rigidbodies[2].pose.position.x,0.8641500462043497
63.29803641,1709142533.981018554,1709142533.980579493,/rigid_bodies.rigidbodies[2].pose.position.x,0.8641172116391813
63.307823067,1709142533.990805211,1709142533.990506744,/rigid_bodies.rigidbodies[2].pose.position.x,0.8641985317893554
63.3183106,1709142534.001292744,1709142534.000880825,/rigid_bodies.rigidbodies[2].pose.position.x,0.8642140520708697
63.328354384,1709142534.011336528,1709142534.010753536,/rigid_bodies.rigidbodies[2].pose.position.x,0.864167495852636
63.338315095,1709142534.021297239,1709142534.020877278,/rigid_bodies.rigidbodies[2].pose.position.x,0.8641337937044997
63.347738645,1709142534.030720789,1709142534.030503872,/rigid_bodies.rigidbodies[2].pose.position.x,0.8640984525500498
63.357481369,1709142534.040463513,1709142534.040271453,/rigid_bodies.rigidbodies[2].pose.position.x,0.8640868134913268
63.367941024,1709142534.050923168,1709142534.050740513,/rigid_bodies.rigidbodies[2].pose.position.x,0.8641484207075438
63.377703849,1709142534.060685993,1709142534.060453157,/rigid_bodies.rigidbodies[2].pose.position.x,0.8642079326360878
63.387255756,1709142534.070237900,1709142534.070074016,/rigid_bodies.rigidbodies[2].pose.position.x,0.8641500427683874
63.398001878,1709142534.080984022,1709142534.080784459,/rigid_bodies.rigidbodies[2].pose.position.x,0.8640863804958804
63.407178709,1709142534.090160853,1709142534.090025552,/rigid_bodies.rigidbodies[2].pose.position.x,0.8641225108341767
63.417384862,1709142534.100367006,1709142534.100032695,/rigid_bodies.rigidbodies[2].pose.position.x,0.8641611256319242
63.428483724,1709142534.111465868,1709142534.110866662,/rigid_bodies.rigidbodies[2].pose.position.x,0.8641741187506933
63.438241748,1709142534.121223892,1709142534.120660561,/rigid_bodies.rigidbodies[2].pose.position.x,0.86417334792911
63.448387117,1709142534.131369261,1709142534.131051244,/rigid_bodies.rigidbodies[2].pose.position.x,0.8641512925783693
63.458153085,1709142534.141135229,1709142534.140714311,/rigid_bodies.rigidbodies[2].pose.position.x,0.8640803887633159
63.468120232,1709142534.151102376,1709142534.150710282,/rigid_bodies.rigidbodies[2].pose.position.x,0.8640817774274832
63.478090673,1709142534.161072817,1709142534.160652780,/rigid_bodies.rigidbodies[2].pose.position.x,0.8641857021716506
63.488158493,1709142534.171140637,1709142534.170797348,/rigid_bodies.rigidbodies[2].pose.position.x,0.8641562223406442
63.498206718,1709142534.181188862,1709142534.180774138,/rigid_bodies.rigidbodies[2].pose.position.x,0.8640848745452657
63.507663854,1709142534.190645998,1709142534.190358966,/rigid_bodies.rigidbodies[2].pose.position.x,0.8641215278003758
63.51836432,1709142534.201346464,1709142534.200819890,/rigid_bodies.rigidbodies[2].pose.position.x,0.8641604955178376
63.528385312,1709142534.211367456,1709142534.210761339,/rigid_bodies.rigidbodies[2].pose.position.x,0.8641516100496395
63.538038611,1709142534.221020755,1709142534.220662517,/rigid_bodies.rigidbodies[2].pose.position.x,0.8641075050424111
63.548432472,1709142534.231414616,1709142534.230911956,/rigid_bodies.rigidbodies[2].pose.position.x,0.8641287268910687
63.557934697,1709142534.240916841,1709142534.240466960,/rigid_bodies.rigidbodies[2].pose.position.x,0.8641325124658663
63.567933487,1709142534.250915631,1709142534.250435664,/rigid_bodies.rigidbodies[2].pose.position.x,0.8641498007788738
63.577529516,1709142534.260511660,1709142534.260014731,/rigid_bodies.rigidbodies[2].pose.position.x,0.8641663757462085
63.588371465,1709142534.271353609,1709142534.270710709,/rigid_bodies.rigidbodies[2].pose.position.x,0.8641421156030336
63.59780751,1709142534.280789654,1709142534.280330574,/rigid_bodies.rigidbodies[2].pose.position.x,0.864106337039186
63.608115248,1709142534.291097392,1709142534.290657815,/rigid_bodies.rigidbodies[2].pose.position.x,0.864126320344114
63.618486669,1709142534.301468813,1709142534.301028322,/rigid_bodies.rigidbodies[2].pose.position.x,0.8641447490183919
63.628162358,1709142534.311144502,1709142534.310654205,/rigid_bodies.rigidbodies[2].pose.position.x,0.8641454478546011
63.637867145,1709142534.320849289,1709142534.320479645,/rigid_bodies.rigidbodies[2].pose.position.x,0.864101714836132
63.648823313,1709142534.331805457,1709142534.331293781,/rigid_bodies.rigidbodies[2].pose.position.x,0.864114881055582
63.658138053,1709142534.341120197,1709142534.340744058,/rigid_bodies.rigidbodies[2].pose.position.x,0.8641301677287656
63.66787225,1709142534.350854394,1709142534.350519085,/rigid_bodies.rigidbodies[2].pose.position.x,0.8641226237306134
63.678057656,1709142534.361039800,1709142534.360562998,/rigid_bodies.rigidbodies[2].pose.position.x,0.8641350682510358
63.688389907,1709142534.371372051,1709142534.370915339,/rigid_bodies.rigidbodies[2].pose.position.x,0.8641219364025101
63.698451125,1709142534.381433269,1709142534.381056709,/rigid_bodies.rigidbodies[2].pose.position.x,0.8640910228335054
63.707826388,1709142534.390808532,1709142534.390430042,/rigid_bodies.rigidbodies[2].pose.position.x,0.8641589182086573
63.718375228,1709142534.401357372,1709142534.400892303,/rigid_bodies.rigidbodies[2].pose.position.x,0.8641745540795805
63.728145449,1709142534.411127593,1709142534.410656653,/rigid_bodies.rigidbodies[2].pose.position.x,0.8641265042342178
63.73837304,1709142534.421355184,1709142534.420785468,/rigid_bodies.rigidbodies[2].pose.position.x,0.8640753343082771
63.748652475,1709142534.431634619,1709142534.431128419,/rigid_bodies.rigidbodies[2].pose.position.x,0.8640887000361093
63.758097629,1709142534.441079773,1709142534.440676872,/rigid_bodies.rigidbodies[2].pose.position.x,0.8641372277863584
63.768103237,1709142534.451085381,1709142534.450689880,/rigid_bodies.rigidbodies[2].pose.position.x,0.864153166060575
63.77795428,1709142534.460936424,1709142534.460444272,/rigid_bodies.rigidbodies[2].pose.position.x,0.864183282238743
63.788698533,1709142534.471680677,1709142534.471215236,/rigid_bodies.rigidbodies[2].pose.position.x,0.8641481306786563
63.798239583,1709142534.481221727,1709142534.480877956,/rigid_bodies.rigidbodies[2].pose.position.x,0.8640668048160424
63.808515908,1709142534.491498052,1709142534.491001012,/rigid_bodies.rigidbodies[2].pose.position.x,0.8640776049544125
63.818311222,1709142534.501293366,1709142534.500810220,/rigid_bodies.rigidbodies[2].pose.position.x,0.864127221885555
63.828212314,1709142534.511194458,1709142534.510760211,/rigid_bodies.rigidbodies[2].pose.position.x,0.8641591671372768
63.838289247,1709142534.521271391,1709142534.520652184,/rigid_bodies.rigidbodies[2].pose.position.x,0.8641484563404075
63.847662914,1709142534.530645058,1709142534.530184161,/rigid_bodies.rigidbodies[2].pose.position.x,0.8641718123192097
63.85688432,1709142534.539866464,1709142534.539435463,/rigid_bodies.rigidbodies[2].pose.position.x,0.8641533441549463
63.868106781,1709142534.551088925,1709142534.550647756,/rigid_bodies.rigidbodies[2].pose.position.x,0.8640960837901075
63.878077315,1709142534.561059459,1709142534.560756148,/rigid_bodies.rigidbodies[2].pose.position.x,0.8641653826876404
63.888378968,1709142534.571361112,1709142534.570886611,/rigid_bodies.rigidbodies[2].pose.position.x,0.8641470221094562
63.898418002,1709142534.581400146,1709142534.581018961,/rigid_bodies.rigidbodies[2].pose.position.x,0.8641057560913857
63.907480539,1709142534.590462683,1709142534.590219555,/rigid_bodies.rigidbodies[2].pose.position.x,0.8641387573410567
63.918047617,1709142534.601029761,1709142534.600666171,/rigid_bodies.rigidbodies[2].pose.position.x,0.864196196716338
63.928018842,1709142534.611000986,1709142534.610620218,/rigid_bodies.rigidbodies[2].pose.position.x,0.8641183935438534
63.938136044,1709142534.621118188,1709142534.620804489,/rigid_bodies.rigidbodies[2].pose.position.x,0.8640581093180343
63.948216581,1709142534.631198725,1709142534.631068574,/rigid_bodies.rigidbodies[2].pose.position.x,0.8641409840459401
63.957353877,1709142534.640336021,1709142534.640075261,/rigid_bodies.rigidbodies[2].pose.position.x,0.8641930271456648
63.967601309,1709142534.650583453,1709142534.650225280,/rigid_bodies.rigidbodies[2].pose.position.x,0.864161239034948
63.97821972,1709142534.661201864,1709142534.660736123,/rigid_bodies.rigidbodies[2].pose.position.x,0.8641425961633773
63.988119256,1709142534.671101400,1709142534.670755636,/rigid_bodies.rigidbodies[2].pose.position.x,0.8641312511096194
63.998025836,1709142534.681007980,1709142534.680621440,/rigid_bodies.rigidbodies[2].pose.position.x,0.8641095330953662
64.007695143,1709142534.690677287,1709142534.690237379,/rigid_bodies.rigidbodies[2].pose.position.x,0.8641559052239862
64.018334411,1709142534.701316555,1709142534.700907984,/rigid_bodies.rigidbodies[2].pose.position.x,0.8642029012436833
64.02788237,1709142534.710864514,1709142534.710552572,/rigid_bodies.rigidbodies[2].pose.position.x,0.8641729480638644
64.037786305,1709142534.720768449,1709142534.720281391,/rigid_bodies.rigidbodies[2].pose.position.x,0.8641123509773818
64.048661598,1709142534.731643742,1709142534.730903203,/rigid_bodies.rigidbodies[2].pose.position.x,0.864116252394669
64.057888783,1709142534.740870927,1709142534.740455266,/rigid_bodies.rigidbodies[2].pose.position.x,0.8641834138781244
64.068088053,1709142534.751070197,1709142534.750580249,/rigid_bodies.rigidbodies[2].pose.position.x,0.8641382875572883
64.078508031,1709142534.761490175,1709142534.760812894,/rigid_bodies.rigidbodies[2].pose.position.x,0.8641112490686511
64.087295811,1709142534.770277955,1709142534.769813164,/rigid_bodies.rigidbodies[2].pose.position.x,0.8641317929111773
64.098153375,1709142534.781135519,1709142534.780521907,/rigid_bodies.rigidbodies[2].pose.position.x,0.8641323167111163
64.108867194,1709142534.791849338,1709142534.791145977,/rigid_bodies.rigidbodies[2].pose.position.x,0.8641471665919224
64.118389517,1709142534.801371661,1709142534.800887816,/rigid_bodies.rigidbodies[2].pose.position.x,0.8641966666317258
64.127742607,1709142534.810724751,1709142534.810323224,/rigid_bodies.rigidbodies[2].pose.position.x,0.8641347015878391
64.138403893,1709142534.821386037,1709142534.820871516,/rigid_bodies.rigidbodies[2].pose.position.x,0.8640622858183429
64.148240042,1709142534.831222186,1709142534.830825506,/rigid_bodies.rigidbodies[2].pose.position.x,0.8641336714096052
64.158179232,1709142534.841161376,1709142534.840600832,/rigid_bodies.rigidbodies[2].pose.position.x,0.8642067674867687
64.167812109,1709142534.850794253,1709142534.850322139,/rigid_bodies.rigidbodies[2].pose.position.x,0.8641453958537804
64.177678572,1709142534.860660716,1709142534.860207263,/rigid_bodies.rigidbodies[2].pose.position.x,0.864103461773786
64.188679852,1709142534.871661996,1709142534.871021859,/rigid_bodies.rigidbodies[2].pose.position.x,0.8641480444151074
64.19855967,1709142534.881541814,1709142534.880952625,/rigid_bodies.rigidbodies[2].pose.position.x,0.8641567757712825
64.207659394,1709142534.890641538,1709142534.890205678,/rigid_bodies.rigidbodies[2].pose.position.x,0.8641512585756658
64.218199487,1709142534.901181631,1709142534.900710410,/rigid_bodies.rigidbodies[2].pose.position.x,0.8641558594996741
64.228072357,1709142534.911054501,1709142534.910581880,/rigid_bodies.rigidbodies[2].pose.position.x,0.8641435789157949
64.238223979,1709142534.921206123,1709142534.920674282,/rigid_bodies.rigidbodies[2].pose.position.x,0.8640786270754168
64.248144731,1709142534.931126875,1709142534.930823377,/rigid_bodies.rigidbodies[2].pose.position.x,0.8641308994627623
64.258336427,1709142534.941318571,1709142534.941004440,/rigid_bodies.rigidbodies[2].pose.position.x,0.8641866364428941
64.267934821,1709142534.950916965,1709142534.950421274,/rigid_bodies.rigidbodies[2].pose.position.x,0.8641542760658611
64.27816684,1709142534.961148984,1709142534.960675903,/rigid_bodies.rigidbodies[2].pose.position.x,0.864110467418946
64.288619403,1709142534.971601547,1709142534.970930336,/rigid_bodies.rigidbodies[2].pose.position.x,0.8641282509525843
64.298701895,1709142534.981684039,1709142534.981086844,/rigid_bodies.rigidbodies[2].pose.position.x,0.8641065732978648
64.307403148,1709142534.990385292,1709142534.990139767,/rigid_bodies.rigidbodies[2].pose.position.x,0.8641387023605829
64.31833878,1709142535.001320924,1709142535.000795216,/rigid_bodies.rigidbodies[2].pose.position.x,0.8642009264851291
64.327696862,1709142535.010679006,1709142535.010359609,/rigid_bodies.rigidbodies[2].pose.position.x,0.864190938892272
64.337306008,1709142535.020288152,1709142535.019790526,/rigid_bodies.rigidbodies[2].pose.position.x,0.8641099956552876
64.348375673,1709142535.031357817,1709142535.030859120,/rigid_bodies.rigidbodies[2].pose.position.x,0.8641039319829854
64.358080365,1709142535.041062509,1709142535.040615555,/rigid_bodies.rigidbodies[2].pose.position.x,0.8641703087637778
64.368248443,1709142535.051230587,1709142535.050811688,/rigid_bodies.rigidbodies[2].pose.position.x,0.8641852296418179
64.378127444,1709142535.061109588,1709142535.060570691,/rigid_bodies.rigidbodies[2].pose.position.x,0.8642051039805606
64.38883211,1709142535.071814254,1709142535.071147358,/rigid_bodies.rigidbodies[2].pose.position.x,0.8641802840816961
64.398070967,1709142535.081053111,1709142535.080658862,/rigid_bodies.rigidbodies[2].pose.position.x,0.8641169881643731
64.40810774,1709142535.091089884,1709142535.090510888,/rigid_bodies.rigidbodies[2].pose.position.x,0.8641294882065328
64.418376688,1709142535.101358832,1709142535.100775035,/rigid_bodies.rigidbodies[2].pose.position.x,0.8641636177283987
64.428124491,1709142535.111106635,1709142535.110594604,/rigid_bodies.rigidbodies[2].pose.position.x,0.8641942071462428
64.438283112,1709142535.121265256,1709142535.120782658,/rigid_bodies.rigidbodies[2].pose.position.x,0.8641339478082132
64.448597231,1709142535.131579375,1709142535.131038996,/rigid_bodies.rigidbodies[2].pose.position.x,0.864139033628467
64.458132782,1709142535.141114926,1709142535.140683483,/rigid_bodies.rigidbodies[2].pose.position.x,0.8641623568984421
64.468202264,1709142535.151184408,1709142535.150654966,/rigid_bodies.rigidbodies[2].pose.position.x,0.8641206460917865
64.477486501,1709142535.160468645,1709142535.160130266,/rigid_bodies.rigidbodies[2].pose.position.x,0.8641295217939378
64.487990101,1709142535.170972245,1709142535.170548171,/rigid_bodies.rigidbodies[2].pose.position.x,0.8641553772364521
64.498598935,1709142535.181581079,1709142535.181134657,/rigid_bodies.rigidbodies[2].pose.position.x,0.8641716520072203
64.507902727,1709142535.190884871,1709142535.190203972,/rigid_bodies.rigidbodies[2].pose.position.x,0.8641159093815395
64.518272727,1709142535.201254871,1709142535.200743913,/rigid_bodies.rigidbodies[2].pose.position.x,0.8641456299969233
64.52821418,1709142535.211196324,1709142535.210480839,/rigid_bodies.rigidbodies[2].pose.position.x,0.8641352903846224
64.538565553,1709142535.221547697,1709142535.221092348,/rigid_bodies.rigidbodies[2].pose.position.x,0.8640732081049132
64.548093209,1709142535.231075353,1709142535.230695886,/rigid_bodies.rigidbodies[2].pose.position.x,0.8641328574234576
64.558345767,1709142535.241327911,1709142535.240905368,/rigid_bodies.rigidbodies[2].pose.position.x,0.8642001520669145
64.567964132,1709142535.250946276,1709142535.250678384,/rigid_bodies.rigidbodies[2].pose.position.x,0.8641669086055858
64.577911067,1709142535.260893211,1709142535.260464488,/rigid_bodies.rigidbodies[2].pose.position.x,0.8641019072344898
64.587746372,1709142535.270728516,1709142535.270305124,/rigid_bodies.rigidbodies[2].pose.position.x,0.8641148349871411
64.598079715,1709142535.281061859,1709142535.280715751,/rigid_bodies.rigidbodies[2].pose.position.x,0.8641445439838887
64.60810211,1709142535.291084254,1709142535.290524920,/rigid_bodies.rigidbodies[2].pose.position.x,0.8641156555250472
64.618924864,1709142535.301907008,1709142535.301266020,/rigid_bodies.rigidbodies[2].pose.position.x,0.8641508250390952
64.627685207,1709142535.310667351,1709142535.310227835,/rigid_bodies.rigidbodies[2].pose.position.x,0.8641326533430196
64.637897657,1709142535.320879801,1709142535.320241842,/rigid_bodies.rigidbodies[2].pose.position.x,0.8640521904547814
64.648084545,1709142535.331066689,1709142535.330806551,/rigid_bodies.rigidbodies[2].pose.position.x,0.8641012100288353
64.658062655,1709142535.341044799,1709142535.340602807,/rigid_bodies.rigidbodies[2].pose.position.x,0.8641863555875295
64.668178286,1709142535.351160430,1709142535.350641819,/rigid_bodies.rigidbodies[2].pose.position.x,0.8641615520655427
64.677911472,1709142535.360893616,1709142535.360463529,/rigid_bodies.rigidbodies[2].pose.position.x,0.864080273257594
64.68852453,1709142535.371506674,1709142535.370964407,/rigid_bodies.rigidbodies[2].pose.position.x,0.864125756229942
64.698475728,1709142535.381457872,1709142535.380996253,/rigid_bodies.rigidbodies[2].pose.position.x,0.8641402592957561
64.70785742,1709142535.390839564,1709142535.390508293,/rigid_bodies.rigidbodies[2].pose.position.x,0.8641147007864795
64.718687679,1709142535.401669823,1709142535.401206767,/rigid_bodies.rigidbodies[2].pose.position.x,0.864132733546341
64.727946443,1709142535.410928587,1709142535.410436796,/rigid_bodies.rigidbodies[2].pose.position.x,0.864190300174862
64.738536799,1709142535.421518943,1709142535.421056676,/rigid_bodies.rigidbodies[2].pose.position.x,0.8641114286828016
64.748562737,1709142535.431544881,1709142535.431175423,/rigid_bodies.rigidbodies[2].pose.position.x,0.8640893544456929
64.758421858,1709142535.441404002,1709142535.440963586,/rigid_bodies.rigidbodies[2].pose.position.x,0.8641889691711595
64.768279999,1709142535.451262143,1709142535.450782093,/rigid_bodies.rigidbodies[2].pose.position.x,0.8641783967488176
64.777862488,1709142535.460844632,1709142535.460289124,/rigid_bodies.rigidbodies[2].pose.position.x,0.8641102577432553
64.788490945,1709142535.471473089,1709142535.470812953,/rigid_bodies.rigidbodies[2].pose.position.x,0.8640641067137038
64.798596732,1709142535.481578876,1709142535.481144805,/rigid_bodies.rigidbodies[2].pose.position.x,0.8641033524320322
64.808690983,1709142535.491673127,1709142535.490991604,/rigid_bodies.rigidbodies[2].pose.position.x,0.8640904643387644
64.818342424,1709142535.501324568,1709142535.500830496,/rigid_bodies.rigidbodies[2].pose.position.x,0.8641435789180189
64.827972929,1709142535.510955073,1709142535.510408498,/rigid_bodies.rigidbodies[2].pose.position.x,0.8641966838971595
64.838114959,1709142535.521097103,1709142535.520734196,/rigid_bodies.rigidbodies[2].pose.position.x,0.86410877992353
64.848339896,1709142535.531322040,1709142535.530893289,/rigid_bodies.rigidbodies[2].pose.position.x,0.8640551754778386
64.858160314,1709142535.541142458,1709142535.540683150,/rigid_bodies.rigidbodies[2].pose.position.x,0.8641108833357407
64.868197814,1709142535.551179958,1709142535.550709741,/rigid_bodies.rigidbodies[2].pose.position.x,0.8641350444201104
64.878538046,1709142535.561520190,1709142535.560954650,/rigid_bodies.rigidbodies[2].pose.position.x,0.8640804021242627
64.888114499,1709142535.571096643,1709142535.570658014,/rigid_bodies.rigidbodies[2].pose.position.x,0.8641270484323694
64.898607643,1709142535.581589787,1709142535.581049637,/rigid_bodies.rigidbodies[2].pose.position.x,0.8641489394475395
64.907401031,1709142535.590383175,1709142535.590016976,/rigid_bodies.rigidbodies[2].pose.position.x,0.8640772238408037
64.917940221,1709142535.600922365,1709142535.600570793,/rigid_bodies.rigidbodies[2].pose.position.x,0.8640822252084175
64.927925756,1709142535.610907900,1709142535.610501183,/rigid_bodies.rigidbodies[2].pose.position.x,0.8641168672911473
64.938227428,1709142535.621209572,1709142535.620771270,/rigid_bodies.rigidbodies[2].pose.position.x,0.8640990531359773
64.948162447,1709142535.631144591,1709142535.630809602,/rigid_bodies.rigidbodies[2].pose.position.x,0.864091290552444
64.95780254,1709142535.640784684,1709142535.640430410,/rigid_bodies.rigidbodies[2].pose.position.x,0.8641186305521737
64.968367673,1709142535.651349817,1709142535.650893530,/rigid_bodies.rigidbodies[2].pose.position.x,0.8641440440022268
64.97767927,1709142535.660661414,1709142535.660219237,/rigid_bodies.rigidbodies[2].pose.position.x,0.864038549223109
64.988537868,1709142535.671520012,1709142535.670999297,/rigid_bodies.rigidbodies[2].pose.position.x,0.8640886650666662
64.998141343,1709142535.681123487,1709142535.680583777,/rigid_bodies.rigidbodies[2].pose.position.x,0.8641673503317129
65.008376478,1709142535.691358622,1709142535.690852379,/rigid_bodies.rigidbodies[2].pose.position.x,0.8641551320520826
65.017866697,1709142535.700848841,1709142535.700474686,/rigid_bodies.rigidbodies[2].pose.position.x,0.8641020918164484
65.027752348,1709142535.710734492,1709142535.710245789,/rigid_bodies.rigidbodies[2].pose.position.x,0.8640708102510297
65.03776844,1709142535.720750584,1709142535.720343275,/rigid_bodies.rigidbodies[2].pose.position.x,0.8640655118588905
65.047726178,1709142535.730708322,1709142535.730343214,/rigid_bodies.rigidbodies[2].pose.position.x,0.8640932590524887
65.058253483,1709142535.741235627,1709142535.740715159,/rigid_bodies.rigidbodies[2].pose.position.x,0.864203466934683
65.06805882,1709142535.751040964,1709142535.750491709,/rigid_bodies.rigidbodies[2].pose.position.x,0.8642250866543169
65.077985677,1709142535.760967821,1709142535.760514722,/rigid_bodies.rigidbodies[2].pose.position.x,0.8641223316828227
65.088190645,1709142535.771172789,1709142535.770521135,/rigid_bodies.rigidbodies[2].pose.position.x,0.8641014856534373
65.097938177,1709142535.780920321,1709142535.780437155,/rigid_bodies.rigidbodies[2].pose.position.x,0.8641647198544279
65.108068476,1709142535.791050620,1709142535.790572449,/rigid_bodies.rigidbodies[2].pose.position.x,0.8641845453744685
65.118217048,1709142535.801199192,1709142535.800551137,/rigid_bodies.rigidbodies[2].pose.position.x,0.864162928275616
65.128203546,1709142535.811185690,1709142535.810545087,/rigid_bodies.rigidbodies[2].pose.position.x,0.8641445186663617
65.138183502,1709142535.821165646,1709142535.820811178,/rigid_bodies.rigidbodies[2].pose.position.x,0.864100214593509
65.147973302,1709142535.830955446,1709142535.830625498,/rigid_bodies.rigidbodies[2].pose.position.x,0.8641248440401446
65.158224568,1709142535.841206712,1709142535.840687265,/rigid_bodies.rigidbodies[2].pose.position.x,0.864168052710659
65.168165582,1709142535.851147726,1709142535.850721758,/rigid_bodies.rigidbodies[2].pose.position.x,0.8642274767244882
65.177638328,1709142535.860620472,1709142535.860141721,/rigid_bodies.rigidbodies[2].pose.position.x,0.8641231813331695
65.187580366,1709142535.870562510,1709142535.869932975,/rigid_bodies.rigidbodies[2].pose.position.x,0.8640592480507935
65.198275556,1709142535.881257700,1709142535.880781280,/rigid_bodies.rigidbodies[2].pose.position.x,0.8641029464939827
65.207807793,1709142535.890789937,1709142535.890154348,/rigid_bodies.rigidbodies[2].pose.position.x,0.8641309370956819
65.218377214,1709142535.901359358,1709142535.900830137,/rigid_bodies.rigidbodies[2].pose.position.x,0.8641642988879642
65.227700907,1709142535.910683051,1709142535.910360569,/rigid_bodies.rigidbodies[2].pose.position.x,0.8641573629004258
65.238233758,1709142535.921215902,1709142535.920732758,/rigid_bodies.rigidbodies[2].pose.position.x,0.8641684794690336
65.247470667,1709142535.930452811,1709142535.930118387,/rigid_bodies.rigidbodies[2].pose.position.x,0.8641153869964787
65.258017661,1709142535.940999805,1709142535.940624165,/rigid_bodies.rigidbodies[2].pose.position.x,0.864163938902175
65.267905931,1709142535.950888075,1709142535.950565172,/rigid_bodies.rigidbodies[2].pose.position.x,0.864154966320473
65.277988826,1709142535.960970970,1709142535.960542429,/rigid_bodies.rigidbodies[2].pose.position.x,0.8640928105981728
65.2876797,1709142535.970661844,1709142535.970354145,/rigid_bodies.rigidbodies[2].pose.position.x,0.8641036732953071
65.298419353,1709142535.981401497,1709142535.981003783,/rigid_bodies.rigidbodies[2].pose.position.x,0.8641615179677664
65.308369957,1709142535.991352101,1709142535.990628638,/rigid_bodies.rigidbodies[2].pose.position.x,0.8641302738393845
65.318024805,1709142536.001006949,1709142536.000630841,/rigid_bodies.rigidbodies[2].pose.position.x,0.864096294183674
65.327959409,1709142536.010941553,1709142536.010340044,/rigid_bodies.rigidbodies[2].pose.position.x,0.8640937763394506
65.337558086,1709142536.020540230,1709142536.020137045,/rigid_bodies.rigidbodies[2].pose.position.x,0.8641748360757393
65.347403563,1709142536.030385707,1709142536.030000858,/rigid_bodies.rigidbodies[2].pose.position.x,0.8641552076596795
65.35782549,1709142536.040807634,1709142536.040496558,/rigid_bodies.rigidbodies[2].pose.position.x,0.8641413949222072
65.367817483,1709142536.050799627,1709142536.050545057,/rigid_bodies.rigidbodies[2].pose.position.x,0.8641524499025821
65.377727837,1709142536.060709981,1709142536.060441291,/rigid_bodies.rigidbodies[2].pose.position.x,0.8640672155470726
65.387783257,1709142536.070765401,1709142536.070531985,/rigid_bodies.rigidbodies[2].pose.position.x,0.8640806293680181
65.398120377,1709142536.081102521,1709142536.080869961,/rigid_bodies.rigidbodies[2].pose.position.x,0.8642026740011988
65.407557536,1709142536.090539680,1709142536.090269942,/rigid_bodies.rigidbodies[2].pose.position.x,0.8642532919839279
65.418074004,1709142536.101056148,1709142536.100677813,/rigid_bodies.rigidbodies[2].pose.position.x,0.8641559512575243
65.427740757,1709142536.110722901,1709142536.110298639,/rigid_bodies.rigidbodies[2].pose.position.x,0.8641233962464168
65.437956364,1709142536.120938508,1709142536.120599798,/rigid_bodies.rigidbodies[2].pose.position.x,0.8641378187694989
65.448000602,1709142536.130982746,1709142536.130609079,/rigid_bodies.rigidbodies[2].pose.position.x,0.8641015242550554
65.458440789,1709142536.141422933,1709142536.141005182,/rigid_bodies.rigidbodies[2].pose.position.x,0.8641529369820842
65.468449128,1709142536.151431272,1709142536.150982757,/rigid_bodies.rigidbodies[2].pose.position.x,0.8642081503993227
65.47825871,1709142536.161240854,1709142536.160579393,/rigid_bodies.rigidbodies[2].pose.position.x,0.8640976293193031
65.488124228,1709142536.171106372,1709142536.170626766,/rigid_bodies.rigidbodies[2].pose.position.x,0.8640961017282244
65.497988139,1709142536.180970283,1709142536.180411335,/rigid_bodies.rigidbodies[2].pose.position.x,0.8641927175321121
65.507988923,1709142536.190971067,1709142536.190577111,/rigid_bodies.rigidbodies[2].pose.position.x,0.8642171695508017
65.518238816,1709142536.201220960,1709142536.200817030,/rigid_bodies.rigidbodies[2].pose.position.x,0.8641974914903263
65.52827694,1709142536.211259084,1709142536.210665325,/rigid_bodies.rigidbodies[2].pose.position.x,0.8641634452058808
65.53802923,1709142536.221011374,1709142536.220445944,/rigid_bodies.rigidbodies[2].pose.position.x,0.8641358138672349
65.548466661,1709142536.231448805,1709142536.230906700,/rigid_bodies.rigidbodies[2].pose.position.x,0.8641310974761579
65.557969867,1709142536.240952011,1709142536.240403179,/rigid_bodies.rigidbodies[2].pose.position.x,0.8641290773942085
65.567548043,1709142536.250530187,1709142536.250023957,/rigid_bodies.rigidbodies[2].pose.position.x,0.8642012837688576
65.57780374,1709142536.260785884,1709142536.260296239,/rigid_bodies.rigidbodies[2].pose.position.x,0.8641643138601445
65.587811695,1709142536.270793839,1709142536.270447138,/rigid_bodies.rigidbodies[2].pose.position.x,0.864085399396599
65.59787594,1709142536.280858084,1709142536.280322804,/rigid_bodies.rigidbodies[2].pose.position.x,0.8641501077407883
65.608083261,1709142536.291065405,1709142536.290386458,/rigid_bodies.rigidbodies[2].pose.position.x,0.8641906805424953
65.618130182,1709142536.301112326,1709142536.300647277,/rigid_bodies.rigidbodies[2].pose.position.x,0.8641403742513837
65.628536005,1709142536.311518149,1709142536.310943470,/rigid_bodies.rigidbodies[2].pose.position.x,0.8640953772320248
65.636477399,1709142536.319459543,1709142536.318938448,/rigid_bodies.rigidbodies[2].pose.position.x,0.8641131853048093
65.647610985,1709142536.330593129,1709142536.330084005,/rigid_bodies.rigidbodies[2].pose.position.x,0.8641155572811748
65.658217109,1709142536.341199253,1709142536.340804421,/rigid_bodies.rigidbodies[2].pose.position.x,0.8641247163829426
65.668406807,1709142536.351388951,1709142536.350830866,/rigid_bodies.rigidbodies[2].pose.position.x,0.8642145734343774
65.678304551,1709142536.361286695,1709142536.360642597,/rigid_bodies.rigidbodies[2].pose.position.x,0.8641714042393046
65.688474967,1709142536.371457111,1709142536.370934015,/rigid_bodies.rigidbodies[2].pose.position.x,0.8640958690098569
65.698691105,1709142536.381673249,1709142536.381005337,/rigid_bodies.rigidbodies[2].pose.position.x,0.8641267457420643
65.70863971200001,1709142536.391621856,1709142536.391015663,/rigid_bodies.rigidbodies[2].pose.position.x,0.8641635434670082
65.717948284,1709142536.400930428,1709142536.400426424,/rigid_bodies.rigidbodies[2].pose.position.x,0.8641051387017202
65.728188613,1709142536.411170757,1709142536.410547023,/rigid_bodies.rigidbodies[2].pose.position.x,0.864111525860349
65.738387206,1709142536.421369350,1709142536.420734010,/rigid_bodies.rigidbodies[2].pose.position.x,0.8641330599282887
65.748455197,1709142536.431437341,1709142536.431050801,/rigid_bodies.rigidbodies[2].pose.position.x,0.8641442018947113
65.758255688,1709142536.441237832,1709142536.440835594,/rigid_bodies.rigidbodies[2].pose.position.x,0.8641479111587105
65.768618818,1709142536.451600962,1709142536.451044428,/rigid_bodies.rigidbodies[2].pose.position.x,0.8641665004364574
65.777951431,1709142536.460933575,1709142536.460541816,/rigid_bodies.rigidbodies[2].pose.position.x,0.8641958669258095
65.788414731,1709142536.471396875,1709142536.470786784,/rigid_bodies.rigidbodies[2].pose.position.x,0.8641026448352792
65.797244083,1709142536.480226227,1709142536.479841760,/rigid_bodies.rigidbodies[2].pose.position.x,0.8640670293330943
65.807757029,1709142536.490739173,1709142536.490278019,/rigid_bodies.rigidbodies[2].pose.position.x,0.8641628200153881
65.81843877,1709142536.501420914,1709142536.500965649,/rigid_bodies.rigidbodies[2].pose.position.x,0.8641500141216316
65.828573854,1709142536.511555998,1709142536.510926117,/rigid_bodies.rigidbodies[2].pose.position.x,0.8640908244738432
65.837285195,1709142536.520267339,1709142536.519871428,/rigid_bodies.rigidbodies[2].pose.position.x,0.8641369974380707
65.848132234,1709142536.531114378,1709142536.530727685,/rigid_bodies.rigidbodies[2].pose.position.x,0.8641470805945829
65.857596409,1709142536.540578553,1709142536.540176027,/rigid_bodies.rigidbodies[2].pose.position.x,0.8641381217480996
65.868334306,1709142536.551316450,1709142536.550822851,/rigid_bodies.rigidbodies[2].pose.position.x,0.8641333838084646
65.877926036,1709142536.560908180,1709142536.560528494,/rigid_bodies.rigidbodies[2].pose.position.x,0.8641208343589399
65.888149508,1709142536.571131652,1709142536.570681769,/rigid_bodies.rigidbodies[2].pose.position.x,0.8640531141434038
65.89779034,1709142536.580772484,1709142536.580405929,/rigid_bodies.rigidbodies[2].pose.position.x,0.8640676511865145
65.907887399,1709142536.590869543,1709142536.590561608,/rigid_bodies.rigidbodies[2].pose.position.x,0.8641761355077909
65.91846391,1709142536.601446054,1709142536.600958817,/rigid_bodies.rigidbodies[2].pose.position.x,0.8641760188071775
65.927685695,1709142536.610667839,1709142536.610349928,/rigid_bodies.rigidbodies[2].pose.position.x,0.8641519844264608
65.938013121,1709142536.620995265,1709142536.620429677,/rigid_bodies.rigidbodies[2].pose.position.x,0.8640955462710554
65.948060445,1709142536.631042589,1709142536.630622395,/rigid_bodies.rigidbodies[2].pose.position.x,0.864127242141602
65.957986003,1709142536.640968147,1709142536.640541944,/rigid_bodies.rigidbodies[2].pose.position.x,0.8641474239082511
65.968001415,1709142536.650983559,1709142536.650531661,/rigid_bodies.rigidbodies[2].pose.position.x,0.8641584664922124
65.977815677,1709142536.660797821,1709142536.660498379,/rigid_bodies.rigidbodies[2].pose.position.x,0.8641621368733386
65.987852848,1709142536.670834992,1709142536.670513277,/rigid_bodies.rigidbodies[2].pose.position.x,0.8640979982349083
65.998132366,1709142536.681114510,1709142536.680615061,/rigid_bodies.rigidbodies[2].pose.position.x,0.8640553029584781
66.007943754,1709142536.690925898,1709142536.690514188,/rigid_bodies.rigidbodies[2].pose.position.x,0.8641699198166614
66.017982054,1709142536.700964198,1709142536.700556742,/rigid_bodies.rigidbodies[2].pose.position.x,0.8642305222973552
66.028075162,1709142536.711057306,1709142536.710500791,/rigid_bodies.rigidbodies[2].pose.position.x,0.8641130999102545
66.038145952,1709142536.721128096,1709142536.720644826,/rigid_bodies.rigidbodies[2].pose.position.x,0.8641070830663076
66.047913701,1709142536.730895845,1709142536.730430931,/rigid_bodies.rigidbodies[2].pose.position.x,0.8640973985791061
66.0580985,1709142536.741080644,1709142536.740615372,/rigid_bodies.rigidbodies[2].pose.position.x,0.864116748183781
66.068225292,1709142536.751207436,1709142536.750661771,/rigid_bodies.rigidbodies[2].pose.position.x,0.8641605197204971
66.078260988,1709142536.761243132,1709142536.760726355,/rigid_bodies.rigidbodies[2].pose.position.x,0.8641249034025188
66.088127409,1709142536.771109553,1709142536.770646361,/rigid_bodies.rigidbodies[2].pose.position.x,0.8640865148000101
66.09806105,1709142536.781043194,1709142536.780594266,/rigid_bodies.rigidbodies[2].pose.position.x,0.8641121686715516
66.107707202,1709142536.790689346,1709142536.790130550,/rigid_bodies.rigidbodies[2].pose.position.x,0.8641911109903075
66.118651813,1709142536.801633957,1709142536.801045894,/rigid_bodies.rigidbodies[2].pose.position.x,0.8641759007155986
66.12822305,1709142536.811205194,1709142536.810580374,/rigid_bodies.rigidbodies[2].pose.position.x,0.8641107254866595
66.138562849,1709142536.821544993,1709142536.820811094,/rigid_bodies.rigidbodies[2].pose.position.x,0.8640705001614286
66.148527438,1709142536.831509582,1709142536.831063736,/rigid_bodies.rigidbodies[2].pose.position.x,0.8641082006621041
66.157640982,1709142536.840623126,1709142536.840162664,/rigid_bodies.rigidbodies[2].pose.position.x,0.8641846870242018
66.16815783,1709142536.851139974,1709142536.850711148,/rigid_bodies.rigidbodies[2].pose.position.x,0.8641704604699799
66.178004172,1709142536.860986316,1709142536.860530861,/rigid_bodies.rigidbodies[2].pose.position.x,0.864189789034037
66.188368157,1709142536.871350301,1709142536.870736909,/rigid_bodies.rigidbodies[2].pose.position.x,0.8641443168124379
66.198095987,1709142536.881078131,1709142536.880597827,/rigid_bodies.rigidbodies[2].pose.position.x,0.8641237568119678
66.208060096,1709142536.891042240,1709142536.890642109,/rigid_bodies.rigidbodies[2].pose.position.x,0.8641503008903304
66.217933056,1709142536.900915200,1709142536.900427404,/rigid_bodies.rigidbodies[2].pose.position.x,0.8641574386587267
66.227870444,1709142536.910852588,1709142536.910445018,/rigid_bodies.rigidbodies[2].pose.position.x,0.8640903348181028
66.23822521,1709142536.921207354,1709142536.920806581,/rigid_bodies.rigidbodies[2].pose.position.x,0.8640687740115502
66.248249518,1709142536.931231662,1709142536.930655542,/rigid_bodies.rigidbodies[2].pose.position.x,0.8641080061247063
66.257887548,1709142536.940869692,1709142536.940304386,/rigid_bodies.rigidbodies[2].pose.position.x,0.8641761927746056
66.268355389,1709142536.951337533,1709142536.950890335,/rigid_bodies.rigidbodies[2].pose.position.x,0.8641811733908452
66.277885644,1709142536.960867788,1709142536.960284300,/rigid_bodies.rigidbodies[2].pose.position.x,0.8641785402185668
66.287665768,1709142536.970647912,1709142536.970126833,/rigid_bodies.rigidbodies[2].pose.position.x,0.8640916220541387
66.298117988,1709142536.981100132,1709142536.980647012,/rigid_bodies.rigidbodies[2].pose.position.x,0.8640833453417567
66.307914928,1709142536.990897072,1709142536.990486344,/rigid_bodies.rigidbodies[2].pose.position.x,0.8641679184681655
66.318396581,1709142537.001378725,1709142537.000735355,/rigid_bodies.rigidbodies[2].pose.position.x,0.8642038304267328
66.327727558,1709142537.010709702,1709142537.010172526,/rigid_bodies.rigidbodies[2].pose.position.x,0.8641582687912641
66.338107705,1709142537.021089849,1709142537.020579281,/rigid_bodies.rigidbodies[2].pose.position.x,0.8640693395911412
66.348495017,1709142537.031477161,1709142537.030939034,/rigid_bodies.rigidbodies[2].pose.position.x,0.8640444041965226
66.357712374,1709142537.040694518,1709142537.040307424,/rigid_bodies.rigidbodies[2].pose.position.x,0.8640941506690151
66.368319169,1709142537.051301313,1709142537.050830871,/rigid_bodies.rigidbodies[2].pose.position.x,0.8641664513544847
66.37799407,1709142537.060976214,1709142537.060445197,/rigid_bodies.rigidbodies[2].pose.position.x,0.8641756331430176
66.388031774,1709142537.071013918,1709142537.070513558,/rigid_bodies.rigidbodies[2].pose.position.x,0.8641167676142711
66.398389654,1709142537.081371798,1709142537.080741256,/rigid_bodies.rigidbodies[2].pose.position.x,0.8640151353829004
66.407859693,1709142537.090841837,1709142537.090304933,/rigid_bodies.rigidbodies[2].pose.position.x,0.8640964235012846
66.417903857,1709142537.100886001,1709142537.100645782,/rigid_bodies.rigidbodies[2].pose.position.x,0.864210844106694
66.427227881,1709142537.110210025,1709142537.110024373,/rigid_bodies.rigidbodies[2].pose.position.x,0.8641889245415704
66.437412273,1709142537.120394417,1709142537.120246697,/rigid_bodies.rigidbodies[2].pose.position.x,0.864111535072798
66.447491708,1709142537.130473852,1709142537.130122654,/rigid_bodies.rigidbodies[2].pose.position.x,0.8640803757795296
66.45813547,1709142537.141117614,1709142537.140554519,/rigid_bodies.rigidbodies[2].pose.position.x,0.8640987178373468
66.468402272,1709142537.151384416,1709142537.150815627,/rigid_bodies.rigidbodies[2].pose.position.x,0.8641222933653617
66.478379438,1709142537.161361582,1709142537.160895837,/rigid_bodies.rigidbodies[2].pose.position.x,0.8641885512851666
66.488531534,1709142537.171513678,1709142537.170953745,/rigid_bodies.rigidbodies[2].pose.position.x,0.8641678221090406
66.498503479,1709142537.181485623,1709142537.180792331,/rigid_bodies.rigidbodies[2].pose.position.x,0.8640647799874178
66.508297723,1709142537.191279867,1709142537.190733866,/rigid_bodies.rigidbodies[2].pose.position.x,0.864114994040265
66.518330047,1709142537.201312191,1709142537.200784079,/rigid_bodies.rigidbodies[2].pose.position.x,0.8641921622402022
66.528204349,1709142537.211186493,1709142537.210336315,/rigid_bodies.rigidbodies[2].pose.position.x,0.8641607784822009
66.538786589,1709142537.221768733,1709142537.221159523,/rigid_bodies.rigidbodies[2].pose.position.x,0.864108986326745
66.547178018,1709142537.230160162,1709142537.229777011,/rigid_bodies.rigidbodies[2].pose.position.x,0.8640598677383121
66.558166514,1709142537.241148658,1709142537.240696483,/rigid_bodies.rigidbodies[2].pose.position.x,0.8641122524528948
66.568398061,1709142537.251380205,1709142537.250903923,/rigid_bodies.rigidbodies[2].pose.position.x,0.86414487194656
66.578036359,1709142537.261018503,1709142537.260591800,/rigid_bodies.rigidbodies[2].pose.position.x,0.8641998648595803
66.588809437,1709142537.271791581,1709142537.271140843,/rigid_bodies.rigidbodies[2].pose.position.x,0.8641809451136687
66.598520892,1709142537.281503036,1709142537.280838649,/rigid_bodies.rigidbodies[2].pose.position.x,0.8640738833687874
66.607979487,1709142537.290961631,1709142537.290504468,/rigid_bodies.rigidbodies[2].pose.position.x,0.8640526019442536
66.618260202,1709142537.301242346,1709142537.300761662,/rigid_bodies.rigidbodies[2].pose.position.x,0.8641883745638209
66.626935326,1709142537.309917470,1709142537.309449531,/rigid_bodies.rigidbodies[2].pose.position.x,0.8642125491605788
66.638060297,1709142537.321042441,1709142537.320673941,/rigid_bodies.rigidbodies[2].pose.position.x,0.8641666990023116
66.648208537,1709142537.331190681,1709142537.330813230,/rigid_bodies.rigidbodies[2].pose.position.x,0.8641246816758268
66.658396929,1709142537.341379073,1709142537.340873191,/rigid_bodies.rigidbodies[2].pose.position.x,0.8641224959922785
66.667498666,1709142537.350480810,1709142537.350101488,/rigid_bodies.rigidbodies[2].pose.position.x,0.8641051295601725
66.67775128,1709142537.360733424,1709142537.360397686,/rigid_bodies.rigidbodies[2].pose.position.x,0.8642040223873966
66.688231128,1709142537.371213272,1709142537.370686856,/rigid_bodies.rigidbodies[2].pose.position.x,0.8642194324786127
66.698349328,1709142537.381331472,1709142537.380874769,/rigid_bodies.rigidbodies[2].pose.position.x,0.8641050508160948
66.708997413,1709142537.391979557,1709142537.391511113,/rigid_bodies.rigidbodies[2].pose.position.x,0.8640726247384032
66.717997237,1709142537.400979381,1709142537.400428696,/rigid_bodies.rigidbodies[2].pose.position.x,0.8641421091330544
66.72781635,1709142537.410798494,1709142537.410469995,/rigid_bodies.rigidbodies[2].pose.position.x,0.8641963238790313
66.737858006,1709142537.420840150,1709142537.420411527,/rigid_bodies.rigidbodies[2].pose.position.x,0.8641556134889599
66.748339239,1709142537.431321383,1709142537.430909868,/rigid_bodies.rigidbodies[2].pose.position.x,0.8641300291660056
66.757708644,1709142537.440690788,1709142537.440346965,/rigid_bodies.rigidbodies[2].pose.position.x,0.864135500965761
66.768875208,1709142537.451857352,1709142537.451260042,/rigid_bodies.rigidbodies[2].pose.position.x,0.864161177660806
66.778179946,1709142537.461162090,1709142537.460522142,/rigid_bodies.rigidbodies[2].pose.position.x,0.8642018466277078
66.788620271,1709142537.471602415,1709142537.471037785,/rigid_bodies.rigidbodies[2].pose.position.x,0.8642057556272329
66.798731728,1709142537.481713872,1709142537.480877392,/rigid_bodies.rigidbodies[2].pose.position.x,0.8641550040385205
66.808449258,1709142537.491431402,1709142537.490800438,/rigid_bodies.rigidbodies[2].pose.position.x,0.8641099616116533
66.817348434,1709142537.500330578,1709142537.499751558,/rigid_bodies.rigidbodies[2].pose.position.x,0.8641234347308201
66.828525352,1709142537.511507496,1709142537.510791885,/rigid_bodies.rigidbodies[2].pose.position.x,0.8641764925818646
66.838834221,1709142537.521816365,1709142537.521211114,/rigid_bodies.rigidbodies[2].pose.position.x,0.8641712826999136
66.848106239,1709142537.531088383,1709142537.530675416,/rigid_bodies.rigidbodies[2].pose.position.x,0.8641249248748016
66.85872457,1709142537.541706714,1709142537.540993116,/rigid_bodies.rigidbodies[2].pose.position.x,0.8641252985179831
66.868672831,1709142537.551654975,1709142537.551112551,/rigid_bodies.rigidbodies[2].pose.position.x,0.8641309537348066
66.878051488,1709142537.561033632,1709142537.560556482,/rigid_bodies.rigidbodies[2].pose.position.x,0.8642067353225127
66.888320446,1709142537.571302590,1709142537.570658710,/rigid_bodies.rigidbodies[2].pose.position.x,0.8642119682734203
66.898194104,1709142537.581176248,1709142537.580773086,/rigid_bodies.rigidbodies[2].pose.position.x,0.8641223306409538
66.907658025,1709142537.590640169,1709142537.590033996,/rigid_bodies.rigidbodies[2].pose.position.x,0.8640779644148394
66.918578385,1709142537.601560529,1709142537.600836408,/rigid_bodies.rigidbodies[2].pose.position.x,0.86415027321019
66.92383035,1709142537.606812494,1709142537.606184249,/rigid_bodies.rigidbodies[2].pose.position.x,0.8642199479967164
66.937863056,1709142537.620845200,1709142537.620208791,/rigid_bodies.rigidbodies[2].pose.position.x,0.8641894032715636
66.948217599,1709142537.631199743,1709142537.630600450,/rigid_bodies.rigidbodies[2].pose.position.x,0.8641370424985244
66.958712117,1709142537.641694261,1709142537.640954549,/rigid_bodies.rigidbodies[2].pose.position.x,0.8641042403375524
66.968183002,1709142537.651165146,1709142537.650614878,/rigid_bodies.rigidbodies[2].pose.position.x,0.8641296438277888
66.977998383,1709142537.660980527,1709142537.660375262,/rigid_bodies.rigidbodies[2].pose.position.x,0.8642018337862757
66.988472836,1709142537.671454980,1709142537.670785728,/rigid_bodies.rigidbodies[2].pose.position.x,0.8642140361020842
66.998042406,1709142537.681024550,1709142537.680513923,/rigid_bodies.rigidbodies[2].pose.position.x,0.864166002713644
67.007970496,1709142537.690952640,1709142537.690440073,/rigid_bodies.rigidbodies[2].pose.position.x,0.8640878668675028
67.018232997,1709142537.701215141,1709142537.700612136,/rigid_bodies.rigidbodies[2].pose.position.x,0.8641108407699806
67.027979169,1709142537.710961313,1709142537.710507563,/rigid_bodies.rigidbodies[2].pose.position.x,0.8641784009776371
67.038746307,1709142537.721728451,1709142537.720887748,/rigid_bodies.rigidbodies[2].pose.position.x,0.8641989464136316
67.048130453,1709142537.731112597,1709142537.730740735,/rigid_bodies.rigidbodies[2].pose.position.x,0.8641754517046881
67.057937558,1709142537.740919702,1709142537.740526108,/rigid_bodies.rigidbodies[2].pose.position.x,0.8641622184559226
67.068534013,1709142537.751516157,1709142537.750858100,/rigid_bodies.rigidbodies[2].pose.position.x,0.8641329470525779
67.078564636,1709142537.761546780,1709142537.760879901,/rigid_bodies.rigidbodies[2].pose.position.x,0.8641480574992682
67.087881533,1709142537.770863677,1709142537.770384674,/rigid_bodies.rigidbodies[2].pose.position.x,0.8642318249133413
67.098947566,1709142537.781929710,1709142537.781184272,/rigid_bodies.rigidbodies[2].pose.position.x,0.864157936529534
67.108337539,1709142537.791319683,1709142537.790579242,/rigid_bodies.rigidbodies[2].pose.position.x,0.8641123071804259
67.118608037,1709142537.801590181,1709142537.800887650,/rigid_bodies.rigidbodies[2].pose.position.x,0.8641312985614177
67.12811165,1709142537.811093794,1709142537.810486685,/rigid_bodies.rigidbodies[2].pose.position.x,0.8641279011061156
67.13852486,1709142537.821507004,1709142537.820846444,/rigid_bodies.rigidbodies[2].pose.position.x,0.8641168464757959
67.148462677,1709142537.831444821,1709142537.831098914,/rigid_bodies.rigidbodies[2].pose.position.x,0.8641148360029384
67.158379837,1709142537.841361981,1709142537.840925227,/rigid_bodies.rigidbodies[2].pose.position.x,0.8641639464786182
67.168157172,1709142537.851139316,1709142537.850642668,/rigid_bodies.rigidbodies[2].pose.position.x,0.864146864811568
67.178127023,1709142537.861109167,1709142537.860585374,/rigid_bodies.rigidbodies[2].pose.position.x,0.8641518309288461
67.188031244,1709142537.871013388,1709142537.870478496,/rigid_bodies.rigidbodies[2].pose.position.x,0.8641819478583999
67.199312682,1709142537.882294826,1709142537.881635727,/rigid_bodies.rigidbodies[2].pose.position.x,0.8641516937349224
67.208367001,1709142537.891349145,1709142537.890766847,/rigid_bodies.rigidbodies[2].pose.position.x,0.8641289643914246
67.218082024,1709142537.901064168,1709142537.900613551,/rigid_bodies.rigidbodies[2].pose.position.x,0.8641504264030087
67.227687499,1709142537.910669643,1709142537.910135043,/rigid_bodies.rigidbodies[2].pose.position.x,0.8641854932618979
67.237991502,1709142537.920973646,1709142537.920518885,/rigid_bodies.rigidbodies[2].pose.position.x,0.8641837928757419
67.247816361,1709142537.930798505,1709142537.930529475,/rigid_bodies.rigidbodies[2].pose.position.x,0.8641258222845912
67.257407189,1709142537.940389333,1709142537.940104886,/rigid_bodies.rigidbodies[2].pose.position.x,0.8641089384186379
67.268106649,1709142537.951088793,1709142537.950703117,/rigid_bodies.rigidbodies[2].pose.position.x,0.8641316989409765
67.277969855,1709142537.960951999,1709142537.960694690,/rigid_bodies.rigidbodies[2].pose.position.x,0.864138997290757
67.287912777,1709142537.970894921,1709142537.970656694,/rigid_bodies.rigidbodies[2].pose.position.x,0.8641661735946453
67.298402197,1709142537.981384341,1709142537.980878933,/rigid_bodies.rigidbodies[2].pose.position.x,0.8641621428327164
67.306979832,1709142537.989961976,1709142537.989715376,/rigid_bodies.rigidbodies[2].pose.position.x,0.8641011607016775
67.318219186,1709142538.001201330,1709142538.000816328,/rigid_bodies.rigidbodies[2].pose.position.x,0.8641420533372265
67.328065525,1709142538.011047669,1709142538.010590415,/rigid_bodies.rigidbodies[2].pose.position.x,0.864192389091842
67.337500841,1709142538.020482985,1709142538.020132071,/rigid_bodies.rigidbodies[2].pose.position.x,0.8641385265774804
67.348078891,1709142538.031061035,1709142538.030785795,/rigid_bodies.rigidbodies[2].pose.position.x,0.8641364910015288
67.357684208,1709142538.040666352,1709142538.040404833,/rigid_bodies.rigidbodies[2].pose.position.x,0.8641420660758435
67.367909328,1709142538.050891472,1709142538.050623005,/rigid_bodies.rigidbodies[2].pose.position.x,0.8641134447080299
67.377726859,1709142538.060709003,1709142538.060453020,/rigid_bodies.rigidbodies[2].pose.position.x,0.8641290940324662
67.387604241,1709142538.070586385,1709142538.070387992,/rigid_bodies.rigidbodies[2].pose.position.x,0.8641303678716183
67.397853078,1709142538.080835222,1709142538.080536202,/rigid_bodies.rigidbodies[2].pose.position.x,0.8641299685517992
67.406859279,1709142538.089841423,1709142538.089691842,/rigid_bodies.rigidbodies[2].pose.position.x,0.8641371078861115
67.417976049,1709142538.100958193,1709142538.100694373,/rigid_bodies.rigidbodies[2].pose.position.x,0.8641474774466219
67.427648166,1709142538.110630310,1709142538.110342521,/rigid_bodies.rigidbodies[2].pose.position.x,0.8641849651438015
67.438185512,1709142538.121167656,1709142538.120814759,/rigid_bodies.rigidbodies[2].pose.position.x,0.8641882325511115
67.448152733,1709142538.131134877,1709142538.130762951,/rigid_bodies.rigidbodies[2].pose.position.x,0.864144795966558
67.458200659,1709142538.141182803,1709142538.140652199,/rigid_bodies.rigidbodies[2].pose.position.x,0.8640919657070082
67.468288283,1709142538.151270427,1709142538.150673809,/rigid_bodies.rigidbodies[2].pose.position.x,0.8641442665703452
67.477888097,1709142538.160870241,1709142538.160467112,/rigid_bodies.rigidbodies[2].pose.position.x,0.8641589402714089
67.488428857,1709142538.171411001,1709142538.170953321,/rigid_bodies.rigidbodies[2].pose.position.x,0.8641438486890327
67.498677719,1709142538.181659863,1709142538.181105702,/rigid_bodies.rigidbodies[2].pose.position.x,0.8641666694443534
67.508038581,1709142538.191020725,1709142538.190563343,/rigid_bodies.rigidbodies[2].pose.position.x,0.8641329638613403
67.518238811,1709142538.201220955,1709142538.200678905,/rigid_bodies.rigidbodies[2].pose.position.x,0.8641542551888197
67.527609224,1709142538.210591368,1709142538.210058725,/rigid_bodies.rigidbodies[2].pose.position.x,0.8641681479652864
67.538184658,1709142538.221166802,1709142538.220566483,/rigid_bodies.rigidbodies[2].pose.position.x,0.8641490221973068
67.548026071,1709142538.231008215,1709142538.230589236,/rigid_bodies.rigidbodies[2].pose.position.x,0.8641028102640923
67.557646378,1709142538.240628522,1709142538.240262601,/rigid_bodies.rigidbodies[2].pose.position.x,0.8641151137444816
67.567988288,1709142538.250970432,1709142538.250630075,/rigid_bodies.rigidbodies[2].pose.position.x,0.864140237147143
67.577793697,1709142538.260775841,1709142538.260378311,/rigid_bodies.rigidbodies[2].pose.position.x,0.8641382408989584
67.588187993,1709142538.271170137,1709142538.270645856,/rigid_bodies.rigidbodies[2].pose.position.x,0.864171184728257
67.598454681,1709142538.281436825,1709142538.280853997,/rigid_bodies.rigidbodies[2].pose.position.x,0.8641829832120376
67.608132871,1709142538.291115015,1709142538.290587967,/rigid_bodies.rigidbodies[2].pose.position.x,0.8641784455180688
67.61864445,1709142538.301626594,1709142538.301026250,/rigid_bodies.rigidbodies[2].pose.position.x,0.8641199352864729
67.628239259,1709142538.311221403,1709142538.310643894,/rigid_bodies.rigidbodies[2].pose.position.x,0.8641224164541514
67.638224138,1709142538.321206282,1709142538.320738703,/rigid_bodies.rigidbodies[2].pose.position.x,0.8641400275330746
67.647921013,1709142538.330903157,1709142538.330421005,/rigid_bodies.rigidbodies[2].pose.position.x,0.864141757514259
67.658429275,1709142538.341411419,1709142538.340892238,/rigid_bodies.rigidbodies[2].pose.position.x,0.8641094939787368
67.66803523,1709142538.351017374,1709142538.350605453,/rigid_bodies.rigidbodies[2].pose.position.x,0.8641729265620283
67.678007379,1709142538.360989523,1709142538.360500472,/rigid_bodies.rigidbodies[2].pose.position.x,0.8641343122981358
67.688195733,1709142538.371177877,1709142538.370883714,/rigid_bodies.rigidbodies[2].pose.position.x,0.8641608505620012
67.698966026,1709142538.381948170,1709142538.381559679,/rigid_bodies.rigidbodies[2].pose.position.x,0.8641755877272128
67.70803219,1709142538.391014334,1709142538.390568649,/rigid_bodies.rigidbodies[2].pose.position.x,0.8641216852099248
67.718402382,1709142538.401384526,1709142538.400773821,/rigid_bodies.rigidbodies[2].pose.position.x,0.8641063742080582
67.728203495,1709142538.411185639,1709142538.410643104,/rigid_bodies.rigidbodies[2].pose.position.x,0.8641270913351866
67.738026341,1709142538.421008485,1709142538.420639661,/rigid_bodies.rigidbodies[2].pose.position.x,0.8641679649148808
67.748463615,1709142538.431445759,1709142538.431086711,/rigid_bodies.rigidbodies[2].pose.position.x,0.8641532490845939
67.758190783,1709142538.441172927,1709142538.440732144,/rigid_bodies.rigidbodies[2].pose.position.x,0.8641160412201172
67.767647244,1709142538.450629388,1709142538.450284827,/rigid_bodies.rigidbodies[2].pose.position.x,0.8641428135652313
67.777876849,1709142538.460858993,1709142538.460450972,/rigid_bodies.rigidbodies[2].pose.position.x,0.8641860976728276
67.788336772,1709142538.471318916,1709142538.470832472,/rigid_bodies.rigidbodies[2].pose.position.x,0.86418370553392
67.798121988,1709142538.481104132,1709142538.480746069,/rigid_bodies.rigidbodies[2].pose.position.x,0.8641237984006527
67.808815815,1709142538.491797959,1709142538.491259308,/rigid_bodies.rigidbodies[2].pose.position.x,0.8640862189175543
67.818009106,1709142538.500991250,1709142538.500499760,/rigid_bodies.rigidbodies[2].pose.position.x,0.8641138741075408
67.827987823,1709142538.510969967,1709142538.510535757,/rigid_bodies.rigidbodies[2].pose.position.x,0.8641611826083445
67.838724452,1709142538.521706596,1709142538.521165150,/rigid_bodies.rigidbodies[2].pose.position.x,0.8641689258758112
67.847547758,1709142538.530529902,1709142538.530234846,/rigid_bodies.rigidbodies[2].pose.position.x,0.8641473849350813
67.858066282,1709142538.541048426,1709142538.540537841,/rigid_bodies.rigidbodies[2].pose.position.x,0.8640571003442078
67.868431659,1709142538.551413803,1709142538.550874589,/rigid_bodies.rigidbodies[2].pose.position.x,0.8641056599080138
67.877772066,1709142538.560754210,1709142538.560287070,/rigid_bodies.rigidbodies[2].pose.position.x,0.8642026006590954
67.887576726,1709142538.570558870,1709142538.570214863,/rigid_bodies.rigidbodies[2].pose.position.x,0.8641953654094604
67.898688986,1709142538.581671130,1709142538.581356381,/rigid_bodies.rigidbodies[2].pose.position.x,0.8641461385106398
67.907905155,1709142538.590887299,1709142538.590444822,/rigid_bodies.rigidbodies[2].pose.position.x,0.8641013025852776
67.917742609,1709142538.600724753,1709142538.600350209,/rigid_bodies.rigidbodies[2].pose.position.x,0.8641120833829298
67.928217735,1709142538.611199879,1709142538.610851470,/rigid_bodies.rigidbodies[2].pose.position.x,0.8641564773806314
67.93743343,1709142538.620415574,1709142538.620050258,/rigid_bodies.rigidbodies[2].pose.position.x,0.8642158115871431
67.948794017,1709142538.631776161,1709142538.631354386,/rigid_bodies.rigidbodies[2].pose.position.x,0.8641604354235554
67.958121369,1709142538.641103513,1709142538.640599557,/rigid_bodies.rigidbodies[2].pose.position.x,0.8640840672862917
67.967994694,1709142538.650976838,1709142538.650500350,/rigid_bodies.rigidbodies[2].pose.position.x,0.864086237784753
67.977857785,1709142538.660839929,1709142538.660408004,/rigid_bodies.rigidbodies[2].pose.position.x,0.8641379624725927
67.987721389,1709142538.670703533,1709142538.670215392,/rigid_bodies.rigidbodies[2].pose.position.x,0.8641596215685032
67.998406251,1709142538.681388395,1709142538.680927301,/rigid_bodies.rigidbodies[2].pose.position.x,0.864161940727644
68.007507937,1709142538.690490081,1709142538.690251663,/rigid_bodies.rigidbodies[2].pose.position.x,0.8641498817967507
68.017931051,1709142538.700913195,1709142538.700523753,/rigid_bodies.rigidbodies[2].pose.position.x,0.8641339777058586
68.028689444,1709142538.711671588,1709142538.711058935,/rigid_bodies.rigidbodies[2].pose.position.x,0.8641102147571508
68.038513795,1709142538.721495939,1709142538.721000355,/rigid_bodies.rigidbodies[2].pose.position.x,0.864168455695469
68.048648416,1709142538.731630560,1709142538.731017916,/rigid_bodies.rigidbodies[2].pose.position.x,0.8641862088663843
68.058498993,1709142538.741481137,1709142538.740978309,/rigid_bodies.rigidbodies[2].pose.position.x,0.8641251278061084
68.06842807,1709142538.751410214,1709142538.750837213,/rigid_bodies.rigidbodies[2].pose.position.x,0.8640760088091082
68.078433953,1709142538.761416097,1709142538.760766001,/rigid_bodies.rigidbodies[2].pose.position.x,0.8641545995536799
68.088491101,1709142538.771473245,1709142538.770962091,/rigid_bodies.rigidbodies[2].pose.position.x,0.8642013314315508
68.098548954,1709142538.781531098,1709142538.781065770,/rigid_bodies.rigidbodies[2].pose.position.x,0.8641628568542531
68.108029896,1709142538.791012040,1709142538.790567073,/rigid_bodies.rigidbodies[2].pose.position.x,0.8641403074584487
68.118357607,1709142538.801339751,1709142538.800812121,/rigid_bodies.rigidbodies[2].pose.position.x,0.8641343966845194
68.128088768,1709142538.811070912,1709142538.810315692,/rigid_bodies.rigidbodies[2].pose.position.x,0.8641222740946292
68.138224071,1709142538.821206215,1709142538.820662579,/rigid_bodies.rigidbodies[2].pose.position.x,0.8641267144707243
68.148345639,1709142538.831327783,1709142538.830919582,/rigid_bodies.rigidbodies[2].pose.position.x,0.8641857902286364
68.158094655,1709142538.841076799,1709142538.840611904,/rigid_bodies.rigidbodies[2].pose.position.x,0.864172225393608
68.168028585,1709142538.851010729,1709142538.850584274,/rigid_bodies.rigidbodies[2].pose.position.x,0.8641219965917697
68.177784811,1709142538.860766955,1709142538.860321092,/rigid_bodies.rigidbodies[2].pose.position.x,0.8641561253741571
68.188237301,1709142538.871219445,1709142538.870703051,/rigid_bodies.rigidbodies[2].pose.position.x,0.864210029122958
68.198504793,1709142538.881486937,1709142538.880939899,/rigid_bodies.rigidbodies[2].pose.position.x,0.8641547247522597
68.207983042,1709142538.890965186,1709142538.890440263,/rigid_bodies.rigidbodies[2].pose.position.x,0.864115890179057
68.217994211,1709142538.900976355,1709142538.900467920,/rigid_bodies.rigidbodies[2].pose.position.x,0.864146192080805
68.228066125,1709142538.911048269,1709142538.910595253,/rigid_bodies.rigidbodies[2].pose.position.x,0.864182199641518
68.237996907,1709142538.920979051,1709142538.920371756,/rigid_bodies.rigidbodies[2].pose.position.x,0.8641456118879818
68.248113173,1709142538.931095317,1709142538.930775207,/rigid_bodies.rigidbodies[2].pose.position.x,0.8641567800798599
68.257708183,1709142538.940690327,1709142538.940327782,/rigid_bodies.rigidbodies[2].pose.position.x,0.8641415770633075
68.268177183,1709142538.951159327,1709142538.950674635,/rigid_bodies.rigidbodies[2].pose.position.x,0.8641067464253213
68.277725862,1709142538.960708006,1709142538.960296746,/rigid_bodies.rigidbodies[2].pose.position.x,0.8641438208065061
68.287956222,1709142538.970938366,1709142538.970540796,/rigid_bodies.rigidbodies[2].pose.position.x,0.8642055453016471
68.297862397,1709142538.980844541,1709142538.980276310,/rigid_bodies.rigidbodies[2].pose.position.x,0.8641424152036092
68.308101181,1709142538.991083325,1709142538.990625343,/rigid_bodies.rigidbodies[2].pose.position.x,0.8641006765870936
68.317620838,1709142539.000602982,1709142539.000210639,/rigid_bodies.rigidbodies[2].pose.position.x,0.8641334070975301
68.327763567,1709142539.010745711,1709142539.010173696,/rigid_bodies.rigidbodies[2].pose.position.x,0.8641867709334388
68.338618779,1709142539.021600923,1709142539.020980652,/rigid_bodies.rigidbodies[2].pose.position.x,0.8641801341499363
68.348460014,1709142539.031442158,1709142539.031047696,/rigid_bodies.rigidbodies[2].pose.position.x,0.8641661660467885
68.357991633,1709142539.040973777,1709142539.040486802,/rigid_bodies.rigidbodies[2].pose.position.x,0.8641482677584376
68.368269906,1709142539.051252050,1709142539.050800644,/rigid_bodies.rigidbodies[2].pose.position.x,0.8640868202520162
68.377998214,1709142539.060980358,1709142539.060479128,/rigid_bodies.rigidbodies[2].pose.position.x,0.8641359242891617
68.388482596,1709142539.071464740,1709142539.070801839,/rigid_bodies.rigidbodies[2].pose.position.x,0.8641821692063797
68.398344123,1709142539.081326267,1709142539.080756577,/rigid_bodies.rigidbodies[2].pose.position.x,0.8641633096947225
68.409321161,1709142539.092303305,1709142539.091810981,/rigid_bodies.rigidbodies[2].pose.position.x,0.8641504399547809
68.418979168,1709142539.101961312,1709142539.101251541,/rigid_bodies.rigidbodies[2].pose.position.x,0.864159482218867
68.428144188,1709142539.111126332,1709142539.110447145,/rigid_bodies.rigidbodies[2].pose.position.x,0.8641237070061676
68.437926254,1709142539.120908398,1709142539.120513329,/rigid_bodies.rigidbodies[2].pose.position.x,0.8641252327990951
68.443443966,1709142539.126426110,1709142539.125989425,/rigid_bodies.rigidbodies[2].pose.position.x,0.8641730313602151
68.457883723,1709142539.140865867,1709142539.140321226,/rigid_bodies.rigidbodies[2].pose.position.x,0.8641581543084956
68.467999423,1709142539.150981567,1709142539.150384730,/rigid_bodies.rigidbodies[2].pose.position.x,0.8641162828806387
68.477958814,1709142539.160940958,1709142539.160474338,/rigid_bodies.rigidbodies[2].pose.position.x,0.864146896876307
68.488302434,1709142539.171284578,1709142539.170673301,/rigid_bodies.rigidbodies[2].pose.position.x,0.8641695973076422
68.498767977,1709142539.181750121,1709142539.181305163,/rigid_bodies.rigidbodies[2].pose.position.x,0.8641227345235104
68.507302509,1709142539.190284653,1709142539.189688128,/rigid_bodies.rigidbodies[2].pose.position.x,0.8641106677087994
68.51825746,1709142539.201239604,1709142539.200777987,/rigid_bodies.rigidbodies[2].pose.position.x,0.8641929144728726
68.52757549,1709142539.210557634,1709142539.210235868,/rigid_bodies.rigidbodies[2].pose.position.x,0.8641270084082211
68.538236379,1709142539.221218523,1709142539.220717211,/rigid_bodies.rigidbodies[2].pose.position.x,0.8640962339204228
68.548303123,1709142539.231285267,1709142539.230817699,/rigid_bodies.rigidbodies[2].pose.position.x,0.8641593578113193
68.558245763,1709142539.241227907,1709142539.240789486,/rigid_bodies.rigidbodies[2].pose.position.x,0.8641701351133955
68.568226445,1709142539.251208589,1709142539.250747064,/rigid_bodies.rigidbodies[2].pose.position.x,0.8641039960570233
68.578155737,1709142539.261137881,1709142539.260636825,/rigid_bodies.rigidbodies[2].pose.position.x,0.8641073340093343
68.588470955,1709142539.271453099,1709142539.270970605,/rigid_bodies.rigidbodies[2].pose.position.x,0.864138509868731
68.598145127,1709142539.281127271,1709142539.280690617,/rigid_bodies.rigidbodies[2].pose.position.x,0.8641248969858712
68.608408788,1709142539.291390932,1709142539.290870162,/rigid_bodies.rigidbodies[2].pose.position.x,0.8641514908805062
68.618230587,1709142539.301212731,1709142539.300792131,/rigid_bodies.rigidbodies[2].pose.position.x,0.8641861560738963
68.627293059,1709142539.310275203,1709142539.309902417,/rigid_bodies.rigidbodies[2].pose.position.x,0.864167861153712
68.639435876,1709142539.322418020,1709142539.321782590,/rigid_bodies.rigidbodies[2].pose.position.x,0.8640983610259239
68.64801447400001,1709142539.330996618,1709142539.330658831,/rigid_bodies.rigidbodies[2].pose.position.x,0.8641466756358157
68.657761052,1709142539.340743196,1709142539.340305937,/rigid_bodies.rigidbodies[2].pose.position.x,0.8641930961454575
68.668012729,1709142539.350994873,1709142539.350241242,/rigid_bodies.rigidbodies[2].pose.position.x,0.8641122173533834
68.677457796,1709142539.360439940,1709142539.359927638,/rigid_bodies.rigidbodies[2].pose.position.x,0.8641246026656624
68.688235652,1709142539.371217796,1709142539.370643412,/rigid_bodies.rigidbodies[2].pose.position.x,0.8641751790445847
68.698885545,1709142539.381867689,1709142539.381251200,/rigid_bodies.rigidbodies[2].pose.position.x,0.8641228830092014
68.708427411,1709142539.391409555,1709142539.390847132,/rigid_bodies.rigidbodies[2].pose.position.x,0.8641074747425054
68.718108488,1709142539.401090632,1709142539.400582408,/rigid_bodies.rigidbodies[2].pose.position.x,0.8641680326026118
68.727933268,1709142539.410915412,1709142539.410197653,/rigid_bodies.rigidbodies[2].pose.position.x,0.8641795831975948
68.738069045,1709142539.421051189,1709142539.420590334,/rigid_bodies.rigidbodies[2].pose.position.x,0.8640973199473349
68.748096832,1709142539.431078976,1709142539.430723103,/rigid_bodies.rigidbodies[2].pose.position.x,0.8641254765805261
68.758107327,1709142539.441089471,1709142539.440611975,/rigid_bodies.rigidbodies[2].pose.position.x,0.8641857398696797
68.768162591,1709142539.451144735,1709142539.450730929,/rigid_bodies.rigidbodies[2].pose.position.x,0.8641010467073369
68.777881327,1709142539.460863471,1709142539.460429578,/rigid_bodies.rigidbodies[2].pose.position.x,0.8641352903762055
68.788262734,1709142539.471244878,1709142539.470792861,/rigid_bodies.rigidbodies[2].pose.position.x,0.8641977996026208
68.798414641,1709142539.481396785,1709142539.480795535,/rigid_bodies.rigidbodies[2].pose.position.x,0.864154045502797
68.808316181,1709142539.491298325,1709142539.490816889,/rigid_bodies.rigidbodies[2].pose.position.x,0.8641010719429014
68.817369975,1709142539.500352119,1709142539.499852033,/rigid_bodies.rigidbodies[2].pose.position.x,0.8641425761423503
68.828385498,1709142539.511367642,1709142539.510740413,/rigid_bodies.rigidbodies[2].pose.position.x,0.8641763879628521
68.838456728,1709142539.521438872,1709142539.520957679,/rigid_bodies.rigidbodies[2].pose.position.x,0.8641394864605082
68.848047635,1709142539.531029779,1709142539.530592320,/rigid_bodies.rigidbodies[2].pose.position.x,0.8641313970361227
68.858147758,1709142539.541129902,1709142539.540713167,/rigid_bodies.rigidbodies[2].pose.position.x,0.864140446514904
68.867427001,1709142539.550409145,1709142539.549975740,/rigid_bodies.rigidbodies[2].pose.position.x,0.8641138667536171
68.877296874,1709142539.560279018,1709142539.559706029,/rigid_bodies.rigidbodies[2].pose.position.x,0.8641434496283624
68.888014677,1709142539.570996821,1709142539.570407679,/rigid_bodies.rigidbodies[2].pose.position.x,0.8642131851185172
68.89795509,1709142539.580937234,1709142539.580501977,/rigid_bodies.rigidbodies[2].pose.position.x,0.8641494975235329
68.908257445,1709142539.591239589,1709142539.590649701,/rigid_bodies.rigidbodies[2].pose.position.x,0.8640834825749424
68.918095304,1709142539.601077448,1709142539.600623085,/rigid_bodies.rigidbodies[2].pose.position.x,0.8641339667572339
68.927754521,1709142539.610736665,1709142539.610255572,/rigid_bodies.rigidbodies[2].pose.position.x,0.8641929398433584
68.938493719,1709142539.621475863,1709142539.620850893,/rigid_bodies.rigidbodies[2].pose.position.x,0.8641705311205116
68.948180354,1709142539.631162498,1709142539.630727457,/rigid_bodies.rigidbodies[2].pose.position.x,0.8641503043742477
68.95782292,1709142539.640805064,1709142539.640356031,/rigid_bodies.rigidbodies[2].pose.position.x,0.8641481426369333
68.968418336,1709142539.651400480,1709142539.650813422,/rigid_bodies.rigidbodies[2].pose.position.x,0.8641252274794937
68.977935434,1709142539.660917578,1709142539.660426844,/rigid_bodies.rigidbodies[2].pose.position.x,0.8640600692893877
68.98825042,1709142539.671232564,1709142539.670769213,/rigid_bodies.rigidbodies[2].pose.position.x,0.8641511279446555
68.999005434,1709142539.681987578,1709142539.681468759,/rigid_bodies.rigidbodies[2].pose.position.x,0.864218954405764
69.00842421,1709142539.691406354,1709142539.690825431,/rigid_bodies.rigidbodies[2].pose.position.x,0.8640786389815297
69.018273104,1709142539.701255248,1709142539.700779723,/rigid_bodies.rigidbodies[2].pose.position.x,0.8641134307199463
69.028208732,1709142539.711190876,1709142539.710744341,/rigid_bodies.rigidbodies[2].pose.position.x,0.8641793566931518
69.038564163,1709142539.721546307,1709142539.721026761,/rigid_bodies.rigidbodies[2].pose.position.x,0.8641481754827538
69.0481617,1709142539.731143844,1709142539.730709934,/rigid_bodies.rigidbodies[2].pose.position.x,0.8641186928906357
69.05821776,1709142539.741199904,1709142539.740810693,/rigid_bodies.rigidbodies[2].pose.position.x,0.8641357035674437
69.068172714,1709142539.751154858,1709142539.750733622,/rigid_bodies.rigidbodies[2].pose.position.x,0.8641713529974734
69.077965938,1709142539.760948082,1709142539.760512696,/rigid_bodies.rigidbodies[2].pose.position.x,0.864150191726896
69.08842713,1709142539.771409274,1709142539.770748222,/rigid_bodies.rigidbodies[2].pose.position.x,0.8641798412568663
69.098705988,1709142539.781688132,1709142539.781044084,/rigid_bodies.rigidbodies[2].pose.position.x,0.8641772969053928
69.108070908,1709142539.791053052,1709142539.790619144,/rigid_bodies.rigidbodies[2].pose.position.x,0.8641235352486774
69.11857922,1709142539.801561364,1709142539.800957270,/rigid_bodies.rigidbodies[2].pose.position.x,0.8641578871767672
69.12814017,1709142539.811122314,1709142539.810623407,/rigid_bodies.rigidbodies[2].pose.position.x,0.8642145244039698
69.138232485,1709142539.821214629,1709142539.820800868,/rigid_bodies.rigidbodies[2].pose.position.x,0.8641466542495873
69.148482017,1709142539.831464161,1709142539.830901714,/rigid_bodies.rigidbodies[2].pose.position.x,0.864088020904273
69.158336122,1709142539.841318266,1709142539.840954249,/rigid_bodies.rigidbodies[2].pose.position.x,0.8641246175280156
69.16843385,1709142539.851415994,1709142539.850951291,/rigid_bodies.rigidbodies[2].pose.position.x,0.8641682561714715
69.177702708,1709142539.860684852,1709142539.860030674,/rigid_bodies.rigidbodies[2].pose.position.x,0.864164926927019
69.188871289,1709142539.871853433,1709142539.871092852,/rigid_bodies.rigidbodies[2].pose.position.x,0.8641819439683753
69.198768646,1709142539.881750790,1709142539.881163320,/rigid_bodies.rigidbodies[2].pose.position.x,0.8642037764351905
69.208073067,1709142539.891055211,1709142539.890543236,/rigid_bodies.rigidbodies[2].pose.position.x,0.8641062901011588
69.218487925,1709142539.901470069,1709142539.900844142,/rigid_bodies.rigidbodies[2].pose.position.x,0.864063336743745
69.227703663,1709142539.910685807,1709142539.910193307,/rigid_bodies.rigidbodies[2].pose.position.x,0.8641943597877727
69.238178785,1709142539.921160929,1709142539.920754003,/rigid_bodies.rigidbodies[2].pose.position.x,0.8642207622105488
69.248664052,1709142539.931646196,1709142539.931186328,/rigid_bodies.rigidbodies[2].pose.position.x,0.86416076450182
69.258119797,1709142539.941101941,1709142539.940612910,/rigid_bodies.rigidbodies[2].pose.position.x,0.8641510071399072
69.268532874,1709142539.951515018,1709142539.950978339,/rigid_bodies.rigidbodies[2].pose.position.x,0.8641407774749409
69.278681822,1709142539.961663966,1709142539.961187170,/rigid_bodies.rigidbodies[2].pose.position.x,0.8641530646805993
69.28829832,1709142539.971280464,1709142539.970771732,/rigid_bodies.rigidbodies[2].pose.position.x,0.8641497670112319
69.297976368,1709142539.980958512,1709142539.980549828,/rigid_bodies.rigidbodies[2].pose.position.x,0.8641391756389457
69.308506965,1709142539.991489109,1709142539.991016080,/rigid_bodies.rigidbodies[2].pose.position.x,0.8641025713885294
69.318239867,1709142540.001222011,1709142540.000625948,/rigid_bodies.rigidbodies[2].pose.position.x,0.8641290746545618
69.327512751,1709142540.010494895,1709142540.009985465,/rigid_bodies.rigidbodies[2].pose.position.x,0.8641964724294674
69.338525465,1709142540.021507609,1709142540.020799021,/rigid_bodies.rigidbodies[2].pose.position.x,0.8642249040879652
69.347955322,1709142540.030937466,1709142540.030531551,/rigid_bodies.rigidbodies[2].pose.position.x,0.864132151562208
69.357646905,1709142540.040629049,1709142540.040405581,/rigid_bodies.rigidbodies[2].pose.position.x,0.8641366744561704
69.367569181,1709142540.050551325,1709142540.050328112,/rigid_bodies.rigidbodies[2].pose.position.x,0.8641596675853794
69.377255653,1709142540.060237797,1709142540.059998085,/rigid_bodies.rigidbodies[2].pose.position.x,0.8641273395301546
69.387764388,1709142540.070746532,1709142540.070544363,/rigid_bodies.rigidbodies[2].pose.position.x,0.8641516683355808
69.398056528,1709142540.081038672,1709142540.080717409,/rigid_bodies.rigidbodies[2].pose.position.x,0.8641912638253187
69.407701118,1709142540.090683262,1709142540.090418881,/rigid_bodies.rigidbodies[2].pose.position.x,0.8641377214072525
69.417706546,1709142540.100688690,1709142540.100460125,/rigid_bodies.rigidbodies[2].pose.position.x,0.8640881667175141
69.427264186,1709142540.110246330,1709142540.110040694,/rigid_bodies.rigidbodies[2].pose.position.x,0.8641419760196721
69.437902117,1709142540.120884261,1709142540.120562211,/rigid_bodies.rigidbodies[2].pose.position.x,0.8642378296453105
69.448464729,1709142540.131446873,1709142540.131072477,/rigid_bodies.rigidbodies[2].pose.position.x,0.864153822153088
69.458172249,1709142540.141154393,1709142540.140669073,/rigid_bodies.rigidbodies[2].pose.position.x,0.8641240493767854
69.468485408,1709142540.151467552,1709142540.150855408,/rigid_bodies.rigidbodies[2].pose.position.x,0.8641002075855515
69.478034015,1709142540.161016159,1709142540.160591399,/rigid_bodies.rigidbodies[2].pose.position.x,0.8641070155038006
69.488198442,1709142540.171180586,1709142540.170648201,/rigid_bodies.rigidbodies[2].pose.position.x,0.8641220642142514
69.498485482,1709142540.181467626,1709142540.180849158,/rigid_bodies.rigidbodies[2].pose.position.x,0.8642046993227143
69.508238604,1709142540.191220748,1709142540.190644622,/rigid_bodies.rigidbodies[2].pose.position.x,0.8641856633738324
69.517951344,1709142540.200933488,1709142540.200402866,/rigid_bodies.rigidbodies[2].pose.position.x,0.8640917714502038
69.527180044,1709142540.210162188,1709142540.209712647,/rigid_bodies.rigidbodies[2].pose.position.x,0.8641064438780051
69.53842236,1709142540.221404504,1709142540.220878453,/rigid_bodies.rigidbodies[2].pose.position.x,0.8641360840872889
69.547709946,1709142540.230692090,1709142540.230383238,/rigid_bodies.rigidbodies[2].pose.position.x,0.8641244254109866
69.558274655,1709142540.241256799,1709142540.240764651,/rigid_bodies.rigidbodies[2].pose.position.x,0.8641296688131082
69.567795189,1709142540.250777333,1709142540.250277888,/rigid_bodies.rigidbodies[2].pose.position.x,0.864157234573337
69.578088991,1709142540.261071135,1709142540.260530376,/rigid_bodies.rigidbodies[2].pose.position.x,0.8641638381782255
69.588864267,1709142540.271846411,1709142540.271159249,/rigid_bodies.rigidbodies[2].pose.position.x,0.8641855183804786
69.598487337,1709142540.281469481,1709142540.280833129,/rigid_bodies.rigidbodies[2].pose.position.x,0.8642070772401085
69.607896091,1709142540.290878235,1709142540.290490631,/rigid_bodies.rigidbodies[2].pose.position.x,0.8641922404380235
69.618187594,1709142540.301169738,1709142540.300558884,/rigid_bodies.rigidbodies[2].pose.position.x,0.8641445161004664
69.628623622,1709142540.311605766,1709142540.311001534,/rigid_bodies.rigidbodies[2].pose.position.x,0.8641374117894441
69.63870925,1709142540.321691394,1709142540.321131664,/rigid_bodies.rigidbodies[2].pose.position.x,0.8641649596133033
69.647952506,1709142540.330934650,1709142540.330548398,/rigid_bodies.rigidbodies[2].pose.position.x,0.8641369276477019
69.658136354,1709142540.341118498,1709142540.340753204,/rigid_bodies.rigidbodies[2].pose.position.x,0.8641167721771278
69.668076684,1709142540.351058828,1709142540.350687132,/rigid_bodies.rigidbodies[2].pose.position.x,0.8641474673700844
69.677471573,1709142540.360453717,1709142540.360098211,/rigid_bodies.rigidbodies[2].pose.position.x,0.864140252134849
69.688355215,1709142540.371337359,1709142540.370908537,/rigid_bodies.rigidbodies[2].pose.position.x,0.8641824788831117
69.698902096,1709142540.381884240,1709142540.381513947,/rigid_bodies.rigidbodies[2].pose.position.x,0.8641857999426489
69.707418228,1709142540.390400372,1709142540.390131776,/rigid_bodies.rigidbodies[2].pose.position.x,0.8641236648809048
69.71765906,1709142540.400641204,1709142540.400235672,/rigid_bodies.rigidbodies[2].pose.position.x,0.8640623212511889
69.727343538,1709142540.410325682,1709142540.409881171,/rigid_bodies.rigidbodies[2].pose.position.x,0.8641169559027179
69.738550973,1709142540.421533117,1709142540.421150851,/rigid_bodies.rigidbodies[2].pose.position.x,0.8641793799463939
69.748199024,1709142540.431181168,1709142540.430840852,/rigid_bodies.rigidbodies[2].pose.position.x,0.8641674747514079
69.757745372,1709142540.440727516,1709142540.440306956,/rigid_bodies.rigidbodies[2].pose.position.x,0.8641757971338537
69.768017074,1709142540.450999218,1709142540.450578833,/rigid_bodies.rigidbodies[2].pose.position.x,0.8641514546062168
69.777556255,1709142540.460538399,1709142540.460370559,/rigid_bodies.rigidbodies[2].pose.position.x,0.8641228647837361
69.788239204,1709142540.471221348,1709142540.470720198,/rigid_bodies.rigidbodies[2].pose.position.x,0.8641230104430446
69.799006504,1709142540.481988648,1709142540.481406029,/rigid_bodies.rigidbodies[2].pose.position.x,0.8641843159045133
69.807830563,1709142540.490812707,1709142540.490363547,/rigid_bodies.rigidbodies[2].pose.position.x,0.8641800189551669
69.818078546,1709142540.501060690,1709142540.500641180,/rigid_bodies.rigidbodies[2].pose.position.x,0.8640942514295873
69.828304956,1709142540.511287100,1709142540.510616981,/rigid_bodies.rigidbodies[2].pose.position.x,0.8641097797664583
69.837658629,1709142540.520640773,1709142540.520203148,/rigid_bodies.rigidbodies[2].pose.position.x,0.864198534659936
69.848110849,1709142540.531092993,1709142540.530737983,/rigid_bodies.rigidbodies[2].pose.position.x,0.8641893989996672
69.85805043,1709142540.541032574,1709142540.540534307,/rigid_bodies.rigidbodies[2].pose.position.x,0.8641649866418717
69.868361337,1709142540.551343481,1709142540.550899067,/rigid_bodies.rigidbodies[2].pose.position.x,0.8641594218440489
69.877865417,1709142540.560847561,1709142540.560429528,/rigid_bodies.rigidbodies[2].pose.position.x,0.8641365900347908
69.888100426,1709142540.571082570,1709142540.570484298,/rigid_bodies.rigidbodies[2].pose.position.x,0.8641021077969941
69.898327938,1709142540.581310082,1709142540.580700846,/rigid_bodies.rigidbodies[2].pose.position.x,0.864167771003276
69.90799085,1709142540.590972994,1709142540.590620031,/rigid_bodies.rigidbodies[2].pose.position.x,0.864175719770699
69.918548597,1709142540.601530741,1709142540.600991392,/rigid_bodies.rigidbodies[2].pose.position.x,0.8640994892849894
69.927957021,1709142540.610939165,1709142540.610420480,/rigid_bodies.rigidbodies[2].pose.position.x,0.8641263049038409
69.938072981,1709142540.621055125,1709142540.620607542,/rigid_bodies.rigidbodies[2].pose.position.x,0.8641987699442985
69.948160266,1709142540.631142410,1709142540.630781778,/rigid_bodies.rigidbodies[2].pose.position.x,0.8641593969087389
69.958023651,1709142540.641005795,1709142540.640606944,/rigid_bodies.rigidbodies[2].pose.position.x,0.8641257189749834
69.96809923,1709142540.651081374,1709142540.650719583,/rigid_bodies.rigidbodies[2].pose.position.x,0.8641517560883282
69.977670859,1709142540.660653003,1709142540.660254811,/rigid_bodies.rigidbodies[2].pose.position.x,0.8640984840285054
69.988066147,1709142540.671048291,1709142540.670716224,/rigid_bodies.rigidbodies[2].pose.position.x,0.8640810417151223
69.997874478,1709142540.680856622,1709142540.680517585,/rigid_bodies.rigidbodies[2].pose.position.x,0.8641446546470541
70.007782237,1709142540.690764381,1709142540.690277927,/rigid_bodies.rigidbodies[2].pose.position.x,0.8641895371108199
70.017825735,1709142540.700807879,1709142540.700580084,/rigid_bodies.rigidbodies[2].pose.position.x,0.8641368097645495
70.027850073,1709142540.710832217,1709142540.710500455,/rigid_bodies.rigidbodies[2].pose.position.x,0.8641067263469903
70.037024057,1709142540.720006201,1709142540.719787225,/rigid_bodies.rigidbodies[2].pose.position.x,0.8641881032516174
70.048180744,1709142540.731162888,1709142540.730815110,/rigid_bodies.rigidbodies[2].pose.position.x,0.8641681141877227
70.058130057,1709142540.741112201,1709142540.740513397,/rigid_bodies.rigidbodies[2].pose.position.x,0.864122637853888
70.068330708,1709142540.751312852,1709142540.750800484,/rigid_bodies.rigidbodies[2].pose.position.x,0.8641186524978668
70.078301559,1709142540.761283703,1709142540.760691076,/rigid_bodies.rigidbodies[2].pose.position.x,0.8641056166079113
70.088303347,1709142540.771285491,1709142540.770758725,/rigid_bodies.rigidbodies[2].pose.position.x,0.8640809248849524
70.097926795,1709142540.780908939,1709142540.780446267,/rigid_bodies.rigidbodies[2].pose.position.x,0.8641621398328988
70.107871203,1709142540.790853347,1709142540.790397754,/rigid_bodies.rigidbodies[2].pose.position.x,0.8642234236140056
70.117961945,1709142540.800944089,1709142540.800374526,/rigid_bodies.rigidbodies[2].pose.position.x,0.8641312357748092
70.128029817,1709142540.811011961,1709142540.810517741,/rigid_bodies.rigidbodies[2].pose.position.x,0.8641160265786869
70.13856802,1709142540.821550164,1709142540.820909951,/rigid_bodies.rigidbodies[2].pose.position.x,0.8641612924009737
70.148248503,1709142540.831230647,1709142540.830883413,/rigid_bodies.rigidbodies[2].pose.position.x,0.8641335090094494
70.157851914,1709142540.840834058,1709142540.840430744,/rigid_bodies.rigidbodies[2].pose.position.x,0.8640939342594127
70.167987471,1709142540.850969615,1709142540.850572483,/rigid_bodies.rigidbodies[2].pose.position.x,0.8641587798345314
70.178169435,1709142540.861151579,1709142540.860616285,/rigid_bodies.rigidbodies[2].pose.position.x,0.8641456027555535
70.188266024,1709142540.871248168,1709142540.870726006,/rigid_bodies.rigidbodies[2].pose.position.x,0.8641220515994019
70.19812806,1709142540.881110204,1709142540.880750659,/rigid_bodies.rigidbodies[2].pose.position.x,0.8641393793136555
70.208330572,1709142540.891312716,1709142540.890691244,/rigid_bodies.rigidbodies[2].pose.position.x,0.8641608867207409
70.218360709,1709142540.901342853,1709142540.900773312,/rigid_bodies.rigidbodies[2].pose.position.x,0.8641202157382961
70.227868597,1709142540.910850741,1709142540.910468227,/rigid_bodies.rigidbodies[2].pose.position.x,0.864083497624137
70.238460118,1709142540.921442262,1709142540.920675951,/rigid_bodies.rigidbodies[2].pose.position.x,0.8641427945323464
70.248834131,1709142540.931816275,1709142540.931434735,/rigid_bodies.rigidbodies[2].pose.position.x,0.8641697161472033
70.257984302,1709142540.940966446,1709142540.940592817,/rigid_bodies.rigidbodies[2].pose.position.x,0.8641243998865121
70.268782171,1709142540.951764315,1709142540.951299323,/rigid_bodies.rigidbodies[2].pose.position.x,0.8641598152680626
70.277683208,1709142540.960665352,1709142540.960293322,/rigid_bodies.rigidbodies[2].pose.position.x,0.8641763417446504
70.28812103,1709142540.971103174,1709142540.970659225,/rigid_bodies.rigidbodies[2].pose.position.x,0.8641520995134852
70.298520961,1709142540.981503105,1709142540.980942013,/rigid_bodies.rigidbodies[2].pose.position.x,0.8641559964597054
70.307783194,1709142540.990765338,1709142540.990321857,/rigid_bodies.rigidbodies[2].pose.position.x,0.8641964118565865
70.31852576,1709142541.001507904,1709142541.000961154,/rigid_bodies.rigidbodies[2].pose.position.x,0.8641463078927936
70.327965635,1709142541.010947779,1709142541.010574214,/rigid_bodies.rigidbodies[2].pose.position.x,0.8640879472849841
70.338023292,1709142541.021005436,1709142541.020702105,/rigid_bodies.rigidbodies[2].pose.position.x,0.8641441530275736
70.347946439,1709142541.030928583,1709142541.030654395,/rigid_bodies.rigidbodies[2].pose.position.x,0.8641620952285669
70.357708857,1709142541.040691001,1709142541.040376222,/rigid_bodies.rigidbodies[2].pose.position.x,0.8641460730125116
70.367831755,1709142541.050813899,1709142541.050527109,/rigid_bodies.rigidbodies[2].pose.position.x,0.8641704034490529
70.378114454,1709142541.061096598,1709142541.060777641,/rigid_bodies.rigidbodies[2].pose.position.x,0.864172571460416
70.388190558,1709142541.071172702,1709142541.070862104,/rigid_bodies.rigidbodies[2].pose.position.x,0.8641435934419605
70.398677449,1709142541.081659593,1709142541.081201461,/rigid_bodies.rigidbodies[2].pose.position.x,0.8641022919740057
70.408122051,1709142541.091104195,1709142541.090758013,/rigid_bodies.rigidbodies[2].pose.position.x,0.8641182989668984
70.418258791,1709142541.101240935,1709142541.100929567,/rigid_bodies.rigidbodies[2].pose.position.x,0.8641330384255056
70.427665511,1709142541.110647655,1709142541.110321316,/rigid_bodies.rigidbodies[2].pose.position.x,0.8640888171734274
70.438238373,1709142541.121220517,1709142541.120767104,/rigid_bodies.rigidbodies[2].pose.position.x,0.8641063769033912
70.448389019,1709142541.131371163,1709142541.130922769,/rigid_bodies.rigidbodies[2].pose.position.x,0.8641954998654362
70.457858682,1709142541.140840826,1709142541.140394915,/rigid_bodies.rigidbodies[2].pose.position.x,0.8641817601050138
70.468435884,1709142541.151418028,1709142541.150981654,/rigid_bodies.rigidbodies[2].pose.position.x,0.8641336254034238
70.473838736,1709142541.156820880,1709142541.156235703,/rigid_bodies.rigidbodies[2].pose.position.x,0.864165900080364
70.488072726,1709142541.171054870,1709142541.170632190,/rigid_bodies.rigidbodies[2].pose.position.x,0.8641539148963251
70.498589937,1709142541.181572081,1709142541.181190495,/rigid_bodies.rigidbodies[2].pose.position.x,0.8641389132020909
70.508413716,1709142541.191395860,1709142541.190799544,/rigid_bodies.rigidbodies[2].pose.position.x,0.8641713808439051
70.517682146,1709142541.200664290,1709142541.200219370,/rigid_bodies.rigidbodies[2].pose.position.x,0.8641680602701163
70.528029808,1709142541.211011952,1709142541.210620683,/rigid_bodies.rigidbodies[2].pose.position.x,0.8641293524156035
70.538416666,1709142541.221398810,1709142541.220951134,/rigid_bodies.rigidbodies[2].pose.position.x,0.8641651334136136
70.548119423,1709142541.231101567,1709142541.230804851,/rigid_bodies.rigidbodies[2].pose.position.x,0.8641857579349825
70.557644099,1709142541.240626243,1709142541.240222136,/rigid_bodies.rigidbodies[2].pose.position.x,0.8641523561430785
70.568139348,1709142541.251121492,1709142541.250724960,/rigid_bodies.rigidbodies[2].pose.position.x,0.8641185101708009
70.577866816,1709142541.260848960,1709142541.260500790,/rigid_bodies.rigidbodies[2].pose.position.x,0.8641182875364054
70.588509669,1709142541.271491813,1709142541.270971064,/rigid_bodies.rigidbodies[2].pose.position.x,0.8641308530302013
70.598443484,1709142541.281425628,1709142541.280935993,/rigid_bodies.rigidbodies[2].pose.position.x,0.8641699902833964
70.60798464,1709142541.290966784,1709142541.290502481,/rigid_bodies.rigidbodies[2].pose.position.x,0.8641757632239052
70.61812,1709142541.301102144,1709142541.300713793,/rigid_bodies.rigidbodies[2].pose.position.x,0.8641620361474027
70.627934575,1709142541.310916719,1709142541.310484363,/rigid_bodies.rigidbodies[2].pose.position.x,0.8641044377491334
70.638481879,1709142541.321464023,1709142541.320928679,/rigid_bodies.rigidbodies[2].pose.position.x,0.8641372297986806
70.648075975,1709142541.331058119,1709142541.330704576,/rigid_bodies.rigidbodies[2].pose.position.x,0.8641901068827778
70.658097197,1709142541.341079341,1709142541.340454090,/rigid_bodies.rigidbodies[2].pose.position.x,0.8641745758537732
70.668413869,1709142541.351396013,1709142541.350780300,/rigid_bodies.rigidbodies[2].pose.position.x,0.8640796272174088
70.677477294,1709142541.360459438,1709142541.360019449,/rigid_bodies.rigidbodies[2].pose.position.x,0.8641175945746477
70.688760787,1709142541.371742931,1709142541.371025818,/rigid_bodies.rigidbodies[2].pose.position.x,0.8641353096936295
70.69907126,1709142541.382053404,1709142541.381493458,/rigid_bodies.rigidbodies[2].pose.position.x,0.8641304921032582
70.708574031,1709142541.391556175,1709142541.391023110,/rigid_bodies.rigidbodies[2].pose.position.x,0.8641826007157263
70.718909244,1709142541.401891388,1709142541.401163282,/rigid_bodies.rigidbodies[2].pose.position.x,0.864178800211538
70.728218747,1709142541.411200891,1709142541.410648786,/rigid_bodies.rigidbodies[2].pose.position.x,0.8641298680517664
70.738056486,1709142541.421038630,1709142541.420551110,/rigid_bodies.rigidbodies[2].pose.position.x,0.8641429963172235
70.747894442,1709142541.430876586,1709142541.430447665,/rigid_bodies.rigidbodies[2].pose.position.x,0.8641921083084142
70.758185773,1709142541.441167917,1709142541.440701932,/rigid_bodies.rigidbodies[2].pose.position.x,0.8641405991775684
70.768009506,1709142541.450991650,1709142541.450605297,/rigid_bodies.rigidbodies[2].pose.position.x,0.8641327095485464
70.77805672,1709142541.461038864,1709142541.460525115,/rigid_bodies.rigidbodies[2].pose.position.x,0.8641583728967039
70.788573145,1709142541.471555289,1709142541.470931151,/rigid_bodies.rigidbodies[2].pose.position.x,0.8641561357612021
70.798458044,1709142541.481440188,1709142541.480956286,/rigid_bodies.rigidbodies[2].pose.position.x,0.864135676894324
70.808430422,1709142541.491412566,1709142541.490885224,/rigid_bodies.rigidbodies[2].pose.position.x,0.8641569143101087
70.818475116,1709142541.501457260,1709142541.500857480,/rigid_bodies.rigidbodies[2].pose.position.x,0.8642045611869656
70.827808494,1709142541.510790638,1709142541.510272729,/rigid_bodies.rigidbodies[2].pose.position.x,0.8641101116716499
70.838142867,1709142541.521125011,1709142541.520626477,/rigid_bodies.rigidbodies[2].pose.position.x,0.8640596883580398
70.848288884,1709142541.531271028,1709142541.530754451,/rigid_bodies.rigidbodies[2].pose.position.x,0.8641724309051385
70.857977135,1709142541.540959279,1709142541.540674302,/rigid_bodies.rigidbodies[2].pose.position.x,0.8642034967848137
70.86840086,1709142541.551383004,1709142541.550894155,/rigid_bodies.rigidbodies[2].pose.position.x,0.8641343984721725
70.877227629,1709142541.560209773,1709142541.559702243,/rigid_bodies.rigidbodies[2].pose.position.x,0.8641182527391476
70.887679442,1709142541.570661586,1709142541.570260584,/rigid_bodies.rigidbodies[2].pose.position.x,0.8641433024223651
70.898255024,1709142541.581237168,1709142541.580724326,/rigid_bodies.rigidbodies[2].pose.position.x,0.8641405153697324
70.908255888,1709142541.591238032,1709142541.590656418,/rigid_bodies.rigidbodies[2].pose.position.x,0.8641618337987699
70.918264534,1709142541.601246678,1709142541.600759683,/rigid_bodies.rigidbodies[2].pose.position.x,0.8642017038009507
70.927606156,1709142541.610588300,1709142541.610197266,/rigid_bodies.rigidbodies[2].pose.position.x,0.8641381993242832
70.938102198,1709142541.621084342,1709142541.620667025,/rigid_bodies.rigidbodies[2].pose.position.x,0.8640310632117468
70.948200928,1709142541.631183072,1709142541.630865872,/rigid_bodies.rigidbodies[2].pose.position.x,0.8641294001350432
70.95836799,1709142541.641350134,1709142541.640988726,/rigid_bodies.rigidbodies[2].pose.position.x,0.8642125700437706
70.968101927,1709142541.651084071,1709142541.650651819,/rigid_bodies.rigidbodies[2].pose.position.x,0.8641925112988998
70.97854466,1709142541.661526804,1709142541.661049633,/rigid_bodies.rigidbodies[2].pose.position.x,0.864157845444441
70.988086575,1709142541.671068719,1709142541.670387252,/rigid_bodies.rigidbodies[2].pose.position.x,0.8641636961468738
70.998142104,1709142541.681124248,1709142541.680668133,/rigid_bodies.rigidbodies[2].pose.position.x,0.8641315314459618
71.008247352,1709142541.691229496,1709142541.690632907,/rigid_bodies.rigidbodies[2].pose.position.x,0.8641468940546192
71.018610728,1709142541.701592872,1709142541.700993919,/rigid_bodies.rigidbodies[2].pose.position.x,0.8641709446984538
71.028052142,1709142541.711034286,1709142541.710623252,/rigid_bodies.rigidbodies[2].pose.position.x,0.8640997205864023
71.038276549,1709142541.721258693,1709142541.720719742,/rigid_bodies.rigidbodies[2].pose.position.x,0.864076479091083
71.048340058,1709142541.731322202,1709142541.731094495,/rigid_bodies.rigidbodies[2].pose.position.x,0.8641555649735552
71.057525201,1709142541.740507345,1709142541.740256912,/rigid_bodies.rigidbodies[2].pose.position.x,0.8642365785989861
71.067754675,1709142541.750736819,1709142541.750445682,/rigid_bodies.rigidbodies[2].pose.position.x,0.8642342221530921
71.077317752,1709142541.760299896,1709142541.760067009,/rigid_bodies.rigidbodies[2].pose.position.x,0.8641418610423313
71.087372739,1709142541.770354883,1709142541.770136361,/rigid_bodies.rigidbodies[2].pose.position.x,0.8640926827092674
71.098016043,1709142541.780998187,1709142541.780744827,/rigid_bodies.rigidbodies[2].pose.position.x,0.8641126838292396
71.106833607,1709142541.789815751,1709142541.789670501,/rigid_bodies.rigidbodies[2].pose.position.x,0.8641328338812659
71.117680166,1709142541.800662310,1709142541.800443913,/rigid_bodies.rigidbodies[2].pose.position.x,0.8641945187810741
71.127506782,1709142541.810488926,1709142541.810193902,/rigid_bodies.rigidbodies[2].pose.position.x,0.8641495308171999
71.138022481,1709142541.821004625,1709142541.820519497,/rigid_bodies.rigidbodies[2].pose.position.x,0.8641015182164956
71.148479485,1709142541.831461629,1709142541.831023698,/rigid_bodies.rigidbodies[2].pose.position.x,0.864113417986753
71.157886503,1709142541.840868647,1709142541.840396666,/rigid_bodies.rigidbodies[2].pose.position.x,0.864186356876214
71.167810496,1709142541.850792640,1709142541.850238875,/rigid_bodies.rigidbodies[2].pose.position.x,0.8641986733301688
71.177741097,1709142541.860723241,1709142541.860229647,/rigid_bodies.rigidbodies[2].pose.position.x,0.8641525791339792
71.188101181,1709142541.871083325,1709142541.870643435,/rigid_bodies.rigidbodies[2].pose.position.x,0.864119280676873
71.19798101,1709142541.880963154,1709142541.880522583,/rigid_bodies.rigidbodies[2].pose.position.x,0.8640989442567197
71.208401176,1709142541.891383320,1709142541.890779195,/rigid_bodies.rigidbodies[2].pose.position.x,0.8641415060546629
71.217900086,1709142541.900882230,1709142541.900263269,/rigid_bodies.rigidbodies[2].pose.position.x,0.8642214703138466
71.227910931,1709142541.910893075,1709142541.910276765,/rigid_bodies.rigidbodies[2].pose.position.x,0.8642114011742313
71.238587559,1709142541.921569703,1709142541.920950547,/rigid_bodies.rigidbodies[2].pose.position.x,0.8641326533492198
71.248389706,1709142541.931371850,1709142541.931080471,/rigid_bodies.rigidbodies[2].pose.position.x,0.8641030646428667
71.25332997,1709142541.936312114,1709142541.935988844,/rigid_bodies.rigidbodies[2].pose.position.x,0.8641838906714244
71.263551552,1709142541.946533696,1709142541.946118332,/rigid_bodies.rigidbodies[2].pose.position.x,0.8642122358778219
71.278219146,1709142541.961201290,1709142541.960742688,/rigid_bodies.rigidbodies[2].pose.position.x,0.8641757125911426
71.288540704,1709142541.971522848,1709142541.971043353,/rigid_bodies.rigidbodies[2].pose.position.x,0.8640989295056446
71.298594258,1709142541.981576402,1709142541.981088632,/rigid_bodies.rigidbodies[2].pose.position.x,0.8640704218759095
71.308663727,1709142541.991645871,1709142541.991225250,/rigid_bodies.rigidbodies[2].pose.position.x,0.8641531576438556
71.318106353,1709142542.001088497,1709142542.000754146,/rigid_bodies.rigidbodies[2].pose.position.x,0.8642331558208858
71.328354554,1709142542.011336698,1709142542.010817252,/rigid_bodies.rigidbodies[2].pose.position.x,0.8642447422072034
71.337839868,1709142542.020822012,1709142542.020388291,/rigid_bodies.rigidbodies[2].pose.position.x,0.8641400855121156
71.348238172,1709142542.031220316,1709142542.030850343,/rigid_bodies.rigidbodies[2].pose.position.x,0.8640425997334055
71.357792971,1709142542.040775115,1709142542.040417635,/rigid_bodies.rigidbodies[2].pose.position.x,0.8641159259386101
71.368031599,1709142542.051013743,1709142542.050731693,/rigid_bodies.rigidbodies[2].pose.position.x,0.8642065830308755
71.377531253,1709142542.060513397,1709142542.060296412,/rigid_bodies.rigidbodies[2].pose.position.x,0.8642059786434463
71.386985985,1709142542.069968129,1709142542.069651592,/rigid_bodies.rigidbodies[2].pose.position.x,0.864143372492735
71.398036988,1709142542.081019132,1709142542.080682352,/rigid_bodies.rigidbodies[2].pose.position.x,0.8640831710957483
71.40703054,1709142542.090012684,1709142542.089869785,/rigid_bodies.rigidbodies[2].pose.position.x,0.8641079131931375
71.418711908,1709142542.101694052,1709142542.101402825,/rigid_bodies.rigidbodies[2].pose.position.x,0.864211593512804
71.427218846,1709142542.110200990,1709142542.110110571,/rigid_bodies.rigidbodies[2].pose.position.x,0.8642607183702152
71.437878572,1709142542.120860716,1709142542.120722391,/rigid_bodies.rigidbodies[2].pose.position.x,0.8641355082625788
71.44831086,1709142542.131293004,1709142542.131181541,/rigid_bodies.rigidbodies[2].pose.position.x,0.8640161417962107
71.457735472,1709142542.140717616,1709142542.140618273,/rigid_bodies.rigidbodies[2].pose.position.x,0.8640850247190978
71.467693714,1709142542.150675858,1709142542.150345115,/rigid_bodies.rigidbodies[2].pose.position.x,0.8641942366301407
71.47777277,1709142542.160754914,1709142542.160477508,/rigid_bodies.rigidbodies[2].pose.position.x,0.8642388539487784
71.48849346,1709142542.171475604,1709142542.171049405,/rigid_bodies.rigidbodies[2].pose.position.x,0.8641410916843427
71.498497656,1709142542.181479800,1709142542.181175690,/rigid_bodies.rigidbodies[2].pose.position.x,0.8640694309760526
71.507877342,1709142542.190859486,1709142542.190576513,/rigid_bodies.rigidbodies[2].pose.position.x,0.8640875016544236
71.518220814,1709142542.201202958,1709142542.200853332,/rigid_bodies.rigidbodies[2].pose.position.x,0.8641732218275023
71.527578139,1709142542.210560283,1709142542.210266132,/rigid_bodies.rigidbodies[2].pose.position.x,0.8642714730936149
71.537951141,1709142542.220933285,1709142542.220687378,/rigid_bodies.rigidbodies[2].pose.position.x,0.8641747785983048
71.548429302,1709142542.231411446,1709142542.230897934,/rigid_bodies.rigidbodies[2].pose.position.x,0.8640017981148074
71.557961444,1709142542.240943588,1709142542.240405983,/rigid_bodies.rigidbodies[2].pose.position.x,0.8640451969992746
71.56783878,1709142542.250820924,1709142542.250446470,/rigid_bodies.rigidbodies[2].pose.position.x,0.864223325037814
71.577678297,1709142542.260660441,1709142542.260240555,/rigid_bodies.rigidbodies[2].pose.position.x,0.8642662769950654
71.58809043,1709142542.271072574,1709142542.270595136,/rigid_bodies.rigidbodies[2].pose.position.x,0.8642021254320669
71.598163495,1709142542.281145639,1709142542.280747420,/rigid_bodies.rigidbodies[2].pose.position.x,0.8640652305260651
71.608205811,1709142542.291187955,1709142542.290659813,/rigid_bodies.rigidbodies[2].pose.position.x,0.8640223378446203
71.618309359,1709142542.301291503,1709142542.300808119,/rigid_bodies.rigidbodies[2].pose.position.x,0.8641366484736637
71.627618474,1709142542.310600618,1709142542.310044389,/rigid_bodies.rigidbodies[2].pose.position.x,0.8642446585064224
71.638064609,1709142542.321046753,1709142542.320509839,/rigid_bodies.rigidbodies[2].pose.position.x,0.8642119109580241
71.648473645,1709142542.331455789,1709142542.330959319,/rigid_bodies.rigidbodies[2].pose.position.x,0.8640729954975672
71.658004549,1709142542.340986693,1709142542.340454981,/rigid_bodies.rigidbodies[2].pose.position.x,0.8640431094782726
71.668126795,1709142542.351108939,1709142542.350630722,/rigid_bodies.rigidbodies[2].pose.position.x,0.864162854114006
71.677783868,1709142542.360766012,1709142542.360270528,/rigid_bodies.rigidbodies[2].pose.position.x,0.8642591433573753
71.688379793,1709142542.371361937,1709142542.370786649,/rigid_bodies.rigidbodies[2].pose.position.x,0.8641998098229823
71.698873404,1709142542.381855548,1709142542.381313548,/rigid_bodies.rigidbodies[2].pose.position.x,0.8640529162782586
71.708308816,1709142542.391290960,1709142542.390661961,/rigid_bodies.rigidbodies[2].pose.position.x,0.8640424875012549
71.718178429,1709142542.401160573,1709142542.400681841,/rigid_bodies.rigidbodies[2].pose.position.x,0.8641501520668194
71.727927781,1709142542.410909925,1709142542.410330686,/rigid_bodies.rigidbodies[2].pose.position.x,0.864242288323797
71.738286606,1709142542.421268750,1709142542.420703572,/rigid_bodies.rigidbodies[2].pose.position.x,0.8642181214171968
71.748428902,1709142542.431411046,1709142542.431151405,/rigid_bodies.rigidbodies[2].pose.position.x,0.8640823368106205
71.758433743,1709142542.441415887,1709142542.440926302,/rigid_bodies.rigidbodies[2].pose.position.x,0.8640295364289934
71.768520603,1709142542.451502747,1709142542.451052525,/rigid_bodies.rigidbodies[2].pose.position.x,0.8641643779168836
71.777916184,1709142542.460898328,1709142542.460465245,/rigid_bodies.rigidbodies[2].pose.position.x,0.8642559826647086
71.78897036,1709142542.471952504,1709142542.471334762,/rigid_bodies.rigidbodies[2].pose.position.x,0.8641898135762197
71.798042772,1709142542.481024916,1709142542.480570514,/rigid_bodies.rigidbodies[2].pose.position.x,0.8641108905609496
71.808436567,1709142542.491418711,1709142542.490941529,/rigid_bodies.rigidbodies[2].pose.position.x,0.8640652635407537
71.818366966,1709142542.501349110,1709142542.500834257,/rigid_bodies.rigidbodies[2].pose.position.x,0.8641256640680308
71.828366571,1709142542.511348715,1709142542.510853575,/rigid_bodies.rigidbodies[2].pose.position.x,0.8642373414250045
71.838229083,1709142542.521211227,1709142542.520810376,/rigid_bodies.rigidbodies[2].pose.position.x,0.864242458686861
71.84867166,1709142542.531653804,1709142542.531202972,/rigid_bodies.rigidbodies[2].pose.position.x,0.86413586579521
71.858210389,1709142542.541192533,1709142542.540647522,/rigid_bodies.rigidbodies[2].pose.position.x,0.8640101113224249
71.868640695,1709142542.551622839,1709142542.551046815,/rigid_bodies.rigidbodies[2].pose.position.x,0.8640802343729796
71.87817193,1709142542.561154074,1709142542.560774999,/rigid_bodies.rigidbodies[2].pose.position.x,0.8642263444892141
71.888177589,1709142542.571159733,1709142542.570766248,/rigid_bodies.rigidbodies[2].pose.position.x,0.8642497844772495
71.89823574,1709142542.581217884,1709142542.580729657,/rigid_bodies.rigidbodies[2].pose.position.x,0.8641035573487195
71.908098049,1709142542.591080193,1709142542.590513353,/rigid_bodies.rigidbodies[2].pose.position.x,0.8640312292758785
71.918670198,1709142542.601652342,1709142542.601059891,/rigid_bodies.rigidbodies[2].pose.position.x,0.8640918184885596
71.928183916,1709142542.611166060,1709142542.610672453,/rigid_bodies.rigidbodies[2].pose.position.x,0.8642267078848584
71.938220144,1709142542.621202288,1709142542.620640335,/rigid_bodies.rigidbodies[2].pose.position.x,0.8642905007206332
71.948170052,1709142542.631152196,1709142542.630711703,/rigid_bodies.rigidbodies[2].pose.position.x,0.8641709638568364
71.957691644,1709142542.640673788,1709142542.640404915,/rigid_bodies.rigidbodies[2].pose.position.x,0.8640058888471314
71.967839727,1709142542.650821871,1709142542.650629778,/rigid_bodies.rigidbodies[2].pose.position.x,0.8640227299615175
71.977354259,1709142542.660336403,1709142542.660131385,/rigid_bodies.rigidbodies[2].pose.position.x,0.8642018438123165
71.988070846,1709142542.671052990,1709142542.670717419,/rigid_bodies.rigidbodies[2].pose.position.x,0.8642861234750904
71.998478595,1709142542.681460739,1709142542.680940994,/rigid_bodies.rigidbodies[2].pose.position.x,0.8641838119556059
72.008521894,1709142542.691504038,1709142542.690933818,/rigid_bodies.rigidbodies[2].pose.position.x,0.8640837499703061
72.018511554,1709142542.701493698,1709142542.700949743,/rigid_bodies.rigidbodies[2].pose.position.x,0.8640945193734185
72.028327935,1709142542.711310079,1709142542.710849091,/rigid_bodies.rigidbodies[2].pose.position.x,0.8642028534332825
72.037990522,1709142542.720972666,1709142542.720695762,/rigid_bodies.rigidbodies[2].pose.position.x,0.8643012236390366
72.048137408,1709142542.731119552,1709142542.730904322,/rigid_bodies.rigidbodies[2].pose.position.x,0.8642254578280334
72.057389444,1709142542.740371588,1709142542.740140994,/rigid_bodies.rigidbodies[2].pose.position.x,0.8640474949363939
72.067881096,1709142542.750863240,1709142542.750651480,/rigid_bodies.rigidbodies[2].pose.position.x,0.8640323016756126
72.077754692,1709142542.760736836,1709142542.760470838,/rigid_bodies.rigidbodies[2].pose.position.x,0.8642088415486427
72.088045452,1709142542.771027596,1709142542.770734949,/rigid_bodies.rigidbodies[2].pose.position.x,0.8643386782938165
72.098508179,1709142542.781490323,1709142542.781097793,/rigid_bodies.rigidbodies[2].pose.position.x,0.8642301741628597
72.108298038,1709142542.791280182,1709142542.790753802,/rigid_bodies.rigidbodies[2].pose.position.x,0.8640603870418654
72.117716364,1709142542.800698508,1709142542.800489421,/rigid_bodies.rigidbodies[2].pose.position.x,0.8640148301555981
72.127902108,1709142542.810884252,1709142542.810646450,/rigid_bodies.rigidbodies[2].pose.position.x,0.8641006024344736
72.137988104,1709142542.820970248,1709142542.820471514,/rigid_bodies.rigidbodies[2].pose.position.x,0.8641936124233631
72.148469424,1709142542.831451568,1709142542.830926739,/rigid_bodies.rigidbodies[2].pose.position.x,0.8642056214902136
72.158050812,1709142542.841032956,1709142542.840448481,/rigid_bodies.rigidbodies[2].pose.position.x,0.8640802893310534
72.168049173,1709142542.851031317,1709142542.850608221,/rigid_bodies.rigidbodies[2].pose.position.x,0.8640764669198941
72.177979811,1709142542.860961955,1709142542.860585363,/rigid_bodies.rigidbodies[2].pose.position.x,0.864231992015498
72.188425648,1709142542.871407792,1709142542.870840808,/rigid_bodies.rigidbodies[2].pose.position.x,0.8643453131561915
72.198831006,1709142542.881813150,1709142542.881221067,/rigid_bodies.rigidbodies[2].pose.position.x,0.864286781398483
72.208063183,1709142542.891045327,1709142542.890563864,/rigid_bodies.rigidbodies[2].pose.position.x,0.8641058712683564
72.219184718,1709142542.902166862,1709142542.901438432,/rigid_bodies.rigidbodies[2].pose.position.x,0.8640038647699231
72.228631858,1709142542.911614002,1709142542.910867034,/rigid_bodies.rigidbodies[2].pose.position.x,0.8640666358225316
72.238446444,1709142542.921428588,1709142542.920902497,/rigid_bodies.rigidbodies[2].pose.position.x,0.864241148061815
72.248815422,1709142542.931797566,1709142542.931195866,/rigid_bodies.rigidbodies[2].pose.position.x,0.8643145473538131
72.258332857,1709142542.941315001,1709142542.940812631,/rigid_bodies.rigidbodies[2].pose.position.x,0.8641478343598883
72.267964892,1709142542.950947036,1709142542.950408460,/rigid_bodies.rigidbodies[2].pose.position.x,0.864008111849619
72.277699646,1709142542.960681790,1709142542.960326994,/rigid_bodies.rigidbodies[2].pose.position.x,0.8641003003502286
72.288209644,1709142542.971191788,1709142542.970729853,/rigid_bodies.rigidbodies[2].pose.position.x,0.8642394313621207
72.298643214,1709142542.981625358,1709142542.981169879,/rigid_bodies.rigidbodies[2].pose.position.x,0.8642520714781794
72.308033022,1709142542.991015166,1709142542.990512899,/rigid_bodies.rigidbodies[2].pose.position.x,0.8641443195329644
72.318373138,1709142543.001355282,1709142543.000669307,/rigid_bodies.rigidbodies[2].pose.position.x,0.8640729405698944
72.328117407,1709142543.011099551,1709142543.010653902,/rigid_bodies.rigidbodies[2].pose.position.x,0.864071980422694
72.337757371,1709142543.020739515,1709142543.020113573,/rigid_bodies.rigidbodies[2].pose.position.x,0.8642075853878219
72.348442932,1709142543.031425076,1709142543.030912799,/rigid_bodies.rigidbodies[2].pose.position.x,0.8643173421039086
72.357898692,1709142543.040880836,1709142543.040513494,/rigid_bodies.rigidbodies[2].pose.position.x,0.86419828682191
72.368041211,1709142543.051023355,1709142543.050611475,/rigid_bodies.rigidbodies[2].pose.position.x,0.8639957697813647
72.378013357,1709142543.060995501,1709142543.060482391,/rigid_bodies.rigidbodies[2].pose.position.x,0.8640774105343304
72.387890517,1709142543.070872661,1709142543.070550348,/rigid_bodies.rigidbodies[2].pose.position.x,0.8642670425756782
72.397804141,1709142543.080786285,1709142543.080213041,/rigid_bodies.rigidbodies[2].pose.position.x,0.8642283941937043
72.40829951,1709142543.091281654,1709142543.090756788,/rigid_bodies.rigidbodies[2].pose.position.x,0.8641014468385199
72.418475076,1709142543.101457220,1709142543.101042998,/rigid_bodies.rigidbodies[2].pose.position.x,0.8640217329831336
72.428175868,1709142543.111158012,1709142543.110657674,/rigid_bodies.rigidbodies[2].pose.position.x,0.8640386938065227
72.438481698,1709142543.121463842,1709142543.120991128,/rigid_bodies.rigidbodies[2].pose.position.x,0.8642451926476546
72.448340164,1709142543.131322308,1709142543.131004113,/rigid_bodies.rigidbodies[2].pose.position.x,0.8643272112590851
72.458144789,1709142543.141126933,1709142543.140662158,/rigid_bodies.rigidbodies[2].pose.position.x,0.8642090214963613
72.46827772,1709142543.151259864,1709142543.150901561,/rigid_bodies.rigidbodies[2].pose.position.x,0.8639687081029301
72.47830122,1709142543.161283364,1709142543.160765150,/rigid_bodies.rigidbodies[2].pose.position.x,0.8640139855299852
72.488260518,1709142543.171242662,1709142543.170809985,/rigid_bodies.rigidbodies[2].pose.position.x,0.8642312574272006
72.498664476,1709142543.181646620,1709142543.181256662,/rigid_bodies.rigidbodies[2].pose.position.x,0.8642964321429135
72.50762288600001,1709142543.190605030,1709142543.190386827,/rigid_bodies.rigidbodies[2].pose.position.x,0.8641683955246208
72.518656867,1709142543.201639011,1709142543.201365699,/rigid_bodies.rigidbodies[2].pose.position.x,0.8640710585118415
72.528399127,1709142543.211381271,1709142543.211161240,/rigid_bodies.rigidbodies[2].pose.position.x,0.864078198996074
72.537915799,1709142543.220897943,1709142543.220524432,/rigid_bodies.rigidbodies[2].pose.position.x,0.8641652323843845
72.548144865,1709142543.231127009,1709142543.230778739,/rigid_bodies.rigidbodies[2].pose.position.x,0.8642924921330117
72.55797701,1709142543.240959154,1709142543.240562067,/rigid_bodies.rigidbodies[2].pose.position.x,0.8642364380949364
72.568069446,1709142543.251051590,1709142543.250825687,/rigid_bodies.rigidbodies[2].pose.position.x,0.8640055507293832
72.577951565,1709142543.260933709,1709142543.260558004,/rigid_bodies.rigidbodies[2].pose.position.x,0.8640019725381864
72.588175542,1709142543.271157686,1709142543.270764306,/rigid_bodies.rigidbodies[2].pose.position.x,0.8641803675507689
72.598450675,1709142543.281432819,1709142543.281061223,/rigid_bodies.rigidbodies[2].pose.position.x,0.8642695844008785
72.607923255,1709142543.290905399,1709142543.290606531,/rigid_bodies.rigidbodies[2].pose.position.x,0.8641866084757716
72.618214267,1709142543.301196411,1709142543.300732827,/rigid_bodies.rigidbodies[2].pose.position.x,0.8641102207175664
72.627859939,1709142543.310842083,1709142543.310520764,/rigid_bodies.rigidbodies[2].pose.position.x,0.8640563282275013
72.638142537,1709142543.321124681,1709142543.320726422,/rigid_bodies.rigidbodies[2].pose.position.x,0.8641279942063782
72.648232161,1709142543.331214305,1709142543.330824923,/rigid_bodies.rigidbodies[2].pose.position.x,0.8642595655631252
72.653415116,1709142543.336397260,1709142543.335999468,/rigid_bodies.rigidbodies[2].pose.position.x,0.8642671847970674
72.668261343,1709142543.351243487,1709142543.350787094,/rigid_bodies.rigidbodies[2].pose.position.x,0.8640921025941726
72.678065947,1709142543.361048091,1709142543.360569649,/rigid_bodies.rigidbodies[2].pose.position.x,0.8639993822575521
72.688014696,1709142543.370996840,1709142543.370654742,/rigid_bodies.rigidbodies[2].pose.position.x,0.8641267358579099
72.698624998,1709142543.381607142,1709142543.381204476,/rigid_bodies.rigidbodies[2].pose.position.x,0.8642772121443425
72.708000993,1709142543.390983137,1709142543.390546555,/rigid_bodies.rigidbodies[2].pose.position.x,0.8642304677900132
72.717659808,1709142543.400641952,1709142543.400320358,/rigid_bodies.rigidbodies[2].pose.position.x,0.8641113868986687
72.727745206,1709142543.410727350,1709142543.410328609,/rigid_bodies.rigidbodies[2].pose.position.x,0.8640859520428562
72.738178052,1709142543.421160196,1709142543.420635635,/rigid_bodies.rigidbodies[2].pose.position.x,0.8640789640925057
72.748539947,1709142543.431522091,1709142543.431130821,/rigid_bodies.rigidbodies[2].pose.position.x,0.8641785875480312
72.757747539,1709142543.440729683,1709142543.440406781,/rigid_bodies.rigidbodies[2].pose.position.x,0.8642395133418418
72.768014994,1709142543.450997138,1709142543.450576747,/rigid_bodies.rigidbodies[2].pose.position.x,0.8641246445115418
72.777888946,1709142543.460871090,1709142543.460425593,/rigid_bodies.rigidbodies[2].pose.position.x,0.8640128977088469
72.787930085,1709142543.470912229,1709142543.470481885,/rigid_bodies.rigidbodies[2].pose.position.x,0.8641184733880377
72.798536922,1709142543.481519066,1709142543.480927217,/rigid_bodies.rigidbodies[2].pose.position.x,0.8643035317663346
72.80837144,1709142543.491353584,1709142543.490726764,/rigid_bodies.rigidbodies[2].pose.position.x,0.8642440870034903
72.818206824,1709142543.501188968,1709142543.500730009,/rigid_bodies.rigidbodies[2].pose.position.x,0.8641100515587775
72.828304692,1709142543.511286836,1709142543.510740964,/rigid_bodies.rigidbodies[2].pose.position.x,0.8640396771269244
72.838107066,1709142543.521089210,1709142543.520399430,/rigid_bodies.rigidbodies[2].pose.position.x,0.8640848498974577
72.848308689,1709142543.531290833,1709142543.530852544,/rigid_bodies.rigidbodies[2].pose.position.x,0.8642117628599401
72.858363356,1709142543.541345500,1709142543.540879022,/rigid_bodies.rigidbodies[2].pose.position.x,0.864293777641312
72.867808009,1709142543.550790153,1709142543.550365459,/rigid_bodies.rigidbodies[2].pose.position.x,0.864216043283472
72.878243994,1709142543.561226138,1709142543.560777836,/rigid_bodies.rigidbodies[2].pose.position.x,0.8640033944243984
72.888641099,1709142543.571623243,1709142543.571015961,/rigid_bodies.rigidbodies[2].pose.position.x,0.8640012590693268
72.893678072,1709142543.576660216,1709142543.576170361,/rigid_bodies.rigidbodies[2].pose.position.x,0.8642077197148829
72.909044099,1709142543.592026243,1709142543.591355399,/rigid_bodies.rigidbodies[2].pose.position.x,0.8643064262435999
72.918299929,1709142543.601282073,1709142543.600777266,/rigid_bodies.rigidbodies[2].pose.position.x,0.8641599505544378
72.928305274,1709142543.611287418,1709142543.610801314,/rigid_bodies.rigidbodies[2].pose.position.x,0.8640454040263787
72.938244542,1709142543.621226686,1709142543.620716359,/rigid_bodies.rigidbodies[2].pose.position.x,0.8640577124883815
72.948167514,1709142543.631149658,1709142543.630725618,/rigid_bodies.rigidbodies[2].pose.position.x,0.8641251139776375
72.958280607,1709142543.641262751,1709142543.640818798,/rigid_bodies.rigidbodies[2].pose.position.x,0.8642673205326006
72.968276142,1709142543.651258286,1709142543.650719160,/rigid_bodies.rigidbodies[2].pose.position.x,0.8642465811881374
72.977785199,1709142543.660767343,1709142543.660498779,/rigid_bodies.rigidbodies[2].pose.position.x,0.8640720829316227
72.988042671,1709142543.671024815,1709142543.670641485,/rigid_bodies.rigidbodies[2].pose.position.x,0.8640250246616318
72.998251103,1709142543.681233247,1709142543.680886435,/rigid_bodies.rigidbodies[2].pose.position.x,0.8641591884549367
73.007945428,1709142543.690927572,1709142543.690562896,/rigid_bodies.rigidbodies[2].pose.position.x,0.8642660638804454
73.017899374,1709142543.700881518,1709142543.700456525,/rigid_bodies.rigidbodies[2].pose.position.x,0.8641868167254754
73.028538199,1709142543.711520343,1709142543.710855132,/rigid_bodies.rigidbodies[2].pose.position.x,0.8640119019368317
73.037795369,1709142543.720777513,1709142543.720333679,/rigid_bodies.rigidbodies[2].pose.position.x,0.8640491777843314
73.048347026,1709142543.731329170,1709142543.731026533,/rigid_bodies.rigidbodies[2].pose.position.x,0.8641750158942237
73.058290386,1709142543.741272530,1709142543.740866378,/rigid_bodies.rigidbodies[2].pose.position.x,0.8642667284488341
73.067192096,1709142543.750174240,1709142543.749833686,/rigid_bodies.rigidbodies[2].pose.position.x,0.8642113232469016
73.078068234,1709142543.761050378,1709142543.760481536,/rigid_bodies.rigidbodies[2].pose.position.x,0.8640420936292839
73.08845319,1709142543.771435334,1709142543.770743491,/rigid_bodies.rigidbodies[2].pose.position.x,0.8639943010184671
73.09799625,1709142543.780978394,1709142543.780493587,/rigid_bodies.rigidbodies[2].pose.position.x,0.8641666866514432
73.107789428,1709142543.790771572,1709142543.790415884,/rigid_bodies.rigidbodies[2].pose.position.x,0.8643261723873839
73.118455781,1709142543.801437925,1709142543.800729491,/rigid_bodies.rigidbodies[2].pose.position.x,0.8642258059186578
73.128116155,1709142543.811098299,1709142543.810684097,/rigid_bodies.rigidbodies[2].pose.position.x,0.8640717660474683
73.138340031,1709142543.821322175,1709142543.820935600,/rigid_bodies.rigidbodies[2].pose.position.x,0.864077757871137
73.148087256,1709142543.831069400,1709142543.830760049,/rigid_bodies.rigidbodies[2].pose.position.x,0.864164666558943
73.157791893,1709142543.840774037,1709142543.840388695,/rigid_bodies.rigidbodies[2].pose.position.x,0.8642168028323294
73.168123311,1709142543.851105455,1709142543.850687688,/rigid_bodies.rigidbodies[2].pose.position.x,0.8642148582750373
73.177906824,1709142543.860888968,1709142543.860378848,/rigid_bodies.rigidbodies[2].pose.position.x,0.864054039945318
73.188365683,1709142543.871347827,1709142543.870898122,/rigid_bodies.rigidbodies[2].pose.position.x,0.8640105380335128
73.198655065,1709142543.881637209,1709142543.881066760,/rigid_bodies.rigidbodies[2].pose.position.x,0.8641117601424845
73.208424999,1709142543.891407143,1709142543.890925959,/rigid_bodies.rigidbodies[2].pose.position.x,0.8642332525492374
73.218065983,1709142543.901048127,1709142543.900624422,/rigid_bodies.rigidbodies[2].pose.position.x,0.8642217333473544
73.228379438,1709142543.911361582,1709142543.910767970,/rigid_bodies.rigidbodies[2].pose.position.x,0.8640750872445325
73.238370337,1709142543.921352481,1709142543.920862023,/rigid_bodies.rigidbodies[2].pose.position.x,0.8640422233024606
73.248413656,1709142543.931395800,1709142543.931029888,/rigid_bodies.rigidbodies[2].pose.position.x,0.8641585593013933
73.258314599,1709142543.941296743,1709142543.940897295,/rigid_bodies.rigidbodies[2].pose.position.x,0.8642283456602748
73.268430166,1709142543.951412310,1709142543.950910143,/rigid_bodies.rigidbodies[2].pose.position.x,0.8642430326929655
73.277893989,1709142543.960876133,1709142543.960453256,/rigid_bodies.rigidbodies[2].pose.position.x,0.8641060011073032
73.288368746,1709142543.971350890,1709142543.970776993,/rigid_bodies.rigidbodies[2].pose.position.x,0.8640151881769802
73.297843461,1709142543.980825605,1709142543.980346287,/rigid_bodies.rigidbodies[2].pose.position.x,0.8641204536616195
73.30794637,1709142543.990928514,1709142543.990389463,/rigid_bodies.rigidbodies[2].pose.position.x,0.864239183453106
73.318314911,1709142544.001297055,1709142544.000804196,/rigid_bodies.rigidbodies[2].pose.position.x,0.8642499957027113
73.328712032,1709142544.011694176,1709142544.011088099,/rigid_bodies.rigidbodies[2].pose.position.x,0.8641204381899036
73.338573179,1709142544.021555323,1709142544.021059563,/rigid_bodies.rigidbodies[2].pose.position.x,0.8640279574085393
73.347888186,1709142544.030870330,1709142544.030532741,/rigid_bodies.rigidbodies[2].pose.position.x,0.8640430338794348
73.35796984,1709142544.040951984,1709142544.040641365,/rigid_bodies.rigidbodies[2].pose.position.x,0.864166604665074
73.367861035,1709142544.050843179,1709142544.050648401,/rigid_bodies.rigidbodies[2].pose.position.x,0.8642675718778244
73.377288459,1709142544.060270603,1709142544.060110597,/rigid_bodies.rigidbodies[2].pose.position.x,0.8641641311368118
73.387153489,1709142544.070135633,1709142544.070000988,/rigid_bodies.rigidbodies[2].pose.position.x,0.8640318186673073
73.398036177,1709142544.081018321,1709142544.080693723,/rigid_bodies.rigidbodies[2].pose.position.x,0.8640560842439384
73.407463315,1709142544.090445459,1709142544.090335913,/rigid_bodies.rigidbodies[2].pose.position.x,0.864223191104475
73.417699129,1709142544.100681273,1709142544.100583345,/rigid_bodies.rigidbodies[2].pose.position.x,0.864247178769274
73.427432062,1709142544.110414206,1709142544.110130241,/rigid_bodies.rigidbodies[2].pose.position.x,0.864160262201812
73.43810397,1709142544.121086114,1709142544.120649066,/rigid_bodies.rigidbodies[2].pose.position.x,0.8640659030555835
73.448563399,1709142544.131545543,1709142544.131189381,/rigid_bodies.rigidbodies[2].pose.position.x,0.8640938615031135
73.457701484,1709142544.140683628,1709142544.140375358,/rigid_bodies.rigidbodies[2].pose.position.x,0.864184215601171
73.467441657,1709142544.150423801,1709142544.150195967,/rigid_bodies.rigidbodies[2].pose.position.x,0.8642767541856471
73.477584297,1709142544.160566441,1709142544.160298798,/rigid_bodies.rigidbodies[2].pose.position.x,0.8641692029058528
73.488123973,1709142544.171106117,1709142544.170698134,/rigid_bodies.rigidbodies[2].pose.position.x,0.8640091415999916
73.498373357,1709142544.181355501,1709142544.180884992,/rigid_bodies.rigidbodies[2].pose.position.x,0.8640283785140213
73.508210007,1709142544.191192151,1709142544.190716754,/rigid_bodies.rigidbodies[2].pose.position.x,0.8642091361676983
73.518568238,1709142544.201550382,1709142544.201032606,/rigid_bodies.rigidbodies[2].pose.position.x,0.8642735990279491
73.52744431,1709142544.210426454,1709142544.210047936,/rigid_bodies.rigidbodies[2].pose.position.x,0.8641557781902883
73.538410876,1709142544.221393020,1709142544.220714758,/rigid_bodies.rigidbodies[2].pose.position.x,0.8640238126814902
73.548366148,1709142544.231348292,1709142544.231001310,/rigid_bodies.rigidbodies[2].pose.position.x,0.8640352459094676
73.557693694,1709142544.240675838,1709142544.240189013,/rigid_bodies.rigidbodies[2].pose.position.x,0.8641843152422064
73.568787442,1709142544.251769586,1709142544.251150890,/rigid_bodies.rigidbodies[2].pose.position.x,0.8643073206362621
73.57867517,1709142544.261657314,1709142544.260988431,/rigid_bodies.rigidbodies[2].pose.position.x,0.8642746295159529
73.587156231,1709142544.270138375,1709142544.269671888,/rigid_bodies.rigidbodies[2].pose.position.x,0.8640526735111842
73.598688259,1709142544.281670403,1709142544.280962430,/rigid_bodies.rigidbodies[2].pose.position.x,0.8640096853336708
73.608313038,1709142544.291295182,1709142544.290848033,/rigid_bodies.rigidbodies[2].pose.position.x,0.8641663684939849
73.618256686,1709142544.301238830,1709142544.300737579,/rigid_bodies.rigidbodies[2].pose.position.x,0.8642906579151534
73.628149485,1709142544.311131629,1709142544.310564232,/rigid_bodies.rigidbodies[2].pose.position.x,0.8641533778573753
73.638677392,1709142544.321659536,1709142544.320974053,/rigid_bodies.rigidbodies[2].pose.position.x,0.8640325546163078
73.648210455,1709142544.331192599,1709142544.330752631,/rigid_bodies.rigidbodies[2].pose.position.x,0.8640202240704301
73.658254682,1709142544.341236826,1709142544.340684048,/rigid_bodies.rigidbodies[2].pose.position.x,0.8641003029253023
73.668389092,1709142544.351371236,1709142544.350846593,/rigid_bodies.rigidbodies[2].pose.position.x,0.8642252181745671
73.678185559,1709142544.361167703,1709142544.360734416,/rigid_bodies.rigidbodies[2].pose.position.x,0.8642211744133114
73.688737301,1709142544.371719445,1709142544.371089617,/rigid_bodies.rigidbodies[2].pose.position.x,0.863982568870977
73.698623413,1709142544.381605557,1709142544.380979615,/rigid_bodies.rigidbodies[2].pose.position.x,0.8639120375625062
73.708258124,1709142544.391240268,1709142544.390755102,/rigid_bodies.rigidbodies[2].pose.position.x,0.8640511074302633
73.717871957,1709142544.400854101,1709142544.400450787,/rigid_bodies.rigidbodies[2].pose.position.x,0.8642468475951994
73.728118525,1709142544.411100669,1709142544.410561943,/rigid_bodies.rigidbodies[2].pose.position.x,0.8641544052659923
73.738118068,1709142544.421100212,1709142544.420700409,/rigid_bodies.rigidbodies[2].pose.position.x,0.8639978895216703
73.748581966,1709142544.431564110,1709142544.431223947,/rigid_bodies.rigidbodies[2].pose.position.x,0.8639569082184796
73.758197473,1709142544.441179617,1709142544.440618946,/rigid_bodies.rigidbodies[2].pose.position.x,0.8640410211118548
73.7682123,1709142544.451194444,1709142544.450687557,/rigid_bodies.rigidbodies[2].pose.position.x,0.8641779243563428
73.777835397,1709142544.460817541,1709142544.460391356,/rigid_bodies.rigidbodies[2].pose.position.x,0.8642613540062407
73.788610385,1709142544.471592529,1709142544.470952621,/rigid_bodies.rigidbodies[2].pose.position.x,0.8640516883959917
73.798439922,1709142544.481422066,1709142544.481019629,/rigid_bodies.rigidbodies[2].pose.position.x,0.863869268037699
73.807975444,1709142544.490957588,1709142544.490387468,/rigid_bodies.rigidbodies[2].pose.position.x,0.8640048173143108
73.818639891,1709142544.501622035,1709142544.501096788,/rigid_bodies.rigidbodies[2].pose.position.x,0.8642198403389455
73.82801212,1709142544.510994264,1709142544.510477685,/rigid_bodies.rigidbodies[2].pose.position.x,0.8642232820563609
73.838396268,1709142544.521378412,1709142544.520841122,/rigid_bodies.rigidbodies[2].pose.position.x,0.8640937981552522
73.848339533,1709142544.531321677,1709142544.530926704,/rigid_bodies.rigidbodies[2].pose.position.x,0.8640014417606763
73.85801838,1709142544.541000524,1709142544.540584987,/rigid_bodies.rigidbodies[2].pose.position.x,0.8640172183668201
73.868414708,1709142544.551396852,1709142544.550853202,/rigid_bodies.rigidbodies[2].pose.position.x,0.8641818392452715
73.87786639,1709142544.560848534,1709142544.560435942,/rigid_bodies.rigidbodies[2].pose.position.x,0.8642774817851309
73.888781344,1709142544.571763488,1709142544.571155032,/rigid_bodies.rigidbodies[2].pose.position.x,0.8641323100833412
73.898411593,1709142544.581393737,1709142544.580967537,/rigid_bodies.rigidbodies[2].pose.position.x,0.8639604127540432
73.908432549,1709142544.591414693,1709142544.590858313,/rigid_bodies.rigidbodies[2].pose.position.x,0.8640228296446064
73.918242474,1709142544.601224618,1709142544.600749185,/rigid_bodies.rigidbodies[2].pose.position.x,0.8642339086983397
73.928069559,1709142544.611051703,1709142544.610623596,/rigid_bodies.rigidbodies[2].pose.position.x,0.8642147534488687
73.938351412,1709142544.621333556,1709142544.620882346,/rigid_bodies.rigidbodies[2].pose.position.x,0.8640824965658106
73.948391468,1709142544.631373612,1709142544.630844862,/rigid_bodies.rigidbodies[2].pose.position.x,0.863977610811275
73.958392035,1709142544.641374179,1709142544.640848873,/rigid_bodies.rigidbodies[2].pose.position.x,0.8640104665725864
73.968181665,1709142544.651163809,1709142544.650653860,/rigid_bodies.rigidbodies[2].pose.position.x,0.8641212576893881
73.978070367,1709142544.661052511,1709142544.660585795,/rigid_bodies.rigidbodies[2].pose.position.x,0.8642151349473185
73.988115563,1709142544.671097707,1709142544.670531691,/rigid_bodies.rigidbodies[2].pose.position.x,0.8641333898285848
73.9988313,1709142544.681813444,1709142544.681047882,/rigid_bodies.rigidbodies[2].pose.position.x,0.8639368681874332
74.008335796,1709142544.691317940,1709142544.690819632,/rigid_bodies.rigidbodies[2].pose.position.x,0.8639407654165779
74.018077867,1709142544.701060011,1709142544.700691027,/rigid_bodies.rigidbodies[2].pose.position.x,0.864161297267673
74.027463013,1709142544.710445157,1709142544.709936134,/rigid_bodies.rigidbodies[2].pose.position.x,0.8642655489511838
74.03831912,1709142544.721301264,1709142544.720835969,/rigid_bodies.rigidbodies[2].pose.position.x,0.8641041403795987
74.04854946,1709142544.731531604,1709142544.731041709,/rigid_bodies.rigidbodies[2].pose.position.x,0.8639867421031924
74.058057014,1709142544.741039158,1709142544.740506145,/rigid_bodies.rigidbodies[2].pose.position.x,0.8639885830254068
74.067819134,1709142544.750801278,1709142544.750428731,/rigid_bodies.rigidbodies[2].pose.position.x,0.8640677275757163
74.077439082,1709142544.760421226,1709142544.760169586,/rigid_bodies.rigidbodies[2].pose.position.x,0.8642308117809668
74.087896811,1709142544.770878955,1709142544.770704893,/rigid_bodies.rigidbodies[2].pose.position.x,0.8641848052941108
74.097434456,1709142544.780416600,1709142544.780231169,/rigid_bodies.rigidbodies[2].pose.position.x,0.8639901979423186
74.107258687,1709142544.790240831,1709142544.789979302,/rigid_bodies.rigidbodies[2].pose.position.x,0.8639013126613722
74.118190766,1709142544.801172910,1709142544.800661311,/rigid_bodies.rigidbodies[2].pose.position.x,0.8640888400970214
74.128490391,1709142544.811472535,1709142544.810908457,/rigid_bodies.rigidbodies[2].pose.position.x,0.8642366514216435
74.138092066,1709142544.821074210,1709142544.820619671,/rigid_bodies.rigidbodies[2].pose.position.x,0.8641250499380209
74.148624452,1709142544.831606596,1709142544.831227274,/rigid_bodies.rigidbodies[2].pose.position.x,0.8639285703505222
74.158063687,1709142544.841045831,1709142544.840490734,/rigid_bodies.rigidbodies[2].pose.position.x,0.86393625165327
74.168211339,1709142544.851193483,1709142544.850766288,/rigid_bodies.rigidbodies[2].pose.position.x,0.8640592253582515
74.177487258,1709142544.860469402,1709142544.860024182,/rigid_bodies.rigidbodies[2].pose.position.x,0.8642362467009066
74.187976222,1709142544.870958366,1709142544.870564513,/rigid_bodies.rigidbodies[2].pose.position.x,0.864248129687169
74.198477713,1709142544.881459857,1709142544.880952843,/rigid_bodies.rigidbodies[2].pose.position.x,0.8639890062830503
74.207930813,1709142544.890912957,1709142544.890542616,/rigid_bodies.rigidbodies[2].pose.position.x,0.8638563744551929
74.217934139,1709142544.900916283,1709142544.900591447,/rigid_bodies.rigidbodies[2].pose.position.x,0.8640183964033209
74.227998953,1709142544.910981097,1709142544.910634888,/rigid_bodies.rigidbodies[2].pose.position.x,0.8642378199501662
74.238033253,1709142544.921015397,1709142544.920480746,/rigid_bodies.rigidbodies[2].pose.position.x,0.8642225075809384
74.248358904,1709142544.931341048,1709142544.930842507,/rigid_bodies.rigidbodies[2].pose.position.x,0.8640200879203714
74.258374023,1709142544.941356167,1709142544.940805001,/rigid_bodies.rigidbodies[2].pose.position.x,0.8639034930125328
74.268313685,1709142544.951295829,1709142544.950764288,/rigid_bodies.rigidbodies[2].pose.position.x,0.8639621282935996
74.277568919,1709142544.960551063,1709142544.960171940,/rigid_bodies.rigidbodies[2].pose.position.x,0.8641393950808348
74.28869987,1709142544.971682014,1709142544.971093781,/rigid_bodies.rigidbodies[2].pose.position.x,0.8642358582682164
74.298132972,1709142544.981115116,1709142544.980754248,/rigid_bodies.rigidbodies[2].pose.position.x,0.8640705209015762
74.307608791,1709142544.990590935,1709142544.990313681,/rigid_bodies.rigidbodies[2].pose.position.x,0.8638745953522452
74.317931021,1709142545.000913165,1709142545.000666792,/rigid_bodies.rigidbodies[2].pose.position.x,0.8639463957953145
74.327431596,1709142545.010413740,1709142545.010186272,/rigid_bodies.rigidbodies[2].pose.position.x,0.8641695195234605
74.33792586,1709142545.020908004,1709142545.020582853,/rigid_bodies.rigidbodies[2].pose.position.x,0.8642061113257975
74.348722532,1709142545.031704676,1709142545.031303017,/rigid_bodies.rigidbodies[2].pose.position.x,0.8640722685305161
74.358044572,1709142545.041026716,1709142545.040492599,/rigid_bodies.rigidbodies[2].pose.position.x,0.8639301440628975
74.368128867,1709142545.051111011,1709142545.050676571,/rigid_bodies.rigidbodies[2].pose.position.x,0.864012594424947
74.377976897,1709142545.060959041,1709142545.060497110,/rigid_bodies.rigidbodies[2].pose.position.x,0.8641266576054256
74.388114949,1709142545.071097093,1709142545.070674385,/rigid_bodies.rigidbodies[2].pose.position.x,0.8642111530222353
74.397923949,1709142545.080906093,1709142545.080643982,/rigid_bodies.rigidbodies[2].pose.position.x,0.8640640343803211
74.407373449,1709142545.090355593,1709142545.090086019,/rigid_bodies.rigidbodies[2].pose.position.x,0.8638566263395059
74.418554455,1709142545.101536599,1709142545.100905060,/rigid_bodies.rigidbodies[2].pose.position.x,0.8639477582348862
74.427813126,1709142545.110795270,1709142545.110311402,/rigid_bodies.rigidbodies[2].pose.position.x,0.8641680486188436
74.438614568,1709142545.121596712,1709142545.120989079,/rigid_bodies.rigidbodies[2].pose.position.x,0.8642156957572862
74.44833982,1709142545.131321964,1709142545.130863217,/rigid_bodies.rigidbodies[2].pose.position.x,0.8640821490689364
74.457905242,1709142545.140887386,1709142545.140410337,/rigid_bodies.rigidbodies[2].pose.position.x,0.86392976490984
74.468830257,1709142545.151812401,1709142545.151092873,/rigid_bodies.rigidbodies[2].pose.position.x,0.8639014419765725
74.478424004,1709142545.161406148,1709142545.160936493,/rigid_bodies.rigidbodies[2].pose.position.x,0.8641025603488554
74.488265138,1709142545.171247282,1709142545.170669124,/rigid_bodies.rigidbodies[2].pose.position.x,0.8642549482523486
74.498477284,1709142545.181459428,1709142545.180815690,/rigid_bodies.rigidbodies[2].pose.position.x,0.8641798535189886
74.507619499,1709142545.190601643,1709142545.190288762,/rigid_bodies.rigidbodies[2].pose.position.x,0.8639202012279315
74.517830183,1709142545.200812327,1709142545.200506908,/rigid_bodies.rigidbodies[2].pose.position.x,0.8639299092135766
74.527827514,1709142545.210809658,1709142545.210478609,/rigid_bodies.rigidbodies[2].pose.position.x,0.8641202233703928
74.538156818,1709142545.221138962,1709142545.220717164,/rigid_bodies.rigidbodies[2].pose.position.x,0.8641779430772092
74.5481131,1709142545.231095244,1709142545.230727786,/rigid_bodies.rigidbodies[2].pose.position.x,0.8641265754409243
74.558003391,1709142545.240985535,1709142545.240477205,/rigid_bodies.rigidbodies[2].pose.position.x,0.863992392534872
74.568273032,1709142545.251255176,1709142545.250830360,/rigid_bodies.rigidbodies[2].pose.position.x,0.8639358604704441
74.577655363,1709142545.260637507,1709142545.260158501,/rigid_bodies.rigidbodies[2].pose.position.x,0.8640712955480835
74.58850835,1709142545.271490494,1709142545.270910590,/rigid_bodies.rigidbodies[2].pose.position.x,0.8642043748448889
74.598386292,1709142545.281368436,1709142545.280989460,/rigid_bodies.rigidbodies[2].pose.position.x,0.8641428817628727
74.607895791,1709142545.290877935,1709142545.290377098,/rigid_bodies.rigidbodies[2].pose.position.x,0.8639428445778052
74.617948804,1709142545.300930948,1709142545.300413089,/rigid_bodies.rigidbodies[2].pose.position.x,0.8639270258264733
74.628014844,1709142545.310996988,1709142545.310579668,/rigid_bodies.rigidbodies[2].pose.position.x,0.864153155429214
74.637951009,1709142545.320933153,1709142545.320545037,/rigid_bodies.rigidbodies[2].pose.position.x,0.8642159596650224
74.647545584,1709142545.330527728,1709142545.330243767,/rigid_bodies.rigidbodies[2].pose.position.x,0.8642064352603577
74.657752092,1709142545.340734236,1709142545.340432509,/rigid_bodies.rigidbodies[2].pose.position.x,0.8640421922219684
74.663105185,1709142545.346087329,1709142545.345853296,/rigid_bodies.rigidbodies[2].pose.position.x,0.8639264511664977
74.677940681,1709142545.360922825,1709142545.360691604,/rigid_bodies.rigidbodies[2].pose.position.x,0.8640234306673904
74.687571593,1709142545.370553737,1709142545.370344216,/rigid_bodies.rigidbodies[2].pose.position.x,0.8642137235326365
74.69746461,1709142545.380446754,1709142545.380231887,/rigid_bodies.rigidbodies[2].pose.position.x,0.8642383008372959
74.707768656,1709142545.390750800,1709142545.390573237,/rigid_bodies.rigidbodies[2].pose.position.x,0.8640082770771996
74.717758953,1709142545.400741097,1709142545.400498194,/rigid_bodies.rigidbodies[2].pose.position.x,0.8639082555731141
74.727906605,1709142545.410888749,1709142545.410647032,/rigid_bodies.rigidbodies[2].pose.position.x,0.8640022781412723
74.737862215,1709142545.420844359,1709142545.420551602,/rigid_bodies.rigidbodies[2].pose.position.x,0.8642019698055982
74.748058578,1709142545.431040722,1709142545.430797112,/rigid_bodies.rigidbodies[2].pose.position.x,0.8642213107778505
74.756933819,1709142545.439915963,1709142545.439713770,/rigid_bodies.rigidbodies[2].pose.position.x,0.8641004898302195
74.767049278,1709142545.450031422,1709142545.449819108,/rigid_bodies.rigidbodies[2].pose.position.x,0.8639322793722761
74.777468468,1709142545.460450612,1709142545.460243770,/rigid_bodies.rigidbodies[2].pose.position.x,0.8639839454385703
74.788280801,1709142545.471262945,1709142545.470882990,/rigid_bodies.rigidbodies[2].pose.position.x,0.8641917288864189
74.798188673,1709142545.481170817,1709142545.480642229,/rigid_bodies.rigidbodies[2].pose.position.x,0.8642618938632478
74.808209528,1709142545.491191672,1709142545.490699316,/rigid_bodies.rigidbodies[2].pose.position.x,0.864115234446098
74.818325728,1709142545.501307872,1709142545.500858869,/rigid_bodies.rigidbodies[2].pose.position.x,0.8639818183775735
74.827503277,1709142545.510485421,1709142545.510071007,/rigid_bodies.rigidbodies[2].pose.position.x,0.8639919858244067
74.837221041,1709142545.520203185,1709142545.519625244,/rigid_bodies.rigidbodies[2].pose.position.x,0.864158338970604
74.848162142,1709142545.531144286,1709142545.530729173,/rigid_bodies.rigidbodies[2].pose.position.x,0.8642394618679056
74.858270231,1709142545.541252375,1709142545.540714842,/rigid_bodies.rigidbodies[2].pose.position.x,0.8641225225444387
74.86753892,1709142545.550521064,1709142545.549999153,/rigid_bodies.rigidbodies[2].pose.position.x,0.8639386517727232
74.878233599,1709142545.561215743,1709142545.560670403,/rigid_bodies.rigidbodies[2].pose.position.x,0.863917884483812
74.888865272,1709142545.571847416,1709142545.571235988,/rigid_bodies.rigidbodies[2].pose.position.x,0.864141355061098
74.898328904,1709142545.581311048,1709142545.580800034,/rigid_bodies.rigidbodies[2].pose.position.x,0.8642745345708024
74.908090317,1709142545.591072461,1709142545.590619712,/rigid_bodies.rigidbodies[2].pose.position.x,0.8641369851726525
74.917917053,1709142545.600899197,1709142545.600534927,/rigid_bodies.rigidbodies[2].pose.position.x,0.8639716033968607
74.927757684,1709142545.610739828,1709142545.610499231,/rigid_bodies.rigidbodies[2].pose.position.x,0.8639927149927368
74.938164734,1709142545.621146878,1709142545.620729407,/rigid_bodies.rigidbodies[2].pose.position.x,0.8640893365792792
74.948128654,1709142545.631110798,1709142545.630798023,/rigid_bodies.rigidbodies[2].pose.position.x,0.8641661693156454
74.957511001,1709142545.640493145,1709142545.640250032,/rigid_bodies.rigidbodies[2].pose.position.x,0.8641729369897401
74.967849565,1709142545.650831709,1709142545.650606847,/rigid_bodies.rigidbodies[2].pose.position.x,0.8640190786768496
74.977753533,1709142545.660735677,1709142545.660451961,/rigid_bodies.rigidbodies[2].pose.position.x,0.8639722918082818
74.987817682,1709142545.670799826,1709142545.670543109,/rigid_bodies.rigidbodies[2].pose.position.x,0.8640933797077669
74.998262768,1709142545.681244912,1709142545.680899067,/rigid_bodies.rigidbodies[2].pose.position.x,0.8642185480082466
75.008361342,1709142545.691343486,1709142545.690748408,/rigid_bodies.rigidbodies[2].pose.position.x,0.8641421784594914
75.017532482,1709142545.700514626,1709142545.700139579,/rigid_bodies.rigidbodies[2].pose.position.x,0.8639393802182751
75.027722406,1709142545.710704550,1709142545.710272826,/rigid_bodies.rigidbodies[2].pose.position.x,0.8639830930633333
75.038689129,1709142545.721671273,1709142545.720995292,/rigid_bodies.rigidbodies[2].pose.position.x,0.8640943352512176
75.047406953,1709142545.730389097,1709142545.730030087,/rigid_bodies.rigidbodies[2].pose.position.x,0.8641816261757101
75.0579779,1709142545.740960044,1709142545.740515974,/rigid_bodies.rigidbodies[2].pose.position.x,0.8641523169913494
75.06861877,1709142545.751600914,1709142545.751051823,/rigid_bodies.rigidbodies[2].pose.position.x,0.8639991841867549
75.078131658,1709142545.761113802,1709142545.760664304,/rigid_bodies.rigidbodies[2].pose.position.x,0.8639487979062124
75.087915395,1709142545.770897539,1709142545.770540860,/rigid_bodies.rigidbodies[2].pose.position.x,0.8640908482437372
75.09864518,1709142545.781627324,1709142545.781046832,/rigid_bodies.rigidbodies[2].pose.position.x,0.8642412510851607
75.108421989,1709142545.791404133,1709142545.790840381,/rigid_bodies.rigidbodies[2].pose.position.x,0.8641390579180472
75.118203163,1709142545.801185307,1709142545.800614791,/rigid_bodies.rigidbodies[2].pose.position.x,0.8639372619810831
75.128124116,1709142545.811106260,1709142545.810518147,/rigid_bodies.rigidbodies[2].pose.position.x,0.8639407838917468
75.138082528,1709142545.821064672,1709142545.820590657,/rigid_bodies.rigidbodies[2].pose.position.x,0.8640710876633948
75.146641199,1709142545.829623343,1709142545.829321246,/rigid_bodies.rigidbodies[2].pose.position.x,0.8641635174664531
75.158075394,1709142545.841057538,1709142545.840535502,/rigid_bodies.rigidbodies[2].pose.position.x,0.864227429033737
75.168227888,1709142545.851210032,1709142545.850784120,/rigid_bodies.rigidbodies[2].pose.position.x,0.8640311031941112
75.178423796,1709142545.861405940,1709142545.860873962,/rigid_bodies.rigidbodies[2].pose.position.x,0.8639029971284452
75.18841373,1709142545.871395874,1709142545.870714403,/rigid_bodies.rigidbodies[2].pose.position.x,0.8640419593242776
75.198276864,1709142545.881259008,1709142545.880618910,/rigid_bodies.rigidbodies[2].pose.position.x,0.8642256722618447
75.207495974,1709142545.890478118,1709142545.890035632,/rigid_bodies.rigidbodies[2].pose.position.x,0.8641901377599901
75.218397188,1709142545.901379332,1709142545.900677577,/rigid_bodies.rigidbodies[2].pose.position.x,0.8640047450262084
75.227967041,1709142545.910949185,1709142545.910447625,/rigid_bodies.rigidbodies[2].pose.position.x,0.8639224477874692
75.238359125,1709142545.921341269,1709142545.920811346,/rigid_bodies.rigidbodies[2].pose.position.x,0.8640606075928087
75.248879333,1709142545.931861477,1709142545.931417999,/rigid_bodies.rigidbodies[2].pose.position.x,0.8641840353945442
75.258291492,1709142545.941273636,1709142545.940702159,/rigid_bodies.rigidbodies[2].pose.position.x,0.8642472467586214
75.26802573,1709142545.951007874,1709142545.950603293,/rigid_bodies.rigidbodies[2].pose.position.x,0.8641225669688806
75.277961504,1709142545.960943648,1709142545.960495019,/rigid_bodies.rigidbodies[2].pose.position.x,0.8639026291657019
75.288260962,1709142545.971243106,1709142545.970757061,/rigid_bodies.rigidbodies[2].pose.position.x,0.8639727912185357
75.298491476,1709142545.981473620,1709142545.980947813,/rigid_bodies.rigidbodies[2].pose.position.x,0.8642164929123421
75.308015201,1709142545.990997345,1709142545.990545432,/rigid_bodies.rigidbodies[2].pose.position.x,0.8642338404443242
75.318453679,1709142546.001435823,1709142546.000911811,/rigid_bodies.rigidbodies[2].pose.position.x,0.8640981544424883
75.328123458,1709142546.011105602,1709142546.010623279,/rigid_bodies.rigidbodies[2].pose.position.x,0.8639965889256087
75.33827827,1709142546.021260414,1709142546.020756458,/rigid_bodies.rigidbodies[2].pose.position.x,0.8640686306599283
75.348450146,1709142546.031432290,1709142546.030989746,/rigid_bodies.rigidbodies[2].pose.position.x,0.8641707233480567
75.357453243,1709142546.040435387,1709142546.040171142,/rigid_bodies.rigidbodies[2].pose.position.x,0.8642398862455032
75.367853536,1709142546.050835680,1709142546.050641778,/rigid_bodies.rigidbodies[2].pose.position.x,0.8641920792264166
75.377756377,1709142546.060738521,1709142546.060430339,/rigid_bodies.rigidbodies[2].pose.position.x,0.8639695783768925
75.387977796,1709142546.070959940,1709142546.070625997,/rigid_bodies.rigidbodies[2].pose.position.x,0.8639376629939133
75.398291781,1709142546.081273925,1709142546.080911200,/rigid_bodies.rigidbodies[2].pose.position.x,0.864114190889917
75.407528513,1709142546.090510657,1709142546.090300621,/rigid_bodies.rigidbodies[2].pose.position.x,0.8642399873732409
75.417800585,1709142546.100782729,1709142546.100447503,/rigid_bodies.rigidbodies[2].pose.position.x,0.8641482668904115
75.427796133,1709142546.110778277,1709142546.110526929,/rigid_bodies.rigidbodies[2].pose.position.x,0.8640261352058536
75.438491553,1709142546.121473697,1709142546.120984407,/rigid_bodies.rigidbodies[2].pose.position.x,0.8640283054285228
75.447810646,1709142546.130792790,1709142546.130436011,/rigid_bodies.rigidbodies[2].pose.position.x,0.8641317484835211
75.457944218,1709142546.140926362,1709142546.140519197,/rigid_bodies.rigidbodies[2].pose.position.x,0.8641983753510062
75.46845906,1709142546.151441204,1709142546.150820391,/rigid_bodies.rigidbodies[2].pose.position.x,0.8641449501416157
75.47802861,1709142546.161010754,1709142546.160563053,/rigid_bodies.rigidbodies[2].pose.position.x,0.8639750662399288
75.488045698,1709142546.171027842,1709142546.170787635,/rigid_bodies.rigidbodies[2].pose.position.x,0.8638993754186148
75.497580282,1709142546.180562426,1709142546.180398966,/rigid_bodies.rigidbodies[2].pose.position.x,0.8641291167160633
75.507526759,1709142546.190508903,1709142546.190384802,/rigid_bodies.rigidbodies[2].pose.position.x,0.8642639035624345
75.512990865,1709142546.195973009,1709142546.195720164,/rigid_bodies.rigidbodies[2].pose.position.x,0.8641614055570662
75.528181494,1709142546.211163638,1709142546.210755508,/rigid_bodies.rigidbodies[2].pose.position.x,0.8640128087969536
75.538149346,1709142546.221131490,1709142546.220658404,/rigid_bodies.rigidbodies[2].pose.position.x,0.864021220011169
75.549030012,1709142546.232012156,1709142546.231366693,/rigid_bodies.rigidbodies[2].pose.position.x,0.8641032173388162
75.558182511,1709142546.241164655,1709142546.240726572,/rigid_bodies.rigidbodies[2].pose.position.x,0.8642036433522132
75.568506484,1709142546.251488628,1709142546.250917643,/rigid_bodies.rigidbodies[2].pose.position.x,0.8641797028231892
75.577679692,1709142546.260661836,1709142546.260344112,/rigid_bodies.rigidbodies[2].pose.position.x,0.8640205981203438
75.588048768,1709142546.271030912,1709142546.270627801,/rigid_bodies.rigidbodies[2].pose.position.x,0.8639656639161387
75.599196898,1709142546.282179042,1709142546.281565236,/rigid_bodies.rigidbodies[2].pose.position.x,0.8641227849047004
75.608151319,1709142546.291133463,1709142546.290641460,/rigid_bodies.rigidbodies[2].pose.position.x,0.86427830925811
75.618413344,1709142546.301395488,1709142546.300867859,/rigid_bodies.rigidbodies[2].pose.position.x,0.8642048553808742
75.628555934,1709142546.311538078,1709142546.310927549,/rigid_bodies.rigidbodies[2].pose.position.x,0.8639981223218489
75.637695153,1709142546.320677297,1709142546.320286987,/rigid_bodies.rigidbodies[2].pose.position.x,0.863957385000347
75.648288531,1709142546.331270675,1709142546.330869466,/rigid_bodies.rigidbodies[2].pose.position.x,0.8640835716893396
75.657434181,1709142546.340416325,1709142546.340111060,/rigid_bodies.rigidbodies[2].pose.position.x,0.8641851621065703
75.668012919,1709142546.350995063,1709142546.350580388,/rigid_bodies.rigidbodies[2].pose.position.x,0.8642139438183263
75.678063202,1709142546.361045346,1709142546.360555044,/rigid_bodies.rigidbodies[2].pose.position.x,0.8640417796109132
75.68859978,1709142546.371581924,1709142546.370975143,/rigid_bodies.rigidbodies[2].pose.position.x,0.86395311189059
75.698381083,1709142546.381363227,1709142546.380912483,/rigid_bodies.rigidbodies[2].pose.position.x,0.8640776930335687
75.708195194,1709142546.391177338,1709142546.390679228,/rigid_bodies.rigidbodies[2].pose.position.x,0.8642951705472461
75.718407898,1709142546.401390042,1709142546.400817741,/rigid_bodies.rigidbodies[2].pose.position.x,0.8642471431226739
75.728478863,1709142546.411461007,1709142546.411043468,/rigid_bodies.rigidbodies[2].pose.position.x,0.8640173764587316
75.738497876,1709142546.421480020,1709142546.420876473,/rigid_bodies.rigidbodies[2].pose.position.x,0.8639249631664118
75.747849557,1709142546.430831701,1709142546.430487744,/rigid_bodies.rigidbodies[2].pose.position.x,0.8640452885778963
75.758184178,1709142546.441166322,1709142546.440825718,/rigid_bodies.rigidbodies[2].pose.position.x,0.8642580202124606
75.76830665,1709142546.451288794,1709142546.450835157,/rigid_bodies.rigidbodies[2].pose.position.x,0.8643489538966113
75.778030781,1709142546.461012925,1709142546.460478555,/rigid_bodies.rigidbodies[2].pose.position.x,0.8641689091330927
75.78809185,1709142546.471073994,1709142546.470669817,/rigid_bodies.rigidbodies[2].pose.position.x,0.8639469358016322
75.798525626,1709142546.481507770,1709142546.481083262,/rigid_bodies.rigidbodies[2].pose.position.x,0.863983877298485
75.808399529,1709142546.491381673,1709142546.490821466,/rigid_bodies.rigidbodies[2].pose.position.x,0.8642301044957539
75.818108527,1709142546.501090671,1709142546.500636014,/rigid_bodies.rigidbodies[2].pose.position.x,0.8643070430568327
75.827730017,1709142546.510712161,1709142546.510296683,/rigid_bodies.rigidbodies[2].pose.position.x,0.8641205623796873
75.838668373,1709142546.521650517,1709142546.520928942,/rigid_bodies.rigidbodies[2].pose.position.x,0.8639542353045176
75.848264691,1709142546.531246835,1709142546.530782946,/rigid_bodies.rigidbodies[2].pose.position.x,0.863990708480933
75.85777477,1709142546.540756914,1709142546.540355264,/rigid_bodies.rigidbodies[2].pose.position.x,0.8641916098465466
75.8681996,1709142546.551181744,1709142546.550701700,/rigid_bodies.rigidbodies[2].pose.position.x,0.8643154611157932
75.878099047,1709142546.561081191,1709142546.560682831,/rigid_bodies.rigidbodies[2].pose.position.x,0.8642062546690507
75.888828777,1709142546.571810921,1709142546.571149951,/rigid_bodies.rigidbodies[2].pose.position.x,0.8639543684307439
75.898764411,1709142546.581746555,1709142546.581265462,/rigid_bodies.rigidbodies[2].pose.position.x,0.863916412397362
75.907569737,1709142546.590551881,1709142546.590274799,/rigid_bodies.rigidbodies[2].pose.position.x,0.8641733943964504
75.917955304,1709142546.600937448,1709142546.600364225,/rigid_bodies.rigidbodies[2].pose.position.x,0.8642839880810494
75.92909098,1709142546.612073124,1709142546.611586613,/rigid_bodies.rigidbodies[2].pose.position.x,0.864145011464852
75.938657339,1709142546.621639483,1709142546.621092068,/rigid_bodies.rigidbodies[2].pose.position.x,0.8639784320730471
75.948755989,1709142546.631738133,1709142546.631331386,/rigid_bodies.rigidbodies[2].pose.position.x,0.8639853221840216
75.958363257,1709142546.641345401,1709142546.640873648,/rigid_bodies.rigidbodies[2].pose.position.x,0.8641574310100019
75.968483832,1709142546.651465976,1709142546.650925282,/rigid_bodies.rigidbodies[2].pose.position.x,0.8642788350397487
75.978303772,1709142546.661285916,1709142546.660698088,/rigid_bodies.rigidbodies[2].pose.position.x,0.8641864601564445
75.988357379,1709142546.671339523,1709142546.670847525,/rigid_bodies.rigidbodies[2].pose.position.x,0.8639111451628535
75.998321448,1709142546.681303592,1709142546.680791442,/rigid_bodies.rigidbodies[2].pose.position.x,0.8638618885933242
76.008033165,1709142546.691015309,1709142546.690480064,/rigid_bodies.rigidbodies[2].pose.position.x,0.8641093082238963
76.018116261,1709142546.701098405,1709142546.700458342,/rigid_bodies.rigidbodies[2].pose.position.x,0.8642668023849336
76.028554688,1709142546.711536832,1709142546.710884135,/rigid_bodies.rigidbodies[2].pose.position.x,0.8642038060856687
76.038483462,1709142546.721465606,1709142546.720960218,/rigid_bodies.rigidbodies[2].pose.position.x,0.8640037093144557
76.047162263,1709142546.730144407,1709142546.729731942,/rigid_bodies.rigidbodies[2].pose.position.x,0.8639610503639984
76.057779218,1709142546.740761362,1709142546.740236629,/rigid_bodies.rigidbodies[2].pose.position.x,0.8640922150128448
76.068165396,1709142546.751147540,1709142546.750676892,/rigid_bodies.rigidbodies[2].pose.position.x,0.8642236349234548
76.077623839,1709142546.760605983,1709142546.760289425,/rigid_bodies.rigidbodies[2].pose.position.x,0.8642270106912916
76.088148394,1709142546.771130538,1709142546.770686469,/rigid_bodies.rigidbodies[2].pose.position.x,0.8639794081602793
76.098499848,1709142546.781481992,1709142546.781046565,/rigid_bodies.rigidbodies[2].pose.position.x,0.863870670400153
76.107321892,1709142546.790304036,1709142546.790199385,/rigid_bodies.rigidbodies[2].pose.position.x,0.8640738297583664
76.116872217,1709142546.799854361,1709142546.799655592,/rigid_bodies.rigidbodies[2].pose.position.x,0.8643107933618862
76.127799475,1709142546.810781619,1709142546.810371894,/rigid_bodies.rigidbodies[2].pose.position.x,0.8642550748784914
76.138680015,1709142546.821662159,1709142546.820937223,/rigid_bodies.rigidbodies[2].pose.position.x,0.8640222205452356
76.148221343,1709142546.831203487,1709142546.830896702,/rigid_bodies.rigidbodies[2].pose.position.x,0.8638823548755454
76.157750076,1709142546.840732220,1709142546.840407481,/rigid_bodies.rigidbodies[2].pose.position.x,0.8640087005020194
76.168232202,1709142546.851214346,1709142546.850782508,/rigid_bodies.rigidbodies[2].pose.position.x,0.8642189713610666
76.17789393,1709142546.860876074,1709142546.860552161,/rigid_bodies.rigidbodies[2].pose.position.x,0.8642986290166156
76.183630544,1709142546.866612688,1709142546.866164327,/rigid_bodies.rigidbodies[2].pose.position.x,0.8640395391646712
76.198218487,1709142546.881200631,1709142546.880622032,/rigid_bodies.rigidbodies[2].pose.position.x,0.8638475293244606
76.207831189,1709142546.890813333,1709142546.890344476,/rigid_bodies.rigidbodies[2].pose.position.x,0.8639907234829381
76.218246599,1709142546.901228743,1709142546.900793560,/rigid_bodies.rigidbodies[2].pose.position.x,0.8642868480888387
76.223511216,1709142546.906493360,1709142546.906051270,/rigid_bodies.rigidbodies[2].pose.position.x,0.8643283498387528
76.238708878,1709142546.921691022,1709142546.921088921,/rigid_bodies.rigidbodies[2].pose.position.x,0.8641415867686906
76.247956706,1709142546.930938850,1709142546.930614474,/rigid_bodies.rigidbodies[2].pose.position.x,0.8638838068084795
76.257815543,1709142546.940797687,1709142546.940469587,/rigid_bodies.rigidbodies[2].pose.position.x,0.8639142193945893
76.268565237,1709142546.951547381,1709142546.951076630,/rigid_bodies.rigidbodies[2].pose.position.x,0.8641610386846595
76.277365521,1709142546.960347665,1709142546.959814882,/rigid_bodies.rigidbodies[2].pose.position.x,0.8643482205021419
76.288017294,1709142546.970999438,1709142546.970561966,/rigid_bodies.rigidbodies[2].pose.position.x,0.8642042908112428
76.298397617,1709142546.981379761,1709142546.980743516,/rigid_bodies.rigidbodies[2].pose.position.x,0.8638938602686421
76.308037791,1709142546.991019935,1709142546.990596458,/rigid_bodies.rigidbodies[2].pose.position.x,0.8639012629039624
76.318490685,1709142547.001472829,1709142547.000841778,/rigid_bodies.rigidbodies[2].pose.position.x,0.8642118847588072
76.328231526,1709142547.011213670,1709142547.010546718,/rigid_bodies.rigidbodies[2].pose.position.x,0.864308652351471
76.33815312,1709142547.021135264,1709142547.020576837,/rigid_bodies.rigidbodies[2].pose.position.x,0.8641680409422478
76.348405683,1709142547.031387827,1709142547.030871616,/rigid_bodies.rigidbodies[2].pose.position.x,0.86396286651767
76.35787891,1709142547.040861054,1709142547.040463187,/rigid_bodies.rigidbodies[2].pose.position.x,0.8638843122449604
76.368141669,1709142547.051123813,1709142547.050652918,/rigid_bodies.rigidbodies[2].pose.position.x,0.8641225923120432
76.378002027,1709142547.060984171,1709142547.060463789,/rigid_bodies.rigidbodies[2].pose.position.x,0.8643709824921684
76.388465536,1709142547.071447680,1709142547.070854346,/rigid_bodies.rigidbodies[2].pose.position.x,0.8642954956424623
76.398584691,1709142547.081566835,1709142547.081143876,/rigid_bodies.rigidbodies[2].pose.position.x,0.8639199012346733
76.407862178,1709142547.090844322,1709142547.090411018,/rigid_bodies.rigidbodies[2].pose.position.x,0.8637948420480619
76.41832252,1709142547.101304664,1709142547.100812930,/rigid_bodies.rigidbodies[2].pose.position.x,0.8641023914684237
76.428111612,1709142547.111093756,1709142547.110631256,/rigid_bodies.rigidbodies[2].pose.position.x,0.8643120854476358
76.438083413,1709142547.121065557,1709142547.120552031,/rigid_bodies.rigidbodies[2].pose.position.x,0.8642686614101811
76.448393336,1709142547.131375480,1709142547.130819459,/rigid_bodies.rigidbodies[2].pose.position.x,0.8640252880787656
76.458146215,1709142547.141128359,1709142547.140635018,/rigid_bodies.rigidbodies[2].pose.position.x,0.863836264110444
76.468567353,1709142547.151549497,1709142547.150864487,/rigid_bodies.rigidbodies[2].pose.position.x,0.8639719928820196
76.478192387,1709142547.161174531,1709142547.160626636,/rigid_bodies.rigidbodies[2].pose.position.x,0.8642656672874802
76.488538626,1709142547.171520770,1709142547.171011431,/rigid_bodies.rigidbodies[2].pose.position.x,0.8643226304143411
76.498336472,1709142547.181318616,1709142547.180862024,/rigid_bodies.rigidbodies[2].pose.position.x,0.8640636186919481
76.508372767,1709142547.191354911,1709142547.190830318,/rigid_bodies.rigidbodies[2].pose.position.x,0.8638072026753765
76.5187496,1709142547.201731744,1709142547.201226285,/rigid_bodies.rigidbodies[2].pose.position.x,0.8639484876992161
76.528132077,1709142547.211114221,1709142547.210606597,/rigid_bodies.rigidbodies[2].pose.position.x,0.8642216454228505
76.538413094,1709142547.221395238,1709142547.220842964,/rigid_bodies.rigidbodies[2].pose.position.x,0.8642524037459968
76.548361442,1709142547.231343586,1709142547.230789822,/rigid_bodies.rigidbodies[2].pose.position.x,0.8641236824541524
76.558218394,1709142547.241200538,1709142547.240508704,/rigid_bodies.rigidbodies[2].pose.position.x,0.8639368012769173
76.568007707,1709142547.250989851,1709142547.250609409,/rigid_bodies.rigidbodies[2].pose.position.x,0.8639332875996926
76.577935839,1709142547.260917983,1709142547.260462368,/rigid_bodies.rigidbodies[2].pose.position.x,0.8642492305337897
76.588288281,1709142547.271270425,1709142547.270776050,/rigid_bodies.rigidbodies[2].pose.position.x,0.8643455313439246
76.59848256,1709142547.281464704,1709142547.281002158,/rigid_bodies.rigidbodies[2].pose.position.x,0.8641552929170752
76.608343059,1709142547.291325203,1709142547.290705198,/rigid_bodies.rigidbodies[2].pose.position.x,0.8638183902894206
76.618267647,1709142547.301249791,1709142547.300782180,/rigid_bodies.rigidbodies[2].pose.position.x,0.8639107185477077
76.627868609,1709142547.310850753,1709142547.310467290,/rigid_bodies.rigidbodies[2].pose.position.x,0.8642527173434246
76.638913058,1709142547.321895202,1709142547.321200426,/rigid_bodies.rigidbodies[2].pose.position.x,0.8643598522412129
76.653053529,1709142547.336035673,1709142547.335426452,/rigid_bodies.rigidbodies[2].pose.position.x,0.8641923821767203
76.658279143,1709142547.341261287,1709142547.340831470,/rigid_bodies.rigidbodies[2].pose.position.x,0.8639346369094348
76.668330435,1709142547.351312579,1709142547.350759027,/rigid_bodies.rigidbodies[2].pose.position.x,0.8638597737540583
76.677972268,1709142547.360954412,1709142547.360539482,/rigid_bodies.rigidbodies[2].pose.position.x,0.8641234759567813
76.688253909,1709142547.371236053,1709142547.370690859,/rigid_bodies.rigidbodies[2].pose.position.x,0.8643427485207035
76.698367558,1709142547.381349702,1709142547.380899263,/rigid_bodies.rigidbodies[2].pose.position.x,0.8642523025808654
76.707926614,1709142547.390908758,1709142547.390518524,/rigid_bodies.rigidbodies[2].pose.position.x,0.8639504548202244
76.718460411,1709142547.401442555,1709142547.400723507,/rigid_bodies.rigidbodies[2].pose.position.x,0.8638730979450923
76.728244087,1709142547.411226231,1709142547.410659563,/rigid_bodies.rigidbodies[2].pose.position.x,0.8641663762550085
76.738204579,1709142547.421186723,1709142547.420758776,/rigid_bodies.rigidbodies[2].pose.position.x,0.8643683769821395
76.74817578,1709142547.431157924,1709142547.430883348,/rigid_bodies.rigidbodies[2].pose.position.x,0.8642671318002069
76.757983929,1709142547.440966073,1709142547.440581634,/rigid_bodies.rigidbodies[2].pose.position.x,0.8639758523455012
76.768131091,1709142547.451113235,1709142547.450694359,/rigid_bodies.rigidbodies[2].pose.position.x,0.8638255074570875
76.777874273,1709142547.460856417,1709142547.460297739,/rigid_bodies.rigidbodies[2].pose.position.x,0.8640356160000443
76.78844382,1709142547.471425964,1709142547.470704367,/rigid_bodies.rigidbodies[2].pose.position.x,0.8643446947408249
76.798176369,1709142547.481158513,1709142547.480693668,/rigid_bodies.rigidbodies[2].pose.position.x,0.864315974951679
76.808339549,1709142547.491321693,1709142547.490737967,/rigid_bodies.rigidbodies[2].pose.position.x,0.8640423209252895
76.818251701,1709142547.501233845,1709142547.500715764,/rigid_bodies.rigidbodies[2].pose.position.x,0.8638196309930456
76.827994265,1709142547.510976409,1709142547.510552792,/rigid_bodies.rigidbodies[2].pose.position.x,0.8640184855315888
76.839848826,1709142547.522830970,1709142547.522273551,/rigid_bodies.rigidbodies[2].pose.position.x,0.8643349483633221
76.848166058,1709142547.531148202,1709142547.530820553,/rigid_bodies.rigidbodies[2].pose.position.x,0.8643539988117313
76.858029438,1709142547.541011582,1709142547.540588959,/rigid_bodies.rigidbodies[2].pose.position.x,0.8641123180306609
76.868498809,1709142547.551480953,1709142547.550998990,/rigid_bodies.rigidbodies[2].pose.position.x,0.8638476978282098
76.878038721,1709142547.561020865,1709142547.560583445,/rigid_bodies.rigidbodies[2].pose.position.x,0.8639139073428499
76.887961031,1709142547.570943175,1709142547.570577723,/rigid_bodies.rigidbodies[2].pose.position.x,0.8642139146474137
76.898530798,1709142547.581512942,1709142547.580911023,/rigid_bodies.rigidbodies[2].pose.position.x,0.8643930223646902
76.908210033,1709142547.591192177,1709142547.590690712,/rigid_bodies.rigidbodies[2].pose.position.x,0.8642082660482948
76.918061033,1709142547.601043177,1709142547.600562299,/rigid_bodies.rigidbodies[2].pose.position.x,0.8638669413964389
76.928430019,1709142547.611412163,1709142547.610889710,/rigid_bodies.rigidbodies[2].pose.position.x,0.8638675367834481
76.938077314,1709142547.621059458,1709142547.620527914,/rigid_bodies.rigidbodies[2].pose.position.x,0.8641640198185706
76.948300671,1709142547.631282815,1709142547.630899551,/rigid_bodies.rigidbodies[2].pose.position.x,0.8643353678388902
76.957911511,1709142547.640893655,1709142547.640468036,/rigid_bodies.rigidbodies[2].pose.position.x,0.864193158769132
76.968228985,1709142547.651211129,1709142547.650764979,/rigid_bodies.rigidbodies[2].pose.position.x,0.8639282807931301
76.977971767,1709142547.660953911,1709142547.660484855,/rigid_bodies.rigidbodies[2].pose.position.x,0.8638951800483419
76.98785289,1709142547.670835034,1709142547.670437862,/rigid_bodies.rigidbodies[2].pose.position.x,0.8641655019495463
76.99885445,1709142547.681836594,1709142547.681269717,/rigid_bodies.rigidbodies[2].pose.position.x,0.8643703395853117
77.008363499,1709142547.691345643,1709142547.690779735,/rigid_bodies.rigidbodies[2].pose.position.x,0.8642225367724341
77.017999443,1709142547.700981587,1709142547.700588597,/rigid_bodies.rigidbodies[2].pose.position.x,0.8639298070442272
77.028516062,1709142547.711498206,1709142547.710877073,/rigid_bodies.rigidbodies[2].pose.position.x,0.8638944532727773
77.03793702,1709142547.720919164,1709142547.720377059,/rigid_bodies.rigidbodies[2].pose.position.x,0.8640861144897095
77.048425458,1709142547.731407602,1709142547.731000938,/rigid_bodies.rigidbodies[2].pose.position.x,0.8643235684466566
77.05830119,1709142547.741283334,1709142547.740815688,/rigid_bodies.rigidbodies[2].pose.position.x,0.8643223361861649
77.068299956,1709142547.751282100,1709142547.750872477,/rigid_bodies.rigidbodies[2].pose.position.x,0.8640250221124322
77.077760515,1709142547.760742659,1709142547.760390245,/rigid_bodies.rigidbodies[2].pose.position.x,0.8638123362784144
77.088548018,1709142547.771530162,1709142547.770978428,/rigid_bodies.rigidbodies[2].pose.position.x,0.8639946183772714
77.098376595,1709142547.781358739,1709142547.780784645,/rigid_bodies.rigidbodies[2].pose.position.x,0.8643108153357494
77.107840969,1709142547.790823113,1709142547.790450306,/rigid_bodies.rigidbodies[2].pose.position.x,0.864342427459059
77.118257629,1709142547.801239773,1709142547.800811526,/rigid_bodies.rigidbodies[2].pose.position.x,0.8640250234813381
77.127643279,1709142547.810625423,1709142547.810298212,/rigid_bodies.rigidbodies[2].pose.position.x,0.8638158230242879
77.138158162,1709142547.821140306,1709142547.820690511,/rigid_bodies.rigidbodies[2].pose.position.x,0.8639697781793164
77.149043801,1709142547.832025945,1709142547.831625372,/rigid_bodies.rigidbodies[2].pose.position.x,0.8642522024952788
77.1582023,1709142547.841184444,1709142547.840713904,/rigid_bodies.rigidbodies[2].pose.position.x,0.8643876183047976
77.167915221,1709142547.850897365,1709142547.850580072,/rigid_bodies.rigidbodies[2].pose.position.x,0.8641708561172781
77.178078368,1709142547.861060512,1709142547.860669827,/rigid_bodies.rigidbodies[2].pose.position.x,0.8638567522531679
77.188499304,1709142547.871481448,1709142547.870976741,/rigid_bodies.rigidbodies[2].pose.position.x,0.8639060057804177
77.198483354,1709142547.881465498,1709142547.881013501,/rigid_bodies.rigidbodies[2].pose.position.x,0.864212825717114
77.207973337,1709142547.890955481,1709142547.890553465,/rigid_bodies.rigidbodies[2].pose.position.x,0.864340831467538
77.218003313,1709142547.900985457,1709142547.900488496,/rigid_bodies.rigidbodies[2].pose.position.x,0.8641522904832011
77.228070912,1709142547.911053056,1709142547.910654376,/rigid_bodies.rigidbodies[2].pose.position.x,0.8638925325101012
77.238323943,1709142547.921306087,1709142547.920828014,/rigid_bodies.rigidbodies[2].pose.position.x,0.8639342150209199
77.248443385,1709142547.931425529,1709142547.931068042,/rigid_bodies.rigidbodies[2].pose.position.x,0.8641774326554481
77.257778236,1709142547.940760380,1709142547.940451241,/rigid_bodies.rigidbodies[2].pose.position.x,0.8643711710918963
77.268210832,1709142547.951192976,1709142547.950728106,/rigid_bodies.rigidbodies[2].pose.position.x,0.8642043524716208
77.277705296,1709142547.960687440,1709142547.960338983,/rigid_bodies.rigidbodies[2].pose.position.x,0.8638484068143445
77.288392545,1709142547.971374689,1709142547.970821457,/rigid_bodies.rigidbodies[2].pose.position.x,0.8637921923495233
77.298776725,1709142547.981758869,1709142547.981207807,/rigid_bodies.rigidbodies[2].pose.position.x,0.8641166880910391
77.308536348,1709142547.991518492,1709142547.990903199,/rigid_bodies.rigidbodies[2].pose.position.x,0.8643805698542809
77.318585408,1709142548.001567552,1709142548.001059232,/rigid_bodies.rigidbodies[2].pose.position.x,0.8642281256899026
77.328310647,1709142548.011292791,1709142548.010640128,/rigid_bodies.rigidbodies[2].pose.position.x,0.8639077636856821
77.338269862,1709142548.021252006,1709142548.020788221,/rigid_bodies.rigidbodies[2].pose.position.x,0.8638345083101336
77.348487925,1709142548.031470069,1709142548.031049517,/rigid_bodies.rigidbodies[2].pose.position.x,0.8640502819758407
77.358059482,1709142548.041041626,1709142548.040570361,/rigid_bodies.rigidbodies[2].pose.position.x,0.8642852577774939
77.367972042,1709142548.050954186,1709142548.050654596,/rigid_bodies.rigidbodies[2].pose.position.x,0.8643050959508046
77.377623329,1709142548.060605473,1709142548.060434626,/rigid_bodies.rigidbodies[2].pose.position.x,0.8639641800023119
77.387854641,1709142548.070836785,1709142548.070662206,/rigid_bodies.rigidbodies[2].pose.position.x,0.8637704614469823
77.398131208,1709142548.081113352,1709142548.080901589,/rigid_bodies.rigidbodies[2].pose.position.x,0.864029215646634
77.407503647,1709142548.090485791,1709142548.090316401,/rigid_bodies.rigidbodies[2].pose.position.x,0.8643092740219942
77.417744407,1709142548.100726551,1709142548.100531360,/rigid_bodies.rigidbodies[2].pose.position.x,0.8642928373269025
77.42765991,1709142548.110642054,1709142548.110315689,/rigid_bodies.rigidbodies[2].pose.position.x,0.8640410168848112
77.438538781,1709142548.121520925,1709142548.121032810,/rigid_bodies.rigidbodies[2].pose.position.x,0.8638045783521641
77.448761874,1709142548.131744018,1709142548.131268649,/rigid_bodies.rigidbodies[2].pose.position.x,0.8639161806804556
77.457740917,1709142548.140723061,1709142548.140286409,/rigid_bodies.rigidbodies[2].pose.position.x,0.8642325198502114
77.468537463,1709142548.151519607,1709142548.150882426,/rigid_bodies.rigidbodies[2].pose.position.x,0.8643372947218018
77.478033928,1709142548.161016072,1709142548.160667149,/rigid_bodies.rigidbodies[2].pose.position.x,0.8640850796917476
77.488430783,1709142548.171412927,1709142548.170809852,/rigid_bodies.rigidbodies[2].pose.position.x,0.8637982381547961
77.49901968,1709142548.182001824,1709142548.181236879,/rigid_bodies.rigidbodies[2].pose.position.x,0.8639304005811295
77.508064622,1709142548.191046766,1709142548.190547750,/rigid_bodies.rigidbodies[2].pose.position.x,0.8642447624570666
77.517935637,1709142548.200917781,1709142548.200548014,/rigid_bodies.rigidbodies[2].pose.position.x,0.8643525790118228
77.527419386,1709142548.210401530,1709142548.210139481,/rigid_bodies.rigidbodies[2].pose.position.x,0.864138511795035
77.537751658,1709142548.220733802,1709142548.220451266,/rigid_bodies.rigidbodies[2].pose.position.x,0.8638291983013173
77.548040792,1709142548.231022936,1709142548.230799342,/rigid_bodies.rigidbodies[2].pose.position.x,0.8638203226689497
77.558027473,1709142548.241009617,1709142548.240585587,/rigid_bodies.rigidbodies[2].pose.position.x,0.8640995370042198
77.568037736,1709142548.251019880,1709142548.250723840,/rigid_bodies.rigidbodies[2].pose.position.x,0.8643049448595752
77.577788041,1709142548.260770185,1709142548.260449975,/rigid_bodies.rigidbodies[2].pose.position.x,0.8642100313606194
77.587554346,1709142548.270536490,1709142548.270187629,/rigid_bodies.rigidbodies[2].pose.position.x,0.8638809121983959
77.598598759,1709142548.281580903,1709142548.281070547,/rigid_bodies.rigidbodies[2].pose.position.x,0.8638545102825212
77.608455852,1709142548.291437996,1709142548.290809984,/rigid_bodies.rigidbodies[2].pose.position.x,0.8641278427614214
77.618690327,1709142548.301672471,1709142548.300988866,/rigid_bodies.rigidbodies[2].pose.position.x,0.8642934389636578
77.628002095,1709142548.310984239,1709142548.310494987,/rigid_bodies.rigidbodies[2].pose.position.x,0.8641998615889586
77.638726732,1709142548.321708876,1709142548.320979508,/rigid_bodies.rigidbodies[2].pose.position.x,0.8639255424732644
77.648282043,1709142548.331264187,1709142548.330941651,/rigid_bodies.rigidbodies[2].pose.position.x,0.8638329406231923
77.658183441,1709142548.341165585,1709142548.340724317,/rigid_bodies.rigidbodies[2].pose.position.x,0.8640490761386032
77.668590311,1709142548.351572455,1709142548.351122783,/rigid_bodies.rigidbodies[2].pose.position.x,0.8642972061185097
77.678139201,1709142548.361121345,1709142548.360770417,/rigid_bodies.rigidbodies[2].pose.position.x,0.8642500166019376
77.68839492,1709142548.371377064,1709142548.370904041,/rigid_bodies.rigidbodies[2].pose.position.x,0.8639987528875356
77.698984732,1709142548.381966876,1709142548.381568007,/rigid_bodies.rigidbodies[2].pose.position.x,0.8638457240143927
77.708238988,1709142548.391221132,1709142548.390609879,/rigid_bodies.rigidbodies[2].pose.position.x,0.8640302620345873
77.718123903,1709142548.401106047,1709142548.400695130,/rigid_bodies.rigidbodies[2].pose.position.x,0.864244523023193
77.728613873,1709142548.411596017,1709142548.410860351,/rigid_bodies.rigidbodies[2].pose.position.x,0.8642837953469531
77.738750313,1709142548.421732457,1709142548.421038001,/rigid_bodies.rigidbodies[2].pose.position.x,0.8640743869630592
77.748398204,1709142548.431380348,1709142548.430942351,/rigid_bodies.rigidbodies[2].pose.position.x,0.8638656278325537
77.758143096,1709142548.441125240,1709142548.440648361,/rigid_bodies.rigidbodies[2].pose.position.x,0.8638917979296566
77.7682077,1709142548.451189844,1709142548.450768000,/rigid_bodies.rigidbodies[2].pose.position.x,0.8642361390009023
77.778431592,1709142548.461413736,1709142548.460821406,/rigid_bodies.rigidbodies[2].pose.position.x,0.8643795477283057
77.788072435,1709142548.471054579,1709142548.470573114,/rigid_bodies.rigidbodies[2].pose.position.x,0.8641051975226983
77.798863946,1709142548.481846090,1709142548.481189183,/rigid_bodies.rigidbodies[2].pose.position.x,0.863828661778837
77.807790638,1709142548.490772782,1709142548.490496053,/rigid_bodies.rigidbodies[2].pose.position.x,0.8639072953284236
77.818139562,1709142548.501121706,1709142548.500750250,/rigid_bodies.rigidbodies[2].pose.position.x,0.8641921663908592
77.828232557,1709142548.511214701,1709142548.510696821,/rigid_bodies.rigidbodies[2].pose.position.x,0.8643233265142265
77.838613111,1709142548.521595255,1709142548.521178305,/rigid_bodies.rigidbodies[2].pose.position.x,0.8641554965440513
77.848023844,1709142548.531005988,1709142548.530679186,/rigid_bodies.rigidbodies[2].pose.position.x,0.8638528870658236
77.858113305,1709142548.541095449,1709142548.540715441,/rigid_bodies.rigidbodies[2].pose.position.x,0.8638607568503155
77.868687238,1709142548.551669382,1709142548.551315045,/rigid_bodies.rigidbodies[2].pose.position.x,0.8641116681217453
77.877701832,1709142548.560683976,1709142548.560353222,/rigid_bodies.rigidbodies[2].pose.position.x,0.8643192704041028
77.888500075,1709142548.571482219,1709142548.571108712,/rigid_bodies.rigidbodies[2].pose.position.x,0.864197314862155
77.8985648,1709142548.581546944,1709142548.581009429,/rigid_bodies.rigidbodies[2].pose.position.x,0.8639370633157529
77.908175996,1709142548.591158140,1709142548.590842429,/rigid_bodies.rigidbodies[2].pose.position.x,0.863859896269397
77.918285529,1709142548.601267673,1709142548.600802278,/rigid_bodies.rigidbodies[2].pose.position.x,0.8640981523045553
77.928034347,1709142548.611016491,1709142548.610567397,/rigid_bodies.rigidbodies[2].pose.position.x,0.8643153721788069
77.938255742,1709142548.621237886,1709142548.620819867,/rigid_bodies.rigidbodies[2].pose.position.x,0.8642256136143831
77.948729242,1709142548.631711386,1709142548.631271690,/rigid_bodies.rigidbodies[2].pose.position.x,0.8639840997292431
77.957807288,1709142548.640789432,1709142548.640442037,/rigid_bodies.rigidbodies[2].pose.position.x,0.8638834773978243
77.968745575,1709142548.651727719,1709142548.651160940,/rigid_bodies.rigidbodies[2].pose.position.x,0.8640924394128965
77.978012886,1709142548.660995030,1709142548.660572194,/rigid_bodies.rigidbodies[2].pose.position.x,0.864301114188481
77.988346503,1709142548.671328647,1709142548.670784583,/rigid_bodies.rigidbodies[2].pose.position.x,0.8643012369342024
77.998550068,1709142548.681532212,1709142548.681089051,/rigid_bodies.rigidbodies[2].pose.position.x,0.8639923521841973
78.007976743,1709142548.690958887,1709142548.690491651,/rigid_bodies.rigidbodies[2].pose.position.x,0.863835560266433
78.018019661,1709142548.701001805,1709142548.700489973,/rigid_bodies.rigidbodies[2].pose.position.x,0.8640194591812869
78.028157157,1709142548.711139301,1709142548.710739784,/rigid_bodies.rigidbodies[2].pose.position.x,0.8642722634617462
78.038539945,1709142548.721522089,1709142548.720760338,/rigid_bodies.rigidbodies[2].pose.position.x,0.8643076801264936
78.048515395,1709142548.731497539,1709142548.730925576,/rigid_bodies.rigidbodies[2].pose.position.x,0.8640864367973725
78.057875484,1709142548.740857628,1709142548.740489948,/rigid_bodies.rigidbodies[2].pose.position.x,0.8638347417036435
78.068141763,1709142548.751123907,1709142548.750717583,/rigid_bodies.rigidbodies[2].pose.position.x,0.8639531569407363
78.07809571,1709142548.761077854,1709142548.760501796,/rigid_bodies.rigidbodies[2].pose.position.x,0.8642112577869241
78.088370147,1709142548.771352291,1709142548.770813813,/rigid_bodies.rigidbodies[2].pose.position.x,0.8643167435443494
78.098607538,1709142548.781589682,1709142548.781008565,/rigid_bodies.rigidbodies[2].pose.position.x,0.8641223968104602
78.108191233,1709142548.791173377,1709142548.790704007,/rigid_bodies.rigidbodies[2].pose.position.x,0.8638571355260124
78.117971967,1709142548.800954111,1709142548.800536629,/rigid_bodies.rigidbodies[2].pose.position.x,0.8638844919675843
78.127687491,1709142548.810669635,1709142548.810483447,/rigid_bodies.rigidbodies[2].pose.position.x,0.8641718548355508
78.137605474,1709142548.820587618,1709142548.820391938,/rigid_bodies.rigidbodies[2].pose.position.x,0.8643213877389951
78.14798375,1709142548.830965894,1709142548.830729643,/rigid_bodies.rigidbodies[2].pose.position.x,0.8641766281974819
78.157853822,1709142548.840835966,1709142548.840502138,/rigid_bodies.rigidbodies[2].pose.position.x,0.8639039969955173
78.16799424,1709142548.850976384,1709142548.850662794,/rigid_bodies.rigidbodies[2].pose.position.x,0.8638581071790046
78.177817238,1709142548.860799382,1709142548.860423340,/rigid_bodies.rigidbodies[2].pose.position.x,0.8641175601735135
78.188635427,1709142548.871617571,1709142548.871045953,/rigid_bodies.rigidbodies[2].pose.position.x,0.8643340469687582
78.198620732,1709142548.881602876,1709142548.881224651,/rigid_bodies.rigidbodies[2].pose.position.x,0.8642389736497923
78.20793902,1709142548.890921164,1709142548.890562617,/rigid_bodies.rigidbodies[2].pose.position.x,0.8639579537893292
78.218527942,1709142548.901510086,1709142548.901018576,/rigid_bodies.rigidbodies[2].pose.position.x,0.8638808674179539
78.228491235,1709142548.911473379,1709142548.911002653,/rigid_bodies.rigidbodies[2].pose.position.x,0.8640744481753491
78.238242536,1709142548.921224680,1709142548.920875942,/rigid_bodies.rigidbodies[2].pose.position.x,0.8643097009965554
78.24844782,1709142548.931429964,1709142548.931035678,/rigid_bodies.rigidbodies[2].pose.position.x,0.8642875847131705
78.258067284,1709142548.941049428,1709142548.940778539,/rigid_bodies.rigidbodies[2].pose.position.x,0.8639982467541036
78.267981474,1709142548.950963618,1709142548.950672131,/rigid_bodies.rigidbodies[2].pose.position.x,0.8638083260891274
78.277470046,1709142548.960452190,1709142548.960228709,/rigid_bodies.rigidbodies[2].pose.position.x,0.8640275958254534
78.288387139,1709142548.971369283,1709142548.970948190,/rigid_bodies.rigidbodies[2].pose.position.x,0.8642616891145339
78.298691662,1709142548.981673806,1709142548.981307438,/rigid_bodies.rigidbodies[2].pose.position.x,0.864295553368363
78.308119577,1709142548.991101721,1709142548.990796514,/rigid_bodies.rigidbodies[2].pose.position.x,0.8640695818157077
78.31864595,1709142549.001628094,1709142549.001037724,/rigid_bodies.rigidbodies[2].pose.position.x,0.8638967838343969
78.328086424,1709142549.011068568,1709142549.010661150,/rigid_bodies.rigidbodies[2].pose.position.x,0.8639829313237473
78.338124544,1709142549.021106688,1709142549.020670586,/rigid_bodies.rigidbodies[2].pose.position.x,0.8642134665720814
78.348050409,1709142549.031032553,1709142549.030703427,/rigid_bodies.rigidbodies[2].pose.position.x,0.8643110320084597
78.358293269,1709142549.041275413,1709142549.040802556,/rigid_bodies.rigidbodies[2].pose.position.x,0.8641328486325506
78.368399155,1709142549.051381299,1709142549.051000425,/rigid_bodies.rigidbodies[2].pose.position.x,0.8639162118223186
78.377821775,1709142549.060803919,1709142549.060435127,/rigid_bodies.rigidbodies[2].pose.position.x,0.8639675369444202
78.388164731,1709142549.071146875,1709142549.070816914,/rigid_bodies.rigidbodies[2].pose.position.x,0.8642312434333767
78.398351426,1709142549.081333570,1709142549.080966926,/rigid_bodies.rigidbodies[2].pose.position.x,0.8642725734039534
78.408040828,1709142549.091022972,1709142549.090615685,/rigid_bodies.rigidbodies[2].pose.position.x,0.8641411460085345
78.418247586,1709142549.101229730,1709142549.100810251,/rigid_bodies.rigidbodies[2].pose.position.x,0.8639590559376116
78.427538559,1709142549.110520703,1709142549.110159377,/rigid_bodies.rigidbodies[2].pose.position.x,0.8639342034670665
78.438255922,1709142549.121238066,1709142549.120797868,/rigid_bodies.rigidbodies[2].pose.position.x,0.8641557221884184
78.448167588,1709142549.131149732,1709142549.130784663,/rigid_bodies.rigidbodies[2].pose.position.x,0.8643112468843279
78.457666095,1709142549.140648239,1709142549.140201258,/rigid_bodies.rigidbodies[2].pose.position.x,0.8642162201584864
78.468375542,1709142549.151357686,1709142549.150892557,/rigid_bodies.rigidbodies[2].pose.position.x,0.8639121257664606
78.477814426,1709142549.160796570,1709142549.160374126,/rigid_bodies.rigidbodies[2].pose.position.x,0.8639012388620554
78.488640853,1709142549.171622997,1709142549.171014749,/rigid_bodies.rigidbodies[2].pose.position.x,0.8641954555616385
78.4988905,1709142549.181872644,1709142549.181218010,/rigid_bodies.rigidbodies[2].pose.position.x,0.864313714672902
78.508262379,1709142549.191244523,1709142549.190705451,/rigid_bodies.rigidbodies[2].pose.position.x,0.8642379432089726
78.518481062,1709142549.201463206,1709142549.200933602,/rigid_bodies.rigidbodies[2].pose.position.x,0.8639780457699696
78.528154991,1709142549.211137135,1709142549.210589648,/rigid_bodies.rigidbodies[2].pose.position.x,0.8638810889285176
78.539017419,1709142549.221999563,1709142549.221421397,/rigid_bodies.rigidbodies[2].pose.position.x,0.8640381540035365
78.548262791,1709142549.231244935,1709142549.230970359,/rigid_bodies.rigidbodies[2].pose.position.x,0.8642885593243493
78.558073482,1709142549.241055626,1709142549.240608307,/rigid_bodies.rigidbodies[2].pose.position.x,0.8642843577564181
78.56786685,1709142549.250848994,1709142549.250600419,/rigid_bodies.rigidbodies[2].pose.position.x,0.8639994485653455
78.577785996,1709142549.260768140,1709142549.260540227,/rigid_bodies.rigidbodies[2].pose.position.x,0.8638577412374945
78.588504067,1709142549.271486211,1709142549.270945166,/rigid_bodies.rigidbodies[2].pose.position.x,0.8640379625528362
78.598972397,1709142549.281954541,1709142549.281268466,/rigid_bodies.rigidbodies[2].pose.position.x,0.8642402964683995
78.608317035,1709142549.291299179,1709142549.290820961,/rigid_bodies.rigidbodies[2].pose.position.x,0.8642413526952843
78.618209317,1709142549.301191461,1709142549.300625835,/rigid_bodies.rigidbodies[2].pose.position.x,0.8640849974557558
78.62828642,1709142549.311268564,1709142549.310622220,/rigid_bodies.rigidbodies[2].pose.position.x,0.8638821685045275
78.638157157,1709142549.321139301,1709142549.320667410,/rigid_bodies.rigidbodies[2].pose.position.x,0.8639514779072213
78.64814377,1709142549.331125914,1709142549.330860118,/rigid_bodies.rigidbodies[2].pose.position.x,0.8642236435787942
78.658396804,1709142549.341378948,1709142549.341066413,/rigid_bodies.rigidbodies[2].pose.position.x,0.8643157511897765
78.668653445,1709142549.351635589,1709142549.351294547,/rigid_bodies.rigidbodies[2].pose.position.x,0.8640545115521068
78.677795971,1709142549.360778115,1709142549.360480648,/rigid_bodies.rigidbodies[2].pose.position.x,0.8638400135037756
78.688521941,1709142549.371504085,1709142549.371007000,/rigid_bodies.rigidbodies[2].pose.position.x,0.8639473664406976
78.698475645,1709142549.381457789,1709142549.381103518,/rigid_bodies.rigidbodies[2].pose.position.x,0.8641468104802998
78.708012795,1709142549.390994939,1709142549.390660965,/rigid_bodies.rigidbodies[2].pose.position.x,0.8642071073015575
78.718383067,1709142549.401365211,1709142549.400961191,/rigid_bodies.rigidbodies[2].pose.position.x,0.8641166740833817
78.727742611,1709142549.410724755,1709142549.410345954,/rigid_bodies.rigidbodies[2].pose.position.x,0.863881210816418
78.738353119,1709142549.421335263,1709142549.420793788,/rigid_bodies.rigidbodies[2].pose.position.x,0.8638723999938857
78.748281537,1709142549.431263681,1709142549.430930618,/rigid_bodies.rigidbodies[2].pose.position.x,0.8641289812694343
78.758043398,1709142549.441025542,1709142549.440676004,/rigid_bodies.rigidbodies[2].pose.position.x,0.8643250483238468
78.767991081,1709142549.450973225,1709142549.450594925,/rigid_bodies.rigidbodies[2].pose.position.x,0.8641951322066278
78.777919408,1709142549.460901552,1709142549.460492528,/rigid_bodies.rigidbodies[2].pose.position.x,0.8639085849879021
78.787970392,1709142549.470952536,1709142549.470687901,/rigid_bodies.rigidbodies[2].pose.position.x,0.8639341578245703
78.798302732,1709142549.481284876,1709142549.480944022,/rigid_bodies.rigidbodies[2].pose.position.x,0.8640775408895504
78.80762893,1709142549.490611074,1709142549.490309367,/rigid_bodies.rigidbodies[2].pose.position.x,0.8642284059592878
78.818047213,1709142549.501029357,1709142549.500723953,/rigid_bodies.rigidbodies[2].pose.position.x,0.8642124823668099
78.828220484,1709142549.511202628,1709142549.510716415,/rigid_bodies.rigidbodies[2].pose.position.x,0.8640201166221477
78.838137673,1709142549.521119817,1709142549.520646992,/rigid_bodies.rigidbodies[2].pose.position.x,0.8639098555899595
78.848301472,1709142549.531283616,1709142549.530928235,/rigid_bodies.rigidbodies[2].pose.position.x,0.8640369070559885
78.858230516,1709142549.541212660,1709142549.540700195,/rigid_bodies.rigidbodies[2].pose.position.x,0.8642563774582628
78.868263815,1709142549.551245959,1709142549.550758598,/rigid_bodies.rigidbodies[2].pose.position.x,0.8642553627911251
78.878091866,1709142549.561074010,1709142549.560695983,/rigid_bodies.rigidbodies[2].pose.position.x,0.8639938168803314
78.888547218,1709142549.571529362,1709142549.570944895,/rigid_bodies.rigidbodies[2].pose.position.x,0.8639002604690972
78.898371033,1709142549.581353177,1709142549.580820800,/rigid_bodies.rigidbodies[2].pose.position.x,0.8640578414123462
78.908150348,1709142549.591132492,1709142549.590721575,/rigid_bodies.rigidbodies[2].pose.position.x,0.8642280721595472
78.918316286,1709142549.601298430,1709142549.600755888,/rigid_bodies.rigidbodies[2].pose.position.x,0.8642655751167283
78.928248623,1709142549.611230767,1709142549.610697518,/rigid_bodies.rigidbodies[2].pose.position.x,0.8641095349814777
78.938507679,1709142549.621489823,1709142549.620891573,/rigid_bodies.rigidbodies[2].pose.position.x,0.8639111604638728
78.94833193,1709142549.631314074,1709142549.630844827,/rigid_bodies.rigidbodies[2].pose.position.x,0.8639404644996831
78.958055233,1709142549.641037377,1709142549.640499716,/rigid_bodies.rigidbodies[2].pose.position.x,0.864196981095703
78.968257715,1709142549.651239859,1709142549.650797068,/rigid_bodies.rigidbodies[2].pose.position.x,0.864295338746535
78.978052488,1709142549.661034632,1709142549.660690207,/rigid_bodies.rigidbodies[2].pose.position.x,0.864093490629761
78.988391137,1709142549.671373281,1709142549.670994768,/rigid_bodies.rigidbodies[2].pose.position.x,0.8639022444008518
78.998412898,1709142549.681395042,1709142549.681057543,/rigid_bodies.rigidbodies[2].pose.position.x,0.8639577330110473
79.007739894,1709142549.690722038,1709142549.690394051,/rigid_bodies.rigidbodies[2].pose.position.x,0.8641899990242836
79.018285285,1709142549.701267429,1709142549.700763941,/rigid_bodies.rigidbodies[2].pose.position.x,0.8643180162810161
79.027717029,1709142549.710699173,1709142549.710374459,/rigid_bodies.rigidbodies[2].pose.position.x,0.8641760479166514
79.038747051,1709142549.721729195,1709142549.721064274,/rigid_bodies.rigidbodies[2].pose.position.x,0.8638938252172776
79.048987246,1709142549.731969390,1709142549.731449673,/rigid_bodies.rigidbodies[2].pose.position.x,0.8638613559488858
79.057839729,1709142549.740821873,1709142549.740347325,/rigid_bodies.rigidbodies[2].pose.position.x,0.8640999000067467
79.068493915,1709142549.751476059,1709142549.750884989,/rigid_bodies.rigidbodies[2].pose.position.x,0.8642805914892844
79.073776696,1709142549.756758840,1709142549.756310062,/rigid_bodies.rigidbodies[2].pose.position.x,0.8641702455208427
79.088454378,1709142549.771436522,1709142549.770922424,/rigid_bodies.rigidbodies[2].pose.position.x,0.8639754580454401
79.09858767,1709142549.781569814,1709142549.781060765,/rigid_bodies.rigidbodies[2].pose.position.x,0.8639102919869563
79.108119302,1709142549.791101446,1709142549.790561146,/rigid_bodies.rigidbodies[2].pose.position.x,0.8640513351541429
79.118104672,1709142549.801086816,1709142549.800623031,/rigid_bodies.rigidbodies[2].pose.position.x,0.8642266451543607
79.127717759,1709142549.810699903,1709142549.810370807,/rigid_bodies.rigidbodies[2].pose.position.x,0.8642128128185369
79.138412693,1709142549.821394837,1709142549.820886337,/rigid_bodies.rigidbodies[2].pose.position.x,0.8639784026526793
79.148148924,1709142549.831131068,1709142549.830687935,/rigid_bodies.rigidbodies[2].pose.position.x,0.8638407817793747
79.158127583,1709142549.841109727,1709142549.840691690,/rigid_bodies.rigidbodies[2].pose.position.x,0.8640755565670826
79.168143611,1709142549.851125755,1709142549.850595740,/rigid_bodies.rigidbodies[2].pose.position.x,0.8642988632908705
79.178574214,1709142549.861556358,1709142549.860892264,/rigid_bodies.rigidbodies[2].pose.position.x,0.8642583581529045
79.188279066,1709142549.871261210,1709142549.870845122,/rigid_bodies.rigidbodies[2].pose.position.x,0.8640222253101264
79.198506649,1709142549.881488793,1709142549.880873627,/rigid_bodies.rigidbodies[2].pose.position.x,0.8638722992720063
79.208473631,1709142549.891455775,1709142549.890794975,/rigid_bodies.rigidbodies[2].pose.position.x,0.8639692991395903
79.218120818,1709142549.901102962,1709142549.900688208,/rigid_bodies.rigidbodies[2].pose.position.x,0.8642014138595069
79.227819804,1709142549.910801948,1709142549.910349564,/rigid_bodies.rigidbodies[2].pose.position.x,0.8642649191384817
79.238170041,1709142549.921152185,1709142549.920538225,/rigid_bodies.rigidbodies[2].pose.position.x,0.8640819888166302
79.248701593,1709142549.931683737,1709142549.931238211,/rigid_bodies.rigidbodies[2].pose.position.x,0.8638785968306952
79.258580419,1709142549.941562563,1709142549.941006782,/rigid_bodies.rigidbodies[2].pose.position.x,0.8639771921000471
79.268050736,1709142549.951032880,1709142549.950628019,/rigid_bodies.rigidbodies[2].pose.position.x,0.8642051211009997
79.278061722,1709142549.961043866,1709142549.960543553,/rigid_bodies.rigidbodies[2].pose.position.x,0.8642663788809687
79.288688018,1709142549.971670162,1709142549.971144334,/rigid_bodies.rigidbodies[2].pose.position.x,0.8640999072674099
79.298644086,1709142549.981626230,1709142549.981005724,/rigid_bodies.rigidbodies[2].pose.position.x,0.8639127336629
79.308185706,1709142549.991167850,1709142549.990711779,/rigid_bodies.rigidbodies[2].pose.position.x,0.863904863498549
79.318124326,1709142550.001106470,1709142550.000634708,/rigid_bodies.rigidbodies[2].pose.position.x,0.8641165973647457
79.32815983,1709142550.011141974,1709142550.010585202,/rigid_bodies.rigidbodies[2].pose.position.x,0.8643225266868992
79.337708169,1709142550.020690313,1709142550.020242572,/rigid_bodies.rigidbodies[2].pose.position.x,0.8641922319812366
79.348730832,1709142550.031712976,1709142550.031177796,/rigid_bodies.rigidbodies[2].pose.position.x,0.8639287800250917
79.357792244,1709142550.040774388,1709142550.040467716,/rigid_bodies.rigidbodies[2].pose.position.x,0.8639520163259894
79.368139945,1709142550.051122089,1709142550.050786106,/rigid_bodies.rigidbodies[2].pose.position.x,0.864142770495913
79.377676988,1709142550.060659132,1709142550.060514887,/rigid_bodies.rigidbodies[2].pose.position.x,0.8642110034055047
79.387992295,1709142550.070974439,1709142550.070661165,/rigid_bodies.rigidbodies[2].pose.position.x,0.8641547675069204
79.398105571,1709142550.081087715,1709142550.080881170,/rigid_bodies.rigidbodies[2].pose.position.x,0.8639778805174172
79.407876671,1709142550.090858815,1709142550.090718780,/rigid_bodies.rigidbodies[2].pose.position.x,0.8638918216275264
79.417557045,1709142550.100539189,1709142550.100427239,/rigid_bodies.rigidbodies[2].pose.position.x,0.8640723138629527
79.427714827,1709142550.110696971,1709142550.110355192,/rigid_bodies.rigidbodies[2].pose.position.x,0.8642764331335177
79.437809887,1709142550.120792031,1709142550.120624272,/rigid_bodies.rigidbodies[2].pose.position.x,0.8642706627017519
79.447620134,1709142550.130602278,1709142550.130428650,/rigid_bodies.rigidbodies[2].pose.position.x,0.8640246725471391
79.457949572,1709142550.140931716,1709142550.140619686,/rigid_bodies.rigidbodies[2].pose.position.x,0.8638861174033243
79.468010581,1709142550.150992725,1709142550.150683682,/rigid_bodies.rigidbodies[2].pose.position.x,0.8640608678548046
79.477483912,1709142550.160466056,1709142550.160241690,/rigid_bodies.rigidbodies[2].pose.position.x,0.8642065598722948
79.48812751,1709142550.171109654,1709142550.170947409,/rigid_bodies.rigidbodies[2].pose.position.x,0.8642339558494339
79.497741339,1709142550.180723483,1709142550.180574668,/rigid_bodies.rigidbodies[2].pose.position.x,0.8640566515601457
79.507349839,1709142550.190331983,1709142550.190135605,/rigid_bodies.rigidbodies[2].pose.position.x,0.8638950325215828
79.518087666,1709142550.201069810,1709142550.200549838,/rigid_bodies.rigidbodies[2].pose.position.x,0.8640011560902453
79.528343856,1709142550.211326000,1709142550.210768756,/rigid_bodies.rigidbodies[2].pose.position.x,0.8642229364052364
79.537885314,1709142550.220867458,1709142550.220374787,/rigid_bodies.rigidbodies[2].pose.position.x,0.8642935509272608
79.547955256,1709142550.230937400,1709142550.230651090,/rigid_bodies.rigidbodies[2].pose.position.x,0.8640331590618968
79.557808578,1709142550.240790722,1709142550.240438710,/rigid_bodies.rigidbodies[2].pose.position.x,0.8638651453215367
79.567823564,1709142550.250805708,1709142550.250584888,/rigid_bodies.rigidbodies[2].pose.position.x,0.8639605308009322
79.577674018,1709142550.260656162,1709142550.260379634,/rigid_bodies.rigidbodies[2].pose.position.x,0.864168315970859
79.588002887,1709142550.270985031,1709142550.270599411,/rigid_bodies.rigidbodies[2].pose.position.x,0.8642896156337476
79.598413388,1709142550.281395532,1709142550.280913212,/rigid_bodies.rigidbodies[2].pose.position.x,0.8641736487591027
79.608224298,1709142550.291206442,1709142550.290648208,/rigid_bodies.rigidbodies[2].pose.position.x,0.8639471453370584
79.618512877,1709142550.301495021,1709142550.300915222,/rigid_bodies.rigidbodies[2].pose.position.x,0.8639156892590593
79.628433032,1709142550.311415176,1709142550.310977468,/rigid_bodies.rigidbodies[2].pose.position.x,0.8641678900879255
79.638338395,1709142550.321320539,1709142550.320831693,/rigid_bodies.rigidbodies[2].pose.position.x,0.8643257227732525
79.648558418,1709142550.331540562,1709142550.331050858,/rigid_bodies.rigidbodies[2].pose.position.x,0.8641650067465998
79.658483176,1709142550.341465320,1709142550.340803886,/rigid_bodies.rigidbodies[2].pose.position.x,0.8639261260574034
79.668232549,1709142550.351214693,1709142550.350673466,/rigid_bodies.rigidbodies[2].pose.position.x,0.8639226514233374
79.678193448,1709142550.361175592,1709142550.360674659,/rigid_bodies.rigidbodies[2].pose.position.x,0.8641609102973671
79.688842799,1709142550.371824943,1709142550.371040263,/rigid_bodies.rigidbodies[2].pose.position.x,0.8643057361231002
79.698580335,1709142550.381562479,1709142550.381006721,/rigid_bodies.rigidbodies[2].pose.position.x,0.8642603133627879
79.708500527,1709142550.391482671,1709142550.390974270,/rigid_bodies.rigidbodies[2].pose.position.x,0.8639948531695837
79.71837218,1709142550.401354324,1709142550.400738702,/rigid_bodies.rigidbodies[2].pose.position.x,0.8638959178590366
79.727954227,1709142550.410936371,1709142550.410426216,/rigid_bodies.rigidbodies[2].pose.position.x,0.8640153885213839
79.738298065,1709142550.421280209,1709142550.420787116,/rigid_bodies.rigidbodies[2].pose.position.x,0.8642375676128261
79.748160081,1709142550.431142225,1709142550.430734245,/rigid_bodies.rigidbodies[2].pose.position.x,0.8642268298078907
79.758629903,1709142550.441612047,1709142550.440978632,/rigid_bodies.rigidbodies[2].pose.position.x,0.8640006073243013
79.768215209,1709142550.451197353,1709142550.450744948,/rigid_bodies.rigidbodies[2].pose.position.x,0.8638909894549395
79.77815842,1709142550.461140564,1709142550.460592699,/rigid_bodies.rigidbodies[2].pose.position.x,0.8640510181955521
79.788704876,1709142550.471687020,1709142550.471015419,/rigid_bodies.rigidbodies[2].pose.position.x,0.8642115396125253
79.798262841,1709142550.481244985,1709142550.480797280,/rigid_bodies.rigidbodies[2].pose.position.x,0.8642400186258148
79.808237829,1709142550.491219973,1709142550.490684768,/rigid_bodies.rigidbodies[2].pose.position.x,0.8640383819999153
79.818585541,1709142550.501567685,1709142550.500982020,/rigid_bodies.rigidbodies[2].pose.position.x,0.8638713783360076
79.828021068,1709142550.511003212,1709142550.510606899,/rigid_bodies.rigidbodies[2].pose.position.x,0.8639870861751565
79.838117675,1709142550.521099819,1709142550.520661231,/rigid_bodies.rigidbodies[2].pose.position.x,0.864231495765437
79.848406707,1709142550.531388851,1709142550.530952982,/rigid_bodies.rigidbodies[2].pose.position.x,0.864270785113718
79.858027002,1709142550.541009146,1709142550.540602574,/rigid_bodies.rigidbodies[2].pose.position.x,0.8640481548847176
79.8684981,1709142550.551480244,1709142550.550785264,/rigid_bodies.rigidbodies[2].pose.position.x,0.8638938810444692
79.878297681,1709142550.561279825,1709142550.560782631,/rigid_bodies.rigidbodies[2].pose.position.x,0.8639761851261437
79.888341801,1709142550.571323945,1709142550.570709565,/rigid_bodies.rigidbodies[2].pose.position.x,0.864171635672384
79.898253328,1709142550.581235472,1709142550.580697830,/rigid_bodies.rigidbodies[2].pose.position.x,0.864217984999135
79.908235421,1709142550.591217565,1709142550.590726441,/rigid_bodies.rigidbodies[2].pose.position.x,0.864104002743318
79.918604107,1709142550.601586251,1709142550.600952027,/rigid_bodies.rigidbodies[2].pose.position.x,0.8638777339025228
79.928437146,1709142550.611419290,1709142550.610880920,/rigid_bodies.rigidbodies[2].pose.position.x,0.8639153172557983
79.938820829,1709142550.621802973,1709142550.621102043,/rigid_bodies.rigidbodies[2].pose.position.x,0.8641604296697061
79.948548275,1709142550.631530419,1709142550.631068553,/rigid_bodies.rigidbodies[2].pose.position.x,0.86433270450563
79.958076791,1709142550.641058935,1709142550.640668149,/rigid_bodies.rigidbodies[2].pose.position.x,0.8641638100436112
79.96855822,1709142550.651540364,1709142550.651024726,/rigid_bodies.rigidbodies[2].pose.position.x,0.863900678620552
79.978228383,1709142550.661210527,1709142550.660759190,/rigid_bodies.rigidbodies[2].pose.position.x,0.8639339180297687
79.987982667,1709142550.670964811,1709142550.670544505,/rigid_bodies.rigidbodies[2].pose.position.x,0.8640902602331297
79.998705731,1709142550.681687875,1709142550.681240170,/rigid_bodies.rigidbodies[2].pose.position.x,0.8642575874373848
80.008125591,1709142550.691107735,1709142550.690709293,/rigid_bodies.rigidbodies[2].pose.position.x,0.8642112906710823
80.017911881,1709142550.700894025,1709142550.700588254,/rigid_bodies.rigidbodies[2].pose.position.x,0.8639590545472615
80.028263746,1709142550.711245890,1709142550.710754322,/rigid_bodies.rigidbodies[2].pose.position.x,0.8638806515701515
80.038269663,1709142550.721251807,1709142550.720632893,/rigid_bodies.rigidbodies[2].pose.position.x,0.8640583736862889
80.048169769,1709142550.731151913,1709142550.730835841,/rigid_bodies.rigidbodies[2].pose.position.x,0.8642378119870551
80.058089236,1709142550.741071380,1709142550.740735249,/rigid_bodies.rigidbodies[2].pose.position.x,0.8641905124618088
80.068138852,1709142550.751120996,1709142550.750778036,/rigid_bodies.rigidbodies[2].pose.position.x,0.8640088916772675
80.077676667,1709142550.760658811,1709142550.760333919,/rigid_bodies.rigidbodies[2].pose.position.x,0.8639030676116132
80.088145999,1709142550.771128143,1709142550.770678865,/rigid_bodies.rigidbodies[2].pose.position.x,0.8639895208159203
80.098893402,1709142550.781875546,1709142550.781164600,/rigid_bodies.rigidbodies[2].pose.position.x,0.8641895423562211
80.107751896,1709142550.790734040,1709142550.790365129,/rigid_bodies.rigidbodies[2].pose.position.x,0.8642714121069445
80.118118429,1709142550.801100573,1709142550.800689051,/rigid_bodies.rigidbodies[2].pose.position.x,0.8640561322367603
80.128525276,1709142550.811507420,1709142550.810883469,/rigid_bodies.rigidbodies[2].pose.position.x,0.8638683656420022
80.138053328,1709142550.821035472,1709142550.820594508,/rigid_bodies.rigidbodies[2].pose.position.x,0.8639766747453145
80.148105706,1709142550.831087850,1709142550.830770027,/rigid_bodies.rigidbodies[2].pose.position.x,0.8642039288833195
80.157557716,1709142550.840539860,1709142550.840313133,/rigid_bodies.rigidbodies[2].pose.position.x,0.864214289262151
80.167816505,1709142550.850798649,1709142550.850502847,/rigid_bodies.rigidbodies[2].pose.position.x,0.8640581472438505
80.178037349,1709142550.861019493,1709142550.860607959,/rigid_bodies.rigidbodies[2].pose.position.x,0.8639033255894392
80.188751539,1709142550.871733683,1709142550.871185769,/rigid_bodies.rigidbodies[2].pose.position.x,0.8639546482376821
80.198326604,1709142550.881308748,1709142550.880861732,/rigid_bodies.rigidbodies[2].pose.position.x,0.864137651251497
80.208642723,1709142550.891624867,1709142550.890996605,/rigid_bodies.rigidbodies[2].pose.position.x,0.8643139717813731
80.218195674,1709142550.901177818,1709142550.900751499,/rigid_bodies.rigidbodies[2].pose.position.x,0.8641705995927237
80.227745612,1709142550.910727756,1709142550.910171361,/rigid_bodies.rigidbodies[2].pose.position.x,0.8638977978584309
80.237899803,1709142550.920881947,1709142550.920422338,/rigid_bodies.rigidbodies[2].pose.position.x,0.8639343512924307
80.248002679,1709142550.930984823,1709142550.930614490,/rigid_bodies.rigidbodies[2].pose.position.x,0.8641782882928676
80.25808381,1709142550.941065954,1709142550.940648528,/rigid_bodies.rigidbodies[2].pose.position.x,0.8642880087470356
80.267168753,1709142550.950150897,1709142550.949745567,/rigid_bodies.rigidbodies[2].pose.position.x,0.8642088609522998
80.277524757,1709142550.960506901,1709142550.960129266,/rigid_bodies.rigidbodies[2].pose.position.x,0.8639992708076117
80.287969977,1709142550.970952121,1709142550.970519656,/rigid_bodies.rigidbodies[2].pose.position.x,0.8639163713461572
80.299163491,1709142550.982145635,1709142550.981498588,/rigid_bodies.rigidbodies[2].pose.position.x,0.8641072558772477
80.307746863,1709142550.990729007,1709142550.990334667,/rigid_bodies.rigidbodies[2].pose.position.x,0.8643100819778092
80.318046245,1709142551.001028389,1709142551.000627152,/rigid_bodies.rigidbodies[2].pose.position.x,0.8642691864578411
80.328001795,1709142551.010983939,1709142551.010536217,/rigid_bodies.rigidbodies[2].pose.position.x,0.8639242839404754
80.338013433,1709142551.020995577,1709142551.020625003,/rigid_bodies.rigidbodies[2].pose.position.x,0.8638513751068098
80.348138751,1709142551.031120895,1709142551.030717911,/rigid_bodies.rigidbodies[2].pose.position.x,0.8640968497847109
80.358132649,1709142551.041114793,1709142551.040636288,/rigid_bodies.rigidbodies[2].pose.position.x,0.864238314388052
80.367961994,1709142551.050944138,1709142551.050553443,/rigid_bodies.rigidbodies[2].pose.position.x,0.8642064937505028
80.377922742,1709142551.060904886,1709142551.060494033,/rigid_bodies.rigidbodies[2].pose.position.x,0.8640428060909929
80.388007142,1709142551.070989286,1709142551.070552585,/rigid_bodies.rigidbodies[2].pose.position.x,0.8639303076851507
80.398649661,1709142551.081631805,1709142551.081027363,/rigid_bodies.rigidbodies[2].pose.position.x,0.8640136876990778
80.403440257,1709142551.086422401,1709142551.086025431,/rigid_bodies.rigidbodies[2].pose.position.x,0.8642558998376426
80.41871312,1709142551.101695264,1709142551.101129132,/rigid_bodies.rigidbodies[2].pose.position.x,0.8643234360196655
80.428587347,1709142551.111569491,1709142551.111012953,/rigid_bodies.rigidbodies[2].pose.position.x,0.8640653711321977
80.437959684,1709142551.120941828,1709142551.120476197,/rigid_bodies.rigidbodies[2].pose.position.x,0.8638957787681442
80.447788206,1709142551.130770350,1709142551.130317549,/rigid_bodies.rigidbodies[2].pose.position.x,0.8640460245240713
80.45834582,1709142551.141327964,1709142551.140744706,/rigid_bodies.rigidbodies[2].pose.position.x,0.8642160556387556
80.468339217,1709142551.151321361,1709142551.150743016,/rigid_bodies.rigidbodies[2].pose.position.x,0.8642326721257082
80.4783166,1709142551.161298744,1709142551.160811804,/rigid_bodies.rigidbodies[2].pose.position.x,0.86413068301054
80.488637164,1709142551.171619308,1709142551.170911401,/rigid_bodies.rigidbodies[2].pose.position.x,0.8639483509138226
80.49855946,1709142551.181541604,1709142551.180972536,/rigid_bodies.rigidbodies[2].pose.position.x,0.8639677496824143
80.508105525,1709142551.191087669,1709142551.190613819,/rigid_bodies.rigidbodies[2].pose.position.x,0.8641949880941467
80.518380173,1709142551.201362317,1709142551.200781395,/rigid_bodies.rigidbodies[2].pose.position.x,0.864317051574199
80.52860828,1709142551.211590424,1709142551.210927935,/rigid_bodies.rigidbodies[2].pose.position.x,0.8641639797350801
80.538382638,1709142551.221364782,1709142551.220865086,/rigid_bodies.rigidbodies[2].pose.position.x,0.863917173106888
80.548275135,1709142551.231257279,1709142551.230786775,/rigid_bodies.rigidbodies[2].pose.position.x,0.8639755312705982
80.558289618,1709142551.241271762,1709142551.240799501,/rigid_bodies.rigidbodies[2].pose.position.x,0.8642160042999472
80.568133675,1709142551.251115819,1709142551.250686686,/rigid_bodies.rigidbodies[2].pose.position.x,0.8643051484782179
80.578367284,1709142551.261349428,1709142551.260877786,/rigid_bodies.rigidbodies[2].pose.position.x,0.8641649214972701
80.58859441,1709142551.271576554,1709142551.270917659,/rigid_bodies.rigidbodies[2].pose.position.x,0.8639725705882819
80.598362544,1709142551.281344688,1709142551.280984453,/rigid_bodies.rigidbodies[2].pose.position.x,0.8638853956452461
80.608349501,1709142551.291331645,1709142551.290829926,/rigid_bodies.rigidbodies[2].pose.position.x,0.8640914231550474
80.618634284,1709142551.301616428,1709142551.300953190,/rigid_bodies.rigidbodies[2].pose.position.x,0.8642948361095237
80.627611053,1709142551.310593197,1709142551.310259432,/rigid_bodies.rigidbodies[2].pose.position.x,0.8642521307739072
80.638308035,1709142551.321290179,1709142551.320653615,/rigid_bodies.rigidbodies[2].pose.position.x,0.8639584692526229
80.648112618,1709142551.331094762,1709142551.330807929,/rigid_bodies.rigidbodies[2].pose.position.x,0.8639012395694979
80.657704924,1709142551.340687068,1709142551.340318825,/rigid_bodies.rigidbodies[2].pose.position.x,0.8641015188538268
80.66875497,1709142551.351737114,1709142551.351097962,/rigid_bodies.rigidbodies[2].pose.position.x,0.8642717876123927
80.677553782,1709142551.360535926,1709142551.360169090,/rigid_bodies.rigidbodies[2].pose.position.x,0.8642327697891535
80.688050738,1709142551.371032882,1709142551.370737959,/rigid_bodies.rigidbodies[2].pose.position.x,0.8640652797491722
80.698215206,1709142551.381197350,1709142551.380740382,/rigid_bodies.rigidbodies[2].pose.position.x,0.8638816461855796
80.70859451,1709142551.391576654,1709142551.391081645,/rigid_bodies.rigidbodies[2].pose.position.x,0.8639736092550773
80.71828676,1709142551.401268904,1709142551.400917776,/rigid_bodies.rigidbodies[2].pose.position.x,0.864256774489894
80.728119949,1709142551.411102093,1709142551.410732620,/rigid_bodies.rigidbodies[2].pose.position.x,0.8643084084065686
80.738411666,1709142551.421393810,1709142551.420916082,/rigid_bodies.rigidbodies[2].pose.position.x,0.8640564425727868
80.748403862,1709142551.431386006,1709142551.431051661,/rigid_bodies.rigidbodies[2].pose.position.x,0.8639157981402147
80.757861119,1709142551.440843263,1709142551.440471471,/rigid_bodies.rigidbodies[2].pose.position.x,0.8640124206877554
80.768125969,1709142551.451108113,1709142551.450674980,/rigid_bodies.rigidbodies[2].pose.position.x,0.8642021499393352
80.777944357,1709142551.460926501,1709142551.460529264,/rigid_bodies.rigidbodies[2].pose.position.x,0.864254794321997
80.788562523,1709142551.471544667,1709142551.471127902,/rigid_bodies.rigidbodies[2].pose.position.x,0.8641544702364893
80.798810238,1709142551.481792382,1709142551.481306045,/rigid_bodies.rigidbodies[2].pose.position.x,0.8638832413781802
80.808011741,1709142551.490993885,1709142551.490508421,/rigid_bodies.rigidbodies[2].pose.position.x,0.8638702873011611
80.818246817,1709142551.501228961,1709142551.500819352,/rigid_bodies.rigidbodies[2].pose.position.x,0.8641449108538222
80.828154189,1709142551.511136333,1709142551.510765577,/rigid_bodies.rigidbodies[2].pose.position.x,0.8643536471188206
80.838624787,1709142551.521606931,1709142551.521116988,/rigid_bodies.rigidbodies[2].pose.position.x,0.8641803152593515
80.847880109,1709142551.530862253,1709142551.530423881,/rigid_bodies.rigidbodies[2].pose.position.x,0.8639102300778227
80.858647637,1709142551.541629781,1709142551.540889365,/rigid_bodies.rigidbodies[2].pose.position.x,0.8638864549531676
80.868298734,1709142551.551280878,1709142551.550855264,/rigid_bodies.rigidbodies[2].pose.position.x,0.8640777441173357
80.877947146,1709142551.560929290,1709142551.560463374,/rigid_bodies.rigidbodies[2].pose.position.x,0.8642418325581489
80.888315894,1709142551.571298038,1709142551.570714352,/rigid_bodies.rigidbodies[2].pose.position.x,0.8642118798286784
80.898730036,1709142551.581712180,1709142551.581189105,/rigid_bodies.rigidbodies[2].pose.position.x,0.8639829291021789
80.90852366,1709142551.591505804,1709142551.591092367,/rigid_bodies.rigidbodies[2].pose.position.x,0.8638536259331986
80.918538347,1709142551.601520491,1709142551.600856862,/rigid_bodies.rigidbodies[2].pose.position.x,0.8640707654526466
80.928464396,1709142551.611446540,1709142551.610903113,/rigid_bodies.rigidbodies[2].pose.position.x,0.8642781833343617
80.938216926,1709142551.621199070,1709142551.620689395,/rigid_bodies.rigidbodies[2].pose.position.x,0.8642460329613711
80.948266471,1709142551.631248615,1709142551.630845378,/rigid_bodies.rigidbodies[2].pose.position.x,0.8640155626641353
80.95814685,1709142551.641128994,1709142551.640631507,/rigid_bodies.rigidbodies[2].pose.position.x,0.8638422688318426
80.968219426,1709142551.651201570,1709142551.650831378,/rigid_bodies.rigidbodies[2].pose.position.x,0.8639750307633709
80.978093348,1709142551.661075492,1709142551.660690525,/rigid_bodies.rigidbodies[2].pose.position.x,0.8642264898772921
80.988431296,1709142551.671413440,1709142551.670956568,/rigid_bodies.rigidbodies[2].pose.position.x,0.8643296083710412
80.998423837,1709142551.681405981,1709142551.681033704,/rigid_bodies.rigidbodies[2].pose.position.x,0.8640722839001206
81.008247302,1709142551.691229446,1709142551.690781759,/rigid_bodies.rigidbodies[2].pose.position.x,0.8638462144642658
81.017969048,1709142551.700951192,1709142551.700590647,/rigid_bodies.rigidbodies[2].pose.position.x,0.8639846735797745
81.027927195,1709142551.710909339,1709142551.710557422,/rigid_bodies.rigidbodies[2].pose.position.x,0.8641955271399002
81.038723004,1709142551.721705148,1709142551.721263597,/rigid_bodies.rigidbodies[2].pose.position.x,0.8642438571623545
81.048665365,1709142551.731647509,1709142551.731173821,/rigid_bodies.rigidbodies[2].pose.position.x,0.8640748441749103
81.058044177,1709142551.741026321,1709142551.740657675,/rigid_bodies.rigidbodies[2].pose.position.x,0.8638898873084682
81.068178438,1709142551.751160582,1709142551.750790080,/rigid_bodies.rigidbodies[2].pose.position.x,0.8638804206331205
81.077985377,1709142551.760967521,1709142551.760641301,/rigid_bodies.rigidbodies[2].pose.position.x,0.8641223005706509
81.08846953,1709142551.771451674,1709142551.771028868,/rigid_bodies.rigidbodies[2].pose.position.x,0.864359082354582
81.098480537,1709142551.781462681,1709142551.781003365,/rigid_bodies.rigidbodies[2].pose.position.x,0.8642022580473859
81.10800147,1709142551.790983614,1709142551.790594258,/rigid_bodies.rigidbodies[2].pose.position.x,0.8639119351400328
81.118091854,1709142551.801073998,1709142551.800591516,/rigid_bodies.rigidbodies[2].pose.position.x,0.8638891749267836
81.127902078,1709142551.810884222,1709142551.810315495,/rigid_bodies.rigidbodies[2].pose.position.x,0.864094385269154
81.138188125,1709142551.821170269,1709142551.820692978,/rigid_bodies.rigidbodies[2].pose.position.x,0.8642139552383612
81.148401969,1709142551.831384113,1709142551.830881990,/rigid_bodies.rigidbodies[2].pose.position.x,0.8642112727863213
81.158132374,1709142551.841114518,1709142551.840681509,/rigid_bodies.rigidbodies[2].pose.position.x,0.8640198879072721
81.168291511,1709142551.851273655,1709142551.850848582,/rigid_bodies.rigidbodies[2].pose.position.x,0.8638741926171658
81.178294648,1709142551.861276792,1709142551.860725862,/rigid_bodies.rigidbodies[2].pose.position.x,0.8640241692546162
81.188856745,1709142551.871838889,1709142551.871193694,/rigid_bodies.rigidbodies[2].pose.position.x,0.8643168953498067
81.198678479,1709142551.881660623,1709142551.881092336,/rigid_bodies.rigidbodies[2].pose.position.x,0.8642632532855118
81.207652145,1709142551.890634289,1709142551.890151792,/rigid_bodies.rigidbodies[2].pose.position.x,0.8639366725494796
81.218186922,1709142551.901169066,1709142551.900726937,/rigid_bodies.rigidbodies[2].pose.position.x,0.8638833987452579
81.228108031,1709142551.911090175,1709142551.910662863,/rigid_bodies.rigidbodies[2].pose.position.x,0.8640290721453403
81.237632264,1709142551.920614408,1709142551.920220160,/rigid_bodies.rigidbodies[2].pose.position.x,0.8642001031357817
81.248353602,1709142551.931335746,1709142551.930924253,/rigid_bodies.rigidbodies[2].pose.position.x,0.8642899685823384
81.25770042,1709142551.940682564,1709142551.940356826,/rigid_bodies.rigidbodies[2].pose.position.x,0.8641356320446882
81.268189961,1709142551.951172105,1709142551.950692731,/rigid_bodies.rigidbodies[2].pose.position.x,0.8638778126956688
81.278077078,1709142551.961059222,1709142551.960649268,/rigid_bodies.rigidbodies[2].pose.position.x,0.8639398737641294
81.288485272,1709142551.971467416,1709142551.970931620,/rigid_bodies.rigidbodies[2].pose.position.x,0.8642014273024158
81.298236336,1709142551.981218480,1709142551.980830508,/rigid_bodies.rigidbodies[2].pose.position.x,0.8643025936330344
81.30791297,1709142551.990895114,1709142551.990580798,/rigid_bodies.rigidbodies[2].pose.position.x,0.8640643874943206
81.318546085,1709142552.001528229,1709142552.001061467,/rigid_bodies.rigidbodies[2].pose.position.x,0.8639046894735939
81.32406665,1709142552.007048794,1709142552.006510952,/rigid_bodies.rigidbodies[2].pose.position.x,0.863955091471777
81.338562348,1709142552.021544492,1709142552.021233790,/rigid_bodies.rigidbodies[2].pose.position.x,0.8641568951310477
81.34861624,1709142552.031598384,1709142552.031202952,/rigid_bodies.rigidbodies[2].pose.position.x,0.8643595177662365
81.357697238,1709142552.040679382,1709142552.040397458,/rigid_bodies.rigidbodies[2].pose.position.x,0.8642815524131564
81.367703127,1709142552.050685271,1709142552.050439365,/rigid_bodies.rigidbodies[2].pose.position.x,0.8639249620015077
81.376753968,1709142552.059736112,1709142552.059522516,/rigid_bodies.rigidbodies[2].pose.position.x,0.8638214509906313
81.387779277,1709142552.070761421,1709142552.070572975,/rigid_bodies.rigidbodies[2].pose.position.x,0.8640843081350668
81.39809989,1709142552.081082034,1709142552.080801782,/rigid_bodies.rigidbodies[2].pose.position.x,0.8642985427105231
81.40761144,1709142552.090593584,1709142552.090302698,/rigid_bodies.rigidbodies[2].pose.position.x,0.8642154634867607
81.417711763,1709142552.100693907,1709142552.100494108,/rigid_bodies.rigidbodies[2].pose.position.x,0.8640369202015249
81.42771317,1709142552.110695314,1709142552.110420160,/rigid_bodies.rigidbodies[2].pose.position.x,0.8639207085943369
81.437786134,1709142552.120768278,1709142552.120501640,/rigid_bodies.rigidbodies[2].pose.position.x,0.8640148661717428
81.448419733,1709142552.131401877,1709142552.130987380,/rigid_bodies.rigidbodies[2].pose.position.x,0.864244550134803
81.457868167,1709142552.140850311,1709142552.140403893,/rigid_bodies.rigidbodies[2].pose.position.x,0.8643148818727827
81.468215387,1709142552.151197531,1709142552.150678337,/rigid_bodies.rigidbodies[2].pose.position.x,0.8640372186493294
81.478098828,1709142552.161080972,1709142552.160522223,/rigid_bodies.rigidbodies[2].pose.position.x,0.8638543206569068
81.488382138,1709142552.171364282,1709142552.170912309,/rigid_bodies.rigidbodies[2].pose.position.x,0.8639809215078942
81.498386155,1709142552.181368299,1709142552.180949560,/rigid_bodies.rigidbodies[2].pose.position.x,0.8642313582838828
81.507844504,1709142552.190826648,1709142552.190396766,/rigid_bodies.rigidbodies[2].pose.position.x,0.8643043590013961
81.51819465,1709142552.201176794,1709142552.200785447,/rigid_bodies.rigidbodies[2].pose.position.x,0.864162060753073
81.527810504,1709142552.210792648,1709142552.210347519,/rigid_bodies.rigidbodies[2].pose.position.x,0.8639400993063521
81.538228193,1709142552.221210337,1709142552.220584884,/rigid_bodies.rigidbodies[2].pose.position.x,0.8639451427275928
81.54798836,1709142552.230970504,1709142552.230597683,/rigid_bodies.rigidbodies[2].pose.position.x,0.8641263017469055
81.558063072,1709142552.241045216,1709142552.240464149,/rigid_bodies.rigidbodies[2].pose.position.x,0.864338796266831
81.568041049,1709142552.251023193,1709142552.250661390,/rigid_bodies.rigidbodies[2].pose.position.x,0.8641847410585938
81.577610763,1709142552.260592907,1709142552.260312525,/rigid_bodies.rigidbodies[2].pose.position.x,0.8639068445838276
81.587917059,1709142552.270899203,1709142552.270715007,/rigid_bodies.rigidbodies[2].pose.position.x,0.8639143960302663
81.597991148,1709142552.280973292,1709142552.280782115,/rigid_bodies.rigidbodies[2].pose.position.x,0.8641205870472607
81.607899143,1709142552.290881287,1709142552.290537741,/rigid_bodies.rigidbodies[2].pose.position.x,0.8643177222431198
81.613656236,1709142552.296638380,1709142552.296085009,/rigid_bodies.rigidbodies[2].pose.position.x,0.8642528871887516
81.628505621,1709142552.311487765,1709142552.310907890,/rigid_bodies.rigidbodies[2].pose.position.x,0.8640038116993232
81.638070304,1709142552.321052448,1709142552.320618570,/rigid_bodies.rigidbodies[2].pose.position.x,0.8638295156092721
81.648623587,1709142552.331605731,1709142552.331098978,/rigid_bodies.rigidbodies[2].pose.position.x,0.8639724163790935
81.658293952,1709142552.341276096,1709142552.340764786,/rigid_bodies.rigidbodies[2].pose.position.x,0.8642624790520298
81.667736823,1709142552.350718967,1709142552.350347058,/rigid_bodies.rigidbodies[2].pose.position.x,0.8643115215183779
81.677959235,1709142552.360941379,1709142552.360448643,/rigid_bodies.rigidbodies[2].pose.position.x,0.8640562488944452
81.688289152,1709142552.371271296,1709142552.370852588,/rigid_bodies.rigidbodies[2].pose.position.x,0.863893941562134
81.698237882,1709142552.381220026,1709142552.380754393,/rigid_bodies.rigidbodies[2].pose.position.x,0.8640104938836641
81.707896684,1709142552.390878828,1709142552.390409853,/rigid_bodies.rigidbodies[2].pose.position.x,0.8641868828546015
81.718159609,1709142552.401141753,1709142552.400691944,/rigid_bodies.rigidbodies[2].pose.position.x,0.8642981652735172
81.728005443,1709142552.410987587,1709142552.410546325,/rigid_bodies.rigidbodies[2].pose.position.x,0.8641077641175134
81.738596511,1709142552.421578655,1709142552.420950801,/rigid_bodies.rigidbodies[2].pose.position.x,0.8638535603370172
81.748676571,1709142552.431658715,1709142552.431175447,/rigid_bodies.rigidbodies[2].pose.position.x,0.8639115200907977
81.758209859,1709142552.441192003,1709142552.440642668,/rigid_bodies.rigidbodies[2].pose.position.x,0.8641783603613725
81.768466625,1709142552.451448769,1709142552.450923937,/rigid_bodies.rigidbodies[2].pose.position.x,0.8643898381182519
81.778119073,1709142552.461101217,1709142552.460622042,/rigid_bodies.rigidbodies[2].pose.position.x,0.864203611799908
81.788177817,1709142552.471159961,1709142552.470776074,/rigid_bodies.rigidbodies[2].pose.position.x,0.8639287216843418
81.798444055,1709142552.481426199,1709142552.480894041,/rigid_bodies.rigidbodies[2].pose.position.x,0.8639404391244393
81.808234835,1709142552.491216979,1709142552.490719502,/rigid_bodies.rigidbodies[2].pose.position.x,0.8641035431420678
81.818297894,1709142552.501280038,1709142552.500889835,/rigid_bodies.rigidbodies[2].pose.position.x,0.8643004377017706
81.828144985,1709142552.511127129,1709142552.510675350,/rigid_bodies.rigidbodies[2].pose.position.x,0.864263825449029
81.838422697,1709142552.521404841,1709142552.520947837,/rigid_bodies.rigidbodies[2].pose.position.x,0.8639679835883176
81.847907636,1709142552.530889780,1709142552.530566068,/rigid_bodies.rigidbodies[2].pose.position.x,0.8638749688516117
81.858091098,1709142552.541073242,1709142552.540570621,/rigid_bodies.rigidbodies[2].pose.position.x,0.8640405289127916
81.868251581,1709142552.551233725,1709142552.550839072,/rigid_bodies.rigidbodies[2].pose.position.x,0.864340437612096
81.877709642,1709142552.560691786,1709142552.560373671,/rigid_bodies.rigidbodies[2].pose.position.x,0.8643195483405346
81.888661106,1709142552.571643250,1709142552.571162916,/rigid_bodies.rigidbodies[2].pose.position.x,0.8639921913862181
81.898311213,1709142552.581293357,1709142552.580909681,/rigid_bodies.rigidbodies[2].pose.position.x,0.8638427594370099
81.906855534,1709142552.589837678,1709142552.589603979,/rigid_bodies.rigidbodies[2].pose.position.x,0.8639445457988983
81.918132788,1709142552.601114932,1709142552.600734730,/rigid_bodies.rigidbodies[2].pose.position.x,0.8642320635112907
81.927314545,1709142552.610296689,1709142552.609997670,/rigid_bodies.rigidbodies[2].pose.position.x,0.864371192701961
81.938283793,1709142552.621265937,1709142552.621023453,/rigid_bodies.rigidbodies[2].pose.position.x,0.864127306736015
81.948591631,1709142552.631573775,1709142552.631086903,/rigid_bodies.rigidbodies[2].pose.position.x,0.8638971510943301
81.958216078,1709142552.641198222,1709142552.640679495,/rigid_bodies.rigidbodies[2].pose.position.x,0.8639746260755925
81.968140377,1709142552.651122521,1709142552.650646051,/rigid_bodies.rigidbodies[2].pose.position.x,0.8642196554496643
81.978152732,1709142552.661134876,1709142552.660633807,/rigid_bodies.rigidbodies[2].pose.position.x,0.8643334127274086
81.988316297,1709142552.671298441,1709142552.670767656,/rigid_bodies.rigidbodies[2].pose.position.x,0.8640897863621966
81.998965775,1709142552.681947919,1709142552.681280073,/rigid_bodies.rigidbodies[2].pose.position.x,0.8638595057850401
82.008160282,1709142552.691142426,1709142552.690647937,/rigid_bodies.rigidbodies[2].pose.position.x,0.8639265041895314
82.018332256,1709142552.701314400,1709142552.700702130,/rigid_bodies.rigidbodies[2].pose.position.x,0.864175322549103
82.028489925,1709142552.711472069,1709142552.710781779,/rigid_bodies.rigidbodies[2].pose.position.x,0.8644111323668731
82.038636452,1709142552.721618596,1709142552.721075289,/rigid_bodies.rigidbodies[2].pose.position.x,0.8642477866413616
82.048471971,1709142552.731454115,1709142552.730858422,/rigid_bodies.rigidbodies[2].pose.position.x,0.8638961716289887
82.058459228,1709142552.741441372,1709142552.740774399,/rigid_bodies.rigidbodies[2].pose.position.x,0.8638569569108903
82.068509431,1709142552.751491575,1709142552.750927879,/rigid_bodies.rigidbodies[2].pose.position.x,0.8640878534613
82.078223904,1709142552.761206048,1709142552.760610775,/rigid_bodies.rigidbodies[2].pose.position.x,0.864337029906341
82.088664212,1709142552.771646356,1709142552.771025540,/rigid_bodies.rigidbodies[2].pose.position.x,0.8642969576614558
82.098521475,1709142552.781503619,1709142552.781045457,/rigid_bodies.rigidbodies[2].pose.position.x,0.8639719890608062
82.108344739,1709142552.791326883,1709142552.790768331,/rigid_bodies.rigidbodies[2].pose.position.x,0.8638286187036309
82.118266232,1709142552.801248376,1709142552.800609055,/rigid_bodies.rigidbodies[2].pose.position.x,0.863983995142387
82.127784519,1709142552.810766663,1709142552.810345995,/rigid_bodies.rigidbodies[2].pose.position.x,0.8643340769878295
82.138095172,1709142552.821077316,1709142552.820743343,/rigid_bodies.rigidbodies[2].pose.position.x,0.8644139990895174
82.14852647,1709142552.831508614,1709142552.831008674,/rigid_bodies.rigidbodies[2].pose.position.x,0.8640286709567964
82.157900793,1709142552.840882937,1709142552.840435987,/rigid_bodies.rigidbodies[2].pose.position.x,0.8637916609449229
82.168140211,1709142552.851122355,1709142552.850779430,/rigid_bodies.rigidbodies[2].pose.position.x,0.8639239677051398
82.178125756,1709142552.861107900,1709142552.860578095,/rigid_bodies.rigidbodies[2].pose.position.x,0.8642369363859049
82.187786272,1709142552.870768416,1709142552.870551746,/rigid_bodies.rigidbodies[2].pose.position.x,0.8643933397560785
82.19820939,1709142552.881191534,1709142552.880850772,/rigid_bodies.rigidbodies[2].pose.position.x,0.8641974150494555
82.207549296,1709142552.890531440,1709142552.890316246,/rigid_bodies.rigidbodies[2].pose.position.x,0.8639159489364725
82.218433663,1709142552.901415807,1709142552.900901599,/rigid_bodies.rigidbodies[2].pose.position.x,0.8638638258308139
82.227881856,1709142552.910864000,1709142552.910506277,/rigid_bodies.rigidbodies[2].pose.position.x,0.86410824910846
82.238446264,1709142552.921428408,1709142552.920842094,/rigid_bodies.rigidbodies[2].pose.position.x,0.8643981606327579
82.248055446,1709142552.931037590,1709142552.930652972,/rigid_bodies.rigidbodies[2].pose.position.x,0.8641722465182591
82.258018279,1709142552.941000423,1709142552.940500011,/rigid_bodies.rigidbodies[2].pose.position.x,0.8638602297087741
82.268339433,1709142552.951321577,1709142552.950759450,/rigid_bodies.rigidbodies[2].pose.position.x,0.863892872750519
82.278102153,1709142552.961084297,1709142552.960515130,/rigid_bodies.rigidbodies[2].pose.position.x,0.8641054010199806
82.288106279,1709142552.971088423,1709142552.970588429,/rigid_bodies.rigidbodies[2].pose.position.x,0.8643581229446612
82.298476343,1709142552.981458487,1709142552.980850695,/rigid_bodies.rigidbodies[2].pose.position.x,0.8642979169566536
82.30822759,1709142552.991209734,1709142552.990733979,/rigid_bodies.rigidbodies[2].pose.position.x,0.8639607787576816
82.318164344,1709142553.001146488,1709142553.000601778,/rigid_bodies.rigidbodies[2].pose.position.x,0.8638078074521823
82.327897478,1709142553.010879622,1709142553.010395333,/rigid_bodies.rigidbodies[2].pose.position.x,0.86399592575758
82.338475616,1709142553.021457760,1709142553.020952422,/rigid_bodies.rigidbodies[2].pose.position.x,0.8643441508736857
82.348202992,1709142553.031185136,1709142553.030782661,/rigid_bodies.rigidbodies[2].pose.position.x,0.8643469132629825
82.358153987,1709142553.041136131,1709142553.040603287,/rigid_bodies.rigidbodies[2].pose.position.x,0.8640125189329992
82.368274028,1709142553.051256172,1709142553.050748813,/rigid_bodies.rigidbodies[2].pose.position.x,0.863855987185854
82.377621654,1709142553.060603798,1709142553.060251336,/rigid_bodies.rigidbodies[2].pose.position.x,0.8639446692380184
82.388781907,1709142553.071764051,1709142553.071189370,/rigid_bodies.rigidbodies[2].pose.position.x,0.8642725605569931
82.39860962,1709142553.081591764,1709142553.081014916,/rigid_bodies.rigidbodies[2].pose.position.x,0.8644347839284641
82.40795203,1709142553.090934174,1709142553.090481753,/rigid_bodies.rigidbodies[2].pose.position.x,0.8641510422614503
82.418360444,1709142553.101342588,1709142553.100762312,/rigid_bodies.rigidbodies[2].pose.position.x,0.8638113823036172
82.428033123,1709142553.111015267,1709142553.110537336,/rigid_bodies.rigidbodies[2].pose.position.x,0.8638063363962563
82.438209929,1709142553.121192073,1709142553.120785620,/rigid_bodies.rigidbodies[2].pose.position.x,0.8641878152399314
82.448439622,1709142553.131421766,1709142553.130980554,/rigid_bodies.rigidbodies[2].pose.position.x,0.8644513843926329
82.45829475,1709142553.141276894,1709142553.140728925,/rigid_bodies.rigidbodies[2].pose.position.x,0.8641748100927424
82.468213821,1709142553.151195965,1709142553.150706702,/rigid_bodies.rigidbodies[2].pose.position.x,0.8638710981228951
82.478039571,1709142553.161021715,1709142553.160616842,/rigid_bodies.rigidbodies[2].pose.position.x,0.8638612674734371
82.488329279,1709142553.171311423,1709142553.170719632,/rigid_bodies.rigidbodies[2].pose.position.x,0.86407745865825
82.498405287,1709142553.181387431,1709142553.180948530,/rigid_bodies.rigidbodies[2].pose.position.x,0.8643615392873458
82.508421636,1709142553.191403780,1709142553.190874114,/rigid_bodies.rigidbodies[2].pose.position.x,0.8643079517117889
82.518150527,1709142553.201132671,1709142553.200682287,/rigid_bodies.rigidbodies[2].pose.position.x,0.8639078433872335
82.52769588,1709142553.210678024,1709142553.210229998,/rigid_bodies.rigidbodies[2].pose.position.x,0.8638266919810748
82.538115706,1709142553.221097850,1709142553.220616571,/rigid_bodies.rigidbodies[2].pose.position.x,0.8640675088879143
82.548449183,1709142553.231431327,1709142553.230916202,/rigid_bodies.rigidbodies[2].pose.position.x,0.864402432965068
82.558018853,1709142553.241000997,1709142553.240505693,/rigid_bodies.rigidbodies[2].pose.position.x,0.8643324078068607
82.568249891,1709142553.251232035,1709142553.250663669,/rigid_bodies.rigidbodies[2].pose.position.x,0.8640037364711954
82.577939015,1709142553.260921159,1709142553.260419170,/rigid_bodies.rigidbodies[2].pose.position.x,0.863829932981368
82.588163021,1709142553.271145165,1709142553.270678891,/rigid_bodies.rigidbodies[2].pose.position.x,0.8639274844427884
82.598790035,1709142553.281772179,1709142553.281228624,/rigid_bodies.rigidbodies[2].pose.position.x,0.864260361627794
82.608077036,1709142553.291059180,1709142553.290339674,/rigid_bodies.rigidbodies[2].pose.position.x,0.8644269805771111
82.617622819,1709142553.300604963,1709142553.300164326,/rigid_bodies.rigidbodies[2].pose.position.x,0.8640992732952576
82.628424369,1709142553.311406513,1709142553.310775606,/rigid_bodies.rigidbodies[2].pose.position.x,0.8638140199622726
82.639026259,1709142553.322008403,1709142553.321471592,/rigid_bodies.rigidbodies[2].pose.position.x,0.8639091105090522
82.648612894,1709142553.331595038,1709142553.331137011,/rigid_bodies.rigidbodies[2].pose.position.x,0.8642238754853399
82.658026356,1709142553.341008500,1709142553.340507806,/rigid_bodies.rigidbodies[2].pose.position.x,0.8643852183769046
82.668537868,1709142553.351520012,1709142553.350895063,/rigid_bodies.rigidbodies[2].pose.position.x,0.8641657124410341
82.677887708,1709142553.360869852,1709142553.360436155,/rigid_bodies.rigidbodies[2].pose.position.x,0.8639086245037898
82.68838782,1709142553.371369964,1709142553.370829348,/rigid_bodies.rigidbodies[2].pose.position.x,0.8638473191072081
82.698778166,1709142553.381760310,1709142553.381132414,/rigid_bodies.rigidbodies[2].pose.position.x,0.8641003971980504
82.707910129,1709142553.390892273,1709142553.390495316,/rigid_bodies.rigidbodies[2].pose.position.x,0.864449445434814
82.718724454,1709142553.401706598,1709142553.401008962,/rigid_bodies.rigidbodies[2].pose.position.x,0.8643001700947692
82.728318417,1709142553.411300561,1709142553.410629113,/rigid_bodies.rigidbodies[2].pose.position.x,0.863875811124974
82.738530909,1709142553.421513053,1709142553.421091787,/rigid_bodies.rigidbodies[2].pose.position.x,0.8638444682597354
82.74868390500001,1709142553.431666049,1709142553.431093140,/rigid_bodies.rigidbodies[2].pose.position.x,0.8640534324443027
82.758171066,1709142553.441153210,1709142553.440540872,/rigid_bodies.rigidbodies[2].pose.position.x,0.8643446548760813
82.768046708,1709142553.451028852,1709142553.450627712,/rigid_bodies.rigidbodies[2].pose.position.x,0.8643086313019106
82.778083463,1709142553.461065607,1709142553.460653359,/rigid_bodies.rigidbodies[2].pose.position.x,0.8639902042709803
82.788215198,1709142553.471197342,1709142553.470708385,/rigid_bodies.rigidbodies[2].pose.position.x,0.8637802244203946
82.79911898,1709142553.482101124,1709142553.481435635,/rigid_bodies.rigidbodies[2].pose.position.x,0.8639537416407412
82.808298595,1709142553.491280739,1709142553.490665156,/rigid_bodies.rigidbodies[2].pose.position.x,0.8643874490682013
82.818387884,1709142553.501370028,1709142553.500632299,/rigid_bodies.rigidbodies[2].pose.position.x,0.8644527535296557
82.828402292,1709142553.511384436,1709142553.510619163,/rigid_bodies.rigidbodies[2].pose.position.x,0.8640100919021143
82.838168356,1709142553.521150500,1709142553.520611501,/rigid_bodies.rigidbodies[2].pose.position.x,0.863770830865501
82.848807249,1709142553.531789393,1709142553.531137902,/rigid_bodies.rigidbodies[2].pose.position.x,0.8639452505271933
82.858136519,1709142553.541118663,1709142553.540660433,/rigid_bodies.rigidbodies[2].pose.position.x,0.864244229342155
82.868253238,1709142553.551235382,1709142553.550855849,/rigid_bodies.rigidbodies[2].pose.position.x,0.8644476740205641
82.877883442,1709142553.560865586,1709142553.560534007,/rigid_bodies.rigidbodies[2].pose.position.x,0.8642085204616126
82.888488398,1709142553.571470542,1709142553.571116296,/rigid_bodies.rigidbodies[2].pose.position.x,0.8638588424192519
82.898471379,1709142553.581453523,1709142553.581014759,/rigid_bodies.rigidbodies[2].pose.position.x,0.8638109287215203
82.90807321,1709142553.591055354,1709142553.590643954,/rigid_bodies.rigidbodies[2].pose.position.x,0.8641736055949271
82.918483888,1709142553.601466032,1709142553.601046123,/rigid_bodies.rigidbodies[2].pose.position.x,0.8644850331313201
82.927949728,1709142553.610931872,1709142553.610579268,/rigid_bodies.rigidbodies[2].pose.position.x,0.8642349867873689
82.938718896,1709142553.621701040,1709142553.621297311,/rigid_bodies.rigidbodies[2].pose.position.x,0.8638382996063295
82.948451216,1709142553.631433360,1709142553.631059758,/rigid_bodies.rigidbodies[2].pose.position.x,0.8638080212205257
82.957926578,1709142553.640908722,1709142553.640506781,/rigid_bodies.rigidbodies[2].pose.position.x,0.8640762271940778
82.968439278,1709142553.651421422,1709142553.650961333,/rigid_bodies.rigidbodies[2].pose.position.x,0.8644048708588695
82.977974101,1709142553.660956245,1709142553.660692161,/rigid_bodies.rigidbodies[2].pose.position.x,0.864346622842476
82.987905096,1709142553.670887240,1709142553.670623243,/rigid_bodies.rigidbodies[2].pose.position.x,0.8639505803639241
82.998182661,1709142553.681164805,1709142553.680904736,/rigid_bodies.rigidbodies[2].pose.position.x,0.8637629239966073
83.008166633,1709142553.691148777,1709142553.690702870,/rigid_bodies.rigidbodies[2].pose.position.x,0.8640213073772339
83.018271481,1709142553.701253625,1709142553.700896222,/rigid_bodies.rigidbodies[2].pose.position.x,0.8643968684702923
83.027520447,1709142553.710502591,1709142553.710176060,/rigid_bodies.rigidbodies[2].pose.position.x,0.864369291583696
83.038399261,1709142553.721381405,1709142553.720927788,/rigid_bodies.rigidbodies[2].pose.position.x,0.8639632819022965
83.048171998,1709142553.731154142,1709142553.730861753,/rigid_bodies.rigidbodies[2].pose.position.x,0.8637655014376082
83.057947125,1709142553.740929269,1709142553.740571988,/rigid_bodies.rigidbodies[2].pose.position.x,0.8639630689376798
83.068801839,1709142553.751783983,1709142553.751271924,/rigid_bodies.rigidbodies[2].pose.position.x,0.8643420676335062
83.077916024,1709142553.760898168,1709142553.760659131,/rigid_bodies.rigidbodies[2].pose.position.x,0.8644892558240268
83.088429622,1709142553.771411766,1709142553.771060999,/rigid_bodies.rigidbodies[2].pose.position.x,0.8641298108697583
83.098012054,1709142553.780994198,1709142553.780724124,/rigid_bodies.rigidbodies[2].pose.position.x,0.863712445850417
83.108057618,1709142553.791039762,1709142553.790721204,/rigid_bodies.rigidbodies[2].pose.position.x,0.8638317282654054
83.118407284,1709142553.801389428,1709142553.800915538,/rigid_bodies.rigidbodies[2].pose.position.x,0.8642619404953833
83.128248855,1709142553.811230999,1709142553.810782321,/rigid_bodies.rigidbodies[2].pose.position.x,0.8644662119687405
83.137613379,1709142553.820595523,1709142553.820280465,/rigid_bodies.rigidbodies[2].pose.position.x,0.8642425040825524
83.148175089,1709142553.831157233,1709142553.830700003,/rigid_bodies.rigidbodies[2].pose.position.x,0.8638623303259312
83.157901742,1709142553.840883886,1709142553.840469267,/rigid_bodies.rigidbodies[2].pose.position.x,0.8637877940980726
83.16780723,1709142553.850789374,1709142553.850435046,/rigid_bodies.rigidbodies[2].pose.position.x,0.8640763444393278
83.178044234,1709142553.861026378,1709142553.860654356,/rigid_bodies.rigidbodies[2].pose.position.x,0.8644278664378833
83.188006509,1709142553.870988653,1709142553.870646604,/rigid_bodies.rigidbodies[2].pose.position.x,0.8643206188853877
83.198400991,1709142553.881383135,1709142553.880987896,/rigid_bodies.rigidbodies[2].pose.position.x,0.8638982345066001
83.208494422,1709142553.891476566,1709142553.890935278,/rigid_bodies.rigidbodies[2].pose.position.x,0.8637586942945882
83.218768604,1709142553.901750748,1709142553.901241929,/rigid_bodies.rigidbodies[2].pose.position.x,0.8640219124610742
83.228271391,1709142553.911253535,1709142553.910692588,/rigid_bodies.rigidbodies[2].pose.position.x,0.8643359821650755
83.238636666,1709142553.921618810,1709142553.920981138,/rigid_bodies.rigidbodies[2].pose.position.x,0.8643367796726124
83.248415295,1709142553.931397439,1709142553.930831549,/rigid_bodies.rigidbodies[2].pose.position.x,0.8640474028344169
83.258199813,1709142553.941181957,1709142553.940610406,/rigid_bodies.rigidbodies[2].pose.position.x,0.8638008440703323
83.268676985,1709142553.951659129,1709142553.951043264,/rigid_bodies.rigidbodies[2].pose.position.x,0.8639271771773047
83.278289999,1709142553.961272143,1709142553.960680859,/rigid_bodies.rigidbodies[2].pose.position.x,0.8642938991304733
83.288332716,1709142553.971314860,1709142553.970921042,/rigid_bodies.rigidbodies[2].pose.position.x,0.8644037133028202
83.298670334,1709142553.981652478,1709142553.981207491,/rigid_bodies.rigidbodies[2].pose.position.x,0.8640683100709259
83.308514147,1709142553.991496291,1709142553.990806887,/rigid_bodies.rigidbodies[2].pose.position.x,0.8637632959299655
83.31903065,1709142554.002012794,1709142554.001405065,/rigid_bodies.rigidbodies[2].pose.position.x,0.8639219233507826
83.328131827,1709142554.011113971,1709142554.010635185,/rigid_bodies.rigidbodies[2].pose.position.x,0.8642308189956254
83.33869395,1709142554.021676094,1709142554.020859567,/rigid_bodies.rigidbodies[2].pose.position.x,0.8643820435936547
83.348471301,1709142554.031453445,1709142554.030983775,/rigid_bodies.rigidbodies[2].pose.position.x,0.8641908838710597
83.357728025,1709142554.040710169,1709142554.040351309,/rigid_bodies.rigidbodies[2].pose.position.x,0.8638400734953471
83.367610877,1709142554.050593021,1709142554.050247520,/rigid_bodies.rigidbodies[2].pose.position.x,0.8637750628972093
83.37786284,1709142554.060844984,1709142554.060502065,/rigid_bodies.rigidbodies[2].pose.position.x,0.8641536699154536
83.38795174,1709142554.070933884,1709142554.070516425,/rigid_bodies.rigidbodies[2].pose.position.x,0.8644845408778044
83.398395112,1709142554.081377256,1709142554.081004352,/rigid_bodies.rigidbodies[2].pose.position.x,0.864269316074168
83.408182926,1709142554.091165070,1709142554.090743701,/rigid_bodies.rigidbodies[2].pose.position.x,0.8638567749179729
83.417791501,1709142554.100773645,1709142554.100542228,/rigid_bodies.rigidbodies[2].pose.position.x,0.8638112293278593
83.427728561,1709142554.110710705,1709142554.110353117,/rigid_bodies.rigidbodies[2].pose.position.x,0.8640446866824597
83.438194128,1709142554.121176272,1709142554.120638178,/rigid_bodies.rigidbodies[2].pose.position.x,0.8643861454426591
83.448365188,1709142554.131347332,1709142554.130831984,/rigid_bodies.rigidbodies[2].pose.position.x,0.8643540497915465
83.458183044,1709142554.141165188,1709142554.140501242,/rigid_bodies.rigidbodies[2].pose.position.x,0.8639524481494493
83.466894592,1709142554.149876736,1709142554.149270860,/rigid_bodies.rigidbodies[2].pose.position.x,0.8637167768308356
83.478050931,1709142554.161033075,1709142554.160606035,/rigid_bodies.rigidbodies[2].pose.position.x,0.8639812239150132
83.488832401,1709142554.171814545,1709142554.171105909,/rigid_bodies.rigidbodies[2].pose.position.x,0.8643848537223966
83.498713968,1709142554.181696112,1709142554.181138682,/rigid_bodies.rigidbodies[2].pose.position.x,0.8644006920168519
83.508067756,1709142554.191049900,1709142554.190570871,/rigid_bodies.rigidbodies[2].pose.position.x,0.8639771148675321
83.518836892,1709142554.201819036,1709142554.201155739,/rigid_bodies.rigidbodies[2].pose.position.x,0.8637587376916055
83.52841211,1709142554.211394254,1709142554.210682339,/rigid_bodies.rigidbodies[2].pose.position.x,0.8639528009653462
83.537842016,1709142554.220824160,1709142554.220286541,/rigid_bodies.rigidbodies[2].pose.position.x,0.8642939391588447
83.548997855,1709142554.231979999,1709142554.231308725,/rigid_bodies.rigidbodies[2].pose.position.x,0.8644829601196972
83.558570365,1709142554.241552509,1709142554.240878863,/rigid_bodies.rigidbodies[2].pose.position.x,0.8641760985485998
83.568231561,1709142554.251213705,1709142554.250847723,/rigid_bodies.rigidbodies[2].pose.position.x,0.8637262415828725
83.578174797,1709142554.261156941,1709142554.260548760,/rigid_bodies.rigidbodies[2].pose.position.x,0.8637905058582189
83.588468856,1709142554.271451000,1709142554.270691553,/rigid_bodies.rigidbodies[2].pose.position.x,0.8642445140515953
83.597735056,1709142554.280717200,1709142554.280306074,/rigid_bodies.rigidbodies[2].pose.position.x,0.8644965054852364
83.607736318,1709142554.290718462,1709142554.290305487,/rigid_bodies.rigidbodies[2].pose.position.x,0.8642340907336866
83.617815997,1709142554.300798141,1709142554.300463395,/rigid_bodies.rigidbodies[2].pose.position.x,0.863857900324706
83.62776248,1709142554.310744624,1709142554.310379802,/rigid_bodies.rigidbodies[2].pose.position.x,0.8638272481778654
83.638473773,1709142554.321455917,1709142554.321053453,/rigid_bodies.rigidbodies[2].pose.position.x,0.8640655958471232
83.649109652,1709142554.332091796,1709142554.331461414,/rigid_bodies.rigidbodies[2].pose.position.x,0.8644276445979108
83.65808142,1709142554.341063564,1709142554.340534194,/rigid_bodies.rigidbodies[2].pose.position.x,0.8643769882069023
83.668462055,1709142554.351444199,1709142554.350830306,/rigid_bodies.rigidbodies[2].pose.position.x,0.8639269509711103
83.678015118,1709142554.360997262,1709142554.360352021,/rigid_bodies.rigidbodies[2].pose.position.x,0.8637399895451806
83.688487786,1709142554.371469930,1709142554.370739170,/rigid_bodies.rigidbodies[2].pose.position.x,0.8639956836684619
83.698800379,1709142554.381782523,1709142554.381182408,/rigid_bodies.rigidbodies[2].pose.position.x,0.8643987023900627
83.708510307,1709142554.391492451,1709142554.390796453,/rigid_bodies.rigidbodies[2].pose.position.x,0.8644043286956601
83.718281873,1709142554.401264017,1709142554.400766987,/rigid_bodies.rigidbodies[2].pose.position.x,0.8640405844288551
83.727945606,1709142554.410927750,1709142554.410376463,/rigid_bodies.rigidbodies[2].pose.position.x,0.8638047025334088
83.738097217,1709142554.421079361,1709142554.420556346,/rigid_bodies.rigidbodies[2].pose.position.x,0.863907666674728
83.749107592,1709142554.432089736,1709142554.431613309,/rigid_bodies.rigidbodies[2].pose.position.x,0.8642874447997816
83.758604185,1709142554.441586329,1709142554.441056692,/rigid_bodies.rigidbodies[2].pose.position.x,0.8644639888724572
83.768259942,1709142554.451242086,1709142554.450662289,/rigid_bodies.rigidbodies[2].pose.position.x,0.8641272594731576
83.778049425,1709142554.461031569,1709142554.460451493,/rigid_bodies.rigidbodies[2].pose.position.x,0.863779597585164
83.788263665,1709142554.471245809,1709142554.470652742,/rigid_bodies.rigidbodies[2].pose.position.x,0.8639139042769737
83.798332928,1709142554.481315072,1709142554.480813939,/rigid_bodies.rigidbodies[2].pose.position.x,0.8642509957217226
83.807936462,1709142554.490918606,1709142554.490549197,/rigid_bodies.rigidbodies[2].pose.position.x,0.8644578002459622
83.818172837,1709142554.501154981,1709142554.500844325,/rigid_bodies.rigidbodies[2].pose.position.x,0.8642225684141199
83.827865471,1709142554.510847615,1709142554.510513236,/rigid_bodies.rigidbodies[2].pose.position.x,0.8638459958395006
83.838387053,1709142554.521369197,1709142554.520846208,/rigid_bodies.rigidbodies[2].pose.position.x,0.863751309735322
83.84860803,1709142554.531590174,1709142554.531075521,/rigid_bodies.rigidbodies[2].pose.position.x,0.8640990672709542
83.85791145,1709142554.540893594,1709142554.540527698,/rigid_bodies.rigidbodies[2].pose.position.x,0.8644750515973536
83.868398817,1709142554.551380961,1709142554.550983115,/rigid_bodies.rigidbodies[2].pose.position.x,0.8643669938406952
83.878163955,1709142554.561146099,1709142554.560795650,/rigid_bodies.rigidbodies[2].pose.position.x,0.8638964261907195
83.888256653,1709142554.571238797,1709142554.570731243,/rigid_bodies.rigidbodies[2].pose.position.x,0.8637606918309114
83.89872686,1709142554.581709004,1709142554.581237090,/rigid_bodies.rigidbodies[2].pose.position.x,0.8640581837409631
83.907787615,1709142554.590769759,1709142554.590547841,/rigid_bodies.rigidbodies[2].pose.position.x,0.8643909051852396
83.918516548,1709142554.601498692,1709142554.600877010,/rigid_bodies.rigidbodies[2].pose.position.x,0.8643997953770154
83.92816777,1709142554.611149914,1709142554.610664230,/rigid_bodies.rigidbodies[2].pose.position.x,0.8640310416696837
83.938142692,1709142554.621124836,1709142554.620797052,/rigid_bodies.rigidbodies[2].pose.position.x,0.863749597676321
83.94836816,1709142554.631350304,1709142554.631038322,/rigid_bodies.rigidbodies[2].pose.position.x,0.8638848908083232
83.958196792,1709142554.641178936,1709142554.640828021,/rigid_bodies.rigidbodies[2].pose.position.x,0.8643261044377939
83.968007703,1709142554.650989847,1709142554.650697714,/rigid_bodies.rigidbodies[2].pose.position.x,0.864481425117163
83.978188434,1709142554.661170578,1709142554.660598083,/rigid_bodies.rigidbodies[2].pose.position.x,0.8641098944012516
83.983954643,1709142554.666936787,1709142554.666440366,/rigid_bodies.rigidbodies[2].pose.position.x,0.8637885224190397
83.998511471,1709142554.681493615,1709142554.681066737,/rigid_bodies.rigidbodies[2].pose.position.x,0.8638813583623823
84.008150152,1709142554.691132296,1709142554.690592313,/rigid_bodies.rigidbodies[2].pose.position.x,0.8641944065645351
84.018464959,1709142554.701447103,1709142554.700916498,/rigid_bodies.rigidbodies[2].pose.position.x,0.8644344935014835
84.028071267,1709142554.711053411,1709142554.710688709,/rigid_bodies.rigidbodies[2].pose.position.x,0.8642513457229098
84.037832388,1709142554.720814532,1709142554.720569670,/rigid_bodies.rigidbodies[2].pose.position.x,0.8638533585719723
84.048420917,1709142554.731403061,1709142554.730974082,/rigid_bodies.rigidbodies[2].pose.position.x,0.8638418915733678
84.058212506,1709142554.741194650,1709142554.740901446,/rigid_bodies.rigidbodies[2].pose.position.x,0.8641963233491446
84.068564949,1709142554.751547093,1709142554.751196554,/rigid_bodies.rigidbodies[2].pose.position.x,0.8644594997189676
84.077725904,1709142554.760708048,1709142554.760453899,/rigid_bodies.rigidbodies[2].pose.position.x,0.8642264962440873
84.088501097,1709142554.771483241,1709142554.770920510,/rigid_bodies.rigidbodies[2].pose.position.x,0.8638679254438767
84.099033898,1709142554.782016042,1709142554.781460240,/rigid_bodies.rigidbodies[2].pose.position.x,0.8638129856420297
84.108280911,1709142554.791263055,1709142554.790733785,/rigid_bodies.rigidbodies[2].pose.position.x,0.8640767588035785
84.118414077,1709142554.801396221,1709142554.800835572,/rigid_bodies.rigidbodies[2].pose.position.x,0.8644042448339809
84.128706062,1709142554.811688206,1709142554.811005962,/rigid_bodies.rigidbodies[2].pose.position.x,0.8644261816485721
84.138117089,1709142554.821099233,1709142554.820634001,/rigid_bodies.rigidbodies[2].pose.position.x,0.8639751171137944
84.148472691,1709142554.831454835,1709142554.831008024,/rigid_bodies.rigidbodies[2].pose.position.x,0.8637243591617328
84.158426526,1709142554.841408670,1709142554.840778794,/rigid_bodies.rigidbodies[2].pose.position.x,0.86398146571916
84.168072252,1709142554.851054396,1709142554.850557476,/rigid_bodies.rigidbodies[2].pose.position.x,0.8643949182689071
84.178312778,1709142554.861294922,1709142554.860812076,/rigid_bodies.rigidbodies[2].pose.position.x,0.8644224963666385
84.188777996,1709142554.871760140,1709142554.871094652,/rigid_bodies.rigidbodies[2].pose.position.x,0.8640429333458487
84.19852459,1709142554.881506734,1709142554.881114275,/rigid_bodies.rigidbodies[2].pose.position.x,0.8637928109769367
84.207568082,1709142554.890550226,1709142554.890337354,/rigid_bodies.rigidbodies[2].pose.position.x,0.8639158030734767
84.217695035,1709142554.900677179,1709142554.900512763,/rigid_bodies.rigidbodies[2].pose.position.x,0.8642868963354534
84.227210145,1709142554.910192289,1709142554.909921756,/rigid_bodies.rigidbodies[2].pose.position.x,0.8645021534600753
84.238586817,1709142554.921568961,1709142554.921175254,/rigid_bodies.rigidbodies[2].pose.position.x,0.864198615500871
84.247867909,1709142554.930850053,1709142554.930533360,/rigid_bodies.rigidbodies[2].pose.position.x,0.8637532602709533
84.258187673,1709142554.941169817,1709142554.940650949,/rigid_bodies.rigidbodies[2].pose.position.x,0.8638199876259017
84.268708422,1709142554.951690566,1709142554.951104313,/rigid_bodies.rigidbodies[2].pose.position.x,0.8641858825375842
84.278069139,1709142554.961051283,1709142554.960557768,/rigid_bodies.rigidbodies[2].pose.position.x,0.864416973873424
84.288398684,1709142554.971380828,1709142554.970881798,/rigid_bodies.rigidbodies[2].pose.position.x,0.864242716268861
84.298731917,1709142554.981714061,1709142554.981018455,/rigid_bodies.rigidbodies[2].pose.position.x,0.8639238291001918
84.307857703,1709142554.990839847,1709142554.990447763,/rigid_bodies.rigidbodies[2].pose.position.x,0.8638262344720953
84.318289651,1709142555.001271795,1709142555.000716888,/rigid_bodies.rigidbodies[2].pose.position.x,0.8641196104205763
84.328340395,1709142555.011322539,1709142555.010706328,/rigid_bodies.rigidbodies[2].pose.position.x,0.8644643532169967
84.338278361,1709142555.021260505,1709142555.020860691,/rigid_bodies.rigidbodies[2].pose.position.x,0.8643563005496067
84.348559866,1709142555.031542010,1709142555.031074676,/rigid_bodies.rigidbodies[2].pose.position.x,0.863904622543091
84.358215435,1709142555.041197579,1709142555.040616357,/rigid_bodies.rigidbodies[2].pose.position.x,0.8637380504532033
84.368293277,1709142555.051275421,1709142555.050822540,/rigid_bodies.rigidbodies[2].pose.position.x,0.8640833777447093
84.37792909,1709142555.060911234,1709142555.060458471,/rigid_bodies.rigidbodies[2].pose.position.x,0.8644157553331815
84.388244115,1709142555.071226259,1709142555.070673393,/rigid_bodies.rigidbodies[2].pose.position.x,0.8644400427006701
84.398465683,1709142555.081447827,1709142555.081009495,/rigid_bodies.rigidbodies[2].pose.position.x,0.8640700500029862
84.406638856,1709142555.089621000,1709142555.089088887,/rigid_bodies.rigidbodies[2].pose.position.x,0.8637558961115942
84.418136687,1709142555.101118831,1709142555.100630020,/rigid_bodies.rigidbodies[2].pose.position.x,0.8638625288149465
84.428149411,1709142555.111131555,1709142555.110644877,/rigid_bodies.rigidbodies[2].pose.position.x,0.8642873248123597
84.437857651,1709142555.120839795,1709142555.120504161,/rigid_bodies.rigidbodies[2].pose.position.x,0.8644954305757949
84.448454995,1709142555.131437139,1709142555.130957484,/rigid_bodies.rigidbodies[2].pose.position.x,0.8641607454895471
84.458171464,1709142555.141153608,1709142555.140764484,/rigid_bodies.rigidbodies[2].pose.position.x,0.8637563524150866
84.468189931,1709142555.151172075,1709142555.150685630,/rigid_bodies.rigidbodies[2].pose.position.x,0.8638766175252004
84.478763641,1709142555.161745785,1709142555.161026192,/rigid_bodies.rigidbodies[2].pose.position.x,0.8642305225433834
84.488796883,1709142555.171779027,1709142555.171207245,/rigid_bodies.rigidbodies[2].pose.position.x,0.8644769869789996
84.498597454,1709142555.181579598,1709142555.180950923,/rigid_bodies.rigidbodies[2].pose.position.x,0.8642875029305287
84.508452422,1709142555.191434566,1709142555.190764881,/rigid_bodies.rigidbodies[2].pose.position.x,0.8638705158446043
84.518177852,1709142555.201159996,1709142555.200774465,/rigid_bodies.rigidbodies[2].pose.position.x,0.8637884008826433
84.528525295,1709142555.211507439,1709142555.210928042,/rigid_bodies.rigidbodies[2].pose.position.x,0.8640713370892277
84.538398013,1709142555.221380157,1709142555.220861518,/rigid_bodies.rigidbodies[2].pose.position.x,0.8644171098014829
84.548236522,1709142555.231218666,1709142555.230795683,/rigid_bodies.rigidbodies[2].pose.position.x,0.8643349861804682
84.558183682,1709142555.241165826,1709142555.240612809,/rigid_bodies.rigidbodies[2].pose.position.x,0.8639088222793085
84.568158677,1709142555.251140821,1709142555.250665456,/rigid_bodies.rigidbodies[2].pose.position.x,0.8638155087109446
84.577660905,1709142555.260643049,1709142555.260021186,/rigid_bodies.rigidbodies[2].pose.position.x,0.8640992693225101
84.5881645,1709142555.271146644,1709142555.270543123,/rigid_bodies.rigidbodies[2].pose.position.x,0.8643898894666958
84.59835766,1709142555.281339804,1709142555.280897490,/rigid_bodies.rigidbodies[2].pose.position.x,0.8643850521510069
84.60791497700001,1709142555.290897121,1709142555.290352532,/rigid_bodies.rigidbodies[2].pose.position.x,0.863982023362677
84.618432765,1709142555.301414909,1709142555.300825634,/rigid_bodies.rigidbodies[2].pose.position.x,0.8637586692646606
84.628455769,1709142555.311437913,1709142555.310957260,/rigid_bodies.rigidbodies[2].pose.position.x,0.8639725372562725
84.638335934,1709142555.321318078,1709142555.320793678,/rigid_bodies.rigidbodies[2].pose.position.x,0.8644184321060271
84.648415857,1709142555.331398001,1709142555.330858943,/rigid_bodies.rigidbodies[2].pose.position.x,0.8645289037726476
84.657994353,1709142555.340976497,1709142555.340504329,/rigid_bodies.rigidbodies[2].pose.position.x,0.8641311519671561
84.668455716,1709142555.351437860,1709142555.350869376,/rigid_bodies.rigidbodies[2].pose.position.x,0.863779098363971
84.677915988,1709142555.360898132,1709142555.360430611,/rigid_bodies.rigidbodies[2].pose.position.x,0.8638442491995841
84.689072051,1709142555.372054195,1709142555.371354068,/rigid_bodies.rigidbodies[2].pose.position.x,0.8641739611780448
84.698655595,1709142555.381637739,1709142555.381184083,/rigid_bodies.rigidbodies[2].pose.position.x,0.8644524659793599
84.708524164,1709142555.391506308,1709142555.390904718,/rigid_bodies.rigidbodies[2].pose.position.x,0.8642578546039017
84.718510711,1709142555.401492855,1709142555.400777458,/rigid_bodies.rigidbodies[2].pose.position.x,0.86386490458671
84.728424111,1709142555.411406255,1709142555.410897411,/rigid_bodies.rigidbodies[2].pose.position.x,0.8638326233848861
84.737511269,1709142555.420493413,1709142555.420128274,/rigid_bodies.rigidbodies[2].pose.position.x,0.8641754077643908
84.748658096,1709142555.431640240,1709142555.430999002,/rigid_bodies.rigidbodies[2].pose.position.x,0.8644739060519443
84.758179208,1709142555.441161352,1709142555.440649554,/rigid_bodies.rigidbodies[2].pose.position.x,0.8643016763931664
84.768327122,1709142555.451309266,1709142555.450820994,/rigid_bodies.rigidbodies[2].pose.position.x,0.8638937639071683
84.778145698,1709142555.461127842,1709142555.460654624,/rigid_bodies.rigidbodies[2].pose.position.x,0.8638148060743953
84.789029423,1709142555.472011567,1709142555.471433754,/rigid_bodies.rigidbodies[2].pose.position.x,0.8640509122045885
84.798645661,1709142555.481627805,1709142555.481126979,/rigid_bodies.rigidbodies[2].pose.position.x,0.8643454840212768
84.808439509,1709142555.491421653,1709142555.490873849,/rigid_bodies.rigidbodies[2].pose.position.x,0.8643626750212219
84.818694883,1709142555.501677027,1709142555.501097782,/rigid_bodies.rigidbodies[2].pose.position.x,0.8640060535876353
84.828386809,1709142555.511368953,1709142555.510817210,/rigid_bodies.rigidbodies[2].pose.position.x,0.8637625288741195
84.838376357,1709142555.521358501,1709142555.520844988,/rigid_bodies.rigidbodies[2].pose.position.x,0.8639964632436873
84.848353317,1709142555.531335461,1709142555.530734544,/rigid_bodies.rigidbodies[2].pose.position.x,0.8643684673088342
84.858209962,1709142555.541192106,1709142555.540597772,/rigid_bodies.rigidbodies[2].pose.position.x,0.8643593622424678
84.868513674,1709142555.551495818,1709142555.550926014,/rigid_bodies.rigidbodies[2].pose.position.x,0.864018469736401
84.878250578,1709142555.561232722,1709142555.560859683,/rigid_bodies.rigidbodies[2].pose.position.x,0.8637834493588918
84.888260939,1709142555.571243083,1709142555.570817092,/rigid_bodies.rigidbodies[2].pose.position.x,0.8638888101220854
84.898699587,1709142555.581681731,1709142555.581147996,/rigid_bodies.rigidbodies[2].pose.position.x,0.8642918746295826
84.908292923,1709142555.591275067,1709142555.590685027,/rigid_bodies.rigidbodies[2].pose.position.x,0.8645141522008294
84.91854236,1709142555.601524504,1709142555.601023710,/rigid_bodies.rigidbodies[2].pose.position.x,0.8642397761278705
84.928403094,1709142555.611385238,1709142555.610890957,/rigid_bodies.rigidbodies[2].pose.position.x,0.8638114749045187
84.938744066,1709142555.621726210,1709142555.621329863,/rigid_bodies.rigidbodies[2].pose.position.x,0.8637844570596462
84.948313867,1709142555.631296011,1709142555.630718233,/rigid_bodies.rigidbodies[2].pose.position.x,0.8641445206073484
84.958600183,1709142555.641582327,1709142555.640839938,/rigid_bodies.rigidbodies[2].pose.position.x,0.864388944389782
84.968691652,1709142555.651673796,1709142555.650975960,/rigid_bodies.rigidbodies[2].pose.position.x,0.8642590929159758
84.978107968,1709142555.661090112,1709142555.660592081,/rigid_bodies.rigidbodies[2].pose.position.x,0.863922655378942
84.988542242,1709142555.671524386,1709142555.670883322,/rigid_bodies.rigidbodies[2].pose.position.x,0.8638206037260869
84.998890263,1709142555.681872407,1709142555.681154141,/rigid_bodies.rigidbodies[2].pose.position.x,0.8640260585177791
85.007886872,1709142555.690869016,1709142555.690428548,/rigid_bodies.rigidbodies[2].pose.position.x,0.8643805084769429
85.018749724,1709142555.701731868,1709142555.701216821,/rigid_bodies.rigidbodies[2].pose.position.x,0.8643783176849678
85.028451196,1709142555.711433340,1709142555.710773650,/rigid_bodies.rigidbodies[2].pose.position.x,0.8639264944120499
85.038084313,1709142555.721066457,1709142555.720663406,/rigid_bodies.rigidbodies[2].pose.position.x,0.8637684135101532
85.048348584,1709142555.731330728,1709142555.730789946,/rigid_bodies.rigidbodies[2].pose.position.x,0.8640145053125029
85.058359178,1709142555.741341322,1709142555.740820647,/rigid_bodies.rigidbodies[2].pose.position.x,0.8643103084767223
85.068268876,1709142555.751251020,1709142555.750675253,/rigid_bodies.rigidbodies[2].pose.position.x,0.8643995463248316
85.078033698,1709142555.761015842,1709142555.760586805,/rigid_bodies.rigidbodies[2].pose.position.x,0.8641003728234932
85.088115141,1709142555.771097285,1709142555.770703259,/rigid_bodies.rigidbodies[2].pose.position.x,0.8638114788226463
85.098371183,1709142555.781353327,1709142555.780936856,/rigid_bodies.rigidbodies[2].pose.position.x,0.86393544882876
85.108155382,1709142555.791137526,1709142555.790636029,/rigid_bodies.rigidbodies[2].pose.position.x,0.8642982745279032
85.118467048,1709142555.801449192,1709142555.800861297,/rigid_bodies.rigidbodies[2].pose.position.x,0.8644104448683265
85.128088464,1709142555.811070608,1709142555.810626012,/rigid_bodies.rigidbodies[2].pose.position.x,0.8640993557545913
85.138140294,1709142555.821122438,1709142555.820691767,/rigid_bodies.rigidbodies[2].pose.position.x,0.8637562376242002
85.148640981,1709142555.831623125,1709142555.831111596,/rigid_bodies.rigidbodies[2].pose.position.x,0.8638617426400234
85.157942482,1709142555.840924626,1709142555.840485259,/rigid_bodies.rigidbodies[2].pose.position.x,0.8642188113944623
85.167961692,1709142555.850943836,1709142555.850502211,/rigid_bodies.rigidbodies[2].pose.position.x,0.8644416478320482
85.173513336,1709142555.856495480,1709142555.856178727,/rigid_bodies.rigidbodies[2].pose.position.x,0.8642864143097884
85.188423941,1709142555.871406085,1709142555.870740732,/rigid_bodies.rigidbodies[2].pose.position.x,0.8638675160715226
85.198654553,1709142555.881636697,1709142555.880972732,/rigid_bodies.rigidbodies[2].pose.position.x,0.8637428292898616
85.208186363,1709142555.891168507,1709142555.890646101,/rigid_bodies.rigidbodies[2].pose.position.x,0.8640558398565397
85.218250244,1709142555.901232388,1709142555.900726542,/rigid_bodies.rigidbodies[2].pose.position.x,0.8644105459747472
85.227781964,1709142555.910764108,1709142555.910252961,/rigid_bodies.rigidbodies[2].pose.position.x,0.8643416480718752
85.238156628,1709142555.921138772,1709142555.920642979,/rigid_bodies.rigidbodies[2].pose.position.x,0.8639332069940312
85.248238347,1709142555.931220491,1709142555.930711472,/rigid_bodies.rigidbodies[2].pose.position.x,0.8638048991807499
85.2580329,1709142555.941015044,1709142555.940516120,/rigid_bodies.rigidbodies[2].pose.position.x,0.8639909958155562
85.268863832,1709142555.951845976,1709142555.951136330,/rigid_bodies.rigidbodies[2].pose.position.x,0.8643080876691944
85.278003155,1709142555.960985299,1709142555.960567159,/rigid_bodies.rigidbodies[2].pose.position.x,0.8643924341117586
85.288274982,1709142555.971257126,1709142555.970766800,/rigid_bodies.rigidbodies[2].pose.position.x,0.8640562449317477
85.298022194,1709142555.981004338,1709142555.980596664,/rigid_bodies.rigidbodies[2].pose.position.x,0.8638046309459685
85.307892671,1709142555.990874815,1709142555.990391435,/rigid_bodies.rigidbodies[2].pose.position.x,0.8639366887571934
85.318411646,1709142556.001393790,1709142556.000742026,/rigid_bodies.rigidbodies[2].pose.position.x,0.8642685774156569
85.328379776,1709142556.011361920,1709142556.010655282,/rigid_bodies.rigidbodies[2].pose.position.x,0.8644166371141027
85.33819622,1709142556.021178364,1709142556.020678641,/rigid_bodies.rigidbodies[2].pose.position.x,0.8641293447358729
85.348866258,1709142556.031848402,1709142556.031161222,/rigid_bodies.rigidbodies[2].pose.position.x,0.8638568854982179
85.35796937,1709142556.040951514,1709142556.040649356,/rigid_bodies.rigidbodies[2].pose.position.x,0.8639321976418323
85.367338872,1709142556.050321016,1709142556.050033522,/rigid_bodies.rigidbodies[2].pose.position.x,0.8641855615886591
85.377596895,1709142556.060579039,1709142556.060317169,/rigid_bodies.rigidbodies[2].pose.position.x,0.8644227455170019
85.3879097,1709142556.070891844,1709142556.070606265,/rigid_bodies.rigidbodies[2].pose.position.x,0.8642432498263585
85.397920742,1709142556.080902886,1709142556.080654469,/rigid_bodies.rigidbodies[2].pose.position.x,0.8638221423754368
85.407691183,1709142556.090673327,1709142556.090418214,/rigid_bodies.rigidbodies[2].pose.position.x,0.8637752449820714
85.418003896,1709142556.100986040,1709142556.100627835,/rigid_bodies.rigidbodies[2].pose.position.x,0.8641395417436085
85.427516589,1709142556.110498733,1709142556.110243319,/rigid_bodies.rigidbodies[2].pose.position.x,0.8644346826632962
85.437714128,1709142556.120696272,1709142556.120401938,/rigid_bodies.rigidbodies[2].pose.position.x,0.8642855281117248
85.448268995,1709142556.131251139,1709142556.130786738,/rigid_bodies.rigidbodies[2].pose.position.x,0.8639195005465572
85.458329909,1709142556.141312053,1709142556.140767749,/rigid_bodies.rigidbodies[2].pose.position.x,0.8637732419917923
85.46816378,1709142556.151145924,1709142556.150616432,/rigid_bodies.rigidbodies[2].pose.position.x,0.8639718044937913
85.478206803,1709142556.161188947,1709142556.160512129,/rigid_bodies.rigidbodies[2].pose.position.x,0.8643215208692814
85.488066495,1709142556.171048639,1709142556.170477966,/rigid_bodies.rigidbodies[2].pose.position.x,0.8643940707333836
85.498991688,1709142556.181973832,1709142556.181506391,/rigid_bodies.rigidbodies[2].pose.position.x,0.8640371740884358
85.507727769,1709142556.190709913,1709142556.190368372,/rigid_bodies.rigidbodies[2].pose.position.x,0.8637595454877605
85.51837157,1709142556.201353714,1709142556.200684078,/rigid_bodies.rigidbodies[2].pose.position.x,0.8639456552605571
85.52791549,1709142556.210897634,1709142556.210417161,/rigid_bodies.rigidbodies[2].pose.position.x,0.864279575873586
85.538728956,1709142556.221711100,1709142556.221320547,/rigid_bodies.rigidbodies[2].pose.position.x,0.8643817854406475
85.548749733,1709142556.231731877,1709142556.231251925,/rigid_bodies.rigidbodies[2].pose.position.x,0.8640919772572289
85.557812678,1709142556.240794822,1709142556.240419520,/rigid_bodies.rigidbodies[2].pose.position.x,0.8638373333365197
85.568347189,1709142556.251329333,1709142556.250780906,/rigid_bodies.rigidbodies[2].pose.position.x,0.8639145971032797
85.578164641,1709142556.261146785,1709142556.260685806,/rigid_bodies.rigidbodies[2].pose.position.x,0.8641851057850576
85.588249315,1709142556.271231459,1709142556.270745308,/rigid_bodies.rigidbodies[2].pose.position.x,0.8644324211323241
85.598479294,1709142556.281461438,1709142556.280855508,/rigid_bodies.rigidbodies[2].pose.position.x,0.8642244619020701
85.608322853,1709142556.291304997,1709142556.290673345,/rigid_bodies.rigidbodies[2].pose.position.x,0.8638605601933802
85.618492092,1709142556.301474236,1709142556.301030905,/rigid_bodies.rigidbodies[2].pose.position.x,0.8638891910264305
85.62736245,1709142556.310344594,1709142556.310129664,/rigid_bodies.rigidbodies[2].pose.position.x,0.8641879542568045
85.636821823,1709142556.319803967,1709142556.319457532,/rigid_bodies.rigidbodies[2].pose.position.x,0.8643548693184969
85.647583894,1709142556.330566038,1709142556.330329653,/rigid_bodies.rigidbodies[2].pose.position.x,0.8642839020510038
85.657878084,1709142556.340860228,1709142556.340611885,/rigid_bodies.rigidbodies[2].pose.position.x,0.8639567487297987
85.668163962,1709142556.351146106,1709142556.350743300,/rigid_bodies.rigidbodies[2].pose.position.x,0.8638001816198257
85.677978115,1709142556.360960259,1709142556.360587643,/rigid_bodies.rigidbodies[2].pose.position.x,0.8640287301569446
85.688543324,1709142556.371525468,1709142556.370886905,/rigid_bodies.rigidbodies[2].pose.position.x,0.8643914965600211
85.698850569,1709142556.381832713,1709142556.381113172,/rigid_bodies.rigidbodies[2].pose.position.x,0.8644040350313364
85.7083225,1709142556.391304644,1709142556.390792647,/rigid_bodies.rigidbodies[2].pose.position.x,0.8640264602040293
85.718357948,1709142556.401340092,1709142556.400794869,/rigid_bodies.rigidbodies[2].pose.position.x,0.8637869632985411
85.728082391,1709142556.411064535,1709142556.410599183,/rigid_bodies.rigidbodies[2].pose.position.x,0.8639480739642299
85.738461086,1709142556.421443230,1709142556.420851714,/rigid_bodies.rigidbodies[2].pose.position.x,0.8642706305012681
85.74829494,1709142556.431277084,1709142556.430893294,/rigid_bodies.rigidbodies[2].pose.position.x,0.8643692134376513
85.758612495,1709142556.441594639,1709142556.440988350,/rigid_bodies.rigidbodies[2].pose.position.x,0.86415751952382
85.768520049,1709142556.451502193,1709142556.450982192,/rigid_bodies.rigidbodies[2].pose.position.x,0.8638735850190618
85.777964912,1709142556.460947056,1709142556.460485225,/rigid_bodies.rigidbodies[2].pose.position.x,0.8638630747527306
85.788738684,1709142556.471720828,1709142556.471059000,/rigid_bodies.rigidbodies[2].pose.position.x,0.8641750172326066
85.798918744,1709142556.481900888,1709142556.481177901,/rigid_bodies.rigidbodies[2].pose.position.x,0.8644134363297923
85.808135519,1709142556.491117663,1709142556.490703024,/rigid_bodies.rigidbodies[2].pose.position.x,0.8642084941102975
85.818190582,1709142556.501172726,1709142556.500781636,/rigid_bodies.rigidbodies[2].pose.position.x,0.8638997678815059
85.827948414,1709142556.510930558,1709142556.510381496,/rigid_bodies.rigidbodies[2].pose.position.x,0.8639121122817557
85.838110647,1709142556.521092791,1709142556.520719053,/rigid_bodies.rigidbodies[2].pose.position.x,0.8641457957785448
85.848216395,1709142556.531198539,1709142556.530797963,/rigid_bodies.rigidbodies[2].pose.position.x,0.8643666434546923
85.858422754,1709142556.541404898,1709142556.540882643,/rigid_bodies.rigidbodies[2].pose.position.x,0.8643098506333584
85.86763302,1709142556.550615164,1709142556.550157758,/rigid_bodies.rigidbodies[2].pose.position.x,0.8639790052137754
85.877714711,1709142556.560696855,1709142556.560449959,/rigid_bodies.rigidbodies[2].pose.position.x,0.8638475171611312
85.888461411,1709142556.571443555,1709142556.570881578,/rigid_bodies.rigidbodies[2].pose.position.x,0.8640651953502027
85.898086417,1709142556.581068561,1709142556.580750201,/rigid_bodies.rigidbodies[2].pose.position.x,0.864372722290135
85.907909401,1709142556.590891545,1709142556.590436447,/rigid_bodies.rigidbodies[2].pose.position.x,0.8643478269833492
85.918767126,1709142556.601749270,1709142556.600986090,/rigid_bodies.rigidbodies[2].pose.position.x,0.8639923713649216
85.927896545,1709142556.610878689,1709142556.610583313,/rigid_bodies.rigidbodies[2].pose.position.x,0.8638212969841588
85.93852756,1709142556.621509704,1709142556.621204650,/rigid_bodies.rigidbodies[2].pose.position.x,0.8639990794678041
85.94839619,1709142556.631378334,1709142556.630889757,/rigid_bodies.rigidbodies[2].pose.position.x,0.864328148407604
85.957964061,1709142556.640946205,1709142556.640473878,/rigid_bodies.rigidbodies[2].pose.position.x,0.8644624220354608
85.968133289,1709142556.651115433,1709142556.650597066,/rigid_bodies.rigidbodies[2].pose.position.x,0.8642334184533674
85.97796608,1709142556.660948224,1709142556.660503383,/rigid_bodies.rigidbodies[2].pose.position.x,0.863884499059929
85.988002399,1709142556.670984543,1709142556.670566784,/rigid_bodies.rigidbodies[2].pose.position.x,0.8639253947266082
85.998447879,1709142556.681430023,1709142556.680933257,/rigid_bodies.rigidbodies[2].pose.position.x,0.8642097984411502
86.007950099,1709142556.690932243,1709142556.690551475,/rigid_bodies.rigidbodies[2].pose.position.x,0.8644154344200574
86.018087224,1709142556.701069368,1709142556.700716106,/rigid_bodies.rigidbodies[2].pose.position.x,0.8642429291946139
86.027990934,1709142556.710973078,1709142556.710476729,/rigid_bodies.rigidbodies[2].pose.position.x,0.8640069070646862
86.038663075,1709142556.721645219,1709142556.721024901,/rigid_bodies.rigidbodies[2].pose.position.x,0.8639393509937885
86.047997241,1709142556.730979385,1709142556.730613663,/rigid_bodies.rigidbodies[2].pose.position.x,0.8641078794765323
86.058191484,1709142556.741173628,1709142556.740586263,/rigid_bodies.rigidbodies[2].pose.position.x,0.8643391365918421
86.068599241,1709142556.751581385,1709142556.751002359,/rigid_bodies.rigidbodies[2].pose.position.x,0.8643327693929774
86.078421713,1709142556.761403857,1709142556.760869191,/rigid_bodies.rigidbodies[2].pose.position.x,0.8640229012614479
86.088108562,1709142556.771090706,1709142556.770592339,/rigid_bodies.rigidbodies[2].pose.position.x,0.8639336634208055
86.098606673,1709142556.781588817,1709142556.780986354,/rigid_bodies.rigidbodies[2].pose.position.x,0.8641217611929463
86.107838857,1709142556.790821001,1709142556.790439776,/rigid_bodies.rigidbodies[2].pose.position.x,0.8643112715777035
86.118429608,1709142556.801411752,1709142556.800954792,/rigid_bodies.rigidbodies[2].pose.position.x,0.8642673025953607
86.128284122,1709142556.811266266,1709142556.810681663,/rigid_bodies.rigidbodies[2].pose.position.x,0.8640477528975006
86.137975444,1709142556.820957588,1709142556.820524123,/rigid_bodies.rigidbodies[2].pose.position.x,0.8639682257796222
86.14862093,1709142556.831603074,1709142556.830982694,/rigid_bodies.rigidbodies[2].pose.position.x,0.8640699466459686
86.158451697,1709142556.841433841,1709142556.840884011,/rigid_bodies.rigidbodies[2].pose.position.x,0.8642904902701805
86.168438768,1709142556.851420912,1709142556.850796280,/rigid_bodies.rigidbodies[2].pose.position.x,0.8643914287687918
86.178146604,1709142556.861128748,1709142556.860583548,/rigid_bodies.rigidbodies[2].pose.position.x,0.8641235752162107
86.188642335,1709142556.871624479,1709142556.870798514,/rigid_bodies.rigidbodies[2].pose.position.x,0.8639130185612514
86.198412778,1709142556.881394922,1709142556.880905170,/rigid_bodies.rigidbodies[2].pose.position.x,0.8640241407351621
86.207703126,1709142556.890685270,1709142556.890116806,/rigid_bodies.rigidbodies[2].pose.position.x,0.8642584779981068
86.218117798,1709142556.901099942,1709142556.900638935,/rigid_bodies.rigidbodies[2].pose.position.x,0.8643499532999362
86.228024526,1709142556.911006670,1709142556.910523977,/rigid_bodies.rigidbodies[2].pose.position.x,0.8642727543113679
86.23781918,1709142556.920801324,1709142556.920539787,/rigid_bodies.rigidbodies[2].pose.position.x,0.8640117053417546
86.247639078,1709142556.930621222,1709142556.930386709,/rigid_bodies.rigidbodies[2].pose.position.x,0.8639040752184575
86.257840563,1709142556.940822707,1709142556.940472630,/rigid_bodies.rigidbodies[2].pose.position.x,0.864148462391376
86.268040186,1709142556.951022330,1709142556.950697519,/rigid_bodies.rigidbodies[2].pose.position.x,0.8643700489983713
86.277999665,1709142556.960981809,1709142556.960577474,/rigid_bodies.rigidbodies[2].pose.position.x,0.864310583726778
86.28831011,1709142556.971292254,1709142556.970821946,/rigid_bodies.rigidbodies[2].pose.position.x,0.8640360394947394
86.29832413,1709142556.981306274,1709142556.980968894,/rigid_bodies.rigidbodies[2].pose.position.x,0.8639685005927183
86.30847446,1709142556.991456604,1709142556.990871259,/rigid_bodies.rigidbodies[2].pose.position.x,0.864099149368566
86.318608201,1709142557.001590345,1709142557.001031968,/rigid_bodies.rigidbodies[2].pose.position.x,0.864260211352064
86.328041297,1709142557.011023441,1709142557.010613857,/rigid_bodies.rigidbodies[2].pose.position.x,0.8643037872974709
86.338400007,1709142557.021382151,1709142557.020828821,/rigid_bodies.rigidbodies[2].pose.position.x,0.8641042569531784
86.34783814,1709142557.030820284,1709142557.030579671,/rigid_bodies.rigidbodies[2].pose.position.x,0.8639398076638736
86.357819093,1709142557.040801237,1709142557.040452262,/rigid_bodies.rigidbodies[2].pose.position.x,0.8640188283712766
86.368622962,1709142557.051605106,1709142557.051081585,/rigid_bodies.rigidbodies[2].pose.position.x,0.8642500153714576
86.378431173,1709142557.061413317,1709142557.060906288,/rigid_bodies.rigidbodies[2].pose.position.x,0.8642803138156488
86.388391759,1709142557.071373903,1709142557.070816758,/rigid_bodies.rigidbodies[2].pose.position.x,0.8640999211903744
86.398316188,1709142557.081298332,1709142557.080686417,/rigid_bodies.rigidbodies[2].pose.position.x,0.863992101293724
86.408220063,1709142557.091202207,1709142557.090678659,/rigid_bodies.rigidbodies[2].pose.position.x,0.8640352737622989
86.418394118,1709142557.101376262,1709142557.100834611,/rigid_bodies.rigidbodies[2].pose.position.x,0.8641939619612125
86.428210115,1709142557.111192259,1709142557.110648161,/rigid_bodies.rigidbodies[2].pose.position.x,0.8643098125527573
86.438130587,1709142557.121112731,1709142557.120699049,/rigid_bodies.rigidbodies[2].pose.position.x,0.8642072393770233
86.448322252,1709142557.131304396,1709142557.130809199,/rigid_bodies.rigidbodies[2].pose.position.x,0.8639800149244516
86.458465728,1709142557.141447872,1709142557.140960521,/rigid_bodies.rigidbodies[2].pose.position.x,0.8639586334695647
86.468594558,1709142557.151576702,1709142557.150968657,/rigid_bodies.rigidbodies[2].pose.position.x,0.8641715839875233
86.478227536,1709142557.161209680,1709142557.160731176,/rigid_bodies.rigidbodies[2].pose.position.x,0.8643063554382234
86.488789791,1709142557.171771935,1709142557.171157529,/rigid_bodies.rigidbodies[2].pose.position.x,0.8642390737833701
86.498676292,1709142557.181658436,1709142557.181033714,/rigid_bodies.rigidbodies[2].pose.position.x,0.8640737807522407
86.507769553,1709142557.190751697,1709142557.190327005,/rigid_bodies.rigidbodies[2].pose.position.x,0.8639974816534599
86.518309651,1709142557.201291795,1709142557.200799338,/rigid_bodies.rigidbodies[2].pose.position.x,0.8640223831296996
86.528249217,1709142557.211231361,1709142557.210674190,/rigid_bodies.rigidbodies[2].pose.position.x,0.8642064950004629
86.537927334,1709142557.220909478,1709142557.220395070,/rigid_bodies.rigidbodies[2].pose.position.x,0.8642847432469837
86.548098887,1709142557.231081031,1709142557.230605049,/rigid_bodies.rigidbodies[2].pose.position.x,0.8641301605960765
86.557736884,1709142557.240719028,1709142557.240276796,/rigid_bodies.rigidbodies[2].pose.position.x,0.8640130749572733
86.568155081,1709142557.251137225,1709142557.250702065,/rigid_bodies.rigidbodies[2].pose.position.x,0.8640878693601851
86.578271153,1709142557.261253297,1709142557.260683778,/rigid_bodies.rigidbodies[2].pose.position.x,0.8642489995718476
86.588889337,1709142557.271871481,1709142557.271251949,/rigid_bodies.rigidbodies[2].pose.position.x,0.8642582606610145
86.598176648,1709142557.281158792,1709142557.280812841,/rigid_bodies.rigidbodies[2].pose.position.x,0.8641171797228258
86.608081001,1709142557.291063145,1709142557.290646831,/rigid_bodies.rigidbodies[2].pose.position.x,0.864026876714994
86.618355588,1709142557.301337732,1709142557.300899310,/rigid_bodies.rigidbodies[2].pose.position.x,0.8640054742314167
86.627903198,1709142557.310885342,1709142557.310576773,/rigid_bodies.rigidbodies[2].pose.position.x,0.8641571989832043
86.637840709,1709142557.320822853,1709142557.320429033,/rigid_bodies.rigidbodies[2].pose.position.x,0.8642881286961971
86.649055223,1709142557.332037367,1709142557.331544078,/rigid_bodies.rigidbodies[2].pose.position.x,0.8641996507719087
86.658351099,1709142557.341333243,1709142557.340943335,/rigid_bodies.rigidbodies[2].pose.position.x,0.8640463505287913
86.668806287,1709142557.351788431,1709142557.351331663,/rigid_bodies.rigidbodies[2].pose.position.x,0.8640123739288211
86.677837563,1709142557.360819707,1709142557.360410815,/rigid_bodies.rigidbodies[2].pose.position.x,0.8640969822211227
86.688356097,1709142557.371338241,1709142557.370920972,/rigid_bodies.rigidbodies[2].pose.position.x,0.8642420295860521
86.698701278,1709142557.381683422,1709142557.381238623,/rigid_bodies.rigidbodies[2].pose.position.x,0.864233229593592
86.708538981,1709142557.391521125,1709142557.391083676,/rigid_bodies.rigidbodies[2].pose.position.x,0.8641238563070897
86.718300343,1709142557.401282487,1709142557.400902798,/rigid_bodies.rigidbodies[2].pose.position.x,0.8640092437059624
86.728065707,1709142557.411047851,1709142557.410768631,/rigid_bodies.rigidbodies[2].pose.position.x,0.8640746221805827
86.738298788,1709142557.421280932,1709142557.420826483,/rigid_bodies.rigidbodies[2].pose.position.x,0.864234689939635
86.748232791,1709142557.431214935,1709142557.430926233,/rigid_bodies.rigidbodies[2].pose.position.x,0.86429350295746
86.758790802,1709142557.441772946,1709142557.441136417,/rigid_bodies.rigidbodies[2].pose.position.x,0.8641922877520504
86.768408754,1709142557.451390898,1709142557.450937740,/rigid_bodies.rigidbodies[2].pose.position.x,0.8640368811297149
86.778049091,1709142557.461031235,1709142557.460507002,/rigid_bodies.rigidbodies[2].pose.position.x,0.8640076912598046
86.788539274,1709142557.471521418,1709142557.471063361,/rigid_bodies.rigidbodies[2].pose.position.x,0.8641365704168023
86.79832091,1709142557.481303054,1709142557.480778835,/rigid_bodies.rigidbodies[2].pose.position.x,0.8642564866251029
86.807923734,1709142557.490905878,1709142557.490575198,/rigid_bodies.rigidbodies[2].pose.position.x,0.8642403869988061
86.818513873,1709142557.501496017,1709142557.500888347,/rigid_bodies.rigidbodies[2].pose.position.x,0.8641112947464872
86.828368236,1709142557.511350380,1709142557.510710427,/rigid_bodies.rigidbodies[2].pose.position.x,0.8640235337684281
86.838523407,1709142557.521505551,1709142557.521067784,/rigid_bodies.rigidbodies[2].pose.position.x,0.8641203073959377
86.848785398,1709142557.531767542,1709142557.531312741,/rigid_bodies.rigidbodies[2].pose.position.x,0.8641939277587322
86.858247727,1709142557.541229871,1709142557.540702012,/rigid_bodies.rigidbodies[2].pose.position.x,0.8641642663680397
86.868295808,1709142557.551277952,1709142557.550848571,/rigid_bodies.rigidbodies[2].pose.position.x,0.8641228590822874
86.878117294,1709142557.561099438,1709142557.560704399,/rigid_bodies.rigidbodies[2].pose.position.x,0.8640545546975523
86.888483817,1709142557.571465961,1709142557.570880669,/rigid_bodies.rigidbodies[2].pose.position.x,0.8640606424108898
86.898825544,1709142557.581807688,1709142557.581106034,/rigid_bodies.rigidbodies[2].pose.position.x,0.8641927385410255
86.908620976,1709142557.591603120,1709142557.591129240,/rigid_bodies.rigidbodies[2].pose.position.x,0.8641942742601557
86.918859927,1709142557.601842071,1709142557.601195253,/rigid_bodies.rigidbodies[2].pose.position.x,0.8640800864593928
86.928446472,1709142557.611428616,1709142557.610803162,/rigid_bodies.rigidbodies[2].pose.position.x,0.863990184807137
86.937931557,1709142557.620913701,1709142557.620552866,/rigid_bodies.rigidbodies[2].pose.position.x,0.8640446403431613
86.948791958,1709142557.631774102,1709142557.631211761,/rigid_bodies.rigidbodies[2].pose.position.x,0.8641469098548712
86.958251659,1709142557.641233803,1709142557.640692239,/rigid_bodies.rigidbodies[2].pose.position.x,0.8641904412959053
86.968281179,1709142557.651263323,1709142557.650773975,/rigid_bodies.rigidbodies[2].pose.position.x,0.8641141830859084
86.977956385,1709142557.660938529,1709142557.660488734,/rigid_bodies.rigidbodies[2].pose.position.x,0.8640598597755735
86.988558549,1709142557.671540693,1709142557.670909483,/rigid_bodies.rigidbodies[2].pose.position.x,0.8640397012916969
86.998497505,1709142557.681479649,1709142557.680996885,/rigid_bodies.rigidbodies[2].pose.position.x,0.8641501304755066
87.008518345,1709142557.691500489,1709142557.690840202,/rigid_bodies.rigidbodies[2].pose.position.x,0.8642223392093817
87.01874703,1709142557.701729174,1709142557.701065416,/rigid_bodies.rigidbodies[2].pose.position.x,0.8642143345447285
87.028164225,1709142557.711146369,1709142557.710568985,/rigid_bodies.rigidbodies[2].pose.position.x,0.864074456539233
87.038512027,1709142557.721494171,1709142557.720945683,/rigid_bodies.rigidbodies[2].pose.position.x,0.8640367081488514
87.048575503,1709142557.731557647,1709142557.730932055,/rigid_bodies.rigidbodies[2].pose.position.x,0.8641090890699483
87.058028284,1709142557.741010428,1709142557.740474433,/rigid_bodies.rigidbodies[2].pose.position.x,0.8641644062299273
87.06852415,1709142557.751506294,1709142557.750898763,/rigid_bodies.rigidbodies[2].pose.position.x,0.8642239842813157
87.078069148,1709142557.761051292,1709142557.760549808,/rigid_bodies.rigidbodies[2].pose.position.x,0.8641686337614747
87.088458515,1709142557.771440659,1709142557.770906691,/rigid_bodies.rigidbodies[2].pose.position.x,0.8640843185819718
87.098170856,1709142557.781153000,1709142557.780576637,/rigid_bodies.rigidbodies[2].pose.position.x,0.8641047364513297
87.108147626,1709142557.791129770,1709142557.790623577,/rigid_bodies.rigidbodies[2].pose.position.x,0.8641602152688522
87.118066327,1709142557.801048471,1709142557.800559961,/rigid_bodies.rigidbodies[2].pose.position.x,0.8641966126277822
87.128032518,1709142557.811014662,1709142557.810598810,/rigid_bodies.rigidbodies[2].pose.position.x,0.8641298016966303
87.138402232,1709142557.821384376,1709142557.820818746,/rigid_bodies.rigidbodies[2].pose.position.x,0.8641063379146661
87.148400678,1709142557.831382822,1709142557.830877348,/rigid_bodies.rigidbodies[2].pose.position.x,0.8640710563692265
87.158567726,1709142557.841549870,1709142557.840961989,/rigid_bodies.rigidbodies[2].pose.position.x,0.8641161186917206
87.167768295,1709142557.850750439,1709142557.850204952,/rigid_bodies.rigidbodies[2].pose.position.x,0.864196411838141
87.178215047,1709142557.861197191,1709142557.860692099,/rigid_bodies.rigidbodies[2].pose.position.x,0.8642199988095062
87.188133773,1709142557.871115917,1709142557.870662973,/rigid_bodies.rigidbodies[2].pose.position.x,0.8641353588913833
87.199020247,1709142557.882002391,1709142557.881346483,/rigid_bodies.rigidbodies[2].pose.position.x,0.864043199453437
87.20783268,1709142557.890814824,1709142557.890447869,/rigid_bodies.rigidbodies[2].pose.position.x,0.8640906010308811
87.218661699,1709142557.901643843,1709142557.900985649,/rigid_bodies.rigidbodies[2].pose.position.x,0.8642081703527983
87.22827853,1709142557.911260674,1709142557.910728297,/rigid_bodies.rigidbodies[2].pose.position.x,0.8641749491000831
87.238347598,1709142557.921329742,1709142557.920777129,/rigid_bodies.rigidbodies[2].pose.position.x,0.8641402412542601
87.248574823,1709142557.931556967,1709142557.931028063,/rigid_bodies.rigidbodies[2].pose.position.x,0.8641052626532658
87.258347402,1709142557.941329546,1709142557.940659841,/rigid_bodies.rigidbodies[2].pose.position.x,0.8640647099519286
87.268521127,1709142557.951503271,1709142557.950938787,/rigid_bodies.rigidbodies[2].pose.position.x,0.8641241273409247
87.278043431,1709142557.961025575,1709142557.960540439,/rigid_bodies.rigidbodies[2].pose.position.x,0.8642438364658231
87.289323841,1709142557.972305985,1709142557.971653607,/rigid_bodies.rigidbodies[2].pose.position.x,0.8641640717507783
87.298305256,1709142557.981287400,1709142557.980930836,/rigid_bodies.rigidbodies[2].pose.position.x,0.8640577462405383
87.307793259,1709142557.990775403,1709142557.990305585,/rigid_bodies.rigidbodies[2].pose.position.x,0.8640783376525247
87.318778413,1709142558.001760557,1709142558.001278224,/rigid_bodies.rigidbodies[2].pose.position.x,0.8641610148740174
87.328007805,1709142558.010989949,1709142558.010449177,/rigid_bodies.rigidbodies[2].pose.position.x,0.8641938105018777
87.338038579,1709142558.021020723,1709142558.020758009,/rigid_bodies.rigidbodies[2].pose.position.x,0.8642136153762993
87.348410054,1709142558.031392198,1709142558.030933911,/rigid_bodies.rigidbodies[2].pose.position.x,0.8641514217065286
87.357682934,1709142558.040665078,1709142558.040334850,/rigid_bodies.rigidbodies[2].pose.position.x,0.8640716862035553
87.367632154,1709142558.050614298,1709142558.050281336,/rigid_bodies.rigidbodies[2].pose.position.x,0.8640814234695676
87.377717689,1709142558.060699833,1709142558.060390040,/rigid_bodies.rigidbodies[2].pose.position.x,0.864201798201038
87.387785527,1709142558.070767671,1709142558.070554689,/rigid_bodies.rigidbodies[2].pose.position.x,0.8642096043399502
87.398132919,1709142558.081115063,1709142558.080829812,/rigid_bodies.rigidbodies[2].pose.position.x,0.8641074805405259
87.407698984,1709142558.090681128,1709142558.090434651,/rigid_bodies.rigidbodies[2].pose.position.x,0.8640381862041052
87.417631349,1709142558.100613493,1709142558.100445105,/rigid_bodies.rigidbodies[2].pose.position.x,0.8641038960980265
87.427570015,1709142558.110552159,1709142558.110247539,/rigid_bodies.rigidbodies[2].pose.position.x,0.8641515121923112
87.438685897,1709142558.121668041,1709142558.121192525,/rigid_bodies.rigidbodies[2].pose.position.x,0.8641805250650881
87.448456882,1709142558.131439026,1709142558.130917429,/rigid_bodies.rigidbodies[2].pose.position.x,0.8641970372121405
87.458148015,1709142558.141130159,1709142558.140533376,/rigid_bodies.rigidbodies[2].pose.position.x,0.8640654731094193
87.468070591,1709142558.151052735,1709142558.150523597,/rigid_bodies.rigidbodies[2].pose.position.x,0.8640105207643267
87.478448616,1709142558.161430760,1709142558.160791601,/rigid_bodies.rigidbodies[2].pose.position.x,0.8641252132619018
87.488302446,1709142558.171284590,1709142558.170776422,/rigid_bodies.rigidbodies[2].pose.position.x,0.8642691543991042
87.498528219,1709142558.181510363,1709142558.180899635,/rigid_bodies.rigidbodies[2].pose.position.x,0.8641985378764389
87.507894867,1709142558.190877011,1709142558.190432822,/rigid_bodies.rigidbodies[2].pose.position.x,0.8640950334639681
87.518354735,1709142558.201336879,1709142558.200751399,/rigid_bodies.rigidbodies[2].pose.position.x,0.8640754867390663
87.528146774,1709142558.211128918,1709142558.210672476,/rigid_bodies.rigidbodies[2].pose.position.x,0.8640789449663842
87.537850065,1709142558.220832209,1709142558.220399823,/rigid_bodies.rigidbodies[2].pose.position.x,0.8641449895571433
87.548990354,1709142558.231972498,1709142558.231302200,/rigid_bodies.rigidbodies[2].pose.position.x,0.8642205647720574
87.558154444,1709142558.241136588,1709142558.240562699,/rigid_bodies.rigidbodies[2].pose.position.x,0.8641392618078059
87.56820889,1709142558.251191034,1709142558.250637638,/rigid_bodies.rigidbodies[2].pose.position.x,0.864019756823491
87.577796486,1709142558.260778630,1709142558.260150292,/rigid_bodies.rigidbodies[2].pose.position.x,0.8640385260137934
87.589219635,1709142558.272201779,1709142558.271423698,/rigid_bodies.rigidbodies[2].pose.position.x,0.8641614819807708
87.598125764,1709142558.281107908,1709142558.280678123,/rigid_bodies.rigidbodies[2].pose.position.x,0.8642370299629952
87.607982477,1709142558.290964621,1709142558.290472362,/rigid_bodies.rigidbodies[2].pose.position.x,0.8642062822309924
87.618353153,1709142558.301335297,1709142558.300638758,/rigid_bodies.rigidbodies[2].pose.position.x,0.8640991901351112
87.628651868,1709142558.311634012,1709142558.310806704,/rigid_bodies.rigidbodies[2].pose.position.x,0.8640201119168287
87.638146275,1709142558.321128419,1709142558.320635064,/rigid_bodies.rigidbodies[2].pose.position.x,0.86404438127257
87.648629067,1709142558.331611211,1709142558.331130782,/rigid_bodies.rigidbodies[2].pose.position.x,0.8642153858330556
87.657803343,1709142558.340785487,1709142558.340408533,/rigid_bodies.rigidbodies[2].pose.position.x,0.864253408663017
87.667922563,1709142558.350904707,1709142558.350644750,/rigid_bodies.rigidbodies[2].pose.position.x,0.8641246782213371
87.677725902,1709142558.360708046,1709142558.360417046,/rigid_bodies.rigidbodies[2].pose.position.x,0.8640617927711965
87.688052905,1709142558.371035049,1709142558.370687087,/rigid_bodies.rigidbodies[2].pose.position.x,0.8640879600757286
87.698958829,1709142558.381940973,1709142558.381434863,/rigid_bodies.rigidbodies[2].pose.position.x,0.8641232876899815
87.708585005,1709142558.391567149,1709142558.390976869,/rigid_bodies.rigidbodies[2].pose.position.x,0.8641911093603916
87.718283717,1709142558.401265861,1709142558.400562365,/rigid_bodies.rigidbodies[2].pose.position.x,0.8641584825588287
87.727794306,1709142558.410776450,1709142558.410357218,/rigid_bodies.rigidbodies[2].pose.position.x,0.8640398220789158
87.738141502,1709142558.421123646,1709142558.420660002,/rigid_bodies.rigidbodies[2].pose.position.x,0.8639868222181555
87.748398493,1709142558.431380637,1709142558.430823494,/rigid_bodies.rigidbodies[2].pose.position.x,0.8641150383624753
87.757891804,1709142558.440873948,1709142558.440439238,/rigid_bodies.rigidbodies[2].pose.position.x,0.8642472741388803
87.767982059,1709142558.450964203,1709142558.450589013,/rigid_bodies.rigidbodies[2].pose.position.x,0.8641733464396929
87.777695548,1709142558.460677692,1709142558.460242553,/rigid_bodies.rigidbodies[2].pose.position.x,0.864135052658311
87.78823399,1709142558.471216134,1709142558.470752740,/rigid_bodies.rigidbodies[2].pose.position.x,0.8640768118225802
87.7982466,1709142558.481228744,1709142558.480814919,/rigid_bodies.rigidbodies[2].pose.position.x,0.8640723119174207
87.808214322,1709142558.491196466,1709142558.490864883,/rigid_bodies.rigidbodies[2].pose.position.x,0.8641793109033818
87.817952139,1709142558.500934283,1709142558.500555489,/rigid_bodies.rigidbodies[2].pose.position.x,0.8641910003603611
87.827810931,1709142558.510793075,1709142558.510388484,/rigid_bodies.rigidbodies[2].pose.position.x,0.8641326945727889
87.838414381,1709142558.521396525,1709142558.520934815,/rigid_bodies.rigidbodies[2].pose.position.x,0.8640063009947561
87.848580819,1709142558.531562963,1709142558.531163696,/rigid_bodies.rigidbodies[2].pose.position.x,0.8640726172184355
87.857728341,1709142558.540710485,1709142558.540290164,/rigid_bodies.rigidbodies[2].pose.position.x,0.8642565195848874
87.868427275,1709142558.551409419,1709142558.550884567,/rigid_bodies.rigidbodies[2].pose.position.x,0.8641858960038971
87.877962706,1709142558.560944850,1709142558.560546512,/rigid_bodies.rigidbodies[2].pose.position.x,0.8641315270197668
87.888117316,1709142558.571099460,1709142558.570682462,/rigid_bodies.rigidbodies[2].pose.position.x,0.8640570177576301
87.898857435,1709142558.581839579,1709142558.581255868,/rigid_bodies.rigidbodies[2].pose.position.x,0.8640213132549378
87.908255016,1709142558.591237160,1709142558.590570800,/rigid_bodies.rigidbodies[2].pose.position.x,0.8640962609432434
87.918572405,1709142558.601554549,1709142558.600888002,/rigid_bodies.rigidbodies[2].pose.position.x,0.8642690754826879
87.928444538,1709142558.611426682,1709142558.610870243,/rigid_bodies.rigidbodies[2].pose.position.x,0.8642532310833078
87.938195022,1709142558.621177166,1709142558.620708664,/rigid_bodies.rigidbodies[2].pose.position.x,0.8640760126700231
87.948453751,1709142558.631435895,1709142558.630902024,/rigid_bodies.rigidbodies[2].pose.position.x,0.8640263420842835
87.95828411,1709142558.641266254,1709142558.640721237,/rigid_bodies.rigidbodies[2].pose.position.x,0.864142261814628
87.968002501,1709142558.650984645,1709142558.650553983,/rigid_bodies.rigidbodies[2].pose.position.x,0.8642118429918914
87.978467342,1709142558.661449486,1709142558.660828990,/rigid_bodies.rigidbodies[2].pose.position.x,0.8641620886146608
87.988504622,1709142558.671486766,1709142558.670825300,/rigid_bodies.rigidbodies[2].pose.position.x,0.8640952225239154
87.99891773,1709142558.681899874,1709142558.681232782,/rigid_bodies.rigidbodies[2].pose.position.x,0.8640219738830942
88.008582562,1709142558.691564706,1709142558.691156779,/rigid_bodies.rigidbodies[2].pose.position.x,0.8640615366867936
88.018242146,1709142558.701224290,1709142558.700785255,/rigid_bodies.rigidbodies[2].pose.position.x,0.864233572220687
88.02812016,1709142558.711102304,1709142558.710574916,/rigid_bodies.rigidbodies[2].pose.position.x,0.8642450530862946
88.03786788,1709142558.720850024,1709142558.720372368,/rigid_bodies.rigidbodies[2].pose.position.x,0.8641206081435235
88.048606874,1709142558.731589018,1709142558.730981583,/rigid_bodies.rigidbodies[2].pose.position.x,0.8640028849498512
88.058515978,1709142558.741498122,1709142558.740961447,/rigid_bodies.rigidbodies[2].pose.position.x,0.8640639568778157
88.067943057,1709142558.750925201,1709142558.750546075,/rigid_bodies.rigidbodies[2].pose.position.x,0.8641812624428233
88.078241577,1709142558.761223721,1709142558.760545933,/rigid_bodies.rigidbodies[2].pose.position.x,0.8642030484987037
88.088245526,1709142558.771227670,1709142558.770735968,/rigid_bodies.rigidbodies[2].pose.position.x,0.8641585174696732
88.0984948,1709142558.781476944,1709142558.781038496,/rigid_bodies.rigidbodies[2].pose.position.x,0.8640474178618943
88.107812516,1709142558.790794660,1709142558.790335639,/rigid_bodies.rigidbodies[2].pose.position.x,0.8639938035625979
88.11780289,1709142558.800785034,1709142558.800407928,/rigid_bodies.rigidbodies[2].pose.position.x,0.8641784966016504
88.127520523,1709142558.810502667,1709142558.810179964,/rigid_bodies.rigidbodies[2].pose.position.x,0.8642804834263103
88.13865387,1709142558.821636014,1709142558.821081939,/rigid_bodies.rigidbodies[2].pose.position.x,0.8641818730482755
88.148186281,1709142558.831168425,1709142558.830738620,/rigid_bodies.rigidbodies[2].pose.position.x,0.8640147925025702
88.157915786,1709142558.840897930,1709142558.840432649,/rigid_bodies.rigidbodies[2].pose.position.x,0.8639654905819684
88.168200082,1709142558.851182226,1709142558.850709835,/rigid_bodies.rigidbodies[2].pose.position.x,0.8640594169308613
88.178130859,1709142558.861113003,1709142558.860564650,/rigid_bodies.rigidbodies[2].pose.position.x,0.8642029394463326
88.187960115,1709142558.870942259,1709142558.870545346,/rigid_bodies.rigidbodies[2].pose.position.x,0.8642493877993467
88.199014105,1709142558.881996249,1709142558.881408014,/rigid_bodies.rigidbodies[2].pose.position.x,0.8641742452652559
88.208465566,1709142558.891447710,1709142558.890834324,/rigid_bodies.rigidbodies[2].pose.position.x,0.8640147125127647
88.218237753,1709142558.901219897,1709142558.900734681,/rigid_bodies.rigidbodies[2].pose.position.x,0.8640477429462191
88.223399384,1709142558.906381528,1709142558.906055194,/rigid_bodies.rigidbodies[2].pose.position.x,0.8641891622836354
88.238266365,1709142558.921248509,1709142558.920918518,/rigid_bodies.rigidbodies[2].pose.position.x,0.8642458216843252
88.247621696,1709142558.930603840,1709142558.930392686,/rigid_bodies.rigidbodies[2].pose.position.x,0.864154579298704
88.257609577,1709142558.940591721,1709142558.940369795,/rigid_bodies.rigidbodies[2].pose.position.x,0.8640474073630369
88.267747479,1709142558.950729623,1709142558.950517596,/rigid_bodies.rigidbodies[2].pose.position.x,0.8640556976925087
88.277562249,1709142558.960544393,1709142558.960335530,/rigid_bodies.rigidbodies[2].pose.position.x,0.8641407258438419
88.287693206,1709142558.970675350,1709142558.970516165,/rigid_bodies.rigidbodies[2].pose.position.x,0.8642359169242139
88.298151905,1709142558.981134049,1709142558.980881581,/rigid_bodies.rigidbodies[2].pose.position.x,0.8642023441730361
88.307325076,1709142558.990307220,1709142558.990217064,/rigid_bodies.rigidbodies[2].pose.position.x,0.8640574146731173
88.315898337,1709142558.998880481,1709142558.998718385,/rigid_bodies.rigidbodies[2].pose.position.x,0.8639845912837842
88.326606668,1709142559.009588812,1709142559.009309091,/rigid_bodies.rigidbodies[2].pose.position.x,0.8641471630399448
88.336913706,1709142559.019895850,1709142559.019463403,/rigid_bodies.rigidbodies[2].pose.position.x,0.864251450169682
88.348666313,1709142559.031648457,1709142559.031130083,/rigid_bodies.rigidbodies[2].pose.position.x,0.8641991388035033
88.357970196,1709142559.040952340,1709142559.040533604,/rigid_bodies.rigidbodies[2].pose.position.x,0.8641123421053951
88.368080086,1709142559.051062230,1709142559.050714933,/rigid_bodies.rigidbodies[2].pose.position.x,0.8640143360555607
88.377490401,1709142559.060472545,1709142559.060111495,/rigid_bodies.rigidbodies[2].pose.position.x,0.8640863754942668
88.388253662,1709142559.071235806,1709142559.070760245,/rigid_bodies.rigidbodies[2].pose.position.x,0.8642332223294503
88.398447762,1709142559.081429906,1709142559.081044500,/rigid_bodies.rigidbodies[2].pose.position.x,0.8642822838448976
88.407872964,1709142559.090855108,1709142559.090490067,/rigid_bodies.rigidbodies[2].pose.position.x,0.8641329017209389
88.418573498,1709142559.101555642,1709142559.101089167,/rigid_bodies.rigidbodies[2].pose.position.x,0.8639624805190735
88.427863849,1709142559.110845993,1709142559.110497723,/rigid_bodies.rigidbodies[2].pose.position.x,0.8640294654477136
88.438316718,1709142559.121298862,1709142559.120923182,/rigid_bodies.rigidbodies[2].pose.position.x,0.8642321788023621
88.447927442,1709142559.130909586,1709142559.130674844,/rigid_bodies.rigidbodies[2].pose.position.x,0.8642660119402749
88.458401606,1709142559.141383750,1709142559.140914910,/rigid_bodies.rigidbodies[2].pose.position.x,0.8641796318520263
88.468272497,1709142559.151254641,1709142559.150857808,/rigid_bodies.rigidbodies[2].pose.position.x,0.8640596997853887
88.479258375,1709142559.162240519,1709142559.161716837,/rigid_bodies.rigidbodies[2].pose.position.x,0.8639734703883098
88.488259382,1709142559.171241526,1709142559.170746139,/rigid_bodies.rigidbodies[2].pose.position.x,0.8641268474443261
88.498419433,1709142559.181401577,1709142559.181004304,/rigid_bodies.rigidbodies[2].pose.position.x,0.864270382539582
88.508377452,1709142559.191359596,1709142559.190837678,/rigid_bodies.rigidbodies[2].pose.position.x,0.864225105925252
88.518368591,1709142559.201350735,1709142559.200955166,/rigid_bodies.rigidbodies[2].pose.position.x,0.8640946012702421
88.528051985,1709142559.211034129,1709142559.210576674,/rigid_bodies.rigidbodies[2].pose.position.x,0.8640178126223435
88.538065492,1709142559.221047636,1709142559.220634628,/rigid_bodies.rigidbodies[2].pose.position.x,0.8641244480799667
88.548709371,1709142559.231691515,1709142559.230992584,/rigid_bodies.rigidbodies[2].pose.position.x,0.8641981299808746
88.558117164,1709142559.241099308,1709142559.240546743,/rigid_bodies.rigidbodies[2].pose.position.x,0.8642223442288522
88.568524799,1709142559.251506943,1709142559.250902019,/rigid_bodies.rigidbodies[2].pose.position.x,0.8641438780126344
88.57807783,1709142559.261059974,1709142559.260467760,/rigid_bodies.rigidbodies[2].pose.position.x,0.8639972783556954
88.588391264,1709142559.271373408,1709142559.270857591,/rigid_bodies.rigidbodies[2].pose.position.x,0.8640373621124433
88.598124073,1709142559.281106217,1709142559.280666589,/rigid_bodies.rigidbodies[2].pose.position.x,0.864219961306997
88.608316581,1709142559.291298725,1709142559.290753328,/rigid_bodies.rigidbodies[2].pose.position.x,0.8642689252318214
88.617979001,1709142559.300961145,1709142559.300440629,/rigid_bodies.rigidbodies[2].pose.position.x,0.8641408582515702
88.628297264,1709142559.311279408,1709142559.310707284,/rigid_bodies.rigidbodies[2].pose.position.x,0.86403883094198
88.638297908,1709142559.321280052,1709142559.320676921,/rigid_bodies.rigidbodies[2].pose.position.x,0.8640945238689759
88.648326967,1709142559.331309111,1709142559.330836374,/rigid_bodies.rigidbodies[2].pose.position.x,0.8641795745185099
88.657896124,1709142559.340878268,1709142559.340504767,/rigid_bodies.rigidbodies[2].pose.position.x,0.8642121473923273
88.668807893,1709142559.351790037,1709142559.351197383,/rigid_bodies.rigidbodies[2].pose.position.x,0.8642385408515241
88.673651998,1709142559.356634142,1709142559.356271096,/rigid_bodies.rigidbodies[2].pose.position.x,0.8640759044693995
88.688452188,1709142559.371434332,1709142559.370801920,/rigid_bodies.rigidbodies[2].pose.position.x,0.863972134995041
88.699122543,1709142559.382104687,1709142559.381451664,/rigid_bodies.rigidbodies[2].pose.position.x,0.8641324581776024
88.707795823,1709142559.390777967,1709142559.390478187,/rigid_bodies.rigidbodies[2].pose.position.x,0.8642880631646759
88.718665401,1709142559.401647545,1709142559.401072655,/rigid_bodies.rigidbodies[2].pose.position.x,0.8642313273934735
88.728542963,1709142559.411525107,1709142559.410929035,/rigid_bodies.rigidbodies[2].pose.position.x,0.8641193298446616
88.738225253,1709142559.421207397,1709142559.420799618,/rigid_bodies.rigidbodies[2].pose.position.x,0.8640335838636661
88.748664231,1709142559.431646375,1709142559.431032882,/rigid_bodies.rigidbodies[2].pose.position.x,0.8640869590863339
88.758105376,1709142559.441087520,1709142559.440561438,/rigid_bodies.rigidbodies[2].pose.position.x,0.8641914374211713
88.76830446700001,1709142559.451286611,1709142559.450790393,/rigid_bodies.rigidbodies[2].pose.position.x,0.8642719282844744
88.778333864,1709142559.461316008,1709142559.460712029,/rigid_bodies.rigidbodies[2].pose.position.x,0.8642178653815319
88.788503456,1709142559.471485600,1709142559.470891056,/rigid_bodies.rigidbodies[2].pose.position.x,0.8640437667019266
88.798381209,1709142559.481363353,1709142559.480838319,/rigid_bodies.rigidbodies[2].pose.position.x,0.8640620185860005
88.808270481,1709142559.491252625,1709142559.490663286,/rigid_bodies.rigidbodies[2].pose.position.x,0.8641816789501274
88.818814327,1709142559.501796471,1709142559.501130245,/rigid_bodies.rigidbodies[2].pose.position.x,0.8642678579153541
88.828150105,1709142559.511132249,1709142559.510725954,/rigid_bodies.rigidbodies[2].pose.position.x,0.8641855885831355
88.838326239,1709142559.521308383,1709142559.520818958,/rigid_bodies.rigidbodies[2].pose.position.x,0.8640626976061698
88.848613911,1709142559.531596055,1709142559.531102075,/rigid_bodies.rigidbodies[2].pose.position.x,0.8640335300968515
88.858219424,1709142559.541201568,1709142559.540731778,/rigid_bodies.rigidbodies[2].pose.position.x,0.8640916287676459
88.868209318,1709142559.551191462,1709142559.550710220,/rigid_bodies.rigidbodies[2].pose.position.x,0.8642289760520337
88.878111098,1709142559.561093242,1709142559.560619088,/rigid_bodies.rigidbodies[2].pose.position.x,0.8642549733029345
88.888330456,1709142559.571312600,1709142559.570793957,/rigid_bodies.rigidbodies[2].pose.position.x,0.8640932548483448
88.898244944,1709142559.581227088,1709142559.580703028,/rigid_bodies.rigidbodies[2].pose.position.x,0.8640084435989364
88.908374353,1709142559.591356497,1709142559.590904268,/rigid_bodies.rigidbodies[2].pose.position.x,0.8641128111754793
88.918219357,1709142559.601201501,1709142559.600764567,/rigid_bodies.rigidbodies[2].pose.position.x,0.8642335903503813
88.92788952,1709142559.610871664,1709142559.610314216,/rigid_bodies.rigidbodies[2].pose.position.x,0.8642261770793302
88.938426202,1709142559.621408346,1709142559.621060033,/rigid_bodies.rigidbodies[2].pose.position.x,0.8641566470023596
88.948598591,1709142559.631580735,1709142559.631050847,/rigid_bodies.rigidbodies[2].pose.position.x,0.8640396551750034
88.958493717,1709142559.641475861,1709142559.640836747,/rigid_bodies.rigidbodies[2].pose.position.x,0.8640550266907643
88.96794445,1709142559.650926594,1709142559.650390643,/rigid_bodies.rigidbodies[2].pose.position.x,0.8641805031706231
88.979044557,1709142559.662026701,1709142559.661494087,/rigid_bodies.rigidbodies[2].pose.position.x,0.8642682517182576
88.988141288,1709142559.671123432,1709142559.670652210,/rigid_bodies.rigidbodies[2].pose.position.x,0.8642155351169375
88.998746485,1709142559.681728629,1709142559.680988864,/rigid_bodies.rigidbodies[2].pose.position.x,0.8640551815250845
89.008148229,1709142559.691130373,1709142559.690615138,/rigid_bodies.rigidbodies[2].pose.position.x,0.8639941507380186
89.018219302,1709142559.701201446,1709142559.700694487,/rigid_bodies.rigidbodies[2].pose.position.x,0.8641536789051611
89.029367392,1709142559.712349536,1709142559.711789369,/rigid_bodies.rigidbodies[2].pose.position.x,0.8642447422951852
89.038415333,1709142559.721397477,1709142559.720994051,/rigid_bodies.rigidbodies[2].pose.position.x,0.8642428359103731
89.048401429,1709142559.731383573,1709142559.731003716,/rigid_bodies.rigidbodies[2].pose.position.x,0.8641268553567352
89.05816326,1709142559.741145404,1709142559.740652289,/rigid_bodies.rigidbodies[2].pose.position.x,0.8640196675484245
89.068253426,1709142559.751235570,1709142559.750814717,/rigid_bodies.rigidbodies[2].pose.position.x,0.8640703501264269
89.07788421,1709142559.760866354,1709142559.760481097,/rigid_bodies.rigidbodies[2].pose.position.x,0.8641958754521493
89.088653549,1709142559.771635693,1709142559.771041239,/rigid_bodies.rigidbodies[2].pose.position.x,0.864178865466413
89.098710216,1709142559.781692360,1709142559.781179499,/rigid_bodies.rigidbodies[2].pose.position.x,0.864090158068729
89.10795852,1709142559.790940664,1709142559.790553689,/rigid_bodies.rigidbodies[2].pose.position.x,0.8640379015897228
89.118623806,1709142559.801605950,1709142559.801020121,/rigid_bodies.rigidbodies[2].pose.position.x,0.864110221908295
89.128450667,1709142559.811432811,1709142559.810970644,/rigid_bodies.rigidbodies[2].pose.position.x,0.864173905323613
89.138107415,1709142559.821089559,1709142559.820793287,/rigid_bodies.rigidbodies[2].pose.position.x,0.8642272677411033
89.148543893,1709142559.831526037,1709142559.831089948,/rigid_bodies.rigidbodies[2].pose.position.x,0.8641529218112028
89.158269216,1709142559.841251360,1709142559.840695404,/rigid_bodies.rigidbodies[2].pose.position.x,0.8640276746576826
89.168039748,1709142559.851021892,1709142559.850645825,/rigid_bodies.rigidbodies[2].pose.position.x,0.8640446022405892
89.178402717,1709142559.861384861,1709142559.861016882,/rigid_bodies.rigidbodies[2].pose.position.x,0.864190066137046
89.188415179,1709142559.871397323,1709142559.870909368,/rigid_bodies.rigidbodies[2].pose.position.x,0.8642326104246505
89.198359046,1709142559.881341190,1709142559.880917981,/rigid_bodies.rigidbodies[2].pose.position.x,0.8641727580018538
89.20849372,1709142559.891475864,1709142559.890924697,/rigid_bodies.rigidbodies[2].pose.position.x,0.8640360107877291
89.218741437,1709142559.901723581,1709142559.901057147,/rigid_bodies.rigidbodies[2].pose.position.x,0.8640291018333691
89.228068557,1709142559.911050701,1709142559.910639500,/rigid_bodies.rigidbodies[2].pose.position.x,0.8641357012946097
89.238215113,1709142559.921197257,1709142559.920786234,/rigid_bodies.rigidbodies[2].pose.position.x,0.8642626663153055
89.248613856,1709142559.931596000,1709142559.930933774,/rigid_bodies.rigidbodies[2].pose.position.x,0.8642787757862206
89.25827456,1709142559.941256704,1709142559.940805871,/rigid_bodies.rigidbodies[2].pose.position.x,0.8640915156511315
89.268334698,1709142559.951316842,1709142559.950766536,/rigid_bodies.rigidbodies[2].pose.position.x,0.8639481708855471
89.278138874,1709142559.961121018,1709142559.960732495,/rigid_bodies.rigidbodies[2].pose.position.x,0.8640920789230462
89.288106349,1709142559.971088493,1709142559.970632221,/rigid_bodies.rigidbodies[2].pose.position.x,0.8642526639531873
89.298552098,1709142559.981534242,1709142559.981020580,/rigid_bodies.rigidbodies[2].pose.position.x,0.8642582930103047
89.308072047,1709142559.991054191,1709142559.990287591,/rigid_bodies.rigidbodies[2].pose.position.x,0.8641431735521825
89.318139713,1709142560.001121857,1709142560.000692735,/rigid_bodies.rigidbodies[2].pose.position.x,0.8640216286461767
89.328401358,1709142560.011383502,1709142560.010795349,/rigid_bodies.rigidbodies[2].pose.position.x,0.8640282040127695
89.338180678,1709142560.021162822,1709142560.020630771,/rigid_bodies.rigidbodies[2].pose.position.x,0.8641495719652725
89.347912714,1709142560.030894858,1709142560.030534166,/rigid_bodies.rigidbodies[2].pose.position.x,0.8642812779272805
89.357547068,1709142560.040529212,1709142560.040218849,/rigid_bodies.rigidbodies[2].pose.position.x,0.8641894441789107
89.367575027,1709142560.050557171,1709142560.050304589,/rigid_bodies.rigidbodies[2].pose.position.x,0.8640298008405034
89.377928293,1709142560.060910437,1709142560.060495626,/rigid_bodies.rigidbodies[2].pose.position.x,0.8640430995639672
89.387795362,1709142560.070777506,1709142560.070506779,/rigid_bodies.rigidbodies[2].pose.position.x,0.8641559497660493
89.398123797,1709142560.081105941,1709142560.080802609,/rigid_bodies.rigidbodies[2].pose.position.x,0.8642271199996874
89.407438028,1709142560.090420172,1709142560.090244481,/rigid_bodies.rigidbodies[2].pose.position.x,0.8641703707516879
89.417464795,1709142560.100446939,1709142560.100152594,/rigid_bodies.rigidbodies[2].pose.position.x,0.8640826986957832
89.427785347,1709142560.110767491,1709142560.110317012,/rigid_bodies.rigidbodies[2].pose.position.x,0.8640340013995764
89.438018752,1709142560.121000896,1709142560.120564337,/rigid_bodies.rigidbodies[2].pose.position.x,0.8640733479810254
89.448630274,1709142560.131612418,1709142560.130984681,/rigid_bodies.rigidbodies[2].pose.position.x,0.8642116795750663
89.457884484,1709142560.140866628,1709142560.140530379,/rigid_bodies.rigidbodies[2].pose.position.x,0.8642574303015853
89.468449059,1709142560.151431203,1709142560.151026796,/rigid_bodies.rigidbodies[2].pose.position.x,0.8641052758723069
89.478156076,1709142560.161138220,1709142560.160805985,/rigid_bodies.rigidbodies[2].pose.position.x,0.8639948269070477
89.488044068,1709142560.171026212,1709142560.170739239,/rigid_bodies.rigidbodies[2].pose.position.x,0.8640924825276571
89.498215864,1709142560.181198008,1709142560.180837014,/rigid_bodies.rigidbodies[2].pose.position.x,0.8641982209206164
89.507653854,1709142560.190635998,1709142560.190281057,/rigid_bodies.rigidbodies[2].pose.position.x,0.8642286075964453
89.518293341,1709142560.201275485,1709142560.200858904,/rigid_bodies.rigidbodies[2].pose.position.x,0.86420932077563
89.527975009,1709142560.210957153,1709142560.210609076,/rigid_bodies.rigidbodies[2].pose.position.x,0.8640798574978653
89.538058507,1709142560.221040651,1709142560.220728761,/rigid_bodies.rigidbodies[2].pose.position.x,0.8639966925127753
89.548447691,1709142560.231429835,1709142560.230948246,/rigid_bodies.rigidbodies[2].pose.position.x,0.8641172384815304
89.557883798,1709142560.240865942,1709142560.240370187,/rigid_bodies.rigidbodies[2].pose.position.x,0.8642363513117832
89.568217158,1709142560.251199302,1709142560.250847205,/rigid_bodies.rigidbodies[2].pose.position.x,0.8641969880698003
89.578276611,1709142560.261258755,1709142560.260728741,/rigid_bodies.rigidbodies[2].pose.position.x,0.8641079890976879
89.588130686,1709142560.271112830,1709142560.270747248,/rigid_bodies.rigidbodies[2].pose.position.x,0.8640830397667154
89.59825496,1709142560.281237104,1709142560.280821007,/rigid_bodies.rigidbodies[2].pose.position.x,0.8640993829655097
89.607878789,1709142560.290860933,1709142560.290430543,/rigid_bodies.rigidbodies[2].pose.position.x,0.8641782331664125
89.618151557,1709142560.301133701,1709142560.300752598,/rigid_bodies.rigidbodies[2].pose.position.x,0.8642003064970197
89.627716215,1709142560.310698359,1709142560.310384940,/rigid_bodies.rigidbodies[2].pose.position.x,0.8641340094451437
89.638119563,1709142560.321101707,1709142560.320816455,/rigid_bodies.rigidbodies[2].pose.position.x,0.8640379548547914
89.648198902,1709142560.331181046,1709142560.330721454,/rigid_bodies.rigidbodies[2].pose.position.x,0.8641048522397256
89.657683544,1709142560.340665688,1709142560.340312503,/rigid_bodies.rigidbodies[2].pose.position.x,0.8641958864538485
89.668475004,1709142560.351457148,1709142560.350963127,/rigid_bodies.rigidbodies[2].pose.position.x,0.8642153040134742
89.677674446,1709142560.360656590,1709142560.360373846,/rigid_bodies.rigidbodies[2].pose.position.x,0.8641117748440781
89.688016419,1709142560.370998563,1709142560.370711961,/rigid_bodies.rigidbodies[2].pose.position.x,0.8640658230547879
89.698277813,1709142560.381259957,1709142560.380805367,/rigid_bodies.rigidbodies[2].pose.position.x,0.8640654504096772
89.7077029,1709142560.390685044,1709142560.390469425,/rigid_bodies.rigidbodies[2].pose.position.x,0.8641784361535424
89.718040662,1709142560.401022806,1709142560.400781924,/rigid_bodies.rigidbodies[2].pose.position.x,0.8642520458884059
89.728596789,1709142560.411578933,1709142560.411165811,/rigid_bodies.rigidbodies[2].pose.position.x,0.8642010087975003
89.737774122,1709142560.420756266,1709142560.420602575,/rigid_bodies.rigidbodies[2].pose.position.x,0.8640520019807263
89.74836629,1709142560.431348434,1709142560.430996327,/rigid_bodies.rigidbodies[2].pose.position.x,0.8640318275958017
89.757904226,1709142560.440886370,1709142560.440458837,/rigid_bodies.rigidbodies[2].pose.position.x,0.8641120742354006
89.768495388,1709142560.451477532,1709142560.450878842,/rigid_bodies.rigidbodies[2].pose.position.x,0.8641934969028273
89.778190069,1709142560.461172213,1709142560.460601821,/rigid_bodies.rigidbodies[2].pose.position.x,0.8641778842648132
89.788502243,1709142560.471484387,1709142560.470924435,/rigid_bodies.rigidbodies[2].pose.position.x,0.8641440813495582
89.798878617,1709142560.481860761,1709142560.481138550,/rigid_bodies.rigidbodies[2].pose.position.x,0.8640523457704492
89.808184047,1709142560.491166191,1709142560.490584562,/rigid_bodies.rigidbodies[2].pose.position.x,0.8640397263416173
89.81848811,1709142560.501470254,1709142560.500950842,/rigid_bodies.rigidbodies[2].pose.position.x,0.8641256723079491
89.828324514,1709142560.511306658,1709142560.510676802,/rigid_bodies.rigidbodies[2].pose.position.x,0.8642020716378018
89.83841673,1709142560.521398874,1709142560.520873124,/rigid_bodies.rigidbodies[2].pose.position.x,0.8641546895557939
89.848591925,1709142560.531574069,1709142560.530996331,/rigid_bodies.rigidbodies[2].pose.position.x,0.8640740711308821
89.858276442,1709142560.541258586,1709142560.540670487,/rigid_bodies.rigidbodies[2].pose.position.x,0.8641261931780428
89.868665371,1709142560.551647515,1709142560.550976815,/rigid_bodies.rigidbodies[2].pose.position.x,0.8641434154966887
89.878221398,1709142560.561203542,1709142560.560615729,/rigid_bodies.rigidbodies[2].pose.position.x,0.8641651334867424
89.888442579,1709142560.571424723,1709142560.570657322,/rigid_bodies.rigidbodies[2].pose.position.x,0.8641349150491312
89.899153521,1709142560.582135665,1709142560.581523177,/rigid_bodies.rigidbodies[2].pose.position.x,0.8640661987924144
89.907897935,1709142560.590880079,1709142560.590409693,/rigid_bodies.rigidbodies[2].pose.position.x,0.8640004516124103
89.918673224,1709142560.601655368,1709142560.600900255,/rigid_bodies.rigidbodies[2].pose.position.x,0.8641271448507887
89.928506253,1709142560.611488397,1709142560.610817112,/rigid_bodies.rigidbodies[2].pose.position.x,0.8642382963590989
89.937538643,1709142560.620520787,1709142560.620079926,/rigid_bodies.rigidbodies[2].pose.position.x,0.8641334567083389
89.948611081,1709142560.631593225,1709142560.630985213,/rigid_bodies.rigidbodies[2].pose.position.x,0.8640526113631354
89.958086991,1709142560.641069135,1709142560.640506828,/rigid_bodies.rigidbodies[2].pose.position.x,0.8640500504725346
89.968328831,1709142560.651310975,1709142560.650873172,/rigid_bodies.rigidbodies[2].pose.position.x,0.8640790404747487
89.978288508,1709142560.661270652,1709142560.660738137,/rigid_bodies.rigidbodies[2].pose.position.x,0.8641832870352962
89.988893401,1709142560.671875545,1709142560.671137096,/rigid_bodies.rigidbodies[2].pose.position.x,0.8642263666261804
89.998128091,1709142560.681110235,1709142560.680713526,/rigid_bodies.rigidbodies[2].pose.position.x,0.8641494122492991
90.008228463,1709142560.691210607,1709142560.690625161,/rigid_bodies.rigidbodies[2].pose.position.x,0.8639790205506995
90.018563227,1709142560.701545371,1709142560.700898346,/rigid_bodies.rigidbodies[2].pose.position.x,0.8640415968573811
90.02894823,1709142560.711930374,1709142560.711466702,/rigid_bodies.rigidbodies[2].pose.position.x,0.8641610992799961
90.038531572,1709142560.721513716,1709142560.721002154,/rigid_bodies.rigidbodies[2].pose.position.x,0.8642033765367249
90.048539593,1709142560.731521737,1709142560.730982487,/rigid_bodies.rigidbodies[2].pose.position.x,0.8641735134995147
90.057597329,1709142560.740579473,1709142560.740119661,/rigid_bodies.rigidbodies[2].pose.position.x,0.8641141131106954
90.068574441,1709142560.751556585,1709142560.751068749,/rigid_bodies.rigidbodies[2].pose.position.x,0.8640082989200566
90.078324671,1709142560.761306815,1709142560.760709634,/rigid_bodies.rigidbodies[2].pose.position.x,0.8640651430536685
90.088333279,1709142560.771315423,1709142560.770849911,/rigid_bodies.rigidbodies[2].pose.position.x,0.8641990239928409
90.098497776,1709142560.781479920,1709142560.780963419,/rigid_bodies.rigidbodies[2].pose.position.x,0.8642243115530636
90.107931062,1709142560.790913206,1709142560.790379720,/rigid_bodies.rigidbodies[2].pose.position.x,0.8641145468865659
90.118502552,1709142560.801484696,1709142560.800996954,/rigid_bodies.rigidbodies[2].pose.position.x,0.8640257434273179
90.128090287,1709142560.811072431,1709142560.810604273,/rigid_bodies.rigidbodies[2].pose.position.x,0.864115749807559
90.13677817,1709142560.819760314,1709142560.819358274,/rigid_bodies.rigidbodies[2].pose.position.x,0.8641735538717839
90.146910347,1709142560.829892491,1709142560.829393692,/rigid_bodies.rigidbodies[2].pose.position.x,0.8641895321870712
90.158162814,1709142560.841144958,1709142560.840625577,/rigid_bodies.rigidbodies[2].pose.position.x,0.864175400491935
90.16794686,1709142560.850929004,1709142560.850507521,/rigid_bodies.rigidbodies[2].pose.position.x,0.8640577887680786
90.1776228,1709142560.860604944,1709142560.860114444,/rigid_bodies.rigidbodies[2].pose.position.x,0.8640307061089418
90.188424946,1709142560.871407090,1709142560.870781615,/rigid_bodies.rigidbodies[2].pose.position.x,0.8641610704814039
90.198114533,1709142560.881096677,1709142560.880698715,/rigid_bodies.rigidbodies[2].pose.position.x,0.8642508457498318
90.207416668,1709142560.890398812,1709142560.890021432,/rigid_bodies.rigidbodies[2].pose.position.x,0.864162042195386
90.218304659,1709142560.901286803,1709142560.900769140,/rigid_bodies.rigidbodies[2].pose.position.x,0.8640450871133767
90.22801627,1709142560.910998414,1709142560.910558244,/rigid_bodies.rigidbodies[2].pose.position.x,0.8640670438799998
90.238160913,1709142560.921143057,1709142560.920759576,/rigid_bodies.rigidbodies[2].pose.position.x,0.864158130030096
90.248168725,1709142560.931150869,1709142560.930663906,/rigid_bodies.rigidbodies[2].pose.position.x,0.8642021602092239
90.258236768,1709142560.941218912,1709142560.940652704,/rigid_bodies.rigidbodies[2].pose.position.x,0.8642139846372324
90.268099356,1709142560.951081500,1709142560.950668047,/rigid_bodies.rigidbodies[2].pose.position.x,0.8640955217226552
90.277813634,1709142560.960795778,1709142560.960408062,/rigid_bodies.rigidbodies[2].pose.position.x,0.8640019435926253
90.288065389,1709142560.971047533,1709142560.970719011,/rigid_bodies.rigidbodies[2].pose.position.x,0.8641240628501671
90.298651796,1709142560.981633940,1709142560.981126932,/rigid_bodies.rigidbodies[2].pose.position.x,0.8642533783513255
90.308041228,1709142560.991023372,1709142560.990610442,/rigid_bodies.rigidbodies[2].pose.position.x,0.8642269053050919
90.313836562,1709142560.996818706,1709142560.996336125,/rigid_bodies.rigidbodies[2].pose.position.x,0.864099088318181
90.328217642,1709142561.011199786,1709142561.010758055,/rigid_bodies.rigidbodies[2].pose.position.x,0.8639959076884248
90.338328463,1709142561.021310607,1709142561.020865443,/rigid_bodies.rigidbodies[2].pose.position.x,0.8640211820746504
90.348755512,1709142561.031737656,1709142561.031098856,/rigid_bodies.rigidbodies[2].pose.position.x,0.8641241045474415
90.358257817,1709142561.041239961,1709142561.040745200,/rigid_bodies.rigidbodies[2].pose.position.x,0.8642154617275849
90.368640668,1709142561.051622812,1709142561.051150171,/rigid_bodies.rigidbodies[2].pose.position.x,0.8641743683703568
90.377489214,1709142561.060471358,1709142561.059965195,/rigid_bodies.rigidbodies[2].pose.position.x,0.8640411714020453
90.388413635,1709142561.071395779,1709142561.070904411,/rigid_bodies.rigidbodies[2].pose.position.x,0.8640369486138739
90.398933339,1709142561.081915483,1709142561.081356383,/rigid_bodies.rigidbodies[2].pose.position.x,0.8641156465416473
90.408381364,1709142561.091363508,1709142561.090786444,/rigid_bodies.rigidbodies[2].pose.position.x,0.8641705680468561
90.418549015,1709142561.101531159,1709142561.100875054,/rigid_bodies.rigidbodies[2].pose.position.x,0.864149305097009
90.428342244,1709142561.111324388,1709142561.110765147,/rigid_bodies.rigidbodies[2].pose.position.x,0.8640691902569058
90.438334295,1709142561.121316439,1709142561.120947850,/rigid_bodies.rigidbodies[2].pose.position.x,0.8640231789065298
90.448310048,1709142561.131292192,1709142561.130767418,/rigid_bodies.rigidbodies[2].pose.position.x,0.8640935943517236
90.458025991,1709142561.141008135,1709142561.140477961,/rigid_bodies.rigidbodies[2].pose.position.x,0.8642070020076632
90.46833918,1709142561.151321324,1709142561.150769384,/rigid_bodies.rigidbodies[2].pose.position.x,0.8642171463982284
90.478230219,1709142561.161212363,1709142561.160753370,/rigid_bodies.rigidbodies[2].pose.position.x,0.8640946024875039
90.488466269,1709142561.171448413,1709142561.170847243,/rigid_bodies.rigidbodies[2].pose.position.x,0.8639831623987597
90.498846507,1709142561.181828651,1709142561.181140586,/rigid_bodies.rigidbodies[2].pose.position.x,0.8639971400106684
90.508444727,1709142561.191426871,1709142561.190728163,/rigid_bodies.rigidbodies[2].pose.position.x,0.8640775356824232
90.518170465,1709142561.201152609,1709142561.200600569,/rigid_bodies.rigidbodies[2].pose.position.x,0.8642057797297856
90.528194891,1709142561.211177035,1709142561.210421251,/rigid_bodies.rigidbodies[2].pose.position.x,0.864162645051013
90.538604407,1709142561.221586551,1709142561.221111052,/rigid_bodies.rigidbodies[2].pose.position.x,0.8640489674205344
90.547966537,1709142561.230948681,1709142561.230503466,/rigid_bodies.rigidbodies[2].pose.position.x,0.8640321637616609
90.558522932,1709142561.241505076,1709142561.240794235,/rigid_bodies.rigidbodies[2].pose.position.x,0.8641184511188144
90.568397631,1709142561.251379775,1709142561.250836016,/rigid_bodies.rigidbodies[2].pose.position.x,0.8642321111537088
90.578092972,1709142561.261075116,1709142561.260572144,/rigid_bodies.rigidbodies[2].pose.position.x,0.8641769006171209
90.588335534,1709142561.271317678,1709142561.270722906,/rigid_bodies.rigidbodies[2].pose.position.x,0.8640580191184741
90.598366966,1709142561.281349110,1709142561.280710409,/rigid_bodies.rigidbodies[2].pose.position.x,0.8640177564546738
90.608011787,1709142561.290993931,1709142561.290551281,/rigid_bodies.rigidbodies[2].pose.position.x,0.864040114828686
90.618414266,1709142561.301396410,1709142561.300876461,/rigid_bodies.rigidbodies[2].pose.position.x,0.8641617428464613
90.628296146,1709142561.311278290,1709142561.310681514,/rigid_bodies.rigidbodies[2].pose.position.x,0.8642291110848441
90.638006272,1709142561.320988416,1709142561.320607616,/rigid_bodies.rigidbodies[2].pose.position.x,0.8641356647977484
90.648461305,1709142561.331443449,1709142561.331002396,/rigid_bodies.rigidbodies[2].pose.position.x,0.8639869282574348
90.658235798,1709142561.341217942,1709142561.340532960,/rigid_bodies.rigidbodies[2].pose.position.x,0.8640765156483248
90.668436657,1709142561.351418801,1709142561.350978192,/rigid_bodies.rigidbodies[2].pose.position.x,0.8641691939310908
90.677882827,1709142561.360864971,1709142561.360396326,/rigid_bodies.rigidbodies[2].pose.position.x,0.8641544330504788
90.688388871,1709142561.371371015,1709142561.370731782,/rigid_bodies.rigidbodies[2].pose.position.x,0.8641562629116704
90.698798518,1709142561.381780662,1709142561.381234553,/rigid_bodies.rigidbodies[2].pose.position.x,0.8640717297191166
90.707629501,1709142561.390611645,1709142561.390293784,/rigid_bodies.rigidbodies[2].pose.position.x,0.8640934226276387
90.718551614,1709142561.401533758,1709142561.400865105,/rigid_bodies.rigidbodies[2].pose.position.x,0.864163555121473
90.728260663,1709142561.411242807,1709142561.410647469,/rigid_bodies.rigidbodies[2].pose.position.x,0.8642116157247205
90.738078041,1709142561.421060185,1709142561.420639573,/rigid_bodies.rigidbodies[2].pose.position.x,0.8641638469821278
90.748226058,1709142561.431208202,1709142561.430803394,/rigid_bodies.rigidbodies[2].pose.position.x,0.8640369671972826
90.758439398,1709142561.441421542,1709142561.440802564,/rigid_bodies.rigidbodies[2].pose.position.x,0.8640812306535671
90.768344898,1709142561.451327042,1709142561.450743858,/rigid_bodies.rigidbodies[2].pose.position.x,0.8641994189032736
90.778506457,1709142561.461488601,1709142561.460816220,/rigid_bodies.rigidbodies[2].pose.position.x,0.8641796299380535
90.788694585,1709142561.471676729,1709142561.470954496,/rigid_bodies.rigidbodies[2].pose.position.x,0.8641957897291512
90.798526987,1709142561.481509131,1709142561.480985095,/rigid_bodies.rigidbodies[2].pose.position.x,0.8641470602447231
90.808500656,1709142561.491482800,1709142561.490752897,/rigid_bodies.rigidbodies[2].pose.position.x,0.8640508610676206
90.818062303,1709142561.501044447,1709142561.500321665,/rigid_bodies.rigidbodies[2].pose.position.x,0.8640868021740875
90.82815194,1709142561.511134084,1709142561.510604710,/rigid_bodies.rigidbodies[2].pose.position.x,0.8642130099991281
90.83829692,1709142561.521279064,1709142561.520860895,/rigid_bodies.rigidbodies[2].pose.position.x,0.8642262360321612
90.848385417,1709142561.531367561,1709142561.530972668,/rigid_bodies.rigidbodies[2].pose.position.x,0.8641272691701917
90.858416191,1709142561.541398335,1709142561.541006968,/rigid_bodies.rigidbodies[2].pose.position.x,0.864034024353377
90.868271897,1709142561.551254041,1709142561.550794581,/rigid_bodies.rigidbodies[2].pose.position.x,0.864079773673555
90.878441066,1709142561.561423210,1709142561.560816281,/rigid_bodies.rigidbodies[2].pose.position.x,0.8640826245867022
90.887774269,1709142561.570756413,1709142561.570365686,/rigid_bodies.rigidbodies[2].pose.position.x,0.8641628922518974
90.89866,1709142561.581642144,1709142561.581138777,/rigid_bodies.rigidbodies[2].pose.position.x,0.8642511633443919
90.908363107,1709142561.591345251,1709142561.590873031,/rigid_bodies.rigidbodies[2].pose.position.x,0.8641214016797233
90.918173694,1709142561.601155838,1709142561.600685309,/rigid_bodies.rigidbodies[2].pose.position.x,0.8640568358181998
90.928363899,1709142561.611346043,1709142561.610688946,/rigid_bodies.rigidbodies[2].pose.position.x,0.864091300865132
90.938285171,1709142561.621267315,1709142561.620832724,/rigid_bodies.rigidbodies[2].pose.position.x,0.8641372498684464
90.948320075,1709142561.631302219,1709142561.630859613,/rigid_bodies.rigidbodies[2].pose.position.x,0.8641108947103605
90.958271411,1709142561.641253555,1709142561.640786429,/rigid_bodies.rigidbodies[2].pose.position.x,0.8640888583542442
90.968569767,1709142561.651551911,1709142561.650860369,/rigid_bodies.rigidbodies[2].pose.position.x,0.8641064244206269
90.978700098,1709142561.661682242,1709142561.661148651,/rigid_bodies.rigidbodies[2].pose.position.x,0.864095056165154
90.988665166,1709142561.671647310,1709142561.670923846,/rigid_bodies.rigidbodies[2].pose.position.x,0.864085693394425
90.998295349,1709142561.681277493,1709142561.680822317,/rigid_bodies.rigidbodies[2].pose.position.x,0.8641946507192088
91.008305639,1709142561.691287783,1709142561.690762820,/rigid_bodies.rigidbodies[2].pose.position.x,0.8641480409102797
91.018488481,1709142561.701470625,1709142561.700784577,/rigid_bodies.rigidbodies[2].pose.position.x,0.8640621177514924
91.028008613,1709142561.710990757,1709142561.710547180,/rigid_bodies.rigidbodies[2].pose.position.x,0.8640934196603247
91.038400524,1709142561.721382668,1709142561.720949625,/rigid_bodies.rigidbodies[2].pose.position.x,0.864126755478843
91.048094669,1709142561.731076813,1709142561.730646817,/rigid_bodies.rigidbodies[2].pose.position.x,0.864107782010795
91.058203399,1709142561.741185543,1709142561.740665744,/rigid_bodies.rigidbodies[2].pose.position.x,0.8641106952529544
91.068493715,1709142561.751475859,1709142561.750957346,/rigid_bodies.rigidbodies[2].pose.position.x,0.8641083906894463
91.078680084,1709142561.761662228,1709142561.761048359,/rigid_bodies.rigidbodies[2].pose.position.x,0.8640949817756673
91.088649075,1709142561.771631219,1709142561.770982295,/rigid_bodies.rigidbodies[2].pose.position.x,0.8640937082529208
91.098339415,1709142561.781321559,1709142561.780851911,/rigid_bodies.rigidbodies[2].pose.position.x,0.8641578772531864
91.108383078,1709142561.791365222,1709142561.790817850,/rigid_bodies.rigidbodies[2].pose.position.x,0.8641647053311768
91.118807695,1709142561.801789839,1709142561.801088364,/rigid_bodies.rigidbodies[2].pose.position.x,0.8641088327567548
91.12814814,1709142561.811130284,1709142561.810576793,/rigid_bodies.rigidbodies[2].pose.position.x,0.8640825726465885
91.138237274,1709142561.821219418,1709142561.820772936,/rigid_bodies.rigidbodies[2].pose.position.x,0.8641172613658508
91.148825639,1709142561.831807783,1709142561.831246528,/rigid_bodies.rigidbodies[2].pose.position.x,0.8640790167311637
91.158330244,1709142561.841312388,1709142561.840728884,/rigid_bodies.rigidbodies[2].pose.position.x,0.8641013043533741
91.168366214,1709142561.851348358,1709142561.850902053,/rigid_bodies.rigidbodies[2].pose.position.x,0.8641523519798807
91.17848258,1709142561.861464724,1709142561.860724512,/rigid_bodies.rigidbodies[2].pose.position.x,0.8641414865288646
91.188551336,1709142561.871533480,1709142561.870823797,/rigid_bodies.rigidbodies[2].pose.position.x,0.8641215635746946
91.198899955,1709142561.881882099,1709142561.881260125,/rigid_bodies.rigidbodies[2].pose.position.x,0.8640811312403412
91.208306182,1709142561.891288326,1709142561.890685239,/rigid_bodies.rigidbodies[2].pose.position.x,0.8640844945736786
91.217805271,1709142561.900787415,1709142561.900256680,/rigid_bodies.rigidbodies[2].pose.position.x,0.8640822719395052
91.228579461,1709142561.911561605,1709142561.911012700,/rigid_bodies.rigidbodies[2].pose.position.x,0.8640930614754291
91.238155726,1709142561.921137870,1709142561.920765168,/rigid_bodies.rigidbodies[2].pose.position.x,0.8641602522193201
91.248082903,1709142561.931065047,1709142561.930638113,/rigid_bodies.rigidbodies[2].pose.position.x,0.8641168520904561
91.257604202,1709142561.940586346,1709142561.939982770,/rigid_bodies.rigidbodies[2].pose.position.x,0.86409235363498
91.26821759,1709142561.951199734,1709142561.950663948,/rigid_bodies.rigidbodies[2].pose.position.x,0.8641238866318326
91.277994479,1709142561.960976623,1709142561.960552121,/rigid_bodies.rigidbodies[2].pose.position.x,0.8641259491996793
91.288814593,1709142561.971796737,1709142561.971198498,/rigid_bodies.rigidbodies[2].pose.position.x,0.8640792319123574
91.298227603,1709142561.981209747,1709142561.980803531,/rigid_bodies.rigidbodies[2].pose.position.x,0.8641159928597765
91.308185183,1709142561.991167327,1709142561.990655209,/rigid_bodies.rigidbodies[2].pose.position.x,0.8641260771871325
91.318104752,1709142562.001086896,1709142562.000643372,/rigid_bodies.rigidbodies[2].pose.position.x,0.8641059685474176
91.328186978,1709142562.011169122,1709142562.010655479,/rigid_bodies.rigidbodies[2].pose.position.x,0.8641232789087211
91.337925527,1709142562.020907671,1709142562.020497752,/rigid_bodies.rigidbodies[2].pose.position.x,0.8641405606642175
91.348377923,1709142562.031360067,1709142562.030908786,/rigid_bodies.rigidbodies[2].pose.position.x,0.864116260842238
91.357620657,1709142562.040602801,1709142562.040277428,/rigid_bodies.rigidbodies[2].pose.position.x,0.8641288866239294
91.367565027,1709142562.050547171,1709142562.050304534,/rigid_bodies.rigidbodies[2].pose.position.x,0.8641237282733142
91.377592906,1709142562.060575050,1709142562.060347158,/rigid_bodies.rigidbodies[2].pose.position.x,0.8641721847501709
91.387776215,1709142562.070758359,1709142562.070508503,/rigid_bodies.rigidbodies[2].pose.position.x,0.8640763861989976
91.397733984,1709142562.080716128,1709142562.080465793,/rigid_bodies.rigidbodies[2].pose.position.x,0.8640693555488718
91.40735532,1709142562.090337464,1709142562.090196039,/rigid_bodies.rigidbodies[2].pose.position.x,0.8640768905887688
91.417821285,1709142562.100803429,1709142562.100605984,/rigid_bodies.rigidbodies[2].pose.position.x,0.8640452538906203
91.428024993,1709142562.111007137,1709142562.110641542,/rigid_bodies.rigidbodies[2].pose.position.x,0.8641054976533752
91.438270241,1709142562.121252385,1709142562.120780302,/rigid_bodies.rigidbodies[2].pose.position.x,0.8641415902761056
91.448633919,1709142562.131616063,1709142562.130997996,/rigid_bodies.rigidbodies[2].pose.position.x,0.8641496224836527
91.458189354,1709142562.141171498,1709142562.140604359,/rigid_bodies.rigidbodies[2].pose.position.x,0.8640744332111582
91.46819209,1709142562.151174234,1709142562.150671566,/rigid_bodies.rigidbodies[2].pose.position.x,0.8640571245789019
91.477868954,1709142562.160851098,1709142562.160397502,/rigid_bodies.rigidbodies[2].pose.position.x,0.8640908572296571
91.488216444,1709142562.171198588,1709142562.170732552,/rigid_bodies.rigidbodies[2].pose.position.x,0.8641228750605023
91.498247846,1709142562.181229990,1709142562.180718315,/rigid_bodies.rigidbodies[2].pose.position.x,0.8641473253905234
91.50778253,1709142562.190764674,1709142562.190323665,/rigid_bodies.rigidbodies[2].pose.position.x,0.8641888573100156
91.518821704,1709142562.201803848,1709142562.201059202,/rigid_bodies.rigidbodies[2].pose.position.x,0.8641470090187954
91.528063108,1709142562.211045252,1709142562.210586395,/rigid_bodies.rigidbodies[2].pose.position.x,0.8640983830727261
91.538366294,1709142562.221348438,1709142562.220815002,/rigid_bodies.rigidbodies[2].pose.position.x,0.8641718067115768
91.548787794,1709142562.231769938,1709142562.231163236,/rigid_bodies.rigidbodies[2].pose.position.x,0.8641628006812436
91.557911212,1709142562.240893356,1709142562.240475950,/rigid_bodies.rigidbodies[2].pose.position.x,0.8641480250554144
91.56866795,1709142562.251650094,1709142562.251024729,/rigid_bodies.rigidbodies[2].pose.position.x,0.8641519610950366
91.577981992,1709142562.260964136,1709142562.260627306,/rigid_bodies.rigidbodies[2].pose.position.x,0.8641220492156212
91.588077958,1709142562.271060102,1709142562.270680171,/rigid_bodies.rigidbodies[2].pose.position.x,0.8641286996346867
91.598710274,1709142562.281692418,1709142562.281032194,/rigid_bodies.rigidbodies[2].pose.position.x,0.8641559781822091
91.608137414,1709142562.291119558,1709142562.290675563,/rigid_bodies.rigidbodies[2].pose.position.x,0.8641908316495505
91.618276146,1709142562.301258290,1709142562.300717944,/rigid_bodies.rigidbodies[2].pose.position.x,0.8641619121841131
91.628176717,1709142562.311158861,1709142562.310648795,/rigid_bodies.rigidbodies[2].pose.position.x,0.8640795054030695
91.637853024,1709142562.320835168,1709142562.320507862,/rigid_bodies.rigidbodies[2].pose.position.x,0.864116006167403
91.64808607,1709142562.331068214,1709142562.330681468,/rigid_bodies.rigidbodies[2].pose.position.x,0.864187997719427
91.657852282,1709142562.340834426,1709142562.340454885,/rigid_bodies.rigidbodies[2].pose.position.x,0.8641282168979245
91.66836161,1709142562.351343754,1709142562.350802775,/rigid_bodies.rigidbodies[2].pose.position.x,0.8641223002053083
91.678184254,1709142562.361166398,1709142562.360662823,/rigid_bodies.rigidbodies[2].pose.position.x,0.8641364563186709
91.688727782,1709142562.371709926,1709142562.371014646,/rigid_bodies.rigidbodies[2].pose.position.x,0.8641277729951173
91.698884945,1709142562.381867089,1709142562.381346619,/rigid_bodies.rigidbodies[2].pose.position.x,0.864134799388076
91.708299906,1709142562.391282050,1709142562.390990053,/rigid_bodies.rigidbodies[2].pose.position.x,0.8641845590320311
91.717805377,1709142562.400787521,1709142562.400565433,/rigid_bodies.rigidbodies[2].pose.position.x,0.8641533177107823
91.727321015,1709142562.410303159,1709142562.410115098,/rigid_bodies.rigidbodies[2].pose.position.x,0.8640318061365562
91.737656669,1709142562.420638813,1709142562.420263070,/rigid_bodies.rigidbodies[2].pose.position.x,0.8640505071840716
91.748635651,1709142562.431617795,1709142562.431007195,/rigid_bodies.rigidbodies[2].pose.position.x,0.8641413623942996
91.758389252,1709142562.441371396,1709142562.440932955,/rigid_bodies.rigidbodies[2].pose.position.x,0.8641857489543405
91.768174637,1709142562.451156781,1709142562.450697250,/rigid_bodies.rigidbodies[2].pose.position.x,0.8641908109627866
91.778251996,1709142562.461234140,1709142562.460755321,/rigid_bodies.rigidbodies[2].pose.position.x,0.8641744537055703
91.788042681,1709142562.471024825,1709142562.470674877,/rigid_bodies.rigidbodies[2].pose.position.x,0.8640910343900821
91.798601534,1709142562.481583678,1709142562.481202189,/rigid_bodies.rigidbodies[2].pose.position.x,0.8640677371357053
91.808008523,1709142562.490990667,1709142562.490494145,/rigid_bodies.rigidbodies[2].pose.position.x,0.8641057422725189
91.818856066,1709142562.501838210,1709142562.501176897,/rigid_bodies.rigidbodies[2].pose.position.x,0.8641849093991836
91.828356546,1709142562.511338690,1709142562.510925012,/rigid_bodies.rigidbodies[2].pose.position.x,0.8641203138100376
91.838097741,1709142562.521079885,1709142562.520670972,/rigid_bodies.rigidbodies[2].pose.position.x,0.8640715313792907
91.848560862,1709142562.531543006,1709142562.530965060,/rigid_bodies.rigidbodies[2].pose.position.x,0.8641097345129352
91.859360425,1709142562.542342569,1709142562.541727634,/rigid_bodies.rigidbodies[2].pose.position.x,0.8641742751767856
91.868538628,1709142562.551520772,1709142562.551005566,/rigid_bodies.rigidbodies[2].pose.position.x,0.8641538849499235
91.878161814,1709142562.561143958,1709142562.560545582,/rigid_bodies.rigidbodies[2].pose.position.x,0.8641936994447986
91.888740878,1709142562.571723022,1709142562.571000111,/rigid_bodies.rigidbodies[2].pose.position.x,0.8641376078987709
91.898575686,1709142562.581557830,1709142562.580999401,/rigid_bodies.rigidbodies[2].pose.position.x,0.8639989075462107
91.90846901,1709142562.591451154,1709142562.590811538,/rigid_bodies.rigidbodies[2].pose.position.x,0.864061473876836
91.918530857,1709142562.601513001,1709142562.600911780,/rigid_bodies.rigidbodies[2].pose.position.x,0.8641677801818194
91.928046339,1709142562.611028483,1709142562.610578249,/rigid_bodies.rigidbodies[2].pose.position.x,0.8642031868064113
91.938332689,1709142562.621314833,1709142562.620731233,/rigid_bodies.rigidbodies[2].pose.position.x,0.8641449277354913
91.948439942,1709142562.631422086,1709142562.630760540,/rigid_bodies.rigidbodies[2].pose.position.x,0.8641241918273901
91.958124455,1709142562.641106599,1709142562.640596201,/rigid_bodies.rigidbodies[2].pose.position.x,0.8640980191951712
91.96827084,1709142562.651252984,1709142562.650664120,/rigid_bodies.rigidbodies[2].pose.position.x,0.8641188202389671
91.978059121,1709142562.661041265,1709142562.660472972,/rigid_bodies.rigidbodies[2].pose.position.x,0.8641659232644398
91.988446761,1709142562.671428905,1709142562.671013356,/rigid_bodies.rigidbodies[2].pose.position.x,0.8641834122173839
91.998124537,1709142562.681106681,1709142562.680739495,/rigid_bodies.rigidbodies[2].pose.position.x,0.8640675666852974
92.007833416,1709142562.690815560,1709142562.690421478,/rigid_bodies.rigidbodies[2].pose.position.x,0.8640419383629562
92.017994568,1709142562.700976712,1709142562.700567533,/rigid_bodies.rigidbodies[2].pose.position.x,0.8641315312844353
92.028414423,1709142562.711396567,1709142562.710841644,/rigid_bodies.rigidbodies[2].pose.position.x,0.8641783491191269
92.038065873,1709142562.721048017,1709142562.720634469,/rigid_bodies.rigidbodies[2].pose.position.x,0.864200220354293
92.048207599,1709142562.731189743,1709142562.730811699,/rigid_bodies.rigidbodies[2].pose.position.x,0.864149614009079
92.058400235,1709142562.741382379,1709142562.740914362,/rigid_bodies.rigidbodies[2].pose.position.x,0.864062395435678
92.06815117,1709142562.751133314,1709142562.750717170,/rigid_bodies.rigidbodies[2].pose.position.x,0.8640745308872618
92.078387604,1709142562.761369748,1709142562.760994664,/rigid_bodies.rigidbodies[2].pose.position.x,0.8641248427862632
92.088523128,1709142562.771505272,1709142562.771078847,/rigid_bodies.rigidbodies[2].pose.position.x,0.8641638522471957
92.098736752,1709142562.781718896,1709142562.781194259,/rigid_bodies.rigidbodies[2].pose.position.x,0.8640980584514294
92.107756267,1709142562.790738411,1709142562.790405727,/rigid_bodies.rigidbodies[2].pose.position.x,0.8640690180430146
92.118073747,1709142562.801055891,1709142562.800614592,/rigid_bodies.rigidbodies[2].pose.position.x,0.8641508226156066
92.128487929,1709142562.811470073,1709142562.810765202,/rigid_bodies.rigidbodies[2].pose.position.x,0.864179764120023
92.13828273,1709142562.821264874,1709142562.820802541,/rigid_bodies.rigidbodies[2].pose.position.x,0.8641739654638558
92.148109757,1709142562.831091901,1709142562.830693197,/rigid_bodies.rigidbodies[2].pose.position.x,0.8641321218050442
92.158222556,1709142562.841204700,1709142562.840695816,/rigid_bodies.rigidbodies[2].pose.position.x,0.8640471101442716
92.168140438,1709142562.851122582,1709142562.850680945,/rigid_bodies.rigidbodies[2].pose.position.x,0.8640109726108216
92.177471819,1709142562.860453963,1709142562.859973170,/rigid_bodies.rigidbodies[2].pose.position.x,0.8641155976856933
92.188548747,1709142562.871530891,1709142562.870928053,/rigid_bodies.rigidbodies[2].pose.position.x,0.8642087440554135
92.198281539,1709142562.881263683,1709142562.880714695,/rigid_bodies.rigidbodies[2].pose.position.x,0.8641831597068929
92.207712668,1709142562.890694812,1709142562.890269716,/rigid_bodies.rigidbodies[2].pose.position.x,0.8640885996349074
92.218227954,1709142562.901210098,1709142562.900753452,/rigid_bodies.rigidbodies[2].pose.position.x,0.864071796964868
92.228099407,1709142562.911081551,1709142562.910543326,/rigid_bodies.rigidbodies[2].pose.position.x,0.8641102552130316
92.238379983,1709142562.921362127,1709142562.920976330,/rigid_bodies.rigidbodies[2].pose.position.x,0.8641547435088845
92.248821879,1709142562.931804023,1709142562.931333422,/rigid_bodies.rigidbodies[2].pose.position.x,0.8642200368573671
92.258353908,1709142562.941336052,1709142562.940805093,/rigid_bodies.rigidbodies[2].pose.position.x,0.8641257267139284
92.268466394,1709142562.951448538,1709142562.951022232,/rigid_bodies.rigidbodies[2].pose.position.x,0.8640353282814244
92.278011293,1709142562.960993437,1709142562.960537674,/rigid_bodies.rigidbodies[2].pose.position.x,0.864032591103537
92.288519615,1709142562.971501759,1709142562.970936123,/rigid_bodies.rigidbodies[2].pose.position.x,0.8641537312207356
92.298054995,1709142562.981037139,1709142562.980680451,/rigid_bodies.rigidbodies[2].pose.position.x,0.8642072335689301
92.307562498,1709142562.990544642,1709142562.990279077,/rigid_bodies.rigidbodies[2].pose.position.x,0.8641363919873901
92.317890253,1709142563.000872397,1709142563.000498356,/rigid_bodies.rigidbodies[2].pose.position.x,0.8640850542561457
92.327990796,1709142563.010972940,1709142563.010390158,/rigid_bodies.rigidbodies[2].pose.position.x,0.8640355973630213
92.338961339,1709142563.021943483,1709142563.021228860,/rigid_bodies.rigidbodies[2].pose.position.x,0.8640752483789045
92.348669942,1709142563.031652086,1709142563.030939723,/rigid_bodies.rigidbodies[2].pose.position.x,0.8641746578421529
92.358133366,1709142563.041115510,1709142563.040660344,/rigid_bodies.rigidbodies[2].pose.position.x,0.8641842712651792
92.367772275,1709142563.050754419,1709142563.050165474,/rigid_bodies.rigidbodies[2].pose.position.x,0.8640901372931227
92.378453615,1709142563.061435759,1709142563.060785258,/rigid_bodies.rigidbodies[2].pose.position.x,0.8640806265910418
92.388444163,1709142563.071426307,1709142563.070952876,/rigid_bodies.rigidbodies[2].pose.position.x,0.8641273230130574
92.398446061,1709142563.081428205,1709142563.080732482,/rigid_bodies.rigidbodies[2].pose.position.x,0.864140941910925
92.408478082,1709142563.091460226,1709142563.090905196,/rigid_bodies.rigidbodies[2].pose.position.x,0.8641586942470196
92.418279246,1709142563.101261390,1709142563.100792721,/rigid_bodies.rigidbodies[2].pose.position.x,0.8641282118480695
92.428362278,1709142563.111344422,1709142563.110650653,/rigid_bodies.rigidbodies[2].pose.position.x,0.8640608774014704
92.438270555,1709142563.121252699,1709142563.120793567,/rigid_bodies.rigidbodies[2].pose.position.x,0.8640721863022722
92.448329855,1709142563.131311999,1709142563.130879141,/rigid_bodies.rigidbodies[2].pose.position.x,0.8641590882624652
92.458456183,1709142563.141438327,1709142563.140721476,/rigid_bodies.rigidbodies[2].pose.position.x,0.8641596781421504
92.468330446,1709142563.151312590,1709142563.150756960,/rigid_bodies.rigidbodies[2].pose.position.x,0.8640854138525583
92.477957574,1709142563.160939718,1709142563.160464868,/rigid_bodies.rigidbodies[2].pose.position.x,0.8640717401598641
92.488477518,1709142563.171459662,1709142563.170847494,/rigid_bodies.rigidbodies[2].pose.position.x,0.8641016841893489
92.498597921,1709142563.181580065,1709142563.181030427,/rigid_bodies.rigidbodies[2].pose.position.x,0.8641251793879128
92.508099167,1709142563.191081311,1709142563.190561618,/rigid_bodies.rigidbodies[2].pose.position.x,0.8641286034991915
92.518621503,1709142563.201603647,1709142563.200956336,/rigid_bodies.rigidbodies[2].pose.position.x,0.8641827465145546
92.528215915,1709142563.211198059,1709142563.210641901,/rigid_bodies.rigidbodies[2].pose.position.x,0.8641003454405414
92.538128887,1709142563.221111031,1709142563.220596174,/rigid_bodies.rigidbodies[2].pose.position.x,0.8640004490247236
92.548459528,1709142563.231441672,1709142563.230959722,/rigid_bodies.rigidbodies[2].pose.position.x,0.8641038629958289
92.558203372,1709142563.241185516,1709142563.240600256,/rigid_bodies.rigidbodies[2].pose.position.x,0.8641797532488259
92.568322714,1709142563.251304858,1709142563.250812077,/rigid_bodies.rigidbodies[2].pose.position.x,0.8640961323210781
92.578139237,1709142563.261121381,1709142563.260609601,/rigid_bodies.rigidbodies[2].pose.position.x,0.8640400269855032
92.588352807,1709142563.271334951,1709142563.270741579,/rigid_bodies.rigidbodies[2].pose.position.x,0.8640767741758919
92.598419737,1709142563.281401881,1709142563.280948445,/rigid_bodies.rigidbodies[2].pose.position.x,0.8640954349878601
92.607931716,1709142563.290913860,1709142563.290439861,/rigid_bodies.rigidbodies[2].pose.position.x,0.864108082793158
92.618657664,1709142563.301639808,1709142563.300911904,/rigid_bodies.rigidbodies[2].pose.position.x,0.8641801418973848
92.627796211,1709142563.310778355,1709142563.310362104,/rigid_bodies.rigidbodies[2].pose.position.x,0.8641298145513824
92.638377784,1709142563.321359928,1709142563.320809084,/rigid_bodies.rigidbodies[2].pose.position.x,0.8640305205615182
92.648510695,1709142563.331492839,1709142563.330943633,/rigid_bodies.rigidbodies[2].pose.position.x,0.864109378087491
92.658507244,1709142563.341489388,1709142563.341087709,/rigid_bodies.rigidbodies[2].pose.position.x,0.864188765808446
92.668804472,1709142563.351786616,1709142563.351106222,/rigid_bodies.rigidbodies[2].pose.position.x,0.8641175014524822
92.678024374,1709142563.361006518,1709142563.360569988,/rigid_bodies.rigidbodies[2].pose.position.x,0.8640848133459399
92.689041385,1709142563.372023529,1709142563.371386550,/rigid_bodies.rigidbodies[2].pose.position.x,0.8640796687146763
92.698543648,1709142563.381525792,1709142563.380979025,/rigid_bodies.rigidbodies[2].pose.position.x,0.8640923610259658
92.708758055,1709142563.391740199,1709142563.391126341,/rigid_bodies.rigidbodies[2].pose.position.x,0.8641123573075329
92.718207166,1709142563.401189310,1709142563.400702240,/rigid_bodies.rigidbodies[2].pose.position.x,0.8641723719246833
92.728357318,1709142563.411339462,1709142563.410682522,/rigid_bodies.rigidbodies[2].pose.position.x,0.8641579433016638
92.738097761,1709142563.421079905,1709142563.420626290,/rigid_bodies.rigidbodies[2].pose.position.x,0.8640305852455455
92.748396774,1709142563.431378918,1709142563.430874221,/rigid_bodies.rigidbodies[2].pose.position.x,0.8640060058180968
92.758099544,1709142563.441081688,1709142563.440582576,/rigid_bodies.rigidbodies[2].pose.position.x,0.8641011616413256
92.768030232,1709142563.451012376,1709142563.450623945,/rigid_bodies.rigidbodies[2].pose.position.x,0.864116495972211
92.777857717,1709142563.460839861,1709142563.460423225,/rigid_bodies.rigidbodies[2].pose.position.x,0.8641010120979626
92.788413998,1709142563.471396142,1709142563.470875676,/rigid_bodies.rigidbodies[2].pose.position.x,0.86414082198765
92.798678017,1709142563.481660161,1709142563.481073538,/rigid_bodies.rigidbodies[2].pose.position.x,0.8640859073442033
92.808275657,1709142563.491257801,1709142563.490693944,/rigid_bodies.rigidbodies[2].pose.position.x,0.8640389167289135
92.818524509,1709142563.501506653,1709142563.500959691,/rigid_bodies.rigidbodies[2].pose.position.x,0.8641026904875074
92.828469592,1709142563.511451736,1709142563.510767018,/rigid_bodies.rigidbodies[2].pose.position.x,0.8641448501426744
92.837980657,1709142563.520962801,1709142563.520603081,/rigid_bodies.rigidbodies[2].pose.position.x,0.8640968580217505
92.848155723,1709142563.531137867,1709142563.530662841,/rigid_bodies.rigidbodies[2].pose.position.x,0.8640689638444289
92.858352231,1709142563.541334375,1709142563.540770497,/rigid_bodies.rigidbodies[2].pose.position.x,0.8640894262477978
92.868274979,1709142563.551257123,1709142563.550762458,/rigid_bodies.rigidbodies[2].pose.position.x,0.864073730509611
92.878106982,1709142563.561089126,1709142563.560587532,/rigid_bodies.rigidbodies[2].pose.position.x,0.8640734554150613
92.888119646,1709142563.571101790,1709142563.570635718,/rigid_bodies.rigidbodies[2].pose.position.x,0.8641186609073928
92.898706848,1709142563.581688992,1709142563.580996720,/rigid_bodies.rigidbodies[2].pose.position.x,0.8641409569010569
92.908065012,1709142563.591047156,1709142563.590636557,/rigid_bodies.rigidbodies[2].pose.position.x,0.8640966748801564
92.918217906,1709142563.601200050,1709142563.600720196,/rigid_bodies.rigidbodies[2].pose.position.x,0.8641293353208138
92.928483813,1709142563.611465957,1709142563.610785655,/rigid_bodies.rigidbodies[2].pose.position.x,0.8641330081966531
92.938144856,1709142563.621127000,1709142563.620806786,/rigid_bodies.rigidbodies[2].pose.position.x,0.8640752485435486
92.948398421,1709142563.631380565,1709142563.630888119,/rigid_bodies.rigidbodies[2].pose.position.x,0.8640653067083801
92.958005844,1709142563.640987988,1709142563.640455884,/rigid_bodies.rigidbodies[2].pose.position.x,0.8641507351722673
92.968129402,1709142563.651111546,1709142563.650755962,/rigid_bodies.rigidbodies[2].pose.position.x,0.8641528922987324
92.97873544,1709142563.661717584,1709142563.661259192,/rigid_bodies.rigidbodies[2].pose.position.x,0.8641494363476778
92.989119707,1709142563.672101851,1709142563.671426965,/rigid_bodies.rigidbodies[2].pose.position.x,0.8641422100936239
92.998112069,1709142563.681094213,1709142563.680710479,/rigid_bodies.rigidbodies[2].pose.position.x,0.86413377627714
93.008101157,1709142563.691083301,1709142563.690521716,/rigid_bodies.rigidbodies[2].pose.position.x,0.864055758189526
93.018030133,1709142563.701012277,1709142563.700547435,/rigid_bodies.rigidbodies[2].pose.position.x,0.864065733784716
93.027785992,1709142563.710768136,1709142563.710304769,/rigid_bodies.rigidbodies[2].pose.position.x,0.8641836126136445
93.038024364,1709142563.721006508,1709142563.720575011,/rigid_bodies.rigidbodies[2].pose.position.x,0.8641500219742972
93.047864139,1709142563.730846283,1709142563.730559596,/rigid_bodies.rigidbodies[2].pose.position.x,0.864158182591822
93.057804305,1709142563.740786449,1709142563.740315284,/rigid_bodies.rigidbodies[2].pose.position.x,0.8641055819378575
93.06818809,1709142563.751170234,1709142563.750658646,/rigid_bodies.rigidbodies[2].pose.position.x,0.8641253492298425
93.077863695,1709142563.760845839,1709142563.760383884,/rigid_bodies.rigidbodies[2].pose.position.x,0.8641027111755605
93.088080993,1709142563.771063137,1709142563.770604369,/rigid_bodies.rigidbodies[2].pose.position.x,0.8641114722032766
93.098436775,1709142563.781418919,1709142563.780863118,/rigid_bodies.rigidbodies[2].pose.position.x,0.8641572743572938
93.108073408,1709142563.791055552,1709142563.790478103,/rigid_bodies.rigidbodies[2].pose.position.x,0.8641372189175305
93.118532256,1709142563.801514400,1709142563.800870432,/rigid_bodies.rigidbodies[2].pose.position.x,0.864081063298285
93.127608743,1709142563.810590887,1709142563.810059313,/rigid_bodies.rigidbodies[2].pose.position.x,0.8641272092008855
93.138416679,1709142563.821398823,1709142563.820831922,/rigid_bodies.rigidbodies[2].pose.position.x,0.8641451764256441
93.148636233,1709142563.831618377,1709142563.830977176,/rigid_bodies.rigidbodies[2].pose.position.x,0.8641201558584223
93.158228127,1709142563.841210271,1709142563.840690902,/rigid_bodies.rigidbodies[2].pose.position.x,0.8641410602931783
93.168019432,1709142563.851001576,1709142563.850448878,/rigid_bodies.rigidbodies[2].pose.position.x,0.8641428303678261
93.178096197,1709142563.861078341,1709142563.860508371,/rigid_bodies.rigidbodies[2].pose.position.x,0.8641411726806236
93.188151682,1709142563.871133826,1709142563.870668938,/rigid_bodies.rigidbodies[2].pose.position.x,0.8641304970302479
93.198669196,1709142563.881651340,1709142563.881047149,/rigid_bodies.rigidbodies[2].pose.position.x,0.8641063256975989
93.208149971,1709142563.891132115,1709142563.890579399,/rigid_bodies.rigidbodies[2].pose.position.x,0.8641317131759871
93.218075351,1709142563.901057495,1709142563.900725892,/rigid_bodies.rigidbodies[2].pose.position.x,0.8641085033839594
93.228100708,1709142563.911082852,1709142563.910562305,/rigid_bodies.rigidbodies[2].pose.position.x,0.864152623286162
93.238500108,1709142563.921482252,1709142563.921004718,/rigid_bodies.rigidbodies[2].pose.position.x,0.8641709683235974
93.248004738,1709142563.930986882,1709142563.930501051,/rigid_bodies.rigidbodies[2].pose.position.x,0.8640839637789723
93.257811108,1709142563.940793252,1709142563.940320282,/rigid_bodies.rigidbodies[2].pose.position.x,0.8640929439466811
93.267695822,1709142563.950677966,1709142563.950195706,/rigid_bodies.rigidbodies[2].pose.position.x,0.8641273392964957
93.278434999,1709142563.961417143,1709142563.960954995,/rigid_bodies.rigidbodies[2].pose.position.x,0.864131082831078
93.28836295,1709142563.971345094,1709142563.970694097,/rigid_bodies.rigidbodies[2].pose.position.x,0.8641201586401972
93.298351447,1709142563.981333591,1709142563.980865443,/rigid_bodies.rigidbodies[2].pose.position.x,0.8641125924998575
93.307957008,1709142563.990939152,1709142563.990342225,/rigid_bodies.rigidbodies[2].pose.position.x,0.8641075056029838
93.3188929,1709142564.001875044,1709142564.001213332,/rigid_bodies.rigidbodies[2].pose.position.x,0.8641207835180154
93.328023052,1709142564.011005196,1709142564.010552611,/rigid_bodies.rigidbodies[2].pose.position.x,0.8641120878109028
93.338495482,1709142564.021477626,1709142564.021152729,/rigid_bodies.rigidbodies[2].pose.position.x,0.8641343541785905
93.348877312,1709142564.031859456,1709142564.031327509,/rigid_bodies.rigidbodies[2].pose.position.x,0.8640595046614955
93.357920266,1709142564.040902410,1709142564.040616993,/rigid_bodies.rigidbodies[2].pose.position.x,0.8640867323150578
93.367597037,1709142564.050579181,1709142564.050304209,/rigid_bodies.rigidbodies[2].pose.position.x,0.864155262128802
93.377563862,1709142564.060546006,1709142564.060317784,/rigid_bodies.rigidbodies[2].pose.position.x,0.864136070002327
93.387784159,1709142564.070766303,1709142564.070599008,/rigid_bodies.rigidbodies[2].pose.position.x,0.8641351989571103
93.398041578,1709142564.081023722,1709142564.080839245,/rigid_bodies.rigidbodies[2].pose.position.x,0.8641361606474147
93.407530716,1709142564.090512860,1709142564.090294889,/rigid_bodies.rigidbodies[2].pose.position.x,0.8641175344779628
93.417688921,1709142564.100671065,1709142564.100407111,/rigid_bodies.rigidbodies[2].pose.position.x,0.8640989796457923
93.427724279,1709142564.110706423,1709142564.110515761,/rigid_bodies.rigidbodies[2].pose.position.x,0.8641321311070107
93.437747397,1709142564.120729541,1709142564.120418404,/rigid_bodies.rigidbodies[2].pose.position.x,0.8641590039365796
93.448145343,1709142564.131127487,1709142564.130805692,/rigid_bodies.rigidbodies[2].pose.position.x,0.8641347983821299
93.45836031,1709142564.141342454,1709142564.140768566,/rigid_bodies.rigidbodies[2].pose.position.x,0.8641052143127401
93.46783795,1709142564.150820094,1709142564.150474070,/rigid_bodies.rigidbodies[2].pose.position.x,0.8641869819859047
93.47814383,1709142564.161125974,1709142564.160588711,/rigid_bodies.rigidbodies[2].pose.position.x,0.864137088717451
93.4884178,1709142564.171399944,1709142564.170841211,/rigid_bodies.rigidbodies[2].pose.position.x,0.8640927731663351
93.49854367,1709142564.181525814,1709142564.180998879,/rigid_bodies.rigidbodies[2].pose.position.x,0.8641738589749219
93.503792921,1709142564.186775065,1709142564.186220697,/rigid_bodies.rigidbodies[2].pose.position.x,0.864136475080334
93.518562786,1709142564.201544930,1709142564.200931777,/rigid_bodies.rigidbodies[2].pose.position.x,0.8640990273694023
93.528445765,1709142564.211427909,1709142564.210855039,/rigid_bodies.rigidbodies[2].pose.position.x,0.8641587153480564
93.538080416,1709142564.221062560,1709142564.220721233,/rigid_bodies.rigidbodies[2].pose.position.x,0.8641435015898781
93.547725661,1709142564.230707805,1709142564.230541379,/rigid_bodies.rigidbodies[2].pose.position.x,0.864113266096814
93.557574374,1709142564.240556518,1709142564.240317113,/rigid_bodies.rigidbodies[2].pose.position.x,0.8641233186882449
93.567832576,1709142564.250814720,1709142564.250499173,/rigid_bodies.rigidbodies[2].pose.position.x,0.8641759832802095
93.577532472,1709142564.260514616,1709142564.260307218,/rigid_bodies.rigidbodies[2].pose.position.x,0.8641319444128178
93.587766323,1709142564.270748467,1709142564.270556928,/rigid_bodies.rigidbodies[2].pose.position.x,0.8640926837319708
93.598137405,1709142564.281119549,1709142564.280855214,/rigid_bodies.rigidbodies[2].pose.position.x,0.8641526042840139
93.603808514,1709142564.286790658,1709142564.286277986,/rigid_bodies.rigidbodies[2].pose.position.x,0.8641580657075368
93.618183322,1709142564.301165466,1709142564.300742164,/rigid_bodies.rigidbodies[2].pose.position.x,0.8640927636491701
93.628786608,1709142564.311768752,1709142564.311266284,/rigid_bodies.rigidbodies[2].pose.position.x,0.8641555012935306
93.63823498,1709142564.321217124,1709142564.320858072,/rigid_bodies.rigidbodies[2].pose.position.x,0.8641637009112055
93.648553837,1709142564.331535981,1709142564.331116565,/rigid_bodies.rigidbodies[2].pose.position.x,0.8640869521308546
93.658217876,1709142564.341200020,1709142564.340678903,/rigid_bodies.rigidbodies[2].pose.position.x,0.864092859721174
93.668341548,1709142564.351323692,1709142564.350814988,/rigid_bodies.rigidbodies[2].pose.position.x,0.8640854167385749
93.677194528,1709142564.360176672,1709142564.359918306,/rigid_bodies.rigidbodies[2].pose.position.x,0.8641113063701318
93.688093709,1709142564.371075853,1709142564.370677255,/rigid_bodies.rigidbodies[2].pose.position.x,0.8641020582383986
93.693857121,1709142564.376839265,1709142564.376425150,/rigid_bodies.rigidbodies[2].pose.position.x,0.8641594716294909
93.707927963,1709142564.390910107,1709142564.390608607,/rigid_bodies.rigidbodies[2].pose.position.x,0.8641734855064716
93.718102432,1709142564.401084576,1709142564.400765808,/rigid_bodies.rigidbodies[2].pose.position.x,0.864063248901399
93.728167701,1709142564.411149845,1709142564.410792382,/rigid_bodies.rigidbodies[2].pose.position.x,0.8640956978412792
93.737658537,1709142564.420640681,1709142564.420473007,/rigid_bodies.rigidbodies[2].pose.position.x,0.8641681532075448
93.747654387,1709142564.430636531,1709142564.430442647,/rigid_bodies.rigidbodies[2].pose.position.x,0.8641330028642055
93.757827863,1709142564.440810007,1709142564.440558199,/rigid_bodies.rigidbodies[2].pose.position.x,0.8641200977475758
93.76810398800001,1709142564.451086132,1709142564.450693533,/rigid_bodies.rigidbodies[2].pose.position.x,0.8641336976263901
93.778097599,1709142564.461079743,1709142564.460590208,/rigid_bodies.rigidbodies[2].pose.position.x,0.8641011151403457
93.786861943,1709142564.469844087,1709142564.469404244,/rigid_bodies.rigidbodies[2].pose.position.x,0.8640971230718344
93.798696936,1709142564.481679080,1709142564.481310411,/rigid_bodies.rigidbodies[2].pose.position.x,0.8641606654365658
93.808635882,1709142564.491618026,1709142564.490947299,/rigid_bodies.rigidbodies[2].pose.position.x,0.8641832222082237
93.818406099,1709142564.501388243,1709142564.500769621,/rigid_bodies.rigidbodies[2].pose.position.x,0.8641013775872739
93.828079616,1709142564.511061760,1709142564.510566712,/rigid_bodies.rigidbodies[2].pose.position.x,0.86406143095335
93.83819489,1709142564.521177034,1709142564.520797646,/rigid_bodies.rigidbodies[2].pose.position.x,0.8641347528153629
93.848505992,1709142564.531488136,1709142564.530978094,/rigid_bodies.rigidbodies[2].pose.position.x,0.8641263574326928
93.857944368,1709142564.540926512,1709142564.540525092,/rigid_bodies.rigidbodies[2].pose.position.x,0.8641259704619543
93.868411261,1709142564.551393405,1709142564.550903361,/rigid_bodies.rigidbodies[2].pose.position.x,0.8641469919068053
93.87814569,1709142564.561127834,1709142564.560838704,/rigid_bodies.rigidbodies[2].pose.position.x,0.8641030070811819
93.887882734,1709142564.570864878,1709142564.570593683,/rigid_bodies.rigidbodies[2].pose.position.x,0.8640980839094864
93.898248884,1709142564.581231028,1709142564.580895953,/rigid_bodies.rigidbodies[2].pose.position.x,0.86417485006694
93.90807619,1709142564.591058334,1709142564.590684877,/rigid_bodies.rigidbodies[2].pose.position.x,0.8642184212460383
93.917810023,1709142564.600792167,1709142564.600447126,/rigid_bodies.rigidbodies[2].pose.position.x,0.8641030234927152
93.927875412,1709142564.610857556,1709142564.610295018,/rigid_bodies.rigidbodies[2].pose.position.x,0.8640572625803652
93.938137874,1709142564.621120018,1709142564.620802820,/rigid_bodies.rigidbodies[2].pose.position.x,0.8641220677383686
93.94826409,1709142564.631246234,1709142564.630852325,/rigid_bodies.rigidbodies[2].pose.position.x,0.8641265300729276
93.958083649,1709142564.641065793,1709142564.640593575,/rigid_bodies.rigidbodies[2].pose.position.x,0.8641572972657628
93.968396773,1709142564.651378917,1709142564.650871259,/rigid_bodies.rigidbodies[2].pose.position.x,0.8642168906328582
93.977932522,1709142564.660914666,1709142564.660500920,/rigid_bodies.rigidbodies[2].pose.position.x,0.8641568359517796
93.987988223,1709142564.670970367,1709142564.670676641,/rigid_bodies.rigidbodies[2].pose.position.x,0.8640814497378007
93.998196142,1709142564.681178286,1709142564.680743945,/rigid_bodies.rigidbodies[2].pose.position.x,0.8641233841747457
94.00773959,1709142564.690721734,1709142564.690368827,/rigid_bodies.rigidbodies[2].pose.position.x,0.8641298318541508
94.018480998,1709142564.701463142,1709142564.701066322,/rigid_bodies.rigidbodies[2].pose.position.x,0.8641462874968255
94.027863318,1709142564.710845462,1709142564.710489323,/rigid_bodies.rigidbodies[2].pose.position.x,0.8641332459472048
94.03798852,1709142564.720970664,1709142564.720628367,/rigid_bodies.rigidbodies[2].pose.position.x,0.8641393171610265
94.048374005,1709142564.731356149,1709142564.730893599,/rigid_bodies.rigidbodies[2].pose.position.x,0.864130349831193
94.05804667,1709142564.741028814,1709142564.740423288,/rigid_bodies.rigidbodies[2].pose.position.x,0.8640801125968138
94.068196477,1709142564.751178621,1709142564.750660040,/rigid_bodies.rigidbodies[2].pose.position.x,0.8641690605825665
94.07788002,1709142564.760862164,1709142564.760459398,/rigid_bodies.rigidbodies[2].pose.position.x,0.8641608617090679
94.087943687,1709142564.770925831,1709142564.770531682,/rigid_bodies.rigidbodies[2].pose.position.x,0.8640787100060037
94.098265187,1709142564.781247331,1709142564.780882384,/rigid_bodies.rigidbodies[2].pose.position.x,0.8640709226987974
94.107910794,1709142564.790892938,1709142564.790410199,/rigid_bodies.rigidbodies[2].pose.position.x,0.8641137427867013
94.118534425,1709142564.801516569,1709142564.800856895,/rigid_bodies.rigidbodies[2].pose.position.x,0.8641573991095677
94.128429717,1709142564.811411861,1709142564.810786462,/rigid_bodies.rigidbodies[2].pose.position.x,0.864129945352574
94.138100422,1709142564.821082566,1709142564.820597026,/rigid_bodies.rigidbodies[2].pose.position.x,0.8641561285547541
94.14866862,1709142564.831650764,1709142564.830955431,/rigid_bodies.rigidbodies[2].pose.position.x,0.8641282953007657
94.157918303,1709142564.840900447,1709142564.840424555,/rigid_bodies.rigidbodies[2].pose.position.x,0.8641001564498305
94.168464761,1709142564.851446905,1709142564.850871107,/rigid_bodies.rigidbodies[2].pose.position.x,0.8641296230849173
94.178216337,1709142564.861198481,1709142564.860721826,/rigid_bodies.rigidbodies[2].pose.position.x,0.8641840287594967
94.188781767,1709142564.871763911,1709142564.871025423,/rigid_bodies.rigidbodies[2].pose.position.x,0.8640991928176797
94.19885379,1709142564.881835934,1709142564.881210135,/rigid_bodies.rigidbodies[2].pose.position.x,0.8640794868295705
94.208031613,1709142564.891013757,1709142564.890491402,/rigid_bodies.rigidbodies[2].pose.position.x,0.8641320841718018
94.218290128,1709142564.901272272,1709142564.900711858,/rigid_bodies.rigidbodies[2].pose.position.x,0.8641004391498498
94.227721219,1709142564.910703363,1709142564.910300601,/rigid_bodies.rigidbodies[2].pose.position.x,0.8641167289628964
94.238232445,1709142564.921214589,1709142564.920864771,/rigid_bodies.rigidbodies[2].pose.position.x,0.864168123811001
94.248546366,1709142564.931528510,1709142564.931144831,/rigid_bodies.rigidbodies[2].pose.position.x,0.8641417536787371
94.257456478,1709142564.940438622,1709142564.940048623,/rigid_bodies.rigidbodies[2].pose.position.x,0.8640839563274921
94.2677185,1709142564.950700644,1709142564.950308323,/rigid_bodies.rigidbodies[2].pose.position.x,0.8640909026392909
94.278118812,1709142564.961100956,1709142564.960706758,/rigid_bodies.rigidbodies[2].pose.position.x,0.8641390773668153
94.288049885,1709142564.971032029,1709142564.970589000,/rigid_bodies.rigidbodies[2].pose.position.x,0.8640811702307536
94.298559568,1709142564.981541712,1709142564.980951364,/rigid_bodies.rigidbodies[2].pose.position.x,0.8640797774043909
94.307898002,1709142564.990880146,1709142564.990499094,/rigid_bodies.rigidbodies[2].pose.position.x,0.8641598400854075
94.318047275,1709142565.001029419,1709142565.000726131,/rigid_bodies.rigidbodies[2].pose.position.x,0.8641112864528903
94.327423309,1709142565.010405453,1709142565.010080622,/rigid_bodies.rigidbodies[2].pose.position.x,0.8641149634601798
94.338397876,1709142565.021380020,1709142565.021024882,/rigid_bodies.rigidbodies[2].pose.position.x,0.8641383371607857
94.348166626,1709142565.031148770,1709142565.030742713,/rigid_bodies.rigidbodies[2].pose.position.x,0.8641248105680472
94.358261198,1709142565.041243342,1709142565.040621203,/rigid_bodies.rigidbodies[2].pose.position.x,0.8640942842936135
94.368380879,1709142565.051363023,1709142565.050748555,/rigid_bodies.rigidbodies[2].pose.position.x,0.8641012318023984
94.378064453,1709142565.061046597,1709142565.060643587,/rigid_bodies.rigidbodies[2].pose.position.x,0.8641398551541354
94.388094275,1709142565.071076419,1709142565.070691730,/rigid_bodies.rigidbodies[2].pose.position.x,0.8641183260364069
94.398521121,1709142565.081503265,1709142565.080872037,/rigid_bodies.rigidbodies[2].pose.position.x,0.8641029260006745
94.408219852,1709142565.091201996,1709142565.090840624,/rigid_bodies.rigidbodies[2].pose.position.x,0.8641342377120523
94.418190407,1709142565.101172551,1709142565.100878356,/rigid_bodies.rigidbodies[2].pose.position.x,0.8641265059037556
94.428696238,1709142565.111678382,1709142565.111013324,/rigid_bodies.rigidbodies[2].pose.position.x,0.8640770618038646
94.437845678,1709142565.120827822,1709142565.120611735,/rigid_bodies.rigidbodies[2].pose.position.x,0.864109833492259
94.448231843,1709142565.131213987,1709142565.130892150,/rigid_bodies.rigidbodies[2].pose.position.x,0.8641266669906184
94.458651284,1709142565.141633428,1709142565.141172560,/rigid_bodies.rigidbodies[2].pose.position.x,0.8640851137869858
94.467982926,1709142565.150965070,1709142565.150653257,/rigid_bodies.rigidbodies[2].pose.position.x,0.8641293462464774
94.477490045,1709142565.160472189,1709142565.160102746,/rigid_bodies.rigidbodies[2].pose.position.x,0.8641553016316421
94.488330525,1709142565.171312669,1709142565.170882550,/rigid_bodies.rigidbodies[2].pose.position.x,0.8640731959728942
94.498569414,1709142565.181551558,1709142565.181004530,/rigid_bodies.rigidbodies[2].pose.position.x,0.8640836592262321
94.508508881,1709142565.191491025,1709142565.191027287,/rigid_bodies.rigidbodies[2].pose.position.x,0.8641453042051567
94.518168538,1709142565.201150682,1709142565.200678073,/rigid_bodies.rigidbodies[2].pose.position.x,0.8641369013501518
94.527817993,1709142565.210800137,1709142565.210431959,/rigid_bodies.rigidbodies[2].pose.position.x,0.8640929202841645
94.538147284,1709142565.221129428,1709142565.220680387,/rigid_bodies.rigidbodies[2].pose.position.x,0.8641306383080934
94.547685987,1709142565.230668131,1709142565.230180418,/rigid_bodies.rigidbodies[2].pose.position.x,0.8641061176379814
94.558202119,1709142565.241184263,1709142565.240663997,/rigid_bodies.rigidbodies[2].pose.position.x,0.8640731496651238
94.568248081,1709142565.251230225,1709142565.250779271,/rigid_bodies.rigidbodies[2].pose.position.x,0.8641088856826938
94.577602123,1709142565.260584267,1709142565.260153200,/rigid_bodies.rigidbodies[2].pose.position.x,0.8641620272030184
94.588278295,1709142565.271260439,1709142565.270753481,/rigid_bodies.rigidbodies[2].pose.position.x,0.8641142487918769
94.598303451,1709142565.281285595,1709142565.280796115,/rigid_bodies.rigidbodies[2].pose.position.x,0.8641006140538718
94.608384794,1709142565.291366938,1709142565.290861780,/rigid_bodies.rigidbodies[2].pose.position.x,0.8641104407924046
94.618133831,1709142565.301115975,1709142565.300736801,/rigid_bodies.rigidbodies[2].pose.position.x,0.8641173017465585
94.628079679,1709142565.311061823,1709142565.310659322,/rigid_bodies.rigidbodies[2].pose.position.x,0.8640699109666801
94.637743384,1709142565.320725528,1709142565.320360385,/rigid_bodies.rigidbodies[2].pose.position.x,0.8641446422303666
94.648051734,1709142565.331033878,1709142565.330654420,/rigid_bodies.rigidbodies[2].pose.position.x,0.8641690432659125
94.657580913,1709142565.340563057,1709142565.340194043,/rigid_bodies.rigidbodies[2].pose.position.x,0.8640582942585362
94.668452542,1709142565.351434686,1709142565.350945532,/rigid_bodies.rigidbodies[2].pose.position.x,0.8640318248198233
94.67759651,1709142565.360578654,1709142565.360170181,/rigid_bodies.rigidbodies[2].pose.position.x,0.8641165045142587
94.688144928,1709142565.371127072,1709142565.370644993,/rigid_bodies.rigidbodies[2].pose.position.x,0.8641350687645345
94.69860306,1709142565.381585204,1709142565.381075438,/rigid_bodies.rigidbodies[2].pose.position.x,0.8641548338217988
94.706547341,1709142565.389529485,1709142565.389059531,/rigid_bodies.rigidbodies[2].pose.position.x,0.8641616144774944
94.71868507,1709142565.401667214,1709142565.401048798,/rigid_bodies.rigidbodies[2].pose.position.x,0.8641488891510436
94.728093083,1709142565.411075227,1709142565.410637178,/rigid_bodies.rigidbodies[2].pose.position.x,0.864098283259471
94.738273842,1709142565.421255986,1709142565.420806865,/rigid_bodies.rigidbodies[2].pose.position.x,0.864121848550995
94.748383337,1709142565.431365481,1709142565.430951926,/rigid_bodies.rigidbodies[2].pose.position.x,0.8641774060345395
94.75817083,1709142565.441152974,1709142565.440567442,/rigid_bodies.rigidbodies[2].pose.position.x,0.8641555379155147
94.768296172,1709142565.451278316,1709142565.450719509,/rigid_bodies.rigidbodies[2].pose.position.x,0.8641346220500936
94.778110214,1709142565.461092358,1709142565.460666115,/rigid_bodies.rigidbodies[2].pose.position.x,0.8641255169051395
94.788500052,1709142565.471482196,1709142565.470861529,/rigid_bodies.rigidbodies[2].pose.position.x,0.8641298348221977
94.798676807,1709142565.481658951,1709142565.481108506,/rigid_bodies.rigidbodies[2].pose.position.x,0.864129625678424
94.807557256,1709142565.490539400,1709142565.490214527,/rigid_bodies.rigidbodies[2].pose.position.x,0.8641597677806397
94.818289386,1709142565.501271530,1709142565.500786879,/rigid_bodies.rigidbodies[2].pose.position.x,0.8641610247843668
94.827901665,1709142565.510883809,1709142565.510307339,/rigid_bodies.rigidbodies[2].pose.position.x,0.8641034575181996
94.83834776,1709142565.521329904,1709142565.520889504,/rigid_bodies.rigidbodies[2].pose.position.x,0.8641103675615284
94.848471729,1709142565.531453873,1709142565.530876984,/rigid_bodies.rigidbodies[2].pose.position.x,0.8641348423561288
94.858369062,1709142565.541351206,1709142565.540750072,/rigid_bodies.rigidbodies[2].pose.position.x,0.8641063764676185
94.868647792,1709142565.551629936,1709142565.551056736,/rigid_bodies.rigidbodies[2].pose.position.x,0.8641012362746602
94.878663528,1709142565.561645672,1709142565.560900184,/rigid_bodies.rigidbodies[2].pose.position.x,0.864182831123957
94.889187791,1709142565.572169935,1709142565.571470224,/rigid_bodies.rigidbodies[2].pose.position.x,0.8641740532036171
94.897739721,1709142565.580721865,1709142565.580236595,/rigid_bodies.rigidbodies[2].pose.position.x,0.8641147963607044
94.90776567,1709142565.590747814,1709142565.590149795,/rigid_bodies.rigidbodies[2].pose.position.x,0.8640819339237428
94.91818003,1709142565.601162174,1709142565.600519528,/rigid_bodies.rigidbodies[2].pose.position.x,0.8641030204499581
94.92795127,1709142565.610933414,1709142565.610527700,/rigid_bodies.rigidbodies[2].pose.position.x,0.8641326129501242
94.937929258,1709142565.620911402,1709142565.620595569,/rigid_bodies.rigidbodies[2].pose.position.x,0.8641951548829989
94.948253052,1709142565.631235196,1709142565.630834666,/rigid_bodies.rigidbodies[2].pose.position.x,0.8641495895438714
94.957887551,1709142565.640869695,1709142565.640520179,/rigid_bodies.rigidbodies[2].pose.position.x,0.8640715655850895
94.968534824,1709142565.651516968,1709142565.651040051,/rigid_bodies.rigidbodies[2].pose.position.x,0.8640695091123938
94.978386278,1709142565.661368422,1709142565.660941947,/rigid_bodies.rigidbodies[2].pose.position.x,0.8641317941053002
94.988378684,1709142565.671360828,1709142565.670930451,/rigid_bodies.rigidbodies[2].pose.position.x,0.8641691285909645
94.998476709,1709142565.681458853,1709142565.681024482,/rigid_bodies.rigidbodies[2].pose.position.x,0.8641411201228263
95.008325928,1709142565.691308072,1709142565.690786292,/rigid_bodies.rigidbodies[2].pose.position.x,0.8640607215911821
95.018260023,1709142565.701242167,1709142565.700911552,/rigid_bodies.rigidbodies[2].pose.position.x,0.8640527563501199
95.027672092,1709142565.710654236,1709142565.710295125,/rigid_bodies.rigidbodies[2].pose.position.x,0.8640701699389755
95.037942222,1709142565.720924366,1709142565.720669118,/rigid_bodies.rigidbodies[2].pose.position.x,0.8641422079218035
95.048218215,1709142565.731200359,1709142565.730869295,/rigid_bodies.rigidbodies[2].pose.position.x,0.8641932640847919
95.058108769,1709142565.741090913,1709142565.740637027,/rigid_bodies.rigidbodies[2].pose.position.x,0.8641383157974324
95.068170809,1709142565.751152953,1709142565.750732181,/rigid_bodies.rigidbodies[2].pose.position.x,0.864018879662373
95.078119016,1709142565.761101160,1709142565.760652895,/rigid_bodies.rigidbodies[2].pose.position.x,0.8640786700131002
95.088291599,1709142565.771273743,1709142565.770916676,/rigid_bodies.rigidbodies[2].pose.position.x,0.8641670965763156
95.097773837,1709142565.780755981,1709142565.780446005,/rigid_bodies.rigidbodies[2].pose.position.x,0.8641555568218117
95.108128422,1709142565.791110566,1709142565.790644620,/rigid_bodies.rigidbodies[2].pose.position.x,0.8641441151710662
95.118504109,1709142565.801486253,1709142565.801043511,/rigid_bodies.rigidbodies[2].pose.position.x,0.8640803595612804
95.127931972,1709142565.810914116,1709142565.810644692,/rigid_bodies.rigidbodies[2].pose.position.x,0.8640257995118146
95.138183017,1709142565.821165161,1709142565.820830170,/rigid_bodies.rigidbodies[2].pose.position.x,0.8640891828788173
95.148118137,1709142565.831100281,1709142565.830823577,/rigid_bodies.rigidbodies[2].pose.position.x,0.8642029256457203
95.157846152,1709142565.840828296,1709142565.840472797,/rigid_bodies.rigidbodies[2].pose.position.x,0.864161606335968
95.168304185,1709142565.851286329,1709142565.850773501,/rigid_bodies.rigidbodies[2].pose.position.x,0.8640384201147518
95.177558144,1709142565.860540288,1709142565.860215097,/rigid_bodies.rigidbodies[2].pose.position.x,0.8640540345970875
95.188274966,1709142565.871257110,1709142565.870807952,/rigid_bodies.rigidbodies[2].pose.position.x,0.8640838380653709
95.198563142,1709142565.881545286,1709142565.881000825,/rigid_bodies.rigidbodies[2].pose.position.x,0.8640832862907011
95.208277444,1709142565.891259588,1709142565.890832777,/rigid_bodies.rigidbodies[2].pose.position.x,0.8641611696656051
95.218004637,1709142565.900986781,1709142565.900563626,/rigid_bodies.rigidbodies[2].pose.position.x,0.8641642453222185
95.228101626,1709142565.911083770,1709142565.910704469,/rigid_bodies.rigidbodies[2].pose.position.x,0.8640712819521911
95.238167606,1709142565.921149750,1709142565.920747298,/rigid_bodies.rigidbodies[2].pose.position.x,0.8640598645965573
95.248086833,1709142565.931068977,1709142565.930537865,/rigid_bodies.rigidbodies[2].pose.position.x,0.8641628998272397
95.258426324,1709142565.941408468,1709142565.940754356,/rigid_bodies.rigidbodies[2].pose.position.x,0.8641838930266846
95.268396743,1709142565.951378887,1709142565.950987854,/rigid_bodies.rigidbodies[2].pose.position.x,0.8640738905173964
95.277837872,1709142565.960820016,1709142565.960392486,/rigid_bodies.rigidbodies[2].pose.position.x,0.8640436798009972
95.288174989,1709142565.971157133,1709142565.970658271,/rigid_bodies.rigidbodies[2].pose.position.x,0.8640773589536781
95.298059056,1709142565.981041200,1709142565.980564522,/rigid_bodies.rigidbodies[2].pose.position.x,0.8640758569095874
95.308374831,1709142565.991356975,1709142565.990753314,/rigid_bodies.rigidbodies[2].pose.position.x,0.8641724720125963
95.318590542,1709142566.001572686,1709142566.001091138,/rigid_bodies.rigidbodies[2].pose.position.x,0.8642026095472832
95.327850055,1709142566.010832199,1709142566.010424838,/rigid_bodies.rigidbodies[2].pose.position.x,0.8640716723210794
95.338160121,1709142566.021142265,1709142566.020680157,/rigid_bodies.rigidbodies[2].pose.position.x,0.8640178842578766
95.345954312,1709142566.028936456,1709142566.028500647,/rigid_bodies.rigidbodies[2].pose.position.x,0.8640778820334825
95.357919745,1709142566.040901889,1709142566.040553119,/rigid_bodies.rigidbodies[2].pose.position.x,0.8641670012875462
95.36770389,1709142566.050686034,1709142566.050513503,/rigid_bodies.rigidbodies[2].pose.position.x,0.8641407426413605
95.377638966,1709142566.060621110,1709142566.060286915,/rigid_bodies.rigidbodies[2].pose.position.x,0.8641293940052249
95.387835009,1709142566.070817153,1709142566.070570359,/rigid_bodies.rigidbodies[2].pose.position.x,0.8640869274387294
95.397740132,1709142566.080722276,1709142566.080438872,/rigid_bodies.rigidbodies[2].pose.position.x,0.8640536350874083
95.406717811,1709142566.089699955,1709142566.089460618,/rigid_bodies.rigidbodies[2].pose.position.x,0.8641270639410055
95.418349053,1709142566.101331197,1709142566.100838909,/rigid_bodies.rigidbodies[2].pose.position.x,0.8642054630739721
95.427551058,1709142566.110533202,1709142566.109904349,/rigid_bodies.rigidbodies[2].pose.position.x,0.8641367766947712
95.438204884,1709142566.121187028,1709142566.120717469,/rigid_bodies.rigidbodies[2].pose.position.x,0.8640452651547254
95.448463372,1709142566.131445516,1709142566.130936036,/rigid_bodies.rigidbodies[2].pose.position.x,0.864054836941211
95.457914659,1709142566.140896803,1709142566.140349653,/rigid_bodies.rigidbodies[2].pose.position.x,0.864138680038086
95.4682521,1709142566.151234244,1709142566.150738740,/rigid_bodies.rigidbodies[2].pose.position.x,0.8641408885385544
95.477926943,1709142566.160909087,1709142566.160430210,/rigid_bodies.rigidbodies[2].pose.position.x,0.8641551658979075
95.488824664,1709142566.171806808,1709142566.171023126,/rigid_bodies.rigidbodies[2].pose.position.x,0.8641782595104779
95.498965818,1709142566.181947962,1709142566.181134864,/rigid_bodies.rigidbodies[2].pose.position.x,0.8641147199762215
95.508091858,1709142566.191074002,1709142566.190604363,/rigid_bodies.rigidbodies[2].pose.position.x,0.8641033509486228
95.518782169,1709142566.201764313,1709142566.201062347,/rigid_bodies.rigidbodies[2].pose.position.x,0.8641608363754043
95.52795706,1709142566.210939204,1709142566.210190947,/rigid_bodies.rigidbodies[2].pose.position.x,0.8641285410387698
95.538368214,1709142566.221350358,1709142566.220892691,/rigid_bodies.rigidbodies[2].pose.position.x,0.8640925258571011
95.548189938,1709142566.231172082,1709142566.230544048,/rigid_bodies.rigidbodies[2].pose.position.x,0.8641327608462835
95.558180438,1709142566.241162582,1709142566.240705545,/rigid_bodies.rigidbodies[2].pose.position.x,0.8641358129783737
95.568462675,1709142566.251444819,1709142566.250924552,/rigid_bodies.rigidbodies[2].pose.position.x,0.8641002207649321
95.578517288,1709142566.261499432,1709142566.260829170,/rigid_bodies.rigidbodies[2].pose.position.x,0.8641612485762576
95.588572122,1709142566.271554266,1709142566.270982766,/rigid_bodies.rigidbodies[2].pose.position.x,0.8641379075631421
95.598755738,1709142566.281737882,1709142566.281113922,/rigid_bodies.rigidbodies[2].pose.position.x,0.8640464634254243
95.6080301,1709142566.291012244,1709142566.290542423,/rigid_bodies.rigidbodies[2].pose.position.x,0.8640517422803671
95.618835578,1709142566.301817722,1709142566.301083882,/rigid_bodies.rigidbodies[2].pose.position.x,0.8641118497244412
95.62781162,1709142566.310793764,1709142566.310244058,/rigid_bodies.rigidbodies[2].pose.position.x,0.864103473519173
95.638103682,1709142566.321085826,1709142566.320736784,/rigid_bodies.rigidbodies[2].pose.position.x,0.86413459023806
95.643701229,1709142566.326683373,1709142566.326198995,/rigid_bodies.rigidbodies[2].pose.position.x,0.864174034859196
95.658826559,1709142566.341808703,1709142566.341230935,/rigid_bodies.rigidbodies[2].pose.position.x,0.8641554992539408
95.668614738,1709142566.351596882,1709142566.351066459,/rigid_bodies.rigidbodies[2].pose.position.x,0.8640653144403075
95.678497947,1709142566.361480091,1709142566.360769780,/rigid_bodies.rigidbodies[2].pose.position.x,0.8641237228903379
95.688669175,1709142566.371651319,1709142566.370941949,/rigid_bodies.rigidbodies[2].pose.position.x,0.8641784563111693
95.698911444,1709142566.381893588,1709142566.381450582,/rigid_bodies.rigidbodies[2].pose.position.x,0.8641630318484519
95.70852285,1709142566.391504994,1709142566.390872171,/rigid_bodies.rigidbodies[2].pose.position.x,0.8640703419255209
95.718293496,1709142566.401275640,1709142566.400746210,/rigid_bodies.rigidbodies[2].pose.position.x,0.8641201942561281
95.728168483,1709142566.411150627,1709142566.410572245,/rigid_bodies.rigidbodies[2].pose.position.x,0.8641392511072875
95.738081054,1709142566.421063198,1709142566.420616290,/rigid_bodies.rigidbodies[2].pose.position.x,0.8641204487867512
95.748673789,1709142566.431655933,1709142566.431064850,/rigid_bodies.rigidbodies[2].pose.position.x,0.8641550387268893
95.758402765,1709142566.441384909,1709142566.440900171,/rigid_bodies.rigidbodies[2].pose.position.x,0.864173044902708
95.767789535,1709142566.450771679,1709142566.450563490,/rigid_bodies.rigidbodies[2].pose.position.x,0.8640860546750793
95.778195655,1709142566.461177799,1709142566.460919468,/rigid_bodies.rigidbodies[2].pose.position.x,0.8640653503339016
95.787683386,1709142566.470665530,1709142566.470440444,/rigid_bodies.rigidbodies[2].pose.position.x,0.8641071360500736
95.798112965,1709142566.481095109,1709142566.480672527,/rigid_bodies.rigidbodies[2].pose.position.x,0.8641199556116185
95.808248508,1709142566.491230652,1709142566.490639783,/rigid_bodies.rigidbodies[2].pose.position.x,0.8641164838661296
95.818694942,1709142566.501677086,1709142566.501159719,/rigid_bodies.rigidbodies[2].pose.position.x,0.8641267477981395
95.827988385,1709142566.510970529,1709142566.510222431,/rigid_bodies.rigidbodies[2].pose.position.x,0.8641271304722008
95.838176388,1709142566.521158532,1709142566.520689528,/rigid_bodies.rigidbodies[2].pose.position.x,0.8641095515731861
95.848235823,1709142566.531217967,1709142566.530742144,/rigid_bodies.rigidbodies[2].pose.position.x,0.8641245220463442
95.858078849,1709142566.541060993,1709142566.540511402,/rigid_bodies.rigidbodies[2].pose.position.x,0.8641466895111825
95.868010294,1709142566.550992438,1709142566.550443702,/rigid_bodies.rigidbodies[2].pose.position.x,0.8641133589248147
95.877517151,1709142566.560499295,1709142566.560040691,/rigid_bodies.rigidbodies[2].pose.position.x,0.8640667074972301
95.88873443,1709142566.571716574,1709142566.571013218,/rigid_bodies.rigidbodies[2].pose.position.x,0.8641213221899481
95.898175772,1709142566.581157916,1709142566.580627926,/rigid_bodies.rigidbodies[2].pose.position.x,0.8641465987406715
95.907976908,1709142566.590959052,1709142566.590566224,/rigid_bodies.rigidbodies[2].pose.position.x,0.8641000630833338
95.918613066,1709142566.601595210,1709142566.600957045,/rigid_bodies.rigidbodies[2].pose.position.x,0.8641021192467321
95.92752569,1709142566.610507834,1709142566.610019905,/rigid_bodies.rigidbodies[2].pose.position.x,0.8641461340157425
95.937470613,1709142566.620452757,1709142566.620040247,/rigid_bodies.rigidbodies[2].pose.position.x,0.8640742529255803
95.9482478,1709142566.631229944,1709142566.630704217,/rigid_bodies.rigidbodies[2].pose.position.x,0.8640560363575795
95.957882107,1709142566.640864251,1709142566.640290358,/rigid_bodies.rigidbodies[2].pose.position.x,0.8641521602827413
95.968120579,1709142566.651102723,1709142566.650660945,/rigid_bodies.rigidbodies[2].pose.position.x,0.8641507508426622
95.973657779,1709142566.656639923,1709142566.656195335,/rigid_bodies.rigidbodies[2].pose.position.x,0.8641222039803548
95.98828278,1709142566.671264924,1709142566.670842530,/rigid_bodies.rigidbodies[2].pose.position.x,0.8640897807477349
95.99830765,1709142566.681289794,1709142566.680817926,/rigid_bodies.rigidbodies[2].pose.position.x,0.8640717152485007
96.008206027,1709142566.691188171,1709142566.690561037,/rigid_bodies.rigidbodies[2].pose.position.x,0.8640219095362995
96.018078344,1709142566.701060488,1709142566.700574671,/rigid_bodies.rigidbodies[2].pose.position.x,0.8640971798598658
96.028165206,1709142566.711147350,1709142566.710681944,/rigid_bodies.rigidbodies[2].pose.position.x,0.8641641062894057
96.038326192,1709142566.721308336,1709142566.720759915,/rigid_bodies.rigidbodies[2].pose.position.x,0.8640940644805337
96.048214351,1709142566.731196495,1709142566.730711234,/rigid_bodies.rigidbodies[2].pose.position.x,0.8640667057137531
96.058022816,1709142566.741004960,1709142566.740502479,/rigid_bodies.rigidbodies[2].pose.position.x,0.8640800717398313
96.068566069,1709142566.751548213,1709142566.750918776,/rigid_bodies.rigidbodies[2].pose.position.x,0.8641437630161264
96.078388029,1709142566.761370173,1709142566.760807573,/rigid_bodies.rigidbodies[2].pose.position.x,0.8641275045638094
96.088264812,1709142566.771246956,1709142566.770790596,/rigid_bodies.rigidbodies[2].pose.position.x,0.8641061542295373
96.098410063,1709142566.781392207,1709142566.780903417,/rigid_bodies.rigidbodies[2].pose.position.x,0.8641174337820646
96.108665101,1709142566.791647245,1709142566.791111265,/rigid_bodies.rigidbodies[2].pose.position.x,0.8640757889271578
96.118183903,1709142566.801166047,1709142566.800735148,/rigid_bodies.rigidbodies[2].pose.position.x,0.8641117323855112
96.128405774,1709142566.811387918,1709142566.810738854,/rigid_bodies.rigidbodies[2].pose.position.x,0.8642114736206692
96.138031772,1709142566.821013916,1709142566.820553145,/rigid_bodies.rigidbodies[2].pose.position.x,0.8641602889686409
96.143781487,1709142566.826763631,1709142566.826268824,/rigid_bodies.rigidbodies[2].pose.position.x,0.8640721789718188
96.158612848,1709142566.841594992,1709142566.841081516,/rigid_bodies.rigidbodies[2].pose.position.x,0.8641336342352443
96.168475932,1709142566.851458076,1709142566.850905164,/rigid_bodies.rigidbodies[2].pose.position.x,0.8641888934084356
96.178184061,1709142566.861166205,1709142566.860706527,/rigid_bodies.rigidbodies[2].pose.position.x,0.8641913812411794
96.188186137,1709142566.871168281,1709142566.870718984,/rigid_bodies.rigidbodies[2].pose.position.x,0.8641861698132866
96.198310579,1709142566.881292723,1709142566.880846855,/rigid_bodies.rigidbodies[2].pose.position.x,0.8641126013236902
96.20819484,1709142566.891176984,1709142566.890623308,/rigid_bodies.rigidbodies[2].pose.position.x,0.864033672889976
96.218424,1709142566.901406144,1709142566.900903796,/rigid_bodies.rigidbodies[2].pose.position.x,0.8640954366074327
96.228261679,1709142566.911243823,1709142566.910687910,/rigid_bodies.rigidbodies[2].pose.position.x,0.864239046964894
96.238173515,1709142566.921155659,1709142566.920739966,/rigid_bodies.rigidbodies[2].pose.position.x,0.8642530867743354
96.248891613,1709142566.931873757,1709142566.931367047,/rigid_bodies.rigidbodies[2].pose.position.x,0.8641411940955348
96.25809791,1709142566.941080054,1709142566.940546736,/rigid_bodies.rigidbodies[2].pose.position.x,0.864064315228348
96.268286258,1709142566.951268402,1709142566.950773276,/rigid_bodies.rigidbodies[2].pose.position.x,0.8640496317860191
96.278606722,1709142566.961588866,1709142566.961157035,/rigid_bodies.rigidbodies[2].pose.position.x,0.8641121995306267
96.288450963,1709142566.971433107,1709142566.970801542,/rigid_bodies.rigidbodies[2].pose.position.x,0.8642317852445527
96.298761251,1709142566.981743395,1709142566.981053245,/rigid_bodies.rigidbodies[2].pose.position.x,0.8642192599308117
96.308594746,1709142566.991576890,1709142566.991126154,/rigid_bodies.rigidbodies[2].pose.position.x,0.8640632530086702
96.318682251,1709142567.001664395,1709142567.001022794,/rigid_bodies.rigidbodies[2].pose.position.x,0.8640253774103829
96.328796748,1709142567.011778892,1709142567.011063791,/rigid_bodies.rigidbodies[2].pose.position.x,0.86413157063591
96.338487135,1709142567.021469279,1709142567.021002324,/rigid_bodies.rigidbodies[2].pose.position.x,0.8642236331221402
96.348127343,1709142567.031109487,1709142567.030824524,/rigid_bodies.rigidbodies[2].pose.position.x,0.8641610102572722
96.357455222,1709142567.040437366,1709142567.040265585,/rigid_bodies.rigidbodies[2].pose.position.x,0.8641210676332857
96.366664165,1709142567.049646309,1709142567.049348456,/rigid_bodies.rigidbodies[2].pose.position.x,0.8640751336671968
96.377704804,1709142567.060686948,1709142567.060349839,/rigid_bodies.rigidbodies[2].pose.position.x,0.8640079625777051
96.388347102,1709142567.071329246,1709142567.070871532,/rigid_bodies.rigidbodies[2].pose.position.x,0.8641121179890187
96.398200419,1709142567.081182563,1709142567.080747530,/rigid_bodies.rigidbodies[2].pose.position.x,0.8642289053927975
96.407560409,1709142567.090542553,1709142567.090293305,/rigid_bodies.rigidbodies[2].pose.position.x,0.8641774513718189
96.418010944,1709142567.100993088,1709142567.100584551,/rigid_bodies.rigidbodies[2].pose.position.x,0.8640670882367261
96.428144768,1709142567.111126912,1709142567.110722283,/rigid_bodies.rigidbodies[2].pose.position.x,0.8640711466852631
96.438297943,1709142567.121280087,1709142567.120980316,/rigid_bodies.rigidbodies[2].pose.position.x,0.8640796842892455
96.45018424,1709142567.133166384,1709142567.132680397,/rigid_bodies.rigidbodies[2].pose.position.x,0.8641490820767235
96.458372826,1709142567.141354970,1709142567.140851260,/rigid_bodies.rigidbodies[2].pose.position.x,0.8642017460186641
96.46817808,1709142567.151160224,1709142567.150737747,/rigid_bodies.rigidbodies[2].pose.position.x,0.8641130587181963
96.47841525,1709142567.161397394,1709142567.160846361,/rigid_bodies.rigidbodies[2].pose.position.x,0.8639818692746742
96.488372119,1709142567.171354263,1709142567.170901959,/rigid_bodies.rigidbodies[2].pose.position.x,0.8640260127669815
96.498413932,1709142567.181396076,1709142567.180872788,/rigid_bodies.rigidbodies[2].pose.position.x,0.8642010841783814
96.508013075,1709142567.190995219,1709142567.190531373,/rigid_bodies.rigidbodies[2].pose.position.x,0.8642739167587213
96.518339504,1709142567.201321648,1709142567.200830140,/rigid_bodies.rigidbodies[2].pose.position.x,0.8641541688277194
96.527940933,1709142567.210923077,1709142567.210498614,/rigid_bodies.rigidbodies[2].pose.position.x,0.8640580182700174
96.538044103,1709142567.221026247,1709142567.220541263,/rigid_bodies.rigidbodies[2].pose.position.x,0.8639913676461165
96.548497124,1709142567.231479268,1709142567.231032035,/rigid_bodies.rigidbodies[2].pose.position.x,0.8640634553614852
96.557929514,1709142567.240911658,1709142567.240429737,/rigid_bodies.rigidbodies[2].pose.position.x,0.8642086005170185
96.568307627,1709142567.251289771,1709142567.250752856,/rigid_bodies.rigidbodies[2].pose.position.x,0.8642565665081565
96.578342031,1709142567.261324175,1709142567.260914657,/rigid_bodies.rigidbodies[2].pose.position.x,0.864092536261632
96.588446793,1709142567.271428937,1709142567.270921477,/rigid_bodies.rigidbodies[2].pose.position.x,0.8640103416260642
96.59809461,1709142567.281076754,1709142567.280649144,/rigid_bodies.rigidbodies[2].pose.position.x,0.8641301184572671
96.608198547,1709142567.291180691,1709142567.290810606,/rigid_bodies.rigidbodies[2].pose.position.x,0.8641572549869818
96.618176839,1709142567.301158983,1709142567.300739907,/rigid_bodies.rigidbodies[2].pose.position.x,0.8641535591989015
96.628040003,1709142567.311022147,1709142567.310574042,/rigid_bodies.rigidbodies[2].pose.position.x,0.8641678226671363
96.638526608,1709142567.321508752,1709142567.320918861,/rigid_bodies.rigidbodies[2].pose.position.x,0.8640789138389557
96.645162216,1709142567.328144360,1709142567.327753808,/rigid_bodies.rigidbodies[2].pose.position.x,0.8639976002345977
96.658517148,1709142567.341499292,1709142567.341031048,/rigid_bodies.rigidbodies[2].pose.position.x,0.8641176056822293
96.668226195,1709142567.351208339,1709142567.350829439,/rigid_bodies.rigidbodies[2].pose.position.x,0.8642505099458139
96.677769068,1709142567.360751212,1709142567.360459491,/rigid_bodies.rigidbodies[2].pose.position.x,0.8641942974537615
96.688432482,1709142567.371414626,1709142567.370863497,/rigid_bodies.rigidbodies[2].pose.position.x,0.8640910915546226
96.698199374,1709142567.381181518,1709142567.380697356,/rigid_bodies.rigidbodies[2].pose.position.x,0.8640599237200424
96.7080237,1709142567.391005844,1709142567.390625134,/rigid_bodies.rigidbodies[2].pose.position.x,0.8640488338180844
96.718293304,1709142567.401275448,1709142567.400852189,/rigid_bodies.rigidbodies[2].pose.position.x,0.8641026124654696
96.72830212,1709142567.411284264,1709142567.410751606,/rigid_bodies.rigidbodies[2].pose.position.x,0.8642301975379818
96.737982968,1709142567.420965112,1709142567.420698397,/rigid_bodies.rigidbodies[2].pose.position.x,0.8642066576453724
96.748424521,1709142567.431406665,1709142567.430850218,/rigid_bodies.rigidbodies[2].pose.position.x,0.8640464508963234
96.758382357,1709142567.441364501,1709142567.440998402,/rigid_bodies.rigidbodies[2].pose.position.x,0.8640270906615349
96.76863963,1709142567.451621774,1709142567.451090402,/rigid_bodies.rigidbodies[2].pose.position.x,0.8641790517204945
96.778009454,1709142567.460991598,1709142567.460620096,/rigid_bodies.rigidbodies[2].pose.position.x,0.8642145340497466
96.788250482,1709142567.471232626,1709142567.470834349,/rigid_bodies.rigidbodies[2].pose.position.x,0.8642182188466324
96.798428736,1709142567.481410880,1709142567.480931724,/rigid_bodies.rigidbodies[2].pose.position.x,0.8641195619761346
96.808446372,1709142567.491428516,1709142567.490956286,/rigid_bodies.rigidbodies[2].pose.position.x,0.8640288647632585
96.818023219,1709142567.501005363,1709142567.500643777,/rigid_bodies.rigidbodies[2].pose.position.x,0.8640187620950306
96.828878209,1709142567.511860353,1709142567.511374413,/rigid_bodies.rigidbodies[2].pose.position.x,0.8641855184076431
96.838264812,1709142567.521246956,1709142567.520763650,/rigid_bodies.rigidbodies[2].pose.position.x,0.864301137885907
96.848010528,1709142567.530992672,1709142567.530623179,/rigid_bodies.rigidbodies[2].pose.position.x,0.8641673605280059
96.857698542,1709142567.540680686,1709142567.540350481,/rigid_bodies.rigidbodies[2].pose.position.x,0.8640598140337095
96.868680691,1709142567.551662835,1709142567.551130500,/rigid_bodies.rigidbodies[2].pose.position.x,0.8640875485933737
96.877670317,1709142567.560652461,1709142567.560276783,/rigid_bodies.rigidbodies[2].pose.position.x,0.8641146204667169
96.888095269,1709142567.571077413,1709142567.570645299,/rigid_bodies.rigidbodies[2].pose.position.x,0.8641677787789477
96.898362376,1709142567.581344520,1709142567.580841538,/rigid_bodies.rigidbodies[2].pose.position.x,0.8641952883537033
96.908018619,1709142567.591000763,1709142567.590585756,/rigid_bodies.rigidbodies[2].pose.position.x,0.86408890608595
96.918188205,1709142567.601170349,1709142567.600843436,/rigid_bodies.rigidbodies[2].pose.position.x,0.8640146084568635
96.928279473,1709142567.611261617,1709142567.610746548,/rigid_bodies.rigidbodies[2].pose.position.x,0.8640948621126512
96.938404607,1709142567.621386751,1709142567.621053077,/rigid_bodies.rigidbodies[2].pose.position.x,0.8642290080789959
96.948293611,1709142567.631275755,1709142567.630792218,/rigid_bodies.rigidbodies[2].pose.position.x,0.8642310890291472
96.957772267,1709142567.640754411,1709142567.640160933,/rigid_bodies.rigidbodies[2].pose.position.x,0.8641178546895804
96.968292379,1709142567.651274523,1709142567.650791454,/rigid_bodies.rigidbodies[2].pose.position.x,0.8640710974791973
96.978044936,1709142567.661027080,1709142567.660526689,/rigid_bodies.rigidbodies[2].pose.position.x,0.8640677241547255
96.988665901,1709142567.671648045,1709142567.671036120,/rigid_bodies.rigidbodies[2].pose.position.x,0.8640716431309937
96.999127294,1709142567.682109438,1709142567.681552796,/rigid_bodies.rigidbodies[2].pose.position.x,0.8642390875733209
97.007703598,1709142567.690685742,1709142567.690377155,/rigid_bodies.rigidbodies[2].pose.position.x,0.8642298151682676
97.01835438,1709142567.701336524,1709142567.700871100,/rigid_bodies.rigidbodies[2].pose.position.x,0.8640554434762404
97.027326105,1709142567.710308249,1709142567.710119748,/rigid_bodies.rigidbodies[2].pose.position.x,0.8640502220109668
97.038232789,1709142567.721214933,1709142567.720758896,/rigid_bodies.rigidbodies[2].pose.position.x,0.864126085403298
97.048484163,1709142567.731466307,1709142567.730896317,/rigid_bodies.rigidbodies[2].pose.position.x,0.8641768219664139
97.058674923,1709142567.741657067,1709142567.740927028,/rigid_bodies.rigidbodies[2].pose.position.x,0.8642022208985781
97.068052521,1709142567.751034665,1709142567.750590639,/rigid_bodies.rigidbodies[2].pose.position.x,0.8641366126579517
97.077946325,1709142567.760928469,1709142567.760424111,/rigid_bodies.rigidbodies[2].pose.position.x,0.8640581002692049
97.088534168,1709142567.771516312,1709142567.770851548,/rigid_bodies.rigidbodies[2].pose.position.x,0.8639950001681914
97.097766994,1709142567.780749138,1709142567.780223890,/rigid_bodies.rigidbodies[2].pose.position.x,0.8641702576905538
97.107628716,1709142567.790610860,1709142567.790211281,/rigid_bodies.rigidbodies[2].pose.position.x,0.8642470634713952
97.118498889,1709142567.801481033,1709142567.800769304,/rigid_bodies.rigidbodies[2].pose.position.x,0.8641194231845829
97.127914023,1709142567.810896167,1709142567.810413004,/rigid_bodies.rigidbodies[2].pose.position.x,0.8640412791599826
97.138003195,1709142567.820985339,1709142567.820679386,/rigid_bodies.rigidbodies[2].pose.position.x,0.8640718814281227
97.148425513,1709142567.831407657,1709142567.830826288,/rigid_bodies.rigidbodies[2].pose.position.x,0.8641213003033031
97.158239824,1709142567.841221968,1709142567.840741729,/rigid_bodies.rigidbodies[2].pose.position.x,0.8641779288923259
97.167995799,1709142567.850977943,1709142567.850546092,/rigid_bodies.rigidbodies[2].pose.position.x,0.864194612730222
97.177776993,1709142567.860759137,1709142567.860221622,/rigid_bodies.rigidbodies[2].pose.position.x,0.8641053251224857
97.187778071,1709142567.870760215,1709142567.870066926,/rigid_bodies.rigidbodies[2].pose.position.x,0.8640653151635954
97.198101902,1709142567.881084046,1709142567.880637609,/rigid_bodies.rigidbodies[2].pose.position.x,0.8640938696266852
97.207602398,1709142567.890584542,1709142567.890122623,/rigid_bodies.rigidbodies[2].pose.position.x,0.8642296504652333
97.218195927,1709142567.901178071,1709142567.900794423,/rigid_bodies.rigidbodies[2].pose.position.x,0.8642114190594116
97.228260734,1709142567.911242878,1709142567.910879793,/rigid_bodies.rigidbodies[2].pose.position.x,0.8641143778894361
97.23793835,1709142567.920920494,1709142567.920698872,/rigid_bodies.rigidbodies[2].pose.position.x,0.864066023750621
97.248120484,1709142567.931102628,1709142567.930810875,/rigid_bodies.rigidbodies[2].pose.position.x,0.86403120056589
97.257862577,1709142567.940844721,1709142567.940528836,/rigid_bodies.rigidbodies[2].pose.position.x,0.8640931609125372
97.268456315,1709142567.951438459,1709142567.951005357,/rigid_bodies.rigidbodies[2].pose.position.x,0.8642266582555974
97.278485216,1709142567.961467360,1709142567.961050877,/rigid_bodies.rigidbodies[2].pose.position.x,0.8642074912403743
97.288259616,1709142567.971241760,1709142567.970851793,/rigid_bodies.rigidbodies[2].pose.position.x,0.8640605198608015
97.297985267,1709142567.980967411,1709142567.980608015,/rigid_bodies.rigidbodies[2].pose.position.x,0.8640031976358682
97.308253575,1709142567.991235719,1709142567.990812705,/rigid_bodies.rigidbodies[2].pose.position.x,0.8640813264519766
97.318234857,1709142568.001217001,1709142568.000784980,/rigid_bodies.rigidbodies[2].pose.position.x,0.8642124793464242
97.3276776,1709142568.010659744,1709142568.010205935,/rigid_bodies.rigidbodies[2].pose.position.x,0.864213725143407
97.338474251,1709142568.021456395,1709142568.020858322,/rigid_bodies.rigidbodies[2].pose.position.x,0.864119749492903
97.348573093,1709142568.031555237,1709142568.031075487,/rigid_bodies.rigidbodies[2].pose.position.x,0.864068491348302
97.357915653,1709142568.040897797,1709142568.040544072,/rigid_bodies.rigidbodies[2].pose.position.x,0.8640500843393075
97.367270245,1709142568.050252389,1709142568.049970544,/rigid_bodies.rigidbodies[2].pose.position.x,0.8641114850858675
97.378092119,1709142568.061074263,1709142568.060889111,/rigid_bodies.rigidbodies[2].pose.position.x,0.8642296802298871
97.387193283,1709142568.070175427,1709142568.069968120,/rigid_bodies.rigidbodies[2].pose.position.x,0.864183421047196
97.397843253,1709142568.080825397,1709142568.080603161,/rigid_bodies.rigidbodies[2].pose.position.x,0.8640467997459469
97.408207502,1709142568.091189646,1709142568.091002307,/rigid_bodies.rigidbodies[2].pose.position.x,0.8640738407814585
97.417649838,1709142568.100631982,1709142568.100403901,/rigid_bodies.rigidbodies[2].pose.position.x,0.8641180872767297
97.427463439,1709142568.110445583,1709142568.110277238,/rigid_bodies.rigidbodies[2].pose.position.x,0.8641522472314516
97.437887783,1709142568.120869927,1709142568.120623920,/rigid_bodies.rigidbodies[2].pose.position.x,0.864164552475713
97.448152199,1709142568.131134343,1709142568.130797918,/rigid_bodies.rigidbodies[2].pose.position.x,0.8641025165192551
97.458062555,1709142568.141044699,1709142568.140661287,/rigid_bodies.rigidbodies[2].pose.position.x,0.8640316240264851
97.468417743,1709142568.151399887,1709142568.150912588,/rigid_bodies.rigidbodies[2].pose.position.x,0.8640776526490486
97.478229472,1709142568.161211616,1709142568.160771945,/rigid_bodies.rigidbodies[2].pose.position.x,0.8641839175929571
97.487983506,1709142568.170965650,1709142568.170332482,/rigid_bodies.rigidbodies[2].pose.position.x,0.8642200028066024
97.498175338,1709142568.181157482,1709142568.180544091,/rigid_bodies.rigidbodies[2].pose.position.x,0.8641470741598768
97.50839678,1709142568.191378924,1709142568.190834756,/rigid_bodies.rigidbodies[2].pose.position.x,0.864035946435749
97.518450306,1709142568.201432450,1709142568.200734089,/rigid_bodies.rigidbodies[2].pose.position.x,0.8640502458464742
97.52787984,1709142568.210861984,1709142568.210319831,/rigid_bodies.rigidbodies[2].pose.position.x,0.8641434605065345
97.537336976,1709142568.220319120,1709142568.219782973,/rigid_bodies.rigidbodies[2].pose.position.x,0.8642051791847927
97.547734734,1709142568.230716878,1709142568.230141318,/rigid_bodies.rigidbodies[2].pose.position.x,0.8642103842030429
97.557024715,1709142568.240006859,1709142568.239441583,/rigid_bodies.rigidbodies[2].pose.position.x,0.8640857545142226
97.567723386,1709142568.250705530,1709142568.250205257,/rigid_bodies.rigidbodies[2].pose.position.x,0.8639822125555319
97.577213236,1709142568.260195380,1709142568.259809347,/rigid_bodies.rigidbodies[2].pose.position.x,0.8640733010883518
97.588182149,1709142568.271164293,1709142568.270614095,/rigid_bodies.rigidbodies[2].pose.position.x,0.8641890338808521
97.598456891,1709142568.281439035,1709142568.280948086,/rigid_bodies.rigidbodies[2].pose.position.x,0.8642268987090874
97.607885935,1709142568.290868079,1709142568.290356075,/rigid_bodies.rigidbodies[2].pose.position.x,0.8641631088579865
97.618102369,1709142568.301084513,1709142568.300513924,/rigid_bodies.rigidbodies[2].pose.position.x,0.8640718008148457
97.62866077,1709142568.311642914,1709142568.310978663,/rigid_bodies.rigidbodies[2].pose.position.x,0.8640354920500809
97.637429125,1709142568.320411269,1709142568.319962402,/rigid_bodies.rigidbodies[2].pose.position.x,0.8641028158295583
97.648285884,1709142568.331268028,1709142568.330661385,/rigid_bodies.rigidbodies[2].pose.position.x,0.8642435470743038
97.657634358,1709142568.340616502,1709142568.340141005,/rigid_bodies.rigidbodies[2].pose.position.x,0.8642263955771444
97.66813197,1709142568.351114114,1709142568.350547204,/rigid_bodies.rigidbodies[2].pose.position.x,0.8640789784243508
97.677462851,1709142568.360444995,1709142568.359937734,/rigid_bodies.rigidbodies[2].pose.position.x,0.8640686154893668
97.687266179,1709142568.370248323,1709142568.369745110,/rigid_bodies.rigidbodies[2].pose.position.x,0.8640781396055278
97.697379312,1709142568.380361456,1709142568.379673860,/rigid_bodies.rigidbodies[2].pose.position.x,0.8641639379685601
97.707498943,1709142568.390481087,1709142568.390053617,/rigid_bodies.rigidbodies[2].pose.position.x,0.8642592858355862
97.717720689,1709142568.400702833,1709142568.400285705,/rigid_bodies.rigidbodies[2].pose.position.x,0.8641769477362726
97.728341979,1709142568.411324123,1709142568.410730871,/rigid_bodies.rigidbodies[2].pose.position.x,0.8640184791750373
97.737563328,1709142568.420545472,1709142568.419999502,/rigid_bodies.rigidbodies[2].pose.position.x,0.8640468534066915
97.747847785,1709142568.430829929,1709142568.430377526,/rigid_bodies.rigidbodies[2].pose.position.x,0.8641880512600941
97.756877341,1709142568.439859485,1709142568.439238594,/rigid_bodies.rigidbodies[2].pose.position.x,0.8642583402315903
97.767660774,1709142568.450642918,1709142568.450104023,/rigid_bodies.rigidbodies[2].pose.position.x,0.8641809294365257
97.777911429,1709142568.460893573,1709142568.460517939,/rigid_bodies.rigidbodies[2].pose.position.x,0.8640967757987794
97.787526899,1709142568.470509043,1709142568.470315564,/rigid_bodies.rigidbodies[2].pose.position.x,0.8640602623241858
97.798449451,1709142568.481431595,1709142568.481125799,/rigid_bodies.rigidbodies[2].pose.position.x,0.864086655774022
97.807553003,1709142568.490535147,1709142568.490261557,/rigid_bodies.rigidbodies[2].pose.position.x,0.8642344728255777
97.817527913,1709142568.500510057,1709142568.500142396,/rigid_bodies.rigidbodies[2].pose.position.x,0.8642829128355062
97.827396558,1709142568.510378702,1709142568.509825389,/rigid_bodies.rigidbodies[2].pose.position.x,0.8641225328477617
97.838063112,1709142568.521045256,1709142568.520672408,/rigid_bodies.rigidbodies[2].pose.position.x,0.8640038335933918
97.848328461,1709142568.531310605,1709142568.530746812,/rigid_bodies.rigidbodies[2].pose.position.x,0.8640554150423052
97.858160549,1709142568.541142693,1709142568.540609573,/rigid_bodies.rigidbodies[2].pose.position.x,0.8641444021905175
97.867494513,1709142568.550476657,1709142568.549950733,/rigid_bodies.rigidbodies[2].pose.position.x,0.8642079802632155
97.878577983,1709142568.561560127,1709142568.561072945,/rigid_bodies.rigidbodies[2].pose.position.x,0.8642539685858506
97.88730201,1709142568.570284154,1709142568.569733405,/rigid_bodies.rigidbodies[2].pose.position.x,0.8641045378138669
97.897522078,1709142568.580504222,1709142568.580039887,/rigid_bodies.rigidbodies[2].pose.position.x,0.8639976731239224
97.907996079,1709142568.590978223,1709142568.590552726,/rigid_bodies.rigidbodies[2].pose.position.x,0.8640896564753096
97.918529523,1709142568.601511667,1709142568.600891046,/rigid_bodies.rigidbodies[2].pose.position.x,0.8642395366620398
97.927785715,1709142568.610767859,1709142568.610287387,/rigid_bodies.rigidbodies[2].pose.position.x,0.8642268619608636
97.938088306,1709142568.621070450,1709142568.620636192,/rigid_bodies.rigidbodies[2].pose.position.x,0.8641087127862321
97.947807435,1709142568.630789579,1709142568.630269410,/rigid_bodies.rigidbodies[2].pose.position.x,0.864069493840286
97.957606837,1709142568.640588981,1709142568.640173041,/rigid_bodies.rigidbodies[2].pose.position.x,0.8640568866827397
97.968107676,1709142568.651089820,1709142568.650327198,/rigid_bodies.rigidbodies[2].pose.position.x,0.864094097172878
97.977176427,1709142568.660158571,1709142568.659660910,/rigid_bodies.rigidbodies[2].pose.position.x,0.8642473632151749
97.987935687,1709142568.670917831,1709142568.670449698,/rigid_bodies.rigidbodies[2].pose.position.x,0.8642482041415975
97.99790761,1709142568.680889754,1709142568.680349996,/rigid_bodies.rigidbodies[2].pose.position.x,0.8641184414488122
98.007500991,1709142568.690483135,1709142568.690134215,/rigid_bodies.rigidbodies[2].pose.position.x,0.8640143579223043
98.018387027,1709142568.701369171,1709142568.700945602,/rigid_bodies.rigidbodies[2].pose.position.x,0.8641105321705346
98.028223713,1709142568.711205857,1709142568.710676781,/rigid_bodies.rigidbodies[2].pose.position.x,0.8641975423846542
98.037979532,1709142568.720961676,1709142568.720502586,/rigid_bodies.rigidbodies[2].pose.position.x,0.8642007498383223
98.048261459,1709142568.731243603,1709142568.730717623,/rigid_bodies.rigidbodies[2].pose.position.x,0.8641536853925251
98.058138647,1709142568.741120791,1709142568.740407065,/rigid_bodies.rigidbodies[2].pose.position.x,0.8640506473688258
98.068302972,1709142568.751285116,1709142568.750750916,/rigid_bodies.rigidbodies[2].pose.position.x,0.8640232915742586
98.07870198,1709142568.761684124,1709142568.761139774,/rigid_bodies.rigidbodies[2].pose.position.x,0.8641311388986724
98.088162481,1709142568.771144625,1709142568.770800861,/rigid_bodies.rigidbodies[2].pose.position.x,0.8642683902817633
98.097586604,1709142568.780568748,1709142568.780272956,/rigid_bodies.rigidbodies[2].pose.position.x,0.8642126202139978
98.106860761,1709142568.789842905,1709142568.789614300,/rigid_bodies.rigidbodies[2].pose.position.x,0.8640649021078859
98.117385474,1709142568.800367618,1709142568.800122509,/rigid_bodies.rigidbodies[2].pose.position.x,0.8640532161935258
98.127415417,1709142568.810397561,1709142568.810142750,/rigid_bodies.rigidbodies[2].pose.position.x,0.864098196536278
98.137546349,1709142568.820528493,1709142568.820342878,/rigid_bodies.rigidbodies[2].pose.position.x,0.8641768695917741
98.147077227,1709142568.830059371,1709142568.829866080,/rigid_bodies.rigidbodies[2].pose.position.x,0.8642205478746358
98.15725293,1709142568.840235074,1709142568.840012489,/rigid_bodies.rigidbodies[2].pose.position.x,0.8641544051385033
98.167775867,1709142568.850758011,1709142568.850412269,/rigid_bodies.rigidbodies[2].pose.position.x,0.8640764529214572
98.177913509,1709142568.860895653,1709142568.860439772,/rigid_bodies.rigidbodies[2].pose.position.x,0.864049512522271
98.188460258,1709142568.871442402,1709142568.870957335,/rigid_bodies.rigidbodies[2].pose.position.x,0.8641742453029224
98.198174462,1709142568.881156606,1709142568.880658614,/rigid_bodies.rigidbodies[2].pose.position.x,0.8642783419630957
98.20772721,1709142568.890709354,1709142568.890267796,/rigid_bodies.rigidbodies[2].pose.position.x,0.864148652177447
98.218015317,1709142568.900997461,1709142568.900503949,/rigid_bodies.rigidbodies[2].pose.position.x,0.8640548571724188
98.227824131,1709142568.910806275,1709142568.910111247,/rigid_bodies.rigidbodies[2].pose.position.x,0.8640428081572127
98.238178963,1709142568.921161107,1709142568.920770229,/rigid_bodies.rigidbodies[2].pose.position.x,0.8640446557197116
98.24799392,1709142568.930976064,1709142568.930522990,/rigid_bodies.rigidbodies[2].pose.position.x,0.8642119714765366
98.258113076,1709142568.941095220,1709142568.940497038,/rigid_bodies.rigidbodies[2].pose.position.x,0.8642614637975918
98.268205234,1709142568.951187378,1709142568.950721807,/rigid_bodies.rigidbodies[2].pose.position.x,0.8641579366023486
98.278030551,1709142568.961012695,1709142568.960494277,/rigid_bodies.rigidbodies[2].pose.position.x,0.8640374027856957
98.287892279,1709142568.970874423,1709142568.970515411,/rigid_bodies.rigidbodies[2].pose.position.x,0.8640701696110701
98.298288133,1709142568.981270277,1709142568.980851338,/rigid_bodies.rigidbodies[2].pose.position.x,0.8641983578959945
98.307973123,1709142568.990955267,1709142568.990508991,/rigid_bodies.rigidbodies[2].pose.position.x,0.864218404428098
98.319034306,1709142569.002016450,1709142569.001388614,/rigid_bodies.rigidbodies[2].pose.position.x,0.86420379676691
98.327944063,1709142569.010926207,1709142569.010410288,/rigid_bodies.rigidbodies[2].pose.position.x,0.8641288506733248
98.338124688,1709142569.021106832,1709142569.020713130,/rigid_bodies.rigidbodies[2].pose.position.x,0.8640323396957438
98.348243913,1709142569.031226057,1709142569.030919791,/rigid_bodies.rigidbodies[2].pose.position.x,0.8641247504472571
98.357741636,1709142569.040723780,1709142569.040436670,/rigid_bodies.rigidbodies[2].pose.position.x,0.864270413626323
98.367722476,1709142569.050704620,1709142569.050479990,/rigid_bodies.rigidbodies[2].pose.position.x,0.8642918866395498
98.377490061,1709142569.060472205,1709142569.060280922,/rigid_bodies.rigidbodies[2].pose.position.x,0.8640933431678024
98.388116958,1709142569.071099102,1709142569.070808555,/rigid_bodies.rigidbodies[2].pose.position.x,0.8640159894927235
98.398255129,1709142569.081237273,1709142569.080897388,/rigid_bodies.rigidbodies[2].pose.position.x,0.8640933141413537
98.40851833,1709142569.091500474,1709142569.090971871,/rigid_bodies.rigidbodies[2].pose.position.x,0.864162194581862
98.417670033,1709142569.100652177,1709142569.100249477,/rigid_bodies.rigidbodies[2].pose.position.x,0.8642176413943728
98.428507829,1709142569.111489973,1709142569.111028849,/rigid_bodies.rigidbodies[2].pose.position.x,0.8641812637664996
98.43806423,1709142569.121046374,1709142569.120603123,/rigid_bodies.rigidbodies[2].pose.position.x,0.8640411956976857
98.448112015,1709142569.131094159,1709142569.130704418,/rigid_bodies.rigidbodies[2].pose.position.x,0.86402254309507
98.458286927,1709142569.141269071,1709142569.140751594,/rigid_bodies.rigidbodies[2].pose.position.x,0.8641880388739929
98.468454144,1709142569.151436288,1709142569.150957723,/rigid_bodies.rigidbodies[2].pose.position.x,0.8642505516045668
98.478358889,1709142569.161341033,1709142569.160926036,/rigid_bodies.rigidbodies[2].pose.position.x,0.8641527049285598
98.488270527,1709142569.171252671,1709142569.170818524,/rigid_bodies.rigidbodies[2].pose.position.x,0.8640512706509927
98.498367788,1709142569.181349932,1709142569.180906038,/rigid_bodies.rigidbodies[2].pose.position.x,0.8640361201567601
98.507824225,1709142569.190806369,1709142569.190502128,/rigid_bodies.rigidbodies[2].pose.position.x,0.8641255959874219
98.517995651,1709142569.200977795,1709142569.200451231,/rigid_bodies.rigidbodies[2].pose.position.x,0.8642312209792449
98.528220985,1709142569.211203129,1709142569.210582798,/rigid_bodies.rigidbodies[2].pose.position.x,0.8642667460226234
98.538461269,1709142569.221443413,1709142569.220956613,/rigid_bodies.rigidbodies[2].pose.position.x,0.8641158823458538
98.548700729,1709142569.231682873,1709142569.231233223,/rigid_bodies.rigidbodies[2].pose.position.x,0.8639490174061596
98.558335642,1709142569.241317786,1709142569.240772631,/rigid_bodies.rigidbodies[2].pose.position.x,0.8640525561769973
98.568410024,1709142569.251392168,1709142569.250785751,/rigid_bodies.rigidbodies[2].pose.position.x,0.864206645039283
98.577959257,1709142569.260941401,1709142569.260426002,/rigid_bodies.rigidbodies[2].pose.position.x,0.8642398928074003
98.58886047,1709142569.271842614,1709142569.271128611,/rigid_bodies.rigidbodies[2].pose.position.x,0.8641919675457157
98.598551916,1709142569.281534060,1709142569.281030467,/rigid_bodies.rigidbodies[2].pose.position.x,0.8640767311822111
98.608066366,1709142569.291048510,1709142569.290524560,/rigid_bodies.rigidbodies[2].pose.position.x,0.8640358755219019
98.618914512,1709142569.301896656,1709142569.301151959,/rigid_bodies.rigidbodies[2].pose.position.x,0.8640846533052563
98.628263802,1709142569.311245946,1709142569.310611336,/rigid_bodies.rigidbodies[2].pose.position.x,0.8642535589871316
98.638485344,1709142569.321467488,1709142569.320891493,/rigid_bodies.rigidbodies[2].pose.position.x,0.8642597821679456
98.649146018,1709142569.332128162,1709142569.331537598,/rigid_bodies.rigidbodies[2].pose.position.x,0.8640917267897114
98.65867578,1709142569.341657924,1709142569.341067632,/rigid_bodies.rigidbodies[2].pose.position.x,0.8640411989770511
98.668443008,1709142569.351425152,1709142569.350960590,/rigid_bodies.rigidbodies[2].pose.position.x,0.8640890196265533
98.678831812,1709142569.361813956,1709142569.361197432,/rigid_bodies.rigidbodies[2].pose.position.x,0.8641201997722204
98.688416263,1709142569.371398407,1709142569.370722129,/rigid_bodies.rigidbodies[2].pose.position.x,0.8642631845081995
98.698903778,1709142569.381885922,1709142569.381341997,/rigid_bodies.rigidbodies[2].pose.position.x,0.8642211662361721
98.70755305,1709142569.390535194,1709142569.390183742,/rigid_bodies.rigidbodies[2].pose.position.x,0.8640437852608231
98.718102874,1709142569.401085018,1709142569.400517332,/rigid_bodies.rigidbodies[2].pose.position.x,0.8640226764377033
98.728334361,1709142569.411316505,1709142569.410753941,/rigid_bodies.rigidbodies[2].pose.position.x,0.8641362568303038
98.738067948,1709142569.421050092,1709142569.420593187,/rigid_bodies.rigidbodies[2].pose.position.x,0.8642304370796038
98.748359215,1709142569.431341359,1709142569.430824122,/rigid_bodies.rigidbodies[2].pose.position.x,0.864197452016609
98.758104347,1709142569.441086491,1709142569.440669028,/rigid_bodies.rigidbodies[2].pose.position.x,0.8640892795972109
98.768525068,1709142569.451507212,1709142569.450989112,/rigid_bodies.rigidbodies[2].pose.position.x,0.864073613004454
98.777568834,1709142569.460550978,1709142569.460130300,/rigid_bodies.rigidbodies[2].pose.position.x,0.8640768736138783
98.788071277,1709142569.471053421,1709142569.470608274,/rigid_bodies.rigidbodies[2].pose.position.x,0.8641358124135671
98.798387004,1709142569.481369148,1709142569.480834227,/rigid_bodies.rigidbodies[2].pose.position.x,0.8642574141641869
98.808183822,1709142569.491165966,1709142569.490690694,/rigid_bodies.rigidbodies[2].pose.position.x,0.8641581590419427
98.818621875,1709142569.501604019,1709142569.501124060,/rigid_bodies.rigidbodies[2].pose.position.x,0.8640391535774684
98.828618346,1709142569.511600490,1709142569.510943088,/rigid_bodies.rigidbodies[2].pose.position.x,0.8640556680425848
98.838318161,1709142569.521300305,1709142569.520853540,/rigid_bodies.rigidbodies[2].pose.position.x,0.8641384256101251
98.848395011,1709142569.531377155,1709142569.530888304,/rigid_bodies.rigidbodies[2].pose.position.x,0.8642054191669629
98.858100038,1709142569.541082182,1709142569.540551158,/rigid_bodies.rigidbodies[2].pose.position.x,0.8641774526340613
98.868232373,1709142569.551214517,1709142569.550785423,/rigid_bodies.rigidbodies[2].pose.position.x,0.8641216684548231
98.877978827,1709142569.560960971,1709142569.560482785,/rigid_bodies.rigidbodies[2].pose.position.x,0.8640273182832396
98.888486131,1709142569.571468275,1709142569.570927403,/rigid_bodies.rigidbodies[2].pose.position.x,0.8640322214907646
98.898568531,1709142569.581550675,1709142569.581055115,/rigid_bodies.rigidbodies[2].pose.position.x,0.8641716176662123
98.907891432,1709142569.590873576,1709142569.590510453,/rigid_bodies.rigidbodies[2].pose.position.x,0.8642338399644822
98.918199723,1709142569.601181867,1709142569.600780481,/rigid_bodies.rigidbodies[2].pose.position.x,0.8641495305595523
98.92848602,1709142569.611468164,1709142569.611006893,/rigid_bodies.rigidbodies[2].pose.position.x,0.8640455449888731
98.938255871,1709142569.621238015,1709142569.620804466,/rigid_bodies.rigidbodies[2].pose.position.x,0.864049088807241
98.948465327,1709142569.631447471,1709142569.630903381,/rigid_bodies.rigidbodies[2].pose.position.x,0.8641237953037086
98.958447698,1709142569.641429842,1709142569.640852969,/rigid_bodies.rigidbodies[2].pose.position.x,0.8642073491558081
98.963755375,1709142569.646737519,1709142569.646295974,/rigid_bodies.rigidbodies[2].pose.position.x,0.8641945987712205
98.978373269,1709142569.661355413,1709142569.660878475,/rigid_bodies.rigidbodies[2].pose.position.x,0.8640836410919551
98.988623363,1709142569.671605507,1709142569.670939734,/rigid_bodies.rigidbodies[2].pose.position.x,0.8640079445815249
98.998296542,1709142569.681278686,1709142569.680916570,/rigid_bodies.rigidbodies[2].pose.position.x,0.8641063192852204
99.007888317,1709142569.690870461,1709142569.690488636,/rigid_bodies.rigidbodies[2].pose.position.x,0.8642487275406053
99.01847326,1709142569.701455404,1709142569.700886391,/rigid_bodies.rigidbodies[2].pose.position.x,0.8642495783231083
99.028633706,1709142569.711615850,1709142569.710987575,/rigid_bodies.rigidbodies[2].pose.position.x,0.8640969248798996
99.038294559,1709142569.721276703,1709142569.720800889,/rigid_bodies.rigidbodies[2].pose.position.x,0.8639790921456931
99.048374544,1709142569.731356688,1709142569.730703008,/rigid_bodies.rigidbodies[2].pose.position.x,0.8640379230581597
99.058524185,1709142569.741506329,1709142569.740906755,/rigid_bodies.rigidbodies[2].pose.position.x,0.8641498999049699
99.068516048,1709142569.751498192,1709142569.750998716,/rigid_bodies.rigidbodies[2].pose.position.x,0.8642597563432438
99.078071061,1709142569.761053205,1709142569.760571007,/rigid_bodies.rigidbodies[2].pose.position.x,0.8642236573426367
99.088466669,1709142569.771448813,1709142569.770879326,/rigid_bodies.rigidbodies[2].pose.position.x,0.8640494409497453
99.098696066,1709142569.781678210,1709142569.781099015,/rigid_bodies.rigidbodies[2].pose.position.x,0.863997180853663
99.108765987,1709142569.791748131,1709142569.791165131,/rigid_bodies.rigidbodies[2].pose.position.x,0.8641341304033848
99.118484701,1709142569.801466845,1709142569.800778516,/rigid_bodies.rigidbodies[2].pose.position.x,0.8642500305928175
99.128179563,1709142569.811161707,1709142569.810661833,/rigid_bodies.rigidbodies[2].pose.position.x,0.8642684116019065
99.138480494,1709142569.821462638,1709142569.820943244,/rigid_bodies.rigidbodies[2].pose.position.x,0.8641261232488406
99.1484751,1709142569.831457244,1709142569.830896403,/rigid_bodies.rigidbodies[2].pose.position.x,0.8640184235805218
99.157975299,1709142569.840957443,1709142569.840447175,/rigid_bodies.rigidbodies[2].pose.position.x,0.8640163853475958
99.168256717,1709142569.851238861,1709142569.850683231,/rigid_bodies.rigidbodies[2].pose.position.x,0.8641687629956714
99.177963161,1709142569.860945305,1709142569.860400900,/rigid_bodies.rigidbodies[2].pose.position.x,0.8643153841972597
99.187994918,1709142569.870977062,1709142569.870493919,/rigid_bodies.rigidbodies[2].pose.position.x,0.864205193825118
99.198714026,1709142569.881696170,1709142569.880967078,/rigid_bodies.rigidbodies[2].pose.position.x,0.8640357688075633
99.207851748,1709142569.890833892,1709142569.890421085,/rigid_bodies.rigidbodies[2].pose.position.x,0.86402928183487
99.218087272,1709142569.901069416,1709142569.900627130,/rigid_bodies.rigidbodies[2].pose.position.x,0.8641010505063125
99.229019287,1709142569.912001431,1709142569.911253972,/rigid_bodies.rigidbodies[2].pose.position.x,0.8642202281315622
99.238553136,1709142569.921535280,1709142569.920953545,/rigid_bodies.rigidbodies[2].pose.position.x,0.8642444776928677
99.248148164,1709142569.931130308,1709142569.930652576,/rigid_bodies.rigidbodies[2].pose.position.x,0.8641220136311766
99.258124461,1709142569.941106605,1709142569.940495394,/rigid_bodies.rigidbodies[2].pose.position.x,0.864028978441337
99.268211325,1709142569.951193469,1709142569.950759380,/rigid_bodies.rigidbodies[2].pose.position.x,0.8640552627762803
99.278291611,1709142569.961273755,1709142569.960792343,/rigid_bodies.rigidbodies[2].pose.position.x,0.8641963038514017
99.288498263,1709142569.971480407,1709142569.970721817,/rigid_bodies.rigidbodies[2].pose.position.x,0.8642292112391174
99.299036534,1709142569.982018678,1709142569.981268066,/rigid_bodies.rigidbodies[2].pose.position.x,0.8641338823706703
99.307810425,1709142569.990792569,1709142569.990440421,/rigid_bodies.rigidbodies[2].pose.position.x,0.8640132091550266
99.318262985,1709142570.001245129,1709142570.000711125,/rigid_bodies.rigidbodies[2].pose.position.x,0.8640095689602721
99.328429971,1709142570.011412115,1709142570.010687140,/rigid_bodies.rigidbodies[2].pose.position.x,0.864111636779668
99.338058711,1709142570.021040855,1709142570.020654222,/rigid_bodies.rigidbodies[2].pose.position.x,0.8642379082418045
99.348036459,1709142570.031018603,1709142570.030629356,/rigid_bodies.rigidbodies[2].pose.position.x,0.8642066933053527
99.357827474,1709142570.040809618,1709142570.040501295,/rigid_bodies.rigidbodies[2].pose.position.x,0.8640629694051423
99.368278303,1709142570.051260447,1709142570.050931480,/rigid_bodies.rigidbodies[2].pose.position.x,0.8639741661387145
99.377237724,1709142570.060219868,1709142570.060015995,/rigid_bodies.rigidbodies[2].pose.position.x,0.8640537716242873
99.388042317,1709142570.071024461,1709142570.070715610,/rigid_bodies.rigidbodies[2].pose.position.x,0.8641909193988954
99.398370479,1709142570.081352623,1709142570.081033917,/rigid_bodies.rigidbodies[2].pose.position.x,0.8641890304485741
99.407786223,1709142570.090768367,1709142570.090585951,/rigid_bodies.rigidbodies[2].pose.position.x,0.8641276153790703
99.417969571,1709142570.100951715,1709142570.100633514,/rigid_bodies.rigidbodies[2].pose.position.x,0.8640468922674605
99.427811445,1709142570.110793589,1709142570.110488649,/rigid_bodies.rigidbodies[2].pose.position.x,0.8640180462183809
99.438477763,1709142570.121459907,1709142570.120890006,/rigid_bodies.rigidbodies[2].pose.position.x,0.8641132569609333
99.448947207,1709142570.131929351,1709142570.131309397,/rigid_bodies.rigidbodies[2].pose.position.x,0.8642357476664175
99.453940186,1709142570.136922330,1709142570.136420468,/rigid_bodies.rigidbodies[2].pose.position.x,0.8642058265715145
99.46848677,1709142570.151468914,1709142570.150979273,/rigid_bodies.rigidbodies[2].pose.position.x,0.8640537960546136
99.478753547,1709142570.161735691,1709142570.161259003,/rigid_bodies.rigidbodies[2].pose.position.x,0.8640120239568031
99.488315311,1709142570.171297455,1709142570.170715539,/rigid_bodies.rigidbodies[2].pose.position.x,0.8641023700013754
99.498541124,1709142570.181523268,1709142570.180971109,/rigid_bodies.rigidbodies[2].pose.position.x,0.8642150684476213
99.507940559,1709142570.190922703,1709142570.190521584,/rigid_bodies.rigidbodies[2].pose.position.x,0.8642370566016655
99.514425832,1709142570.197407976,1709142570.196768465,/rigid_bodies.rigidbodies[2].pose.position.x,0.8641213019719172
99.528420429,1709142570.211402573,1709142570.210873773,/rigid_bodies.rigidbodies[2].pose.position.x,0.8639976000256347
99.538267729,1709142570.221249873,1709142570.220766018,/rigid_bodies.rigidbodies[2].pose.position.x,0.8640282183639927
99.548298129,1709142570.231280273,1709142570.230807832,/rigid_bodies.rigidbodies[2].pose.position.x,0.8641597486907442
99.557836417,1709142570.240818561,1709142570.240462226,/rigid_bodies.rigidbodies[2].pose.position.x,0.8642413200900741
99.568814198,1709142570.251796342,1709142570.251339384,/rigid_bodies.rigidbodies[2].pose.position.x,0.864211311230075
99.578325334,1709142570.261307478,1709142570.260798128,/rigid_bodies.rigidbodies[2].pose.position.x,0.8640929036009208
99.588446473,1709142570.271428617,1709142570.270861237,/rigid_bodies.rigidbodies[2].pose.position.x,0.8640116255765108
99.598659786,1709142570.281641930,1709142570.281074509,/rigid_bodies.rigidbodies[2].pose.position.x,0.8641039917844261
99.607908956,1709142570.290891100,1709142570.290376526,/rigid_bodies.rigidbodies[2].pose.position.x,0.8642125899018279
99.618753928,1709142570.301736072,1709142570.301205688,/rigid_bodies.rigidbodies[2].pose.position.x,0.864264023367037
99.628312612,1709142570.311294756,1709142570.310557797,/rigid_bodies.rigidbodies[2].pose.position.x,0.8640980640889327
99.638536922,1709142570.321519066,1709142570.321081923,/rigid_bodies.rigidbodies[2].pose.position.x,0.8639903225583568
99.648768082,1709142570.331750226,1709142570.331104981,/rigid_bodies.rigidbodies[2].pose.position.x,0.8640420227354432
99.658215811,1709142570.341197955,1709142570.340518620,/rigid_bodies.rigidbodies[2].pose.position.x,0.8641653957538148
99.66821755,1709142570.351199694,1709142570.350759355,/rigid_bodies.rigidbodies[2].pose.position.x,0.8642867322299836
99.678217534,1709142570.361199678,1709142570.360660912,/rigid_bodies.rigidbodies[2].pose.position.x,0.8642492646218727
99.688773668,1709142570.371755812,1709142570.371090869,/rigid_bodies.rigidbodies[2].pose.position.x,0.8640467132576679
99.698946275,1709142570.381928419,1709142570.381370593,/rigid_bodies.rigidbodies[2].pose.position.x,0.863954628263819
99.708371232,1709142570.391353376,1709142570.390839612,/rigid_bodies.rigidbodies[2].pose.position.x,0.8640387811845869
99.71882555,1709142570.401807694,1709142570.401229171,/rigid_bodies.rigidbodies[2].pose.position.x,0.8642200293131885
99.728437506,1709142570.411419650,1709142570.410933177,/rigid_bodies.rigidbodies[2].pose.position.x,0.8642766348132416
99.738292439,1709142570.421274583,1709142570.420817914,/rigid_bodies.rigidbodies[2].pose.position.x,0.8641579183142484
99.74894564,1709142570.431927784,1709142570.431304452,/rigid_bodies.rigidbodies[2].pose.position.x,0.8640820100739677
99.758331765,1709142570.441313909,1709142570.440641280,/rigid_bodies.rigidbodies[2].pose.position.x,0.8640722593968987
99.768172826,1709142570.451154970,1709142570.450643433,/rigid_bodies.rigidbodies[2].pose.position.x,0.8641257318793432
99.778081031,1709142570.461063175,1709142570.460512782,/rigid_bodies.rigidbodies[2].pose.position.x,0.8642505163170223
99.788277904,1709142570.471260048,1709142570.470698687,/rigid_bodies.rigidbodies[2].pose.position.x,0.864208000729077
99.798911874,1709142570.481894018,1709142570.481418540,/rigid_bodies.rigidbodies[2].pose.position.x,0.8640261268481162
99.807854965,1709142570.490837109,1709142570.490510598,/rigid_bodies.rigidbodies[2].pose.position.x,0.8639783262996191
99.818117328,1709142570.501099472,1709142570.500738285,/rigid_bodies.rigidbodies[2].pose.position.x,0.8641313047503352
99.827625998,1709142570.510608142,1709142570.510411363,/rigid_bodies.rigidbodies[2].pose.position.x,0.8642442496685373
99.837434372,1709142570.520416516,1709142570.520264651,/rigid_bodies.rigidbodies[2].pose.position.x,0.8642744870785521
99.847989651,1709142570.530971795,1709142570.530745745,/rigid_bodies.rigidbodies[2].pose.position.x,0.8642229823975789
99.858078806,1709142570.541060950,1709142570.540622993,/rigid_bodies.rigidbodies[2].pose.position.x,0.864074522250332
99.868903786,1709142570.551885930,1709142570.551247039,/rigid_bodies.rigidbodies[2].pose.position.x,0.8640365986119769
99.878250347,1709142570.561232491,1709142570.560746943,/rigid_bodies.rigidbodies[2].pose.position.x,0.8641876435325624
99.888299128,1709142570.571281272,1709142570.570871127,/rigid_bodies.rigidbodies[2].pose.position.x,0.8642875501553547
99.898406854,1709142570.581388998,1709142570.580793561,/rigid_bodies.rigidbodies[2].pose.position.x,0.8641519827808698
99.90839195,1709142570.591374094,1709142570.590697254,/rigid_bodies.rigidbodies[2].pose.position.x,0.864039988912259
99.918448089,1709142570.601430233,1709142570.600968404,/rigid_bodies.rigidbodies[2].pose.position.x,0.8640681163194653
99.928179618,1709142570.611161762,1709142570.610653398,/rigid_bodies.rigidbodies[2].pose.position.x,0.8641510437808948
99.938462337,1709142570.621444481,1709142570.620862169,/rigid_bodies.rigidbodies[2].pose.position.x,0.864241299480173
99.949305676,1709142570.632287820,1709142570.631799764,/rigid_bodies.rigidbodies[2].pose.position.x,0.8642516188112207
99.958035027,1709142570.641017171,1709142570.640539061,/rigid_bodies.rigidbodies[2].pose.position.x,0.8640950924578534
99.968490657,1709142570.651472801,1709142570.650820865,/rigid_bodies.rigidbodies[2].pose.position.x,0.8639283123531631
99.978464203,1709142570.661446347,1709142570.661000341,/rigid_bodies.rigidbodies[2].pose.position.x,0.8640256275621222
99.988763363,1709142570.671745507,1709142570.671082476,/rigid_bodies.rigidbodies[2].pose.position.x,0.8642132091883846
99.998378417,1709142570.681360561,1709142570.680787799,/rigid_bodies.rigidbodies[2].pose.position.x,0.8642486165746364
100.007947994,1709142570.690930138,1709142570.690592755,/rigid_bodies.rigidbodies[2].pose.position.x,0.864180956957939
100.018078146,1709142570.701060290,1709142570.700567070,/rigid_bodies.rigidbodies[2].pose.position.x,0.86412890136482
100.028657618,1709142570.711639762,1709142570.711036185,/rigid_bodies.rigidbodies[2].pose.position.x,0.8640447822586482
100.03818785,1709142570.721169994,1709142570.720639560,/rigid_bodies.rigidbodies[2].pose.position.x,0.8640353975019038
100.048356911,1709142570.731339055,1709142570.730746016,/rigid_bodies.rigidbodies[2].pose.position.x,0.864207512681734
100.058370619,1709142570.741352763,1709142570.740699345,/rigid_bodies.rigidbodies[2].pose.position.x,0.864192981737275
100.06785558,1709142570.750837724,1709142570.750511825,/rigid_bodies.rigidbodies[2].pose.position.x,0.8640523563343036
100.078401201,1709142570.761383345,1709142570.760887101,/rigid_bodies.rigidbodies[2].pose.position.x,0.8640580051562378
100.088389782,1709142570.771371926,1709142570.770799014,/rigid_bodies.rigidbodies[2].pose.position.x,0.8641303975634175
100.098142636,1709142570.781124780,1709142570.780539927,/rigid_bodies.rigidbodies[2].pose.position.x,0.8641726910503877
100.108643481,1709142570.791625625,1709142570.791158746,/rigid_bodies.rigidbodies[2].pose.position.x,0.8642322136611789
100.118343972,1709142570.801326116,1709142570.800693029,/rigid_bodies.rigidbodies[2].pose.position.x,0.8641646614691482
100.128907843,1709142570.811889987,1709142570.811172696,/rigid_bodies.rigidbodies[2].pose.position.x,0.8640683129402539
100.138571085,1709142570.821553229,1709142570.821000216,/rigid_bodies.rigidbodies[2].pose.position.x,0.8640126462811974
100.148317087,1709142570.831299231,1709142570.830732070,/rigid_bodies.rigidbodies[2].pose.position.x,0.8641164644292372
100.158387142,1709142570.841369286,1709142570.840802586,/rigid_bodies.rigidbodies[2].pose.position.x,0.86422287324948
100.168529148,1709142570.851511292,1709142570.850969478,/rigid_bodies.rigidbodies[2].pose.position.x,0.8642094744312323
100.178251305,1709142570.861233449,1709142570.860595251,/rigid_bodies.rigidbodies[2].pose.position.x,0.8641032160489855
100.188033605,1709142570.871015749,1709142570.870612390,/rigid_bodies.rigidbodies[2].pose.position.x,0.8640886354013593
100.198588802,1709142570.881570946,1709142570.881045730,/rigid_bodies.rigidbodies[2].pose.position.x,0.8641153313575203
100.207872021,1709142570.890854165,1709142570.890425832,/rigid_bodies.rigidbodies[2].pose.position.x,0.8641610127127665
100.218832342,1709142570.901814486,1709142570.901256899,/rigid_bodies.rigidbodies[2].pose.position.x,0.8642152530532148
100.228419509,1709142570.911401653,1709142570.911075302,/rigid_bodies.rigidbodies[2].pose.position.x,0.8640983197694745
100.238400159,1709142570.921382303,1709142570.920823430,/rigid_bodies.rigidbodies[2].pose.position.x,0.8639589067413392
100.248610966,1709142570.931593110,1709142570.931048825,/rigid_bodies.rigidbodies[2].pose.position.x,0.864051946776641
100.25793829,1709142570.940920434,1709142570.940556300,/rigid_bodies.rigidbodies[2].pose.position.x,0.8641723652242497
100.268678727,1709142570.951660871,1709142570.951188259,/rigid_bodies.rigidbodies[2].pose.position.x,0.8642404439743929
100.278332176,1709142570.961314320,1709142570.960933556,/rigid_bodies.rigidbodies[2].pose.position.x,0.8642103598440951
100.288391071,1709142570.971373215,1709142570.970929288,/rigid_bodies.rigidbodies[2].pose.position.x,0.8640817663802477
100.299496966,1709142570.982479110,1709142570.981629537,/rigid_bodies.rigidbodies[2].pose.position.x,0.864028325006437
100.308291118,1709142570.991273262,1709142570.990673774,/rigid_bodies.rigidbodies[2].pose.position.x,0.8640912021204401
100.318217717,1709142571.001199861,1709142571.000723291,/rigid_bodies.rigidbodies[2].pose.position.x,0.8641771203662176
100.328210118,1709142571.011192262,1709142571.010761655,/rigid_bodies.rigidbodies[2].pose.position.x,0.8642491031939237
100.338586597,1709142571.021568741,1709142571.021046437,/rigid_bodies.rigidbodies[2].pose.position.x,0.8641752874383174
100.348337971,1709142571.031320115,1709142571.030802650,/rigid_bodies.rigidbodies[2].pose.position.x,0.8640475828738051
100.358679166,1709142571.041661310,1709142571.040945875,/rigid_bodies.rigidbodies[2].pose.position.x,0.8640776518932578
100.368403734,1709142571.051385878,1709142571.050807227,/rigid_bodies.rigidbodies[2].pose.position.x,0.8641530055764531
100.378359388,1709142571.061341532,1709142571.060885915,/rigid_bodies.rigidbodies[2].pose.position.x,0.8642059007645223
100.388319204,1709142571.071301348,1709142571.070872538,/rigid_bodies.rigidbodies[2].pose.position.x,0.8641784762501524
100.397980778,1709142571.080962922,1709142571.080525418,/rigid_bodies.rigidbodies[2].pose.position.x,0.86404916712876
100.40779868,1709142571.090780824,1709142571.090476209,/rigid_bodies.rigidbodies[2].pose.position.x,0.8640272770645983
100.417903426,1709142571.100885570,1709142571.100590418,/rigid_bodies.rigidbodies[2].pose.position.x,0.8640941170277434
100.427739718,1709142571.110721862,1709142571.110326787,/rigid_bodies.rigidbodies[2].pose.position.x,0.8642640632025622
100.438134611,1709142571.121116755,1709142571.120643549,/rigid_bodies.rigidbodies[2].pose.position.x,0.8642491416079221
100.448414411,1709142571.131396555,1709142571.130724061,/rigid_bodies.rigidbodies[2].pose.position.x,0.8641140615861203
100.458169463,1709142571.141151607,1709142571.140489813,/rigid_bodies.rigidbodies[2].pose.position.x,0.8640140604629479
100.468437207,1709142571.151419351,1709142571.150835788,/rigid_bodies.rigidbodies[2].pose.position.x,0.8640485056831619
100.478519053,1709142571.161501197,1709142571.160988799,/rigid_bodies.rigidbodies[2].pose.position.x,0.8641595581573718
100.488446592,1709142571.171428736,1709142571.170756874,/rigid_bodies.rigidbodies[2].pose.position.x,0.8642408981033628
100.498454095,1709142571.181436239,1709142571.180989304,/rigid_bodies.rigidbodies[2].pose.position.x,0.8641475803593676
100.508133976,1709142571.191116120,1709142571.190616751,/rigid_bodies.rigidbodies[2].pose.position.x,0.8640437940027502
100.51851095,1709142571.201493094,1709142571.200953659,/rigid_bodies.rigidbodies[2].pose.position.x,0.8640342135593296
100.528492724,1709142571.211474868,1709142571.211086516,/rigid_bodies.rigidbodies[2].pose.position.x,0.8641390538048592
100.538378974,1709142571.221361118,1709142571.220780005,/rigid_bodies.rigidbodies[2].pose.position.x,0.8642318656035413
100.548790708,1709142571.231772852,1709142571.231189212,/rigid_bodies.rigidbodies[2].pose.position.x,0.8642181449941561
100.55826827,1709142571.241250414,1709142571.240766529,/rigid_bodies.rigidbodies[2].pose.position.x,0.8640700536543042
100.568089133,1709142571.251071277,1709142571.250653469,/rigid_bodies.rigidbodies[2].pose.position.x,0.863996813901656
100.578400368,1709142571.261382512,1709142571.260877403,/rigid_bodies.rigidbodies[2].pose.position.x,0.8640756577118394
100.588701529,1709142571.271683673,1709142571.271164647,/rigid_bodies.rigidbodies[2].pose.position.x,0.8642072187241437
100.598924002,1709142571.281906146,1709142571.281525749,/rigid_bodies.rigidbodies[2].pose.position.x,0.8643249319212232
100.607854791,1709142571.290836935,1709142571.290469678,/rigid_bodies.rigidbodies[2].pose.position.x,0.8642043238253907
100.61831201,1709142571.301294154,1709142571.300788540,/rigid_bodies.rigidbodies[2].pose.position.x,0.8640231094118408
100.628345589,1709142571.311327733,1709142571.311031477,/rigid_bodies.rigidbodies[2].pose.position.x,0.8640151981083192
100.638192811,1709142571.321174955,1709142571.320630565,/rigid_bodies.rigidbodies[2].pose.position.x,0.8640745864402369
100.648332745,1709142571.331314889,1709142571.330888770,/rigid_bodies.rigidbodies[2].pose.position.x,0.8642123763457435
100.657887416,1709142571.340869560,1709142571.340452280,/rigid_bodies.rigidbodies[2].pose.position.x,0.8642268859117457
100.668499471,1709142571.351481615,1709142571.351013925,/rigid_bodies.rigidbodies[2].pose.position.x,0.8640839105035047
100.678049752,1709142571.361031896,1709142571.360652869,/rigid_bodies.rigidbodies[2].pose.position.x,0.8640043241464685
100.688100638,1709142571.371082782,1709142571.370729130,/rigid_bodies.rigidbodies[2].pose.position.x,0.8640762531387007
100.698649221,1709142571.381631365,1709142571.381176078,/rigid_bodies.rigidbodies[2].pose.position.x,0.8641921705247319
100.708272658,1709142571.391254802,1709142571.390819576,/rigid_bodies.rigidbodies[2].pose.position.x,0.8642331885157439
100.718047408,1709142571.401029552,1709142571.400722794,/rigid_bodies.rigidbodies[2].pose.position.x,0.8641381459273226
100.728292956,1709142571.411275100,1709142571.410829222,/rigid_bodies.rigidbodies[2].pose.position.x,0.8640267359512447
100.738132467,1709142571.421114611,1709142571.420800449,/rigid_bodies.rigidbodies[2].pose.position.x,0.8639774451846747
100.748344805,1709142571.431326949,1709142571.431012360,/rigid_bodies.rigidbodies[2].pose.position.x,0.8641368449549405
100.757940986,1709142571.440923130,1709142571.440525255,/rigid_bodies.rigidbodies[2].pose.position.x,0.8642738284850273
100.768188037,1709142571.451170181,1709142571.450682801,/rigid_bodies.rigidbodies[2].pose.position.x,0.8642948639592838
100.778113406,1709142571.461095550,1709142571.460780167,/rigid_bodies.rigidbodies[2].pose.position.x,0.8640563828608915
100.788185608,1709142571.471167752,1709142571.470803274,/rigid_bodies.rigidbodies[2].pose.position.x,0.8640087183455739
100.798808284,1709142571.481790428,1709142571.481205661,/rigid_bodies.rigidbodies[2].pose.position.x,0.8640782245472945
100.808004305,1709142571.490986449,1709142571.490628955,/rigid_bodies.rigidbodies[2].pose.position.x,0.8641582864824424
100.818018418,1709142571.501000562,1709142571.500561601,/rigid_bodies.rigidbodies[2].pose.position.x,0.8642452688049193
100.828004533,1709142571.510986677,1709142571.510550855,/rigid_bodies.rigidbodies[2].pose.position.x,0.8641709245879676
100.838087454,1709142571.521069598,1709142571.520747920,/rigid_bodies.rigidbodies[2].pose.position.x,0.8640043632438328
100.848369751,1709142571.531351895,1709142571.530801154,/rigid_bodies.rigidbodies[2].pose.position.x,0.8639851759466665
100.857876869,1709142571.540859013,1709142571.540357518,/rigid_bodies.rigidbodies[2].pose.position.x,0.8641700012040502
100.86366979,1709142571.546651934,1709142571.546241419,/rigid_bodies.rigidbodies[2].pose.position.x,0.864288702304797
100.878087415,1709142571.561069559,1709142571.560567894,/rigid_bodies.rigidbodies[2].pose.position.x,0.8641808064132726
100.888374143,1709142571.571356287,1709142571.570804667,/rigid_bodies.rigidbodies[2].pose.position.x,0.8640504956820269
100.898323088,1709142571.581305232,1709142571.580814638,/rigid_bodies.rigidbodies[2].pose.position.x,0.8640076154485247
100.908172217,1709142571.591154361,1709142571.590666794,/rigid_bodies.rigidbodies[2].pose.position.x,0.8640299951749626
100.918365857,1709142571.601348001,1709142571.600873488,/rigid_bodies.rigidbodies[2].pose.position.x,0.864180558058535
100.928206188,1709142571.611188332,1709142571.610792595,/rigid_bodies.rigidbodies[2].pose.position.x,0.8642921805746705
100.93838513,1709142571.621367274,1709142571.620914655,/rigid_bodies.rigidbodies[2].pose.position.x,0.8641591139193143
100.947909435,1709142571.630891579,1709142571.630514442,/rigid_bodies.rigidbodies[2].pose.position.x,0.8639818445499632
100.958090118,1709142571.641072262,1709142571.640509015,/rigid_bodies.rigidbodies[2].pose.position.x,0.8640253834470542
100.968281267,1709142571.651263411,1709142571.650758672,/rigid_bodies.rigidbodies[2].pose.position.x,0.8641775847552395
100.978198009,1709142571.661180153,1709142571.660692727,/rigid_bodies.rigidbodies[2].pose.position.x,0.8642098783108108
100.98794759,1709142571.670929734,1709142571.670575451,/rigid_bodies.rigidbodies[2].pose.position.x,0.8641857266069236
100.998293405,1709142571.681275549,1709142571.680777555,/rigid_bodies.rigidbodies[2].pose.position.x,0.8640349497174881
101.007953425,1709142571.690935569,1709142571.690514385,/rigid_bodies.rigidbodies[2].pose.position.x,0.863964132276646
101.018317533,1709142571.701299677,1709142571.700807542,/rigid_bodies.rigidbodies[2].pose.position.x,0.8640522209449032
101.027936916,1709142571.710919060,1709142571.710536764,/rigid_bodies.rigidbodies[2].pose.position.x,0.8642397622339286
101.038189492,1709142571.721171636,1709142571.720686601,/rigid_bodies.rigidbodies[2].pose.position.x,0.8643000544344035
101.048101669,1709142571.731083813,1709142571.730535389,/rigid_bodies.rigidbodies[2].pose.position.x,0.8641618943282736
101.057983245,1709142571.740965389,1709142571.740396079,/rigid_bodies.rigidbodies[2].pose.position.x,0.8640073226561736
101.068819608,1709142571.751801752,1709142571.751300178,/rigid_bodies.rigidbodies[2].pose.position.x,0.8640612158649691
101.078402307,1709142571.761384451,1709142571.760865180,/rigid_bodies.rigidbodies[2].pose.position.x,0.8641058483879522
101.088474335,1709142571.771456479,1709142571.770885980,/rigid_bodies.rigidbodies[2].pose.position.x,0.8642118654669465
101.098880689,1709142571.781862833,1709142571.781258165,/rigid_bodies.rigidbodies[2].pose.position.x,0.8642198528282555
101.107947978,1709142571.790930122,1709142571.790550841,/rigid_bodies.rigidbodies[2].pose.position.x,0.8640799908826341
101.118314611,1709142571.801296755,1709142571.800757879,/rigid_bodies.rigidbodies[2].pose.position.x,0.8639684078525536
101.128548321,1709142571.811530465,1709142571.811005709,/rigid_bodies.rigidbodies[2].pose.position.x,0.8641013264957672
101.138274401,1709142571.821256545,1709142571.820723247,/rigid_bodies.rigidbodies[2].pose.position.x,0.8642353580164807
101.148523275,1709142571.831505419,1709142571.830936709,/rigid_bodies.rigidbodies[2].pose.position.x,0.8642290517684303
101.158485009,1709142571.841467153,1709142571.840751006,/rigid_bodies.rigidbodies[2].pose.position.x,0.8641100151847505
101.168196131,1709142571.851178275,1709142571.850657934,/rigid_bodies.rigidbodies[2].pose.position.x,0.8639975467204719
101.178341526,1709142571.861323670,1709142571.860802698,/rigid_bodies.rigidbodies[2].pose.position.x,0.8640447706897421
101.188333754,1709142571.871315898,1709142571.870730816,/rigid_bodies.rigidbodies[2].pose.position.x,0.8641570292296934
101.198579141,1709142571.881561285,1709142571.880897625,/rigid_bodies.rigidbodies[2].pose.position.x,0.8642807927986396
101.208098544,1709142571.891080688,1709142571.890701076,/rigid_bodies.rigidbodies[2].pose.position.x,0.8642410100423871
101.218718003,1709142571.901700147,1709142571.901200793,/rigid_bodies.rigidbodies[2].pose.position.x,0.8640251741711105
101.227816097,1709142571.910798241,1709142571.910414664,/rigid_bodies.rigidbodies[2].pose.position.x,0.8639805779758872
101.238198535,1709142571.921180679,1709142571.920809973,/rigid_bodies.rigidbodies[2].pose.position.x,0.8641009125681688
101.248668635,1709142571.931650779,1709142571.931138783,/rigid_bodies.rigidbodies[2].pose.position.x,0.8642000462913039
101.258203094,1709142571.941185238,1709142571.940590195,/rigid_bodies.rigidbodies[2].pose.position.x,0.864190708190074
101.268301785,1709142571.951283929,1709142571.950792458,/rigid_bodies.rigidbodies[2].pose.position.x,0.8641191674079378
101.274282928,1709142571.957265072,1709142571.956634113,/rigid_bodies.rigidbodies[2].pose.position.x,0.8640095187726922
101.288331334,1709142571.971313478,1709142571.970787186,/rigid_bodies.rigidbodies[2].pose.position.x,0.8640156743143808
101.298513209,1709142571.981495353,1709142571.980974448,/rigid_bodies.rigidbodies[2].pose.position.x,0.8641428788205898
101.308279222,1709142571.991261366,1709142571.990677821,/rigid_bodies.rigidbodies[2].pose.position.x,0.8642581452239068
101.318692914,1709142572.001675058,1709142572.001160195,/rigid_bodies.rigidbodies[2].pose.position.x,0.8641887849149454
101.328067761,1709142572.011049905,1709142572.010725556,/rigid_bodies.rigidbodies[2].pose.position.x,0.8640558080530704
101.338237462,1709142572.021219606,1709142572.020801272,/rigid_bodies.rigidbodies[2].pose.position.x,0.8639845591822745
101.348401127,1709142572.031383271,1709142572.030909146,/rigid_bodies.rigidbodies[2].pose.position.x,0.8640475846221517
101.35775635,1709142572.040738494,1709142572.040443644,/rigid_bodies.rigidbodies[2].pose.position.x,0.8641897236325254
101.368060904,1709142572.051043048,1709142572.050753712,/rigid_bodies.rigidbodies[2].pose.position.x,0.864285217398508
101.377676069,1709142572.060658213,1709142572.060469457,/rigid_bodies.rigidbodies[2].pose.position.x,0.8641595854292
101.387771072,1709142572.070753216,1709142572.070533223,/rigid_bodies.rigidbodies[2].pose.position.x,0.8640463332322735
101.397881936,1709142572.080864080,1709142572.080588563,/rigid_bodies.rigidbodies[2].pose.position.x,0.8640113718350634
101.407662354,1709142572.090644498,1709142572.090482803,/rigid_bodies.rigidbodies[2].pose.position.x,0.8641152609483741
101.41772416,1709142572.100706304,1709142572.100507365,/rigid_bodies.rigidbodies[2].pose.position.x,0.8642839256160362
101.427887485,1709142572.110869629,1709142572.110660188,/rigid_bodies.rigidbodies[2].pose.position.x,0.8642353736953557
101.438123193,1709142572.121105337,1709142572.120756817,/rigid_bodies.rigidbodies[2].pose.position.x,0.8640554548306776
101.448088664,1709142572.131070808,1709142572.130735580,/rigid_bodies.rigidbodies[2].pose.position.x,0.8639726382277269
101.457975693,1709142572.140957837,1709142572.140527245,/rigid_bodies.rigidbodies[2].pose.position.x,0.8640228380670433
101.468263901,1709142572.151246045,1709142572.150798623,/rigid_bodies.rigidbodies[2].pose.position.x,0.864199721443284
101.478447636,1709142572.161429780,1709142572.161006461,/rigid_bodies.rigidbodies[2].pose.position.x,0.8642563927427873
101.486729883,1709142572.169712027,1709142572.169262830,/rigid_bodies.rigidbodies[2].pose.position.x,0.8641149961052027
101.498263704,1709142572.181245848,1709142572.180769250,/rigid_bodies.rigidbodies[2].pose.position.x,0.8639697314058316
101.508285672,1709142572.191267816,1709142572.190821281,/rigid_bodies.rigidbodies[2].pose.position.x,0.8639730090404879
101.518343229,1709142572.201325373,1709142572.200741731,/rigid_bodies.rigidbodies[2].pose.position.x,0.8641176960708139
101.527922024,1709142572.210904168,1709142572.210451091,/rigid_bodies.rigidbodies[2].pose.position.x,0.8642769820592107
101.53828605,1709142572.221268194,1709142572.220772625,/rigid_bodies.rigidbodies[2].pose.position.x,0.8642465699239571
101.548013893,1709142572.230996037,1709142572.230628488,/rigid_bodies.rigidbodies[2].pose.position.x,0.8640641679682665
101.55807899,1709142572.241061134,1709142572.240572974,/rigid_bodies.rigidbodies[2].pose.position.x,0.8639263167865329
101.568785535,1709142572.251767679,1709142572.251206493,/rigid_bodies.rigidbodies[2].pose.position.x,0.8640596960496241
101.578884947,1709142572.261867091,1709142572.261263357,/rigid_bodies.rigidbodies[2].pose.position.x,0.864224864460952
101.58839012,1709142572.271372264,1709142572.270872103,/rigid_bodies.rigidbodies[2].pose.position.x,0.8642305748060298
101.598681862,1709142572.281664006,1709142572.281013832,/rigid_bodies.rigidbodies[2].pose.position.x,0.864119154781079
101.608072315,1709142572.291054459,1709142572.290625736,/rigid_bodies.rigidbodies[2].pose.position.x,0.8639809010313072
101.618327046,1709142572.301309190,1709142572.300835574,/rigid_bodies.rigidbodies[2].pose.position.x,0.8640126345101935
101.628001884,1709142572.310984028,1709142572.310621462,/rigid_bodies.rigidbodies[2].pose.position.x,0.8641223404475049
101.638096478,1709142572.321078622,1709142572.320670279,/rigid_bodies.rigidbodies[2].pose.position.x,0.864277188460669
101.648171269,1709142572.331153413,1709142572.330717257,/rigid_bodies.rigidbodies[2].pose.position.x,0.864221544773234
101.658375474,1709142572.341357618,1709142572.340823892,/rigid_bodies.rigidbodies[2].pose.position.x,0.8639918407882627
101.66848305,1709142572.351465194,1709142572.350853302,/rigid_bodies.rigidbodies[2].pose.position.x,0.8639221636595209
101.678551219,1709142572.361533363,1709142572.360969097,/rigid_bodies.rigidbodies[2].pose.position.x,0.8640944861764593
101.688472669,1709142572.371454813,1709142572.371017402,/rigid_bodies.rigidbodies[2].pose.position.x,0.8642324993916525
101.698576066,1709142572.381558210,1709142572.381002210,/rigid_bodies.rigidbodies[2].pose.position.x,0.8642283886526121
101.708456256,1709142572.391438400,1709142572.390848581,/rigid_bodies.rigidbodies[2].pose.position.x,0.8641274750433503
101.71805033,1709142572.401032474,1709142572.400524541,/rigid_bodies.rigidbodies[2].pose.position.x,0.8639781641010227
101.728452889,1709142572.411435033,1709142572.410866196,/rigid_bodies.rigidbodies[2].pose.position.x,0.8639856104148851
101.738550793,1709142572.421532937,1709142572.420980879,/rigid_bodies.rigidbodies[2].pose.position.x,0.8641583381967433
101.748470103,1709142572.431452247,1709142572.431070792,/rigid_bodies.rigidbodies[2].pose.position.x,0.86423616051052
101.753793675,1709142572.436775819,1709142572.436403637,/rigid_bodies.rigidbodies[2].pose.position.x,0.8641294400285154
101.7682799,1709142572.451262044,1709142572.450786291,/rigid_bodies.rigidbodies[2].pose.position.x,0.8639650684863616
101.778293258,1709142572.461275402,1709142572.460875356,/rigid_bodies.rigidbodies[2].pose.position.x,0.864006407038555
101.788330413,1709142572.471312557,1709142572.470859135,/rigid_bodies.rigidbodies[2].pose.position.x,0.8640670772553802
101.799038449,1709142572.482020593,1709142572.481444885,/rigid_bodies.rigidbodies[2].pose.position.x,0.8641831930209739
101.808245518,1709142572.491227662,1709142572.490632869,/rigid_bodies.rigidbodies[2].pose.position.x,0.8642338621719841
101.818547623,1709142572.501529767,1709142572.500922814,/rigid_bodies.rigidbodies[2].pose.position.x,0.8640991473130974
101.828494122,1709142572.511476266,1709142572.510883950,/rigid_bodies.rigidbodies[2].pose.position.x,0.8639612932748038
101.833631475,1709142572.516613619,1709142572.516281716,/rigid_bodies.rigidbodies[2].pose.position.x,0.863968320323927
101.847949037,1709142572.530931181,1709142572.530761267,/rigid_bodies.rigidbodies[2].pose.position.x,0.8641477253588693
101.857421718,1709142572.540403862,1709142572.540110507,/rigid_bodies.rigidbodies[2].pose.position.x,0.8642187886881952
101.868328806,1709142572.551310950,1709142572.550872851,/rigid_bodies.rigidbodies[2].pose.position.x,0.8641360178865958
101.878179297,1709142572.561161441,1709142572.560618671,/rigid_bodies.rigidbodies[2].pose.position.x,0.8640134934635257
101.888549404,1709142572.571531548,1709142572.570825005,/rigid_bodies.rigidbodies[2].pose.position.x,0.8639695312407757
101.894156021,1709142572.577138165,1709142572.576524545,/rigid_bodies.rigidbodies[2].pose.position.x,0.8640226333920035
101.908181152,1709142572.591163296,1709142572.590642309,/rigid_bodies.rigidbodies[2].pose.position.x,0.8642164312647476
101.918357339,1709142572.601339483,1709142572.600737811,/rigid_bodies.rigidbodies[2].pose.position.x,0.8642777511784869
101.928488418,1709142572.611470562,1709142572.610836242,/rigid_bodies.rigidbodies[2].pose.position.x,0.8641209471259875
101.938236058,1709142572.621218202,1709142572.620754246,/rigid_bodies.rigidbodies[2].pose.position.x,0.8640054980430975
101.948503078,1709142572.631485222,1709142572.630871418,/rigid_bodies.rigidbodies[2].pose.position.x,0.8639955551296256
101.958337621,1709142572.641319765,1709142572.640738806,/rigid_bodies.rigidbodies[2].pose.position.x,0.864165142188648
101.96839515,1709142572.651377294,1709142572.650802065,/rigid_bodies.rigidbodies[2].pose.position.x,0.864254235242472
101.978447628,1709142572.661429772,1709142572.660852787,/rigid_bodies.rigidbodies[2].pose.position.x,0.86420477826752
101.988713677,1709142572.671695821,1709142572.671098152,/rigid_bodies.rigidbodies[2].pose.position.x,0.8640490995067467
101.998213606,1709142572.681195750,1709142572.680728581,/rigid_bodies.rigidbodies[2].pose.position.x,0.86396059975763
102.007984749,1709142572.690966893,1709142572.690648359,/rigid_bodies.rigidbodies[2].pose.position.x,0.8640293276126724
102.018330868,1709142572.701313012,1709142572.700919388,/rigid_bodies.rigidbodies[2].pose.position.x,0.8641915641985753
102.028095558,1709142572.711077702,1709142572.710643321,/rigid_bodies.rigidbodies[2].pose.position.x,0.8642597547935902
102.038233017,1709142572.721215161,1709142572.720780065,/rigid_bodies.rigidbodies[2].pose.position.x,0.8641176621875017
102.048445811,1709142572.731427955,1709142572.730970565,/rigid_bodies.rigidbodies[2].pose.position.x,0.8639954573390672
102.054032413,1709142572.737014557,1709142572.736442688,/rigid_bodies.rigidbodies[2].pose.position.x,0.8640194111009087
102.068295498,1709142572.751277642,1709142572.750838579,/rigid_bodies.rigidbodies[2].pose.position.x,0.8641388233542868
102.078118304,1709142572.761100448,1709142572.760634221,/rigid_bodies.rigidbodies[2].pose.position.x,0.8642256535581725
102.088832079,1709142572.771814223,1709142572.771155619,/rigid_bodies.rigidbodies[2].pose.position.x,0.8642312751157265
102.098516366,1709142572.781498510,1709142572.780948764,/rigid_bodies.rigidbodies[2].pose.position.x,0.864066919418897
102.108333948,1709142572.791316092,1709142572.790786751,/rigid_bodies.rigidbodies[2].pose.position.x,0.8639634653936226
102.118453035,1709142572.801435179,1709142572.800796855,/rigid_bodies.rigidbodies[2].pose.position.x,0.8640733792719004
102.128170138,1709142572.811152282,1709142572.810772789,/rigid_bodies.rigidbodies[2].pose.position.x,0.8642181588290002
102.138328846,1709142572.821310990,1709142572.820783208,/rigid_bodies.rigidbodies[2].pose.position.x,0.8642664843270708
102.148423539,1709142572.831405683,1709142572.830834609,/rigid_bodies.rigidbodies[2].pose.position.x,0.8641782327193961
102.157951547,1709142572.840933691,1709142572.840473339,/rigid_bodies.rigidbodies[2].pose.position.x,0.8640406559016179
102.16836852,1709142572.851350664,1709142572.850829425,/rigid_bodies.rigidbodies[2].pose.position.x,0.8640189198970545
102.178706991,1709142572.861689135,1709142572.861016966,/rigid_bodies.rigidbodies[2].pose.position.x,0.8641611011986912
102.188154767,1709142572.871136911,1709142572.870643363,/rigid_bodies.rigidbodies[2].pose.position.x,0.8642729555952133
102.198546905,1709142572.881529049,1709142572.880986579,/rigid_bodies.rigidbodies[2].pose.position.x,0.864228493558837
102.208036934,1709142572.891019078,1709142572.890422085,/rigid_bodies.rigidbodies[2].pose.position.x,0.8640825389387241
102.218371744,1709142572.901353888,1709142572.900852746,/rigid_bodies.rigidbodies[2].pose.position.x,0.8640172176898291
102.228771958,1709142572.911754102,1709142572.910978650,/rigid_bodies.rigidbodies[2].pose.position.x,0.8640591152716757
102.23827892,1709142572.921261064,1709142572.920731792,/rigid_bodies.rigidbodies[2].pose.position.x,0.864182000696236
102.248353154,1709142572.931335298,1709142572.930891450,/rigid_bodies.rigidbodies[2].pose.position.x,0.8642430161085505
102.258125886,1709142572.941108030,1709142572.940449753,/rigid_bodies.rigidbodies[2].pose.position.x,0.8641959929848695
102.268775477,1709142572.951757621,1709142572.951140271,/rigid_bodies.rigidbodies[2].pose.position.x,0.8640035697716884
102.278230105,1709142572.961212249,1709142572.960658615,/rigid_bodies.rigidbodies[2].pose.position.x,0.8639773303559861
102.288196818,1709142572.971178962,1709142572.970696949,/rigid_bodies.rigidbodies[2].pose.position.x,0.8641407573107609
102.298525998,1709142572.981508142,1709142572.980949618,/rigid_bodies.rigidbodies[2].pose.position.x,0.8642507397650521
102.308596317,1709142572.991578461,1709142572.991022384,/rigid_bodies.rigidbodies[2].pose.position.x,0.8641767629217615
102.318831445,1709142573.001813589,1709142573.001063083,/rigid_bodies.rigidbodies[2].pose.position.x,0.8640847753424187
102.328016878,1709142573.010999022,1709142573.010490779,/rigid_bodies.rigidbodies[2].pose.position.x,0.8640484949820677
102.338193283,1709142573.021175427,1709142573.020644142,/rigid_bodies.rigidbodies[2].pose.position.x,0.8640468291335004
102.348877867,1709142573.031860011,1709142573.031133757,/rigid_bodies.rigidbodies[2].pose.position.x,0.8641943490370004
102.35852113,1709142573.041503274,1709142573.040759561,/rigid_bodies.rigidbodies[2].pose.position.x,0.8642371540622743
102.367933184,1709142573.050915328,1709142573.050559017,/rigid_bodies.rigidbodies[2].pose.position.x,0.8641343917743133
102.378364249,1709142573.061346393,1709142573.060964325,/rigid_bodies.rigidbodies[2].pose.position.x,0.8640145801798553
102.388373942,1709142573.071356086,1709142573.070911852,/rigid_bodies.rigidbodies[2].pose.position.x,0.8640309615141315
102.398692897,1709142573.081675041,1709142573.081203124,/rigid_bodies.rigidbodies[2].pose.position.x,0.8641092397992307
102.408201043,1709142573.091183187,1709142573.090661074,/rigid_bodies.rigidbodies[2].pose.position.x,0.864185163289701
102.418461477,1709142573.101443621,1709142573.100934405,/rigid_bodies.rigidbodies[2].pose.position.x,0.8641810472849777
102.427601965,1709142573.110584109,1709142573.110357022,/rigid_bodies.rigidbodies[2].pose.position.x,0.864095235702712
102.437971396,1709142573.120953540,1709142573.120473204,/rigid_bodies.rigidbodies[2].pose.position.x,0.8640083538913373
102.447932319,1709142573.130914463,1709142573.130673045,/rigid_bodies.rigidbodies[2].pose.position.x,0.8641037992589041
102.457692061,1709142573.140674205,1709142573.140338530,/rigid_bodies.rigidbodies[2].pose.position.x,0.8642220967018599
102.468217114,1709142573.151199258,1709142573.150765218,/rigid_bodies.rigidbodies[2].pose.position.x,0.8642269386228453
102.47832874,1709142573.161310884,1709142573.160715092,/rigid_bodies.rigidbodies[2].pose.position.x,0.8641159970629013
102.488499931,1709142573.171482075,1709142573.170968290,/rigid_bodies.rigidbodies[2].pose.position.x,0.8640323806198915
102.498355725,1709142573.181337869,1709142573.180743326,/rigid_bodies.rigidbodies[2].pose.position.x,0.8640194660057466
102.508636305,1709142573.191618449,1709142573.191000123,/rigid_bodies.rigidbodies[2].pose.position.x,0.8641133305341635
102.517941226,1709142573.200923370,1709142573.200458935,/rigid_bodies.rigidbodies[2].pose.position.x,0.864216940263279
102.528109333,1709142573.211091477,1709142573.210587781,/rigid_bodies.rigidbodies[2].pose.position.x,0.8642391800227806
102.538632863,1709142573.221615007,1709142573.220968764,/rigid_bodies.rigidbodies[2].pose.position.x,0.8640844993688959
102.548090767,1709142573.231072911,1709142573.230636950,/rigid_bodies.rigidbodies[2].pose.position.x,0.8639842550048092
102.55821658,1709142573.241198724,1709142573.240694217,/rigid_bodies.rigidbodies[2].pose.position.x,0.8640716536192349
102.568418388,1709142573.251400532,1709142573.250898032,/rigid_bodies.rigidbodies[2].pose.position.x,0.8641661871157409
102.578223999,1709142573.261206143,1709142573.260699743,/rigid_bodies.rigidbodies[2].pose.position.x,0.8642097053038866
102.588158365,1709142573.271140509,1709142573.270635360,/rigid_bodies.rigidbodies[2].pose.position.x,0.8641696277708729
102.598303856,1709142573.281286000,1709142573.280706435,/rigid_bodies.rigidbodies[2].pose.position.x,0.8640553023592487
102.608270479,1709142573.291252623,1709142573.290653017,/rigid_bodies.rigidbodies[2].pose.position.x,0.8640100928331876
102.618423477,1709142573.301405621,1709142573.300861847,/rigid_bodies.rigidbodies[2].pose.position.x,0.8640775394191489
102.628633286,1709142573.311615430,1709142573.311154965,/rigid_bodies.rigidbodies[2].pose.position.x,0.8642182231169679
102.64554058,1709142573.328522724,1709142573.328086215,/rigid_bodies.rigidbodies[2].pose.position.x,0.8642250815868723
102.648788974,1709142573.331771118,1709142573.331258339,/rigid_bodies.rigidbodies[2].pose.position.x,0.8640737348177421
102.659032273,1709142573.342014417,1709142573.341410151,/rigid_bodies.rigidbodies[2].pose.position.x,0.8639860502484071
102.668539678,1709142573.351521822,1709142573.351030052,/rigid_bodies.rigidbodies[2].pose.position.x,0.8640253672099636
102.678634303,1709142573.361616447,1709142573.361150966,/rigid_bodies.rigidbodies[2].pose.position.x,0.8641748937226466
102.688631415,1709142573.371613559,1709142573.370969313,/rigid_bodies.rigidbodies[2].pose.position.x,0.8642002162119374
102.698595684,1709142573.381577828,1709142573.381090676,/rigid_bodies.rigidbodies[2].pose.position.x,0.8641774854701687
102.70818351,1709142573.391165654,1709142573.390759678,/rigid_bodies.rigidbodies[2].pose.position.x,0.8640292511048461
102.718326424,1709142573.401308568,1709142573.400689960,/rigid_bodies.rigidbodies[2].pose.position.x,0.863964915027187
102.728555983,1709142573.411538127,1709142573.410871686,/rigid_bodies.rigidbodies[2].pose.position.x,0.8641134821288692
102.73835397,1709142573.421336114,1709142573.420926922,/rigid_bodies.rigidbodies[2].pose.position.x,0.8642253660222677
102.748270111,1709142573.431252255,1709142573.430787166,/rigid_bodies.rigidbodies[2].pose.position.x,0.8642075389844596
102.757991324,1709142573.440973468,1709142573.440305505,/rigid_bodies.rigidbodies[2].pose.position.x,0.8641212351763569
102.768062497,1709142573.451044641,1709142573.450633956,/rigid_bodies.rigidbodies[2].pose.position.x,0.8640277382067216
102.778370619,1709142573.461352763,1709142573.460831684,/rigid_bodies.rigidbodies[2].pose.position.x,0.8640203029743919
102.788923708,1709142573.471905852,1709142573.471246992,/rigid_bodies.rigidbodies[2].pose.position.x,0.8641697156704667
102.798235041,1709142573.481217185,1709142573.480726530,/rigid_bodies.rigidbodies[2].pose.position.x,0.8642788678467718
102.807925956,1709142573.490908100,1709142573.490596975,/rigid_bodies.rigidbodies[2].pose.position.x,0.8642165528609801
102.818484859,1709142573.501467003,1709142573.500809641,/rigid_bodies.rigidbodies[2].pose.position.x,0.8640189203426709
102.828193781,1709142573.511175925,1709142573.510903258,/rigid_bodies.rigidbodies[2].pose.position.x,0.8639809020940407
102.83815423,1709142573.521136374,1709142573.520794118,/rigid_bodies.rigidbodies[2].pose.position.x,0.8640969475643187
102.848618296,1709142573.531600440,1709142573.531131575,/rigid_bodies.rigidbodies[2].pose.position.x,0.8642122438927501
102.858027863,1709142573.541010007,1709142573.540491934,/rigid_bodies.rigidbodies[2].pose.position.x,0.8642010475593387
102.86829477,1709142573.551276914,1709142573.550795317,/rigid_bodies.rigidbodies[2].pose.position.x,0.864142617750363
102.878329105,1709142573.561311249,1709142573.560736005,/rigid_bodies.rigidbodies[2].pose.position.x,0.8640348394479376
102.888462075,1709142573.571444219,1709142573.570907501,/rigid_bodies.rigidbodies[2].pose.position.x,0.8640117272825151
102.898762516,1709142573.581744660,1709142573.581321117,/rigid_bodies.rigidbodies[2].pose.position.x,0.8641446320613063
102.908580661,1709142573.591562805,1709142573.590927547,/rigid_bodies.rigidbodies[2].pose.position.x,0.8642393934047362
102.91802931,1709142573.601011454,1709142573.600468509,/rigid_bodies.rigidbodies[2].pose.position.x,0.8641580908295562
102.927950756,1709142573.610932900,1709142573.610452031,/rigid_bodies.rigidbodies[2].pose.position.x,0.864048900260474
102.938494089,1709142573.621476233,1709142573.620886417,/rigid_bodies.rigidbodies[2].pose.position.x,0.8640146546336506
102.948420372,1709142573.631402516,1709142573.630881660,/rigid_bodies.rigidbodies[2].pose.position.x,0.8640915272802817
102.958125988,1709142573.641108132,1709142573.640693416,/rigid_bodies.rigidbodies[2].pose.position.x,0.8641684686905738
102.968322101,1709142573.651304245,1709142573.650815748,/rigid_bodies.rigidbodies[2].pose.position.x,0.8642238258382741
102.978457546,1709142573.661439690,1709142573.661099085,/rigid_bodies.rigidbodies[2].pose.position.x,0.8640945907044049
102.988120413,1709142573.671102557,1709142573.670720288,/rigid_bodies.rigidbodies[2].pose.position.x,0.8640027978375545
102.99854452,1709142573.681526664,1709142573.681138360,/rigid_bodies.rigidbodies[2].pose.position.x,0.8640383801603134
103.007942444,1709142573.690924588,1709142573.690390834,/rigid_bodies.rigidbodies[2].pose.position.x,0.8641709243462086
103.018820874,1709142573.701803018,1709142573.701270492,/rigid_bodies.rigidbodies[2].pose.position.x,0.8642049059384815
103.02859882,1709142573.711580964,1709142573.710894929,/rigid_bodies.rigidbodies[2].pose.position.x,0.8641618946029928
103.038363716,1709142573.721345860,1709142573.721023560,/rigid_bodies.rigidbodies[2].pose.position.x,0.8640969845954911
103.048515697,1709142573.731497841,1709142573.730949918,/rigid_bodies.rigidbodies[2].pose.position.x,0.8640390665063052
103.058382848,1709142573.741364992,1709142573.740824070,/rigid_bodies.rigidbodies[2].pose.position.x,0.8640827121666033
103.06817978,1709142573.751161924,1709142573.750730260,/rigid_bodies.rigidbodies[2].pose.position.x,0.8642140174733427
103.078440174,1709142573.761422318,1709142573.761063779,/rigid_bodies.rigidbodies[2].pose.position.x,0.8642306568396587
103.088430287,1709142573.771412431,1709142573.771111014,/rigid_bodies.rigidbodies[2].pose.position.x,0.8640870536571914
103.098367371,1709142573.781349515,1709142573.781139939,/rigid_bodies.rigidbodies[2].pose.position.x,0.8639923125445311
103.107804372,1709142573.790786516,1709142573.790452389,/rigid_bodies.rigidbodies[2].pose.position.x,0.8640379384633993
103.118281785,1709142573.801263929,1709142573.800798197,/rigid_bodies.rigidbodies[2].pose.position.x,0.8641397256038439
103.128445619,1709142573.811427763,1709142573.811161956,/rigid_bodies.rigidbodies[2].pose.position.x,0.8641915340151997
103.137799603,1709142573.820781747,1709142573.820454182,/rigid_bodies.rigidbodies[2].pose.position.x,0.8641972142563158
103.148209674,1709142573.831191818,1709142573.830723134,/rigid_bodies.rigidbodies[2].pose.position.x,0.8640387122843296
103.157988912,1709142573.840971056,1709142573.840497606,/rigid_bodies.rigidbodies[2].pose.position.x,0.8639753950051562
103.168563504,1709142573.851545648,1709142573.851029144,/rigid_bodies.rigidbodies[2].pose.position.x,0.864077190712574
103.178339568,1709142573.861321712,1709142573.860868031,/rigid_bodies.rigidbodies[2].pose.position.x,0.8642041757708064
103.188229417,1709142573.871211561,1709142573.870735817,/rigid_bodies.rigidbodies[2].pose.position.x,0.8642095284164958
103.198450723,1709142573.881432867,1709142573.881085758,/rigid_bodies.rigidbodies[2].pose.position.x,0.8641864329630154
103.208480814,1709142573.891462958,1709142573.891002647,/rigid_bodies.rigidbodies[2].pose.position.x,0.8640771418478663
103.21805614,1709142573.901038284,1709142573.900718151,/rigid_bodies.rigidbodies[2].pose.position.x,0.8640593248310404
103.227871657,1709142573.910853801,1709142573.910534059,/rigid_bodies.rigidbodies[2].pose.position.x,0.8641415100826955
103.238413577,1709142573.921395721,1709142573.920914693,/rigid_bodies.rigidbodies[2].pose.position.x,0.8642222498540695
103.248211506,1709142573.931193650,1709142573.930744198,/rigid_bodies.rigidbodies[2].pose.position.x,0.8641976845818364
103.258421557,1709142573.941403701,1709142573.940931176,/rigid_bodies.rigidbodies[2].pose.position.x,0.8640345036882346
103.268475965,1709142573.951458109,1709142573.950853743,/rigid_bodies.rigidbodies[2].pose.position.x,0.8640180887888403
103.277528047,1709142573.960510191,1709142573.960146686,/rigid_bodies.rigidbodies[2].pose.position.x,0.8641203604154548
103.287813501,1709142573.970795645,1709142573.970490049,/rigid_bodies.rigidbodies[2].pose.position.x,0.8641563190121547
103.298621262,1709142573.981603406,1709142573.981149396,/rigid_bodies.rigidbodies[2].pose.position.x,0.8641934814987942
103.30775645,1709142573.990738594,1709142573.990320270,/rigid_bodies.rigidbodies[2].pose.position.x,0.8641736333391894
103.318564149,1709142574.001546293,1709142574.001115675,/rigid_bodies.rigidbodies[2].pose.position.x,0.864012567004226
103.3281858,1709142574.011167944,1709142574.010755500,/rigid_bodies.rigidbodies[2].pose.position.x,0.8640149560441392
103.338162799,1709142574.021144943,1709142574.020714789,/rigid_bodies.rigidbodies[2].pose.position.x,0.8641462378303619
103.348372188,1709142574.031354332,1709142574.030925221,/rigid_bodies.rigidbodies[2].pose.position.x,0.8642323708632716
103.358152554,1709142574.041134698,1709142574.040825610,/rigid_bodies.rigidbodies[2].pose.position.x,0.8641834942460235
103.367928178,1709142574.050910322,1709142574.050641059,/rigid_bodies.rigidbodies[2].pose.position.x,0.8641073955195575
103.377524062,1709142574.060506206,1709142574.060219105,/rigid_bodies.rigidbodies[2].pose.position.x,0.8640489566547334
103.387336823,1709142574.070318967,1709142574.070016417,/rigid_bodies.rigidbodies[2].pose.position.x,0.8640578064557504
103.397970701,1709142574.080952845,1709142574.080609325,/rigid_bodies.rigidbodies[2].pose.position.x,0.8641665009749601
103.407647463,1709142574.090629607,1709142574.090385945,/rigid_bodies.rigidbodies[2].pose.position.x,0.8642176562862679
103.417678582,1709142574.100660726,1709142574.100432871,/rigid_bodies.rigidbodies[2].pose.position.x,0.8641079266836674
103.428241044,1709142574.111223188,1709142574.110879847,/rigid_bodies.rigidbodies[2].pose.position.x,0.8639551965791377
103.438319983,1709142574.121302127,1709142574.120813835,/rigid_bodies.rigidbodies[2].pose.position.x,0.8640015785412638
103.448354397,1709142574.131336541,1709142574.130846439,/rigid_bodies.rigidbodies[2].pose.position.x,0.8641593983405192
103.458141008,1709142574.141123152,1709142574.140697988,/rigid_bodies.rigidbodies[2].pose.position.x,0.8641912403713128
103.467949826,1709142574.150931970,1709142574.150547875,/rigid_bodies.rigidbodies[2].pose.position.x,0.8641731168641958
103.47852915,1709142574.161511294,1709142574.161112885,/rigid_bodies.rigidbodies[2].pose.position.x,0.8640910152422602
103.488380085,1709142574.171362229,1709142574.170919167,/rigid_bodies.rigidbodies[2].pose.position.x,0.8639828727963407
103.498461714,1709142574.181443858,1709142574.181038831,/rigid_bodies.rigidbodies[2].pose.position.x,0.8640505221806389
103.508110763,1709142574.191092907,1709142574.190796116,/rigid_bodies.rigidbodies[2].pose.position.x,0.864177019506076
103.518330679,1709142574.201312823,1709142574.200840102,/rigid_bodies.rigidbodies[2].pose.position.x,0.8642613198448863
103.527902334,1709142574.210884478,1709142574.210555946,/rigid_bodies.rigidbodies[2].pose.position.x,0.8641701342256426
103.53794814,1709142574.220930284,1709142574.220595594,/rigid_bodies.rigidbodies[2].pose.position.x,0.8640501439333238
103.548222734,1709142574.231204878,1709142574.230777606,/rigid_bodies.rigidbodies[2].pose.position.x,0.8640426553269421
103.558463058,1709142574.241445202,1709142574.240865661,/rigid_bodies.rigidbodies[2].pose.position.x,0.8640758658086577
103.568604102,1709142574.251586246,1709142574.251111528,/rigid_bodies.rigidbodies[2].pose.position.x,0.8641808774405075
103.578096425,1709142574.261078569,1709142574.260651888,/rigid_bodies.rigidbodies[2].pose.position.x,0.8642291598748576
103.587914813,1709142574.270896957,1709142574.270602639,/rigid_bodies.rigidbodies[2].pose.position.x,0.8640832393261598
103.598233485,1709142574.281215629,1709142574.280870861,/rigid_bodies.rigidbodies[2].pose.position.x,0.8639548934187247
103.607889086,1709142574.290871230,1709142574.290609322,/rigid_bodies.rigidbodies[2].pose.position.x,0.8640463833502666
103.618205533,1709142574.301187677,1709142574.300804814,/rigid_bodies.rigidbodies[2].pose.position.x,0.8641508961090903
103.628003134,1709142574.310985278,1709142574.310715570,/rigid_bodies.rigidbodies[2].pose.position.x,0.8642249353699594
103.633621481,1709142574.316603625,1709142574.316350988,/rigid_bodies.rigidbodies[2].pose.position.x,0.8641796031684853
103.648294133,1709142574.331276277,1709142574.330845789,/rigid_bodies.rigidbodies[2].pose.position.x,0.864115404173158
103.658249397,1709142574.341231541,1709142574.340635853,/rigid_bodies.rigidbodies[2].pose.position.x,0.8640164449864208
103.668437754,1709142574.351419898,1709142574.350957099,/rigid_bodies.rigidbodies[2].pose.position.x,0.8640802599005316
103.678265091,1709142574.361247235,1709142574.360898782,/rigid_bodies.rigidbodies[2].pose.position.x,0.8642334082758446
103.688789923,1709142574.371772067,1709142574.371184592,/rigid_bodies.rigidbodies[2].pose.position.x,0.8642062219569386
103.698256036,1709142574.381238180,1709142574.380802709,/rigid_bodies.rigidbodies[2].pose.position.x,0.8640349188207112
103.708299795,1709142574.391281939,1709142574.390829314,/rigid_bodies.rigidbodies[2].pose.position.x,0.8640283352883876
103.71828188,1709142574.401264024,1709142574.400760983,/rigid_bodies.rigidbodies[2].pose.position.x,0.8640913113647295
103.728243092,1709142574.411225236,1709142574.410695965,/rigid_bodies.rigidbodies[2].pose.position.x,0.8641413058331849
103.738595072,1709142574.421577216,1709142574.421100311,/rigid_bodies.rigidbodies[2].pose.position.x,0.8642082328717468
103.748306018,1709142574.431288162,1709142574.430891297,/rigid_bodies.rigidbodies[2].pose.position.x,0.8641903367196428
103.757775258,1709142574.440757402,1709142574.440485834,/rigid_bodies.rigidbodies[2].pose.position.x,0.8640236715386344
103.768443548,1709142574.451425692,1709142574.450976630,/rigid_bodies.rigidbodies[2].pose.position.x,0.8639893546760979
103.778268698,1709142574.461250842,1709142574.460859054,/rigid_bodies.rigidbodies[2].pose.position.x,0.8641500563039761
103.788070322,1709142574.471052466,1709142574.470626926,/rigid_bodies.rigidbodies[2].pose.position.x,0.8642074602693707
103.798592549,1709142574.481574693,1709142574.480986618,/rigid_bodies.rigidbodies[2].pose.position.x,0.8641857756795619
103.807500612,1709142574.490482756,1709142574.490164865,/rigid_bodies.rigidbodies[2].pose.position.x,0.8641317376828576
103.818589353,1709142574.501571497,1709142574.501164200,/rigid_bodies.rigidbodies[2].pose.position.x,0.8640578256839417
103.828497981,1709142574.511480125,1709142574.510772153,/rigid_bodies.rigidbodies[2].pose.position.x,0.8640518355782971
103.838289955,1709142574.521272099,1709142574.520683726,/rigid_bodies.rigidbodies[2].pose.position.x,0.8641478764461406
103.847877523,1709142574.530859667,1709142574.530598118,/rigid_bodies.rigidbodies[2].pose.position.x,0.8642434706312442
103.858323588,1709142574.541305732,1709142574.540816055,/rigid_bodies.rigidbodies[2].pose.position.x,0.8641511488128655
103.867987278,1709142574.550969422,1709142574.550599636,/rigid_bodies.rigidbodies[2].pose.position.x,0.8639923731821402
103.877522834,1709142574.560504978,1709142574.560311143,/rigid_bodies.rigidbodies[2].pose.position.x,0.8640079954690542
103.887755748,1709142574.570737892,1709142574.570479634,/rigid_bodies.rigidbodies[2].pose.position.x,0.864102552824611
103.898171277,1709142574.581153421,1709142574.580797111,/rigid_bodies.rigidbodies[2].pose.position.x,0.8641866774976215
103.907794887,1709142574.590777031,1709142574.590382840,/rigid_bodies.rigidbodies[2].pose.position.x,0.8642448022463985
103.918380163,1709142574.601362307,1709142574.600789820,/rigid_bodies.rigidbodies[2].pose.position.x,0.8641682821071448
103.929107669,1709142574.612089813,1709142574.611467461,/rigid_bodies.rigidbodies[2].pose.position.x,0.8640062911922679
103.938456186,1709142574.621438330,1709142574.620844668,/rigid_bodies.rigidbodies[2].pose.position.x,0.8640142316282136
103.948714796,1709142574.631696940,1709142574.631076363,/rigid_bodies.rigidbodies[2].pose.position.x,0.8641860912748673
103.957923252,1709142574.640905396,1709142574.640408168,/rigid_bodies.rigidbodies[2].pose.position.x,0.8642135228832012
103.96821281,1709142574.651194954,1709142574.650653946,/rigid_bodies.rigidbodies[2].pose.position.x,0.864167417018783
103.978427483,1709142574.661409627,1709142574.660883927,/rigid_bodies.rigidbodies[2].pose.position.x,0.8640716080112751
103.988469951,1709142574.671452095,1709142574.670883885,/rigid_bodies.rigidbodies[2].pose.position.x,0.8640134267986741
103.99846649,1709142574.681448634,1709142574.681012677,/rigid_bodies.rigidbodies[2].pose.position.x,0.8640177458360635
104.008276747,1709142574.691258891,1709142574.690788038,/rigid_bodies.rigidbodies[2].pose.position.x,0.8641754038775952
104.018507207,1709142574.701489351,1709142574.700924866,/rigid_bodies.rigidbodies[2].pose.position.x,0.8642476518033935
104.028508666,1709142574.711490810,1709142574.710823019,/rigid_bodies.rigidbodies[2].pose.position.x,0.8641164174557996
104.034235972,1709142574.717218116,1709142574.716548378,/rigid_bodies.rigidbodies[2].pose.position.x,0.863970782729701
104.048517673,1709142574.731499817,1709142574.730918145,/rigid_bodies.rigidbodies[2].pose.position.x,0.8640280150232168
104.058168364,1709142574.741150508,1709142574.740537835,/rigid_bodies.rigidbodies[2].pose.position.x,0.8641286850806597
104.068361797,1709142574.751343941,1709142574.750639006,/rigid_bodies.rigidbodies[2].pose.position.x,0.8641724463735003
104.078884503,1709142574.761866647,1709142574.761094694,/rigid_bodies.rigidbodies[2].pose.position.x,0.8642008666446862
104.08898973,1709142574.771971874,1709142574.771288968,/rigid_bodies.rigidbodies[2].pose.position.x,0.8641157675228226
104.098796149,1709142574.781778293,1709142574.781046701,/rigid_bodies.rigidbodies[2].pose.position.x,0.8639933380873881
104.10835255,1709142574.791334694,1709142574.790683197,/rigid_bodies.rigidbodies[2].pose.position.x,0.8640773452802558
104.118243341,1709142574.801225485,1709142574.800624646,/rigid_bodies.rigidbodies[2].pose.position.x,0.8642190029183188
104.127868146,1709142574.810850290,1709142574.810357576,/rigid_bodies.rigidbodies[2].pose.position.x,0.8642356310680624
104.13864812,1709142574.821630264,1709142574.820890529,/rigid_bodies.rigidbodies[2].pose.position.x,0.8640813741481908
104.148379159,1709142574.831361303,1709142574.830694098,/rigid_bodies.rigidbodies[2].pose.position.x,0.8640281382374738
104.158457742,1709142574.841439886,1709142574.840798826,/rigid_bodies.rigidbodies[2].pose.position.x,0.8640408137968125
104.16842996,1709142574.851412104,1709142574.850912065,/rigid_bodies.rigidbodies[2].pose.position.x,0.8640919525323215
104.178286992,1709142574.861269136,1709142574.860805306,/rigid_bodies.rigidbodies[2].pose.position.x,0.8642293692827001
104.188653511,1709142574.871635655,1709142574.871086803,/rigid_bodies.rigidbodies[2].pose.position.x,0.8642584739442448
104.198785464,1709142574.881767608,1709142574.881118365,/rigid_bodies.rigidbodies[2].pose.position.x,0.8640500847835405
104.207862373,1709142574.890844517,1709142574.890423612,/rigid_bodies.rigidbodies[2].pose.position.x,0.8639579933934896
104.218204233,1709142574.901186377,1709142574.900689290,/rigid_bodies.rigidbodies[2].pose.position.x,0.8640396773408622
104.228431121,1709142574.911413265,1709142574.910904472,/rigid_bodies.rigidbodies[2].pose.position.x,0.8642162764682972
104.238259927,1709142574.921242071,1709142574.920722299,/rigid_bodies.rigidbodies[2].pose.position.x,0.8642224622295704
104.248751743,1709142574.931733887,1709142574.931141154,/rigid_bodies.rigidbodies[2].pose.position.x,0.8641408011766821
104.258699153,1709142574.941681297,1709142574.940992993,/rigid_bodies.rigidbodies[2].pose.position.x,0.8640528398087421
104.268291098,1709142574.951273242,1709142574.950913761,/rigid_bodies.rigidbodies[2].pose.position.x,0.863982350668504
104.278077738,1709142574.961059882,1709142574.960697561,/rigid_bodies.rigidbodies[2].pose.position.x,0.8640785084419987
104.288465439,1709142574.971447583,1709142574.970951135,/rigid_bodies.rigidbodies[2].pose.position.x,0.8642361222453445
104.298425569,1709142574.981407713,1709142574.980968462,/rigid_bodies.rigidbodies[2].pose.position.x,0.86420389367505
104.308143241,1709142574.991125385,1709142574.990603223,/rigid_bodies.rigidbodies[2].pose.position.x,0.8639951126521546
104.318135324,1709142575.001117468,1709142575.000629399,/rigid_bodies.rigidbodies[2].pose.position.x,0.8639699733883899
104.327920739,1709142575.010902883,1709142575.010496215,/rigid_bodies.rigidbodies[2].pose.position.x,0.8640556991403705
104.338485301,1709142575.021467445,1709142575.020900111,/rigid_bodies.rigidbodies[2].pose.position.x,0.8641260518545285
104.3486053,1709142575.031587444,1709142575.030954917,/rigid_bodies.rigidbodies[2].pose.position.x,0.8641872460903697
104.358180195,1709142575.041162339,1709142575.040692893,/rigid_bodies.rigidbodies[2].pose.position.x,0.8641730646416191
104.368169632,1709142575.051151776,1709142575.050664089,/rigid_bodies.rigidbodies[2].pose.position.x,0.8640683069269113
104.378215093,1709142575.061197237,1709142575.060697079,/rigid_bodies.rigidbodies[2].pose.position.x,0.8640432341733844
104.388041809,1709142575.071023953,1709142575.070613600,/rigid_bodies.rigidbodies[2].pose.position.x,0.8641368057942713
104.39904415,1709142575.082026294,1709142575.081524232,/rigid_bodies.rigidbodies[2].pose.position.x,0.8642090908229574
104.408727136,1709142575.091709280,1709142575.091099790,/rigid_bodies.rigidbodies[2].pose.position.x,0.8641620518058444
104.418748343,1709142575.101730487,1709142575.101061754,/rigid_bodies.rigidbodies[2].pose.position.x,0.8640698051669888
104.428581892,1709142575.111564036,1709142575.111077979,/rigid_bodies.rigidbodies[2].pose.position.x,0.8640000678295057
104.438451053,1709142575.121433197,1709142575.120794345,/rigid_bodies.rigidbodies[2].pose.position.x,0.8640642595113077
104.448163071,1709142575.131145215,1709142575.130717855,/rigid_bodies.rigidbodies[2].pose.position.x,0.8641063355014184
104.457821696,1709142575.140803840,1709142575.140453224,/rigid_bodies.rigidbodies[2].pose.position.x,0.8642059900297956
104.467676712,1709142575.150658856,1709142575.150518867,/rigid_bodies.rigidbodies[2].pose.position.x,0.8641342122364669
104.473401796,1709142575.156383940,1709142575.156264765,/rigid_bodies.rigidbodies[2].pose.position.x,0.8639532626879874
104.488462204,1709142575.171444348,1709142575.170924093,/rigid_bodies.rigidbodies[2].pose.position.x,0.8639832114005105
104.498874202,1709142575.181856346,1709142575.181206858,/rigid_bodies.rigidbodies[2].pose.position.x,0.864101864084455
104.5085335,1709142575.191515644,1709142575.190955530,/rigid_bodies.rigidbodies[2].pose.position.x,0.8642276940261668
104.518873624,1709142575.201855768,1709142575.201343791,/rigid_bodies.rigidbodies[2].pose.position.x,0.8641776955786156
104.528543427,1709142575.211525571,1709142575.210952210,/rigid_bodies.rigidbodies[2].pose.position.x,0.8640865612187534
104.53852056,1709142575.221502704,1709142575.220839562,/rigid_bodies.rigidbodies[2].pose.position.x,0.8640217644137946
104.548355182,1709142575.231337326,1709142575.230853370,/rigid_bodies.rigidbodies[2].pose.position.x,0.8640787041717426
104.558991671,1709142575.241973815,1709142575.241248960,/rigid_bodies.rigidbodies[2].pose.position.x,0.864203243116963
104.56873497,1709142575.251717114,1709142575.251079429,/rigid_bodies.rigidbodies[2].pose.position.x,0.864214544060716
104.578889073,1709142575.261871217,1709142575.261259081,/rigid_bodies.rigidbodies[2].pose.position.x,0.8641297039338445
104.588670288,1709142575.271652432,1709142575.270980966,/rigid_bodies.rigidbodies[2].pose.position.x,0.8640108980823679
104.598626663,1709142575.281608807,1709142575.281032300,/rigid_bodies.rigidbodies[2].pose.position.x,0.8640122448281093
104.607779679,1709142575.290761823,1709142575.290372742,/rigid_bodies.rigidbodies[2].pose.position.x,0.8641025443229398
104.619018816,1709142575.302000960,1709142575.301225476,/rigid_bodies.rigidbodies[2].pose.position.x,0.8642119508857168
104.626919774,1709142575.309901918,1709142575.309375236,/rigid_bodies.rigidbodies[2].pose.position.x,0.8642196760328098
104.638943565,1709142575.321925709,1709142575.321158632,/rigid_bodies.rigidbodies[2].pose.position.x,0.8640881812797967
104.648869947,1709142575.331852091,1709142575.331156374,/rigid_bodies.rigidbodies[2].pose.position.x,0.8639714253557464
104.657997169,1709142575.340979313,1709142575.340508961,/rigid_bodies.rigidbodies[2].pose.position.x,0.8640075008419859
104.668768164,1709142575.351750308,1709142575.351136711,/rigid_bodies.rigidbodies[2].pose.position.x,0.8641569793773507
104.678650732,1709142575.361632876,1709142575.360845583,/rigid_bodies.rigidbodies[2].pose.position.x,0.8642492105070023
104.688536792,1709142575.371518936,1709142575.370979244,/rigid_bodies.rigidbodies[2].pose.position.x,0.8642169637710898
104.698534323,1709142575.381516467,1709142575.380921594,/rigid_bodies.rigidbodies[2].pose.position.x,0.864111336258067
104.708612725,1709142575.391594869,1709142575.390937861,/rigid_bodies.rigidbodies[2].pose.position.x,0.8640296676168924
104.719048931,1709142575.402031075,1709142575.401427597,/rigid_bodies.rigidbodies[2].pose.position.x,0.8640459276592638
104.729242229,1709142575.412224373,1709142575.411496940,/rigid_bodies.rigidbodies[2].pose.position.x,0.864204233576449
104.738334353,1709142575.421316497,1709142575.420811175,/rigid_bodies.rigidbodies[2].pose.position.x,0.8641760847434677
104.748241313,1709142575.431223457,1709142575.430823216,/rigid_bodies.rigidbodies[2].pose.position.x,0.8640728698473039
104.757967134,1709142575.440949278,1709142575.440502430,/rigid_bodies.rigidbodies[2].pose.position.x,0.8640304724460868
104.768416464,1709142575.451398608,1709142575.450856587,/rigid_bodies.rigidbodies[2].pose.position.x,0.8640180049484011
104.778373912,1709142575.461356056,1709142575.460958966,/rigid_bodies.rigidbodies[2].pose.position.x,0.8641133436301685
104.787995206,1709142575.470977350,1709142575.470568445,/rigid_bodies.rigidbodies[2].pose.position.x,0.8642366747026139
104.798425071,1709142575.481407215,1709142575.480850699,/rigid_bodies.rigidbodies[2].pose.position.x,0.8641893380720015
104.807893908,1709142575.490876052,1709142575.490526945,/rigid_bodies.rigidbodies[2].pose.position.x,0.8640238258610404
104.818446733,1709142575.501428877,1709142575.501042014,/rigid_bodies.rigidbodies[2].pose.position.x,0.8639491894460005
104.828370365,1709142575.511352509,1709142575.510820418,/rigid_bodies.rigidbodies[2].pose.position.x,0.8640515919820284
104.838462398,1709142575.521444542,1709142575.520897357,/rigid_bodies.rigidbodies[2].pose.position.x,0.8641954972915873
104.848320259,1709142575.531302403,1709142575.530849922,/rigid_bodies.rigidbodies[2].pose.position.x,0.8641899500498387
104.857879893,1709142575.540862037,1709142575.540369205,/rigid_bodies.rigidbodies[2].pose.position.x,0.8641558225610536
104.868335836,1709142575.551317980,1709142575.550800740,/rigid_bodies.rigidbodies[2].pose.position.x,0.864071187839775
104.878490719,1709142575.561472863,1709142575.561121920,/rigid_bodies.rigidbodies[2].pose.position.x,0.8640138902691001
104.887960122,1709142575.570942266,1709142575.570494722,/rigid_bodies.rigidbodies[2].pose.position.x,0.8640762158715295
104.898134974,1709142575.581117118,1709142575.580708592,/rigid_bodies.rigidbodies[2].pose.position.x,0.8642209050539381
104.907928002,1709142575.590910146,1709142575.590580514,/rigid_bodies.rigidbodies[2].pose.position.x,0.8641480026410104
104.917476868,1709142575.600459012,1709142575.600085628,/rigid_bodies.rigidbodies[2].pose.position.x,0.8639934550953012
104.928379317,1709142575.611361461,1709142575.610913966,/rigid_bodies.rigidbodies[2].pose.position.x,0.8640038265658657
104.933809168,1709142575.616791312,1709142575.616382023,/rigid_bodies.rigidbodies[2].pose.position.x,0.8641390439189971
104.948705064,1709142575.631687208,1709142575.631124387,/rigid_bodies.rigidbodies[2].pose.position.x,0.8641720350804143
104.958429087,1709142575.641411231,1709142575.640726252,/rigid_bodies.rigidbodies[2].pose.position.x,0.8642625487591133
104.968425459,1709142575.651407603,1709142575.650835990,/rigid_bodies.rigidbodies[2].pose.position.x,0.8641846308318109
104.978322933,1709142575.661305077,1709142575.660879598,/rigid_bodies.rigidbodies[2].pose.position.x,0.8639833905996489
104.988551032,1709142575.671533176,1709142575.670992452,/rigid_bodies.rigidbodies[2].pose.position.x,0.8640070489267812
104.998718798,1709142575.681700942,1709142575.681204482,/rigid_bodies.rigidbodies[2].pose.position.x,0.8641330195941375
105.008199361,1709142575.691181505,1709142575.690611993,/rigid_bodies.rigidbodies[2].pose.position.x,0.8642034729175164
105.018358364,1709142575.701340508,1709142575.700816791,/rigid_bodies.rigidbodies[2].pose.position.x,0.8641609589175793
105.028250538,1709142575.711232682,1709142575.710776432,/rigid_bodies.rigidbodies[2].pose.position.x,0.8640912127615521
105.038600751,1709142575.721582895,1709142575.720977530,/rigid_bodies.rigidbodies[2].pose.position.x,0.8640638413650669
105.048891913,1709142575.731874057,1709142575.731233958,/rigid_bodies.rigidbodies[2].pose.position.x,0.8640520765500899
105.058603214,1709142575.741585358,1709142575.740882370,/rigid_bodies.rigidbodies[2].pose.position.x,0.8641347996525056
105.069034054,1709142575.752016198,1709142575.751374078,/rigid_bodies.rigidbodies[2].pose.position.x,0.8642361787712135
105.078356516,1709142575.761338660,1709142575.760839795,/rigid_bodies.rigidbodies[2].pose.position.x,0.8641347306600664
105.088474121,1709142575.771456265,1709142575.770792733,/rigid_bodies.rigidbodies[2].pose.position.x,0.8639756918964643
105.098650681,1709142575.781632825,1709142575.781102685,/rigid_bodies.rigidbodies[2].pose.position.x,0.8640572155195136
105.108111597,1709142575.791093741,1709142575.790603774,/rigid_bodies.rigidbodies[2].pose.position.x,0.8641321339368236
105.118169779,1709142575.801151923,1709142575.800595409,/rigid_bodies.rigidbodies[2].pose.position.x,0.864158848904638
105.128275808,1709142575.811257952,1709142575.810678465,/rigid_bodies.rigidbodies[2].pose.position.x,0.8642195619005747
105.138447007,1709142575.821429151,1709142575.820818739,/rigid_bodies.rigidbodies[2].pose.position.x,0.86412191366464
105.148839868,1709142575.831822012,1709142575.831252694,/rigid_bodies.rigidbodies[2].pose.position.x,0.8640218620761457
105.158057875,1709142575.841040019,1709142575.840486283,/rigid_bodies.rigidbodies[2].pose.position.x,0.864053171116405
105.169091051,1709142575.852073195,1709142575.851342127,/rigid_bodies.rigidbodies[2].pose.position.x,0.8641869836755175
105.178945709,1709142575.861927853,1709142575.861269447,/rigid_bodies.rigidbodies[2].pose.position.x,0.8642056323000208
105.188730587,1709142575.871712731,1709142575.871041275,/rigid_bodies.rigidbodies[2].pose.position.x,0.8641097325601078
105.198816472,1709142575.881798616,1709142575.881079265,/rigid_bodies.rigidbodies[2].pose.position.x,0.8640395277811325
105.208106347,1709142575.891088491,1709142575.890563010,/rigid_bodies.rigidbodies[2].pose.position.x,0.864043019794737
105.218388878,1709142575.901371022,1709142575.900865542,/rigid_bodies.rigidbodies[2].pose.position.x,0.864118505474475
105.228423374,1709142575.911405518,1709142575.910802496,/rigid_bodies.rigidbodies[2].pose.position.x,0.8642029242987462
105.23839886,1709142575.921381004,1709142575.920769458,/rigid_bodies.rigidbodies[2].pose.position.x,0.8641859456379073
105.248529037,1709142575.931511181,1709142575.930785577,/rigid_bodies.rigidbodies[2].pose.position.x,0.8640728290438078
105.258515248,1709142575.941497392,1709142575.940820482,/rigid_bodies.rigidbodies[2].pose.position.x,0.8639706733293446
105.268663196,1709142575.951645340,1709142575.950950511,/rigid_bodies.rigidbodies[2].pose.position.x,0.8640537841111492
105.278416188,1709142575.961398332,1709142575.960798207,/rigid_bodies.rigidbodies[2].pose.position.x,0.8641721031027542
105.288618934,1709142575.971601078,1709142575.970943830,/rigid_bodies.rigidbodies[2].pose.position.x,0.8642030200744015
105.298749447,1709142575.981731591,1709142575.981135953,/rigid_bodies.rigidbodies[2].pose.position.x,0.8641555870634356
105.308190725,1709142575.991172869,1709142575.990609237,/rigid_bodies.rigidbodies[2].pose.position.x,0.864125428828907
105.3186135,1709142576.001595644,1709142576.001055654,/rigid_bodies.rigidbodies[2].pose.position.x,0.8640631965622614
105.328698793,1709142576.011680937,1709142576.011001712,/rigid_bodies.rigidbodies[2].pose.position.x,0.8640933975809456
105.338676469,1709142576.021658613,1709142576.021034485,/rigid_bodies.rigidbodies[2].pose.position.x,0.8642070685171067
105.348860393,1709142576.031842537,1709142576.031073511,/rigid_bodies.rigidbodies[2].pose.position.x,0.8642062078297671
105.358370039,1709142576.041352183,1709142576.040789323,/rigid_bodies.rigidbodies[2].pose.position.x,0.8640492921339507
105.368393016,1709142576.051375160,1709142576.050844946,/rigid_bodies.rigidbodies[2].pose.position.x,0.8640268735677442
105.378351607,1709142576.061333751,1709142576.061102731,/rigid_bodies.rigidbodies[2].pose.position.x,0.8640941897787919
105.387766295,1709142576.070748439,1709142576.070546123,/rigid_bodies.rigidbodies[2].pose.position.x,0.8641979674469775
105.398386725,1709142576.081368869,1709142576.080932841,/rigid_bodies.rigidbodies[2].pose.position.x,0.8642615457161592
105.40739326,1709142576.090375404,1709142576.090175937,/rigid_bodies.rigidbodies[2].pose.position.x,0.864190869961563
105.417811739,1709142576.100793883,1709142576.100524292,/rigid_bodies.rigidbodies[2].pose.position.x,0.8640594204799902
105.42800441,1709142576.110986554,1709142576.110548614,/rigid_bodies.rigidbodies[2].pose.position.x,0.8640089333454913
105.437935634,1709142576.120917778,1709142576.120615633,/rigid_bodies.rigidbodies[2].pose.position.x,0.8640906858880683
105.448137395,1709142576.131119539,1709142576.130809997,/rigid_bodies.rigidbodies[2].pose.position.x,0.8642501211237243
105.458043161,1709142576.141025305,1709142576.140611052,/rigid_bodies.rigidbodies[2].pose.position.x,0.8641799167960724
105.46903437,1709142576.152016514,1709142576.151478125,/rigid_bodies.rigidbodies[2].pose.position.x,0.8641111040911195
105.478757881,1709142576.161740025,1709142576.161000401,/rigid_bodies.rigidbodies[2].pose.position.x,0.8640444362525971
105.488883753,1709142576.171865897,1709142576.171233970,/rigid_bodies.rigidbodies[2].pose.position.x,0.8640503437384645
105.49898421,1709142576.181966354,1709142576.181233330,/rigid_bodies.rigidbodies[2].pose.position.x,0.864159425009134
105.508204503,1709142576.191186647,1709142576.190636457,/rigid_bodies.rigidbodies[2].pose.position.x,0.8642442458248786
105.518256248,1709142576.201238392,1709142576.200695790,/rigid_bodies.rigidbodies[2].pose.position.x,0.8641379067553119
105.529156374,1709142576.212138518,1709142576.211474464,/rigid_bodies.rigidbodies[2].pose.position.x,0.8640029458588716
105.538531531,1709142576.221513675,1709142576.220953685,/rigid_bodies.rigidbodies[2].pose.position.x,0.8640196985798891
105.548462218,1709142576.231444362,1709142576.230905313,/rigid_bodies.rigidbodies[2].pose.position.x,0.8641303888427645
105.558643145,1709142576.241625289,1709142576.240935674,/rigid_bodies.rigidbodies[2].pose.position.x,0.8641918990583797
105.568948347,1709142576.251930491,1709142576.251276186,/rigid_bodies.rigidbodies[2].pose.position.x,0.8642229095425186
105.578851622,1709142576.261833766,1709142576.261212396,/rigid_bodies.rigidbodies[2].pose.position.x,0.8641016242995566
105.588607312,1709142576.271589456,1709142576.270919305,/rigid_bodies.rigidbodies[2].pose.position.x,0.8640062044308938
105.598890437,1709142576.281872581,1709142576.281119508,/rigid_bodies.rigidbodies[2].pose.position.x,0.864036574545866
105.60825997,1709142576.291242114,1709142576.290665203,/rigid_bodies.rigidbodies[2].pose.position.x,0.8642100025675968
105.618281608,1709142576.301263752,1709142576.300671289,/rigid_bodies.rigidbodies[2].pose.position.x,0.8642473246249911
105.628793462,1709142576.311775606,1709142576.311006814,/rigid_bodies.rigidbodies[2].pose.position.x,0.8641110444380732
105.638939849,1709142576.321921993,1709142576.321296388,/rigid_bodies.rigidbodies[2].pose.position.x,0.8640162863730654
105.6480559,1709142576.331038044,1709142576.330630498,/rigid_bodies.rigidbodies[2].pose.position.x,0.8640351781962741
105.65830305,1709142576.341285194,1709142576.340677455,/rigid_bodies.rigidbodies[2].pose.position.x,0.8641101549168786
105.6683215,1709142576.351303644,1709142576.350825689,/rigid_bodies.rigidbodies[2].pose.position.x,0.8642301730668593
105.67872346,1709142576.361705604,1709142576.361114702,/rigid_bodies.rigidbodies[2].pose.position.x,0.86424863071122
105.688512732,1709142576.371494876,1709142576.370800620,/rigid_bodies.rigidbodies[2].pose.position.x,0.8640615536089092
105.697956063,1709142576.380938207,1709142576.380619263,/rigid_bodies.rigidbodies[2].pose.position.x,0.863958320232625
105.707918613,1709142576.390900757,1709142576.390521514,/rigid_bodies.rigidbodies[2].pose.position.x,0.8640764133225597
105.71868285,1709142576.401664994,1709142576.401172703,/rigid_bodies.rigidbodies[2].pose.position.x,0.8642067645831785
105.728101349,1709142576.411083493,1709142576.410763348,/rigid_bodies.rigidbodies[2].pose.position.x,0.8642058697533345
105.738314204,1709142576.421296348,1709142576.420839510,/rigid_bodies.rigidbodies[2].pose.position.x,0.8641421313240694
105.748510042,1709142576.431492186,1709142576.431129981,/rigid_bodies.rigidbodies[2].pose.position.x,0.8640640858816454
105.75822645,1709142576.441208594,1709142576.440824729,/rigid_bodies.rigidbodies[2].pose.position.x,0.8639973114758847
105.768267021,1709142576.451249165,1709142576.450837051,/rigid_bodies.rigidbodies[2].pose.position.x,0.8640987103722667
105.778208712,1709142576.461190856,1709142576.460771399,/rigid_bodies.rigidbodies[2].pose.position.x,0.8642485948628765
105.788560261,1709142576.471542405,1709142576.471018661,/rigid_bodies.rigidbodies[2].pose.position.x,0.8642152584205967
105.798469475,1709142576.481451619,1709142576.480847722,/rigid_bodies.rigidbodies[2].pose.position.x,0.8640695067615259
105.807603972,1709142576.490586116,1709142576.490367273,/rigid_bodies.rigidbodies[2].pose.position.x,0.864029077585796
105.818466439,1709142576.501448583,1709142576.501045367,/rigid_bodies.rigidbodies[2].pose.position.x,0.8640699154554794
105.827855246,1709142576.510837390,1709142576.510593751,/rigid_bodies.rigidbodies[2].pose.position.x,0.8641215891717311
105.83840726,1709142576.521389404,1709142576.520847927,/rigid_bodies.rigidbodies[2].pose.position.x,0.8642099639082664
105.848510336,1709142576.531492480,1709142576.531034496,/rigid_bodies.rigidbodies[2].pose.position.x,0.8641719542175605
105.853635009,1709142576.536617153,1709142576.536394601,/rigid_bodies.rigidbodies[2].pose.position.x,0.8640050959740144
105.868282181,1709142576.551264325,1709142576.550899719,/rigid_bodies.rigidbodies[2].pose.position.x,0.8639402000954027
105.878333744,1709142576.561315888,1709142576.561015072,/rigid_bodies.rigidbodies[2].pose.position.x,0.8640844094058909
105.887764473,1709142576.570746617,1709142576.570502623,/rigid_bodies.rigidbodies[2].pose.position.x,0.8642141575556261
105.897846719,1709142576.580828863,1709142576.580588459,/rigid_bodies.rigidbodies[2].pose.position.x,0.8641852841226294
105.907628639,1709142576.590610783,1709142576.590497011,/rigid_bodies.rigidbodies[2].pose.position.x,0.8640856339937746
105.917873293,1709142576.600855437,1709142576.600614963,/rigid_bodies.rigidbodies[2].pose.position.x,0.8640145282927784
105.928359709,1709142576.611341853,1709142576.611031813,/rigid_bodies.rigidbodies[2].pose.position.x,0.8640173127408936
105.93789629,1709142576.620878434,1709142576.620650301,/rigid_bodies.rigidbodies[2].pose.position.x,0.864128035418902
105.948392357,1709142576.631374501,1709142576.630960050,/rigid_bodies.rigidbodies[2].pose.position.x,0.8642722217659026
105.958094318,1709142576.641076462,1709142576.640657664,/rigid_bodies.rigidbodies[2].pose.position.x,0.8641568093452915
105.968242328,1709142576.651224472,1709142576.650798921,/rigid_bodies.rigidbodies[2].pose.position.x,0.8639949570703671
105.978199573,1709142576.661181717,1709142576.660874771,/rigid_bodies.rigidbodies[2].pose.position.x,0.8640226781415793
105.988314371,1709142576.671296515,1709142576.670950634,/rigid_bodies.rigidbodies[2].pose.position.x,0.8641141968608868
105.99854121,1709142576.681523354,1709142576.681013361,/rigid_bodies.rigidbodies[2].pose.position.x,0.8641707210727764
106.007918919,1709142576.690901063,1709142576.690534848,/rigid_bodies.rigidbodies[2].pose.position.x,0.8642228362437104
106.018318769,1709142576.701300913,1709142576.700843720,/rigid_bodies.rigidbodies[2].pose.position.x,0.8640984391516895
106.028443522,1709142576.711425666,1709142576.710954279,/rigid_bodies.rigidbodies[2].pose.position.x,0.86397431845861
106.038048573,1709142576.721030717,1709142576.720678132,/rigid_bodies.rigidbodies[2].pose.position.x,0.8640382997620732
106.048720691,1709142576.731702835,1709142576.731264426,/rigid_bodies.rigidbodies[2].pose.position.x,0.8641793589253165
106.057964212,1709142576.740946356,1709142576.740553025,/rigid_bodies.rigidbodies[2].pose.position.x,0.8642268422479188
106.068227882,1709142576.751210026,1709142576.750742135,/rigid_bodies.rigidbodies[2].pose.position.x,0.864157370359786
106.078043702,1709142576.761025846,1709142576.760731793,/rigid_bodies.rigidbodies[2].pose.position.x,0.8640191528811427
106.08828623,1709142576.771268374,1709142576.770687209,/rigid_bodies.rigidbodies[2].pose.position.x,0.8640136981177704
106.098278997,1709142576.781261141,1709142576.780774735,/rigid_bodies.rigidbodies[2].pose.position.x,0.8641013050344037
106.108213474,1709142576.791195618,1709142576.790767664,/rigid_bodies.rigidbodies[2].pose.position.x,0.864182951057448
106.118332414,1709142576.801314558,1709142576.800907044,/rigid_bodies.rigidbodies[2].pose.position.x,0.8642463268838425
106.128255347,1709142576.811237491,1709142576.810914040,/rigid_bodies.rigidbodies[2].pose.position.x,0.8640945243243896
106.138082436,1709142576.821064580,1709142576.820653980,/rigid_bodies.rigidbodies[2].pose.position.x,0.8639794788475254
106.148249922,1709142576.831232066,1709142576.830834157,/rigid_bodies.rigidbodies[2].pose.position.x,0.8640700115908444
106.158162715,1709142576.841144859,1709142576.840762881,/rigid_bodies.rigidbodies[2].pose.position.x,0.8641504911523098
106.168083686,1709142576.851065830,1709142576.850681710,/rigid_bodies.rigidbodies[2].pose.position.x,0.8642221720325384
106.178344543,1709142576.861326687,1709142576.860923878,/rigid_bodies.rigidbodies[2].pose.position.x,0.8641586887131169
106.188060596,1709142576.871042740,1709142576.870659389,/rigid_bodies.rigidbodies[2].pose.position.x,0.8640537384008026
106.198083437,1709142576.881065581,1709142576.880655075,/rigid_bodies.rigidbodies[2].pose.position.x,0.8639742867029179
106.208114833,1709142576.891096977,1709142576.890576020,/rigid_bodies.rigidbodies[2].pose.position.x,0.8640906868392735
106.218550386,1709142576.901532530,1709142576.901025968,/rigid_bodies.rigidbodies[2].pose.position.x,0.8641991873330153
106.228497531,1709142576.911479675,1709142576.911091298,/rigid_bodies.rigidbodies[2].pose.position.x,0.8642327053629311
106.23887735,1709142576.921859494,1709142576.921431008,/rigid_bodies.rigidbodies[2].pose.position.x,0.8640561983638756
106.248332938,1709142576.931315082,1709142576.930959513,/rigid_bodies.rigidbodies[2].pose.position.x,0.8639694915370545
106.257957931,1709142576.940940075,1709142576.940598503,/rigid_bodies.rigidbodies[2].pose.position.x,0.8640160967546541
106.268097817,1709142576.951079961,1709142576.950669806,/rigid_bodies.rigidbodies[2].pose.position.x,0.8641335662557762
106.278214055,1709142576.961196199,1709142576.960852396,/rigid_bodies.rigidbodies[2].pose.position.x,0.8642657877049033
106.288145751,1709142576.971127895,1709142576.970770410,/rigid_bodies.rigidbodies[2].pose.position.x,0.8641802611624863
106.298623599,1709142576.981605743,1709142576.981024382,/rigid_bodies.rigidbodies[2].pose.position.x,0.8640084249606127
106.307898811,1709142576.990880955,1709142576.990406048,/rigid_bodies.rigidbodies[2].pose.position.x,0.8639563134681872
106.317964385,1709142577.000946529,1709142577.000499244,/rigid_bodies.rigidbodies[2].pose.position.x,0.8640794427033434
106.328243772,1709142577.011225916,1709142577.010802762,/rigid_bodies.rigidbodies[2].pose.position.x,0.8642041013814066
106.338508281,1709142577.021490425,1709142577.020928795,/rigid_bodies.rigidbodies[2].pose.position.x,0.8642051703220739
106.348305048,1709142577.031287192,1709142577.030877424,/rigid_bodies.rigidbodies[2].pose.position.x,0.8641276593653013
106.35835535,1709142577.041337494,1709142577.040930420,/rigid_bodies.rigidbodies[2].pose.position.x,0.8640317538087348
106.368585466,1709142577.051567610,1709142577.050987078,/rigid_bodies.rigidbodies[2].pose.position.x,0.8640093946722261
106.378626042,1709142577.061608186,1709142577.061086202,/rigid_bodies.rigidbodies[2].pose.position.x,0.8641388639674737
106.388261976,1709142577.071244120,1709142577.070719658,/rigid_bodies.rigidbodies[2].pose.position.x,0.8642576280920962
106.39843208,1709142577.081414224,1709142577.080900567,/rigid_bodies.rigidbodies[2].pose.position.x,0.8641399166532489
106.408520305,1709142577.091502449,1709142577.090934625,/rigid_bodies.rigidbodies[2].pose.position.x,0.864013875280568
106.41853773,1709142577.101519874,1709142577.101004074,/rigid_bodies.rigidbodies[2].pose.position.x,0.8640069717568949
106.424230681,1709142577.107212825,1709142577.106668099,/rigid_bodies.rigidbodies[2].pose.position.x,0.8640591826168169
106.43920784,1709142577.122189984,1709142577.121213580,/rigid_bodies.rigidbodies[2].pose.position.x,0.8641743199823493
106.448337211,1709142577.131319355,1709142577.130771693,/rigid_bodies.rigidbodies[2].pose.position.x,0.8642550239555744
106.45866099,1709142577.141643134,1709142577.140975462,/rigid_bodies.rigidbodies[2].pose.position.x,0.8641293329410956
106.468214006,1709142577.151196150,1709142577.150666422,/rigid_bodies.rigidbodies[2].pose.position.x,0.8639770608650206
106.4783515,1709142577.161333644,1709142577.160847546,/rigid_bodies.rigidbodies[2].pose.position.x,0.8640111436913874
106.487993291,1709142577.170975435,1709142577.170550549,/rigid_bodies.rigidbodies[2].pose.position.x,0.86418157785497
106.498140208,1709142577.181122352,1709142577.180856271,/rigid_bodies.rigidbodies[2].pose.position.x,0.8642488354952058
106.507958551,1709142577.190940695,1709142577.190689013,/rigid_bodies.rigidbodies[2].pose.position.x,0.8641633545045831
106.518421133,1709142577.201403277,1709142577.201014776,/rigid_bodies.rigidbodies[2].pose.position.x,0.8640427499627255
106.528813368,1709142577.211795512,1709142577.211173723,/rigid_bodies.rigidbodies[2].pose.position.x,0.8640008799206663
106.538057087,1709142577.221039231,1709142577.220583033,/rigid_bodies.rigidbodies[2].pose.position.x,0.8640374187598404
106.548403038,1709142577.231385182,1709142577.230828370,/rigid_bodies.rigidbodies[2].pose.position.x,0.8641805848633253
106.558520195,1709142577.241502339,1709142577.240830013,/rigid_bodies.rigidbodies[2].pose.position.x,0.8642378445298606
106.568258122,1709142577.251240266,1709142577.250726167,/rigid_bodies.rigidbodies[2].pose.position.x,0.8640703597447166
106.578139318,1709142577.261121462,1709142577.260697795,/rigid_bodies.rigidbodies[2].pose.position.x,0.8639795619010159
106.58889629,1709142577.271878434,1709142577.271162699,/rigid_bodies.rigidbodies[2].pose.position.x,0.8640518625294485
106.598420905,1709142577.281403049,1709142577.280918318,/rigid_bodies.rigidbodies[2].pose.position.x,0.8641516408272961
106.608023808,1709142577.291005952,1709142577.290552859,/rigid_bodies.rigidbodies[2].pose.position.x,0.8642295684666418
106.618781828,1709142577.301763972,1709142577.301276020,/rigid_bodies.rigidbodies[2].pose.position.x,0.864213245402765
106.628524709,1709142577.311506853,1709142577.311071080,/rigid_bodies.rigidbodies[2].pose.position.x,0.8640411562419421
106.638414959,1709142577.321397103,1709142577.320886348,/rigid_bodies.rigidbodies[2].pose.position.x,0.863967816304458
106.648790731,1709142577.331772875,1709142577.331108707,/rigid_bodies.rigidbodies[2].pose.position.x,0.864077590852204
106.658219094,1709142577.341201238,1709142577.340701315,/rigid_bodies.rigidbodies[2].pose.position.x,0.8642157008135543
106.668296923,1709142577.351279067,1709142577.350890202,/rigid_bodies.rigidbodies[2].pose.position.x,0.8641958080656313
106.678978807,1709142577.361960951,1709142577.361496382,/rigid_bodies.rigidbodies[2].pose.position.x,0.8640712288425603
106.688276557,1709142577.371258701,1709142577.370792276,/rigid_bodies.rigidbodies[2].pose.position.x,0.863990216232325
106.697954812,1709142577.380936956,1709142577.380648217,/rigid_bodies.rigidbodies[2].pose.position.x,0.8640319061409033
106.708051087,1709142577.391033231,1709142577.390648931,/rigid_bodies.rigidbodies[2].pose.position.x,0.864142976625853
106.71863325,1709142577.401615394,1709142577.401073361,/rigid_bodies.rigidbodies[2].pose.position.x,0.8642730051384719
106.728679435,1709142577.411661579,1709142577.411111729,/rigid_bodies.rigidbodies[2].pose.position.x,0.8642014133676376
106.73849833,1709142577.421480474,1709142577.420958447,/rigid_bodies.rigidbodies[2].pose.position.x,0.864003784068602
106.748335648,1709142577.431317792,1709142577.430760275,/rigid_bodies.rigidbodies[2].pose.position.x,0.8639812580168643
106.758575273,1709142577.441557417,1709142577.440931534,/rigid_bodies.rigidbodies[2].pose.position.x,0.8641134859910664
106.768613796,1709142577.451595940,1709142577.451025215,/rigid_bodies.rigidbodies[2].pose.position.x,0.8642038856000168
106.778810009,1709142577.461792153,1709142577.461205199,/rigid_bodies.rigidbodies[2].pose.position.x,0.8642279937906285
106.788439283,1709142577.471421427,1709142577.470838119,/rigid_bodies.rigidbodies[2].pose.position.x,0.8641363394338873
106.799413109,1709142577.482395253,1709142577.481701268,/rigid_bodies.rigidbodies[2].pose.position.x,0.8640073400547943
106.8082191,1709142577.491201244,1709142577.490643400,/rigid_bodies.rigidbodies[2].pose.position.x,0.864010518228409
106.818876672,1709142577.501858816,1709142577.501268750,/rigid_bodies.rigidbodies[2].pose.position.x,0.8641590665397986
106.828774046,1709142577.511756190,1709142577.511118693,/rigid_bodies.rigidbodies[2].pose.position.x,0.8641922400672666
106.838196414,1709142577.521178558,1709142577.520696488,/rigid_bodies.rigidbodies[2].pose.position.x,0.8641248990516306
106.84839835,1709142577.531380494,1709142577.530716736,/rigid_bodies.rigidbodies[2].pose.position.x,0.8640311763107048
106.856573604,1709142577.539555748,1709142577.539009797,/rigid_bodies.rigidbodies[2].pose.position.x,0.8640393409596338
106.868725256,1709142577.551707400,1709142577.551126294,/rigid_bodies.rigidbodies[2].pose.position.x,0.8641099237349819
106.878716152,1709142577.561698296,1709142577.561071962,/rigid_bodies.rigidbodies[2].pose.position.x,0.8642149874679754
106.888788172,1709142577.571770316,1709142577.571119055,/rigid_bodies.rigidbodies[2].pose.position.x,0.8642584056213164
106.89884716,1709142577.581829304,1709142577.581212970,/rigid_bodies.rigidbodies[2].pose.position.x,0.8640870662606022
106.908289365,1709142577.591271509,1709142577.590663343,/rigid_bodies.rigidbodies[2].pose.position.x,0.8639780460481379
106.918852449,1709142577.601834593,1709142577.601032612,/rigid_bodies.rigidbodies[2].pose.position.x,0.8640396264131733
106.92885062,1709142577.611832764,1709142577.611081928,/rigid_bodies.rigidbodies[2].pose.position.x,0.8641846781757314
106.938455281,1709142577.621437425,1709142577.620837465,/rigid_bodies.rigidbodies[2].pose.position.x,0.8642047044080295
106.948596687,1709142577.631578831,1709142577.630887423,/rigid_bodies.rigidbodies[2].pose.position.x,0.8641679348811369
106.958684405,1709142577.641666549,1709142577.640962956,/rigid_bodies.rigidbodies[2].pose.position.x,0.8640599767414745
106.968292737,1709142577.651274881,1709142577.650801881,/rigid_bodies.rigidbodies[2].pose.position.x,0.8639677622014074
106.977766965,1709142577.660749109,1709142577.660340464,/rigid_bodies.rigidbodies[2].pose.position.x,0.8640673441008326
106.98787375,1709142577.670855894,1709142577.670547979,/rigid_bodies.rigidbodies[2].pose.position.x,0.8642439042156944
106.998203648,1709142577.681185792,1709142577.680910870,/rigid_bodies.rigidbodies[2].pose.position.x,0.8642537124855277
107.008043793,1709142577.691025937,1709142577.690585134,/rigid_bodies.rigidbodies[2].pose.position.x,0.8640721942790575
107.01928789,1709142577.702270034,1709142577.701475242,/rigid_bodies.rigidbodies[2].pose.position.x,0.863998504029298
107.02828949,1709142577.711271634,1709142577.710697479,/rigid_bodies.rigidbodies[2].pose.position.x,0.8640353587181235
107.038942366,1709142577.721924510,1709142577.721324830,/rigid_bodies.rigidbodies[2].pose.position.x,0.8641292476338529
107.048926249,1709142577.731908393,1709142577.731215588,/rigid_bodies.rigidbodies[2].pose.position.x,0.864215172164037
107.058163407,1709142577.741145551,1709142577.740631376,/rigid_bodies.rigidbodies[2].pose.position.x,0.8642151338085298
107.068856015,1709142577.751838159,1709142577.751182577,/rigid_bodies.rigidbodies[2].pose.position.x,0.8640113004956768
107.078324627,1709142577.761306771,1709142577.760742179,/rigid_bodies.rigidbodies[2].pose.position.x,0.8639499269609838
107.088823448,1709142577.771805592,1709142577.771290093,/rigid_bodies.rigidbodies[2].pose.position.x,0.8641033936637985
107.098860642,1709142577.781842786,1709142577.781165352,/rigid_bodies.rigidbodies[2].pose.position.x,0.8642268466068302
107.108094784,1709142577.791076928,1709142577.790549663,/rigid_bodies.rigidbodies[2].pose.position.x,0.8641543531769855
107.118453846,1709142577.801435990,1709142577.800914713,/rigid_bodies.rigidbodies[2].pose.position.x,0.8640772562296338
107.129094354,1709142577.812076498,1709142577.811554407,/rigid_bodies.rigidbodies[2].pose.position.x,0.8640602008737022
107.138619098,1709142577.821601242,1709142577.820979111,/rigid_bodies.rigidbodies[2].pose.position.x,0.8640448522213249
107.148572639,1709142577.831554783,1709142577.831081437,/rigid_bodies.rigidbodies[2].pose.position.x,0.8641126044515101
10.982802492,1709142481.665784636,1709142481.665526305,/rigid_bodies.rigidbodies[2].pose.position.y,0
10.992638691,1709142481.675620835,1709142481.675445675,/rigid_bodies.rigidbodies[2].pose.position.y,0.6535582264763093
11.002464015,1709142481.685446159,1709142481.685265658,/rigid_bodies.rigidbodies[2].pose.position.y,0.6535578409391475
11.012590914,1709142481.695573058,1709142481.695362739,/rigid_bodies.rigidbodies[2].pose.position.y,0.6533917308590707
11.022801406,1709142481.705783550,1709142481.705431598,/rigid_bodies.rigidbodies[2].pose.position.y,0.6533905081307746
11.032490472,1709142481.715472616,1709142481.715205122,/rigid_bodies.rigidbodies[2].pose.position.y,0.6534531070064228
11.042614155,1709142481.725596299,1709142481.725243583,/rigid_bodies.rigidbodies[2].pose.position.y,0.6535221613505484
11.053076454,1709142481.736058598,1709142481.735541495,/rigid_bodies.rigidbodies[2].pose.position.y,0.6535842810983703
11.062713976,1709142481.745696120,1709142481.745325232,/rigid_bodies.rigidbodies[2].pose.position.y,0.6535142915210633
11.072822308,1709142481.755804452,1709142481.755449032,/rigid_bodies.rigidbodies[2].pose.position.y,0.6534174910455017
11.082939929,1709142481.765922073,1709142481.765469973,/rigid_bodies.rigidbodies[2].pose.position.y,0.6534568333634324
11.092947624,1709142481.775929768,1709142481.775482992,/rigid_bodies.rigidbodies[2].pose.position.y,0.6535326174962881
11.102477638,1709142481.785459782,1709142481.785192755,/rigid_bodies.rigidbodies[2].pose.position.y,0.65350422127026
11.112866636,1709142481.795848780,1709142481.795265003,/rigid_bodies.rigidbodies[2].pose.position.y,0.6534559632162391
11.123145487,1709142481.806127631,1709142481.805639431,/rigid_bodies.rigidbodies[2].pose.position.y,0.6533789951775135
11.133363816,1709142481.816345960,1709142481.815584794,/rigid_bodies.rigidbodies[2].pose.position.y,0.6533721499239878
11.143221061,1709142481.826203205,1709142481.825485050,/rigid_bodies.rigidbodies[2].pose.position.y,0.6535453215804953
11.15289947,1709142481.835881614,1709142481.835375390,/rigid_bodies.rigidbodies[2].pose.position.y,0.6536375006539006
11.162865141,1709142481.845847285,1709142481.845286283,/rigid_bodies.rigidbodies[2].pose.position.y,0.6535524513626721
11.173006641,1709142481.855988785,1709142481.855373807,/rigid_bodies.rigidbodies[2].pose.position.y,0.6534975463009391
11.182983778,1709142481.865965922,1709142481.865437198,/rigid_bodies.rigidbodies[2].pose.position.y,0.6534059666804571
11.192934561,1709142481.875916705,1709142481.875388987,/rigid_bodies.rigidbodies[2].pose.position.y,0.6534534438559709
11.203137636,1709142481.886119780,1709142481.885519150,/rigid_bodies.rigidbodies[2].pose.position.y,0.6535624943087621
11.212873687,1709142481.895855831,1709142481.895362199,/rigid_bodies.rigidbodies[2].pose.position.y,0.6534724721425729
11.22286862,1709142481.905850764,1709142481.905326690,/rigid_bodies.rigidbodies[2].pose.position.y,0.6534098261746285
11.233391075,1709142481.916373219,1709142481.915617103,/rigid_bodies.rigidbodies[2].pose.position.y,0.653481946838829
11.24288147,1709142481.925863614,1709142481.925387053,/rigid_bodies.rigidbodies[2].pose.position.y,0.6534954017212983
11.252843485,1709142481.935825629,1709142481.935341472,/rigid_bodies.rigidbodies[2].pose.position.y,0.6535201950325626
11.263088242,1709142481.946070386,1709142481.945597243,/rigid_bodies.rigidbodies[2].pose.position.y,0.6535619729710578
11.27245671,1709142481.955438854,1709142481.955230822,/rigid_bodies.rigidbodies[2].pose.position.y,0.6534594340362267
11.282577775,1709142481.965559919,1709142481.965294040,/rigid_bodies.rigidbodies[2].pose.position.y,0.6534024120139348
11.292665187,1709142481.975647331,1709142481.975301519,/rigid_bodies.rigidbodies[2].pose.position.y,0.6534583739317616
11.303036164,1709142481.986018308,1709142481.985488593,/rigid_bodies.rigidbodies[2].pose.position.y,0.6534994467399503
11.312914446,1709142481.995896590,1709142481.995461829,/rigid_bodies.rigidbodies[2].pose.position.y,0.6535460885418147
11.32285979,1709142482.005841934,1709142482.005413764,/rigid_bodies.rigidbodies[2].pose.position.y,0.6535283908267938
11.333427612,1709142482.016409756,1709142482.015853234,/rigid_bodies.rigidbodies[2].pose.position.y,0.6534157192644177
11.343026954,1709142482.026009098,1709142482.025545760,/rigid_bodies.rigidbodies[2].pose.position.y,0.6534740228687793
11.35264588,1709142482.035628024,1709142482.035192476,/rigid_bodies.rigidbodies[2].pose.position.y,0.6535448523294597
11.362536937,1709142482.045519081,1709142482.045213095,/rigid_bodies.rigidbodies[2].pose.position.y,0.6534905446059166
11.372605938,1709142482.055588082,1709142482.055269872,/rigid_bodies.rigidbodies[2].pose.position.y,0.6534421752589478
11.382644152,1709142482.065626296,1709142482.065232466,/rigid_bodies.rigidbodies[2].pose.position.y,0.6534306586590689
11.392562085,1709142482.075544229,1709142482.075248609,/rigid_bodies.rigidbodies[2].pose.position.y,0.6534397961974667
11.402589332,1709142482.085571476,1709142482.085281952,/rigid_bodies.rigidbodies[2].pose.position.y,0.6535450841151831
11.412551547,1709142482.095533691,1709142482.095260023,/rigid_bodies.rigidbodies[2].pose.position.y,0.6535260469865646
11.42261894,1709142482.105601084,1709142482.105318345,/rigid_bodies.rigidbodies[2].pose.position.y,0.6534422521406671
11.43244809,1709142482.115430234,1709142482.115222338,/rigid_bodies.rigidbodies[2].pose.position.y,0.6534983733060646
11.442760363,1709142482.125742507,1709142482.125423108,/rigid_bodies.rigidbodies[2].pose.position.y,0.6535107617981425
11.452942561,1709142482.135924705,1709142482.135456548,/rigid_bodies.rigidbodies[2].pose.position.y,0.6534688359314547
11.463076987,1709142482.146059131,1709142482.145553036,/rigid_bodies.rigidbodies[2].pose.position.y,0.6535060325941412
11.473135234,1709142482.156117378,1709142482.155601364,/rigid_bodies.rigidbodies[2].pose.position.y,0.6534642047845938
11.48278829,1709142482.165770434,1709142482.165375114,/rigid_bodies.rigidbodies[2].pose.position.y,0.6534148131788641
11.493016788,1709142482.175998932,1709142482.175470886,/rigid_bodies.rigidbodies[2].pose.position.y,0.6535111053791024
11.503469107,1709142482.186451251,1709142482.185809556,/rigid_bodies.rigidbodies[2].pose.position.y,0.6535767301032008
11.513107922,1709142482.196090066,1709142482.195544402,/rigid_bodies.rigidbodies[2].pose.position.y,0.6535505485611349
11.523059894,1709142482.206042038,1709142482.205590377,/rigid_bodies.rigidbodies[2].pose.position.y,0.6535019361661939
11.533218584,1709142482.216200728,1709142482.215660187,/rigid_bodies.rigidbodies[2].pose.position.y,0.6534037039441285
11.543287776,1709142482.226269920,1709142482.225721705,/rigid_bodies.rigidbodies[2].pose.position.y,0.6533771874208982
11.553124134,1709142482.236106278,1709142482.235564528,/rigid_bodies.rigidbodies[2].pose.position.y,0.6535140285482791
11.56297237,1709142482.245954514,1709142482.245451279,/rigid_bodies.rigidbodies[2].pose.position.y,0.6535084939145753
11.573345285,1709142482.256327429,1709142482.255711514,/rigid_bodies.rigidbodies[2].pose.position.y,0.6534594350191408
11.582987327,1709142482.265969471,1709142482.265467489,/rigid_bodies.rigidbodies[2].pose.position.y,0.6535122935321147
11.59318102,1709142482.276163164,1709142482.275586726,/rigid_bodies.rigidbodies[2].pose.position.y,0.6534975937181671
11.602873632,1709142482.285855776,1709142482.285432746,/rigid_bodies.rigidbodies[2].pose.position.y,0.6535201707335198
11.612931299,1709142482.295913443,1709142482.295448526,/rigid_bodies.rigidbodies[2].pose.position.y,0.6535481471473062
11.623257732,1709142482.306239876,1709142482.305623546,/rigid_bodies.rigidbodies[2].pose.position.y,0.6534723791693753
11.633165374,1709142482.316147518,1709142482.315584251,/rigid_bodies.rigidbodies[2].pose.position.y,0.6534737553005185
11.643023883,1709142482.326006027,1709142482.325530279,/rigid_bodies.rigidbodies[2].pose.position.y,0.6534928783602036
11.653622938,1709142482.336605082,1709142482.335865242,/rigid_bodies.rigidbodies[2].pose.position.y,0.6534642698288645
11.663032636,1709142482.346014780,1709142482.345477145,/rigid_bodies.rigidbodies[2].pose.position.y,0.65348401808341
11.672973487,1709142482.355955631,1709142482.355496197,/rigid_bodies.rigidbodies[2].pose.position.y,0.6534961874739459
11.683145005,1709142482.366127149,1709142482.365638133,/rigid_bodies.rigidbodies[2].pose.position.y,0.6534517497076818
11.692552346,1709142482.375534490,1709142482.375250914,/rigid_bodies.rigidbodies[2].pose.position.y,0.6534672515210421
11.702592113,1709142482.385574257,1709142482.385304028,/rigid_bodies.rigidbodies[2].pose.position.y,0.6535214861948719
11.712547033,1709142482.395529177,1709142482.395342973,/rigid_bodies.rigidbodies[2].pose.position.y,0.6534805972296073
11.722496594,1709142482.405478738,1709142482.405283610,/rigid_bodies.rigidbodies[2].pose.position.y,0.6534366918697736
11.732684846,1709142482.415666990,1709142482.415304248,/rigid_bodies.rigidbodies[2].pose.position.y,0.6534263228745021
11.742595593,1709142482.425577737,1709142482.425250247,/rigid_bodies.rigidbodies[2].pose.position.y,0.6534387509130096
11.752462244,1709142482.435444388,1709142482.435185954,/rigid_bodies.rigidbodies[2].pose.position.y,0.6535978509957185
11.762534031,1709142482.445516175,1709142482.445293657,/rigid_bodies.rigidbodies[2].pose.position.y,0.6535599522596399
11.772498258,1709142482.455480402,1709142482.455235706,/rigid_bodies.rigidbodies[2].pose.position.y,0.6534857665234252
11.782853302,1709142482.465835446,1709142482.465471070,/rigid_bodies.rigidbodies[2].pose.position.y,0.6534547870246799
11.79294256,1709142482.475924704,1709142482.475470283,/rigid_bodies.rigidbodies[2].pose.position.y,0.6533858616504717
11.80310055,1709142482.486082694,1709142482.485518577,/rigid_bodies.rigidbodies[2].pose.position.y,0.653430997863801
11.81311185,1709142482.496093994,1709142482.495497796,/rigid_bodies.rigidbodies[2].pose.position.y,0.653555444745285
11.823180755,1709142482.506162899,1709142482.505630837,/rigid_bodies.rigidbodies[2].pose.position.y,0.6534852876607182
11.833235858,1709142482.516218002,1709142482.515631182,/rigid_bodies.rigidbodies[2].pose.position.y,0.6534154681041782
11.843197076,1709142482.526179220,1709142482.525642261,/rigid_bodies.rigidbodies[2].pose.position.y,0.6534906431451915
11.853547429,1709142482.536529573,1709142482.535819225,/rigid_bodies.rigidbodies[2].pose.position.y,0.6535357996470883
11.863122176000001,1709142482.546104320,1709142482.545505928,/rigid_bodies.rigidbodies[2].pose.position.y,0.6535423060833909
11.873478518,1709142482.556460662,1709142482.555764574,/rigid_bodies.rigidbodies[2].pose.position.y,0.6535047260807629
11.883144446,1709142482.566126590,1709142482.565610854,/rigid_bodies.rigidbodies[2].pose.position.y,0.6533899784478757
11.893047975,1709142482.576030119,1709142482.575527641,/rigid_bodies.rigidbodies[2].pose.position.y,0.6533979257901126
11.902994052,1709142482.585976196,1709142482.585454510,/rigid_bodies.rigidbodies[2].pose.position.y,0.653511483538272
11.913259684,1709142482.596241828,1709142482.595593519,/rigid_bodies.rigidbodies[2].pose.position.y,0.653494448804052
11.923079788,1709142482.606061932,1709142482.605551930,/rigid_bodies.rigidbodies[2].pose.position.y,0.6535130398333213
11.933383783,1709142482.616365927,1709142482.615763966,/rigid_bodies.rigidbodies[2].pose.position.y,0.6534760571255909
11.94329888,1709142482.626281024,1709142482.625729998,/rigid_bodies.rigidbodies[2].pose.position.y,0.6534095263214955
11.953210665,1709142482.636192809,1709142482.635715248,/rigid_bodies.rigidbodies[2].pose.position.y,0.6534773541715893
11.962755285,1709142482.645737429,1709142482.645450583,/rigid_bodies.rigidbodies[2].pose.position.y,0.6535474712329915
11.972851501000001,1709142482.655833645,1709142482.655446214,/rigid_bodies.rigidbodies[2].pose.position.y,0.6535131808636648
11.982795354,1709142482.665777498,1709142482.665439710,/rigid_bodies.rigidbodies[2].pose.position.y,0.6534587375420944
11.99312519,1709142482.676107334,1709142482.675613265,/rigid_bodies.rigidbodies[2].pose.position.y,0.6534177097829382
12.003524384,1709142482.686506528,1709142482.685790900,/rigid_bodies.rigidbodies[2].pose.position.y,0.6534116189694011
12.012910376,1709142482.695892520,1709142482.695354904,/rigid_bodies.rigidbodies[2].pose.position.y,0.65355352659067
12.022972742,1709142482.705954886,1709142482.705443831,/rigid_bodies.rigidbodies[2].pose.position.y,0.6535479369802526
12.033318949,1709142482.716301093,1709142482.715654078,/rigid_bodies.rigidbodies[2].pose.position.y,0.653451334045604
12.042823374,1709142482.725805518,1709142482.725354941,/rigid_bodies.rigidbodies[2].pose.position.y,0.6534973676418878
12.052975146,1709142482.735957290,1709142482.735428357,/rigid_bodies.rigidbodies[2].pose.position.y,0.6534683799089787
12.062803061,1709142482.745785205,1709142482.745353429,/rigid_bodies.rigidbodies[2].pose.position.y,0.6534576502487466
12.072849138,1709142482.755831282,1709142482.755359233,/rigid_bodies.rigidbodies[2].pose.position.y,0.65351060465352
12.082888304,1709142482.765870448,1709142482.765438786,/rigid_bodies.rigidbodies[2].pose.position.y,0.6534977661917833
12.092818128,1709142482.775800272,1709142482.775354559,/rigid_bodies.rigidbodies[2].pose.position.y,0.6535073419751585
12.102863811,1709142482.785845955,1709142482.785421486,/rigid_bodies.rigidbodies[2].pose.position.y,0.6535691168274824
12.11310845,1709142482.796090594,1709142482.795593575,/rigid_bodies.rigidbodies[2].pose.position.y,0.653507099868448
12.123114112,1709142482.806096256,1709142482.805540786,/rigid_bodies.rigidbodies[2].pose.position.y,0.653467612085738
12.132986892,1709142482.815969036,1709142482.815538118,/rigid_bodies.rigidbodies[2].pose.position.y,0.6534540929854443
12.14355537,1709142482.826537514,1709142482.825790455,/rigid_bodies.rigidbodies[2].pose.position.y,0.653366112176938
12.153151156,1709142482.836133300,1709142482.835580863,/rigid_bodies.rigidbodies[2].pose.position.y,0.653397106839103
12.162809063,1709142482.845791207,1709142482.845428125,/rigid_bodies.rigidbodies[2].pose.position.y,0.6535665342266852
12.173176895,1709142482.856159039,1709142482.855624575,/rigid_bodies.rigidbodies[2].pose.position.y,0.6535659523129795
12.182975218,1709142482.865957362,1709142482.865464332,/rigid_bodies.rigidbodies[2].pose.position.y,0.6535027948374632
12.193345004,1709142482.876327148,1709142482.875737950,/rigid_bodies.rigidbodies[2].pose.position.y,0.6534518647728638
12.202997656,1709142482.885979800,1709142482.885517628,/rigid_bodies.rigidbodies[2].pose.position.y,0.6534324727337282
12.213053109,1709142482.896035253,1709142482.895503607,/rigid_bodies.rigidbodies[2].pose.position.y,0.6535779225539786
12.223212351,1709142482.906194495,1709142482.905629275,/rigid_bodies.rigidbodies[2].pose.position.y,0.6535824741227854
12.233187949,1709142482.916170093,1709142482.915619616,/rigid_bodies.rigidbodies[2].pose.position.y,0.653433691039829
12.243520498,1709142482.926502642,1709142482.925831042,/rigid_bodies.rigidbodies[2].pose.position.y,0.653421393192472
12.253119376,1709142482.936101520,1709142482.935529509,/rigid_bodies.rigidbodies[2].pose.position.y,0.6534576673041348
12.263019037,1709142482.946001181,1709142482.945486099,/rigid_bodies.rigidbodies[2].pose.position.y,0.6534559463762408
12.273267754,1709142482.956249898,1709142482.955711474,/rigid_bodies.rigidbodies[2].pose.position.y,0.6535519581730049
12.283057307,1709142482.966039451,1709142482.965579558,/rigid_bodies.rigidbodies[2].pose.position.y,0.6535257915316921
12.29304377,1709142482.976025914,1709142482.975522757,/rigid_bodies.rigidbodies[2].pose.position.y,0.6534662421403292
12.303365553,1709142482.986347697,1709142482.985707577,/rigid_bodies.rigidbodies[2].pose.position.y,0.6534905873650619
12.313258511,1709142482.996240655,1709142482.995687998,/rigid_bodies.rigidbodies[2].pose.position.y,0.6535265683008734
12.323042098,1709142483.006024242,1709142483.005521232,/rigid_bodies.rigidbodies[2].pose.position.y,0.6535225535508459
12.333560829,1709142483.016542973,1709142483.015886899,/rigid_bodies.rigidbodies[2].pose.position.y,0.6535746881289844
12.34337739,1709142483.026359534,1709142483.025906623,/rigid_bodies.rigidbodies[2].pose.position.y,0.6534732523939378
12.352953166,1709142483.035935310,1709142483.035492135,/rigid_bodies.rigidbodies[2].pose.position.y,0.6534246406126368
12.362786721,1709142483.045768865,1709142483.045370979,/rigid_bodies.rigidbodies[2].pose.position.y,0.6535315306876245
12.373343148,1709142483.056325292,1709142483.055708493,/rigid_bodies.rigidbodies[2].pose.position.y,0.6535213540767868
12.38299476,1709142483.065976904,1709142483.065498256,/rigid_bodies.rigidbodies[2].pose.position.y,0.6534347751513617
12.3936201,1709142483.076602244,1709142483.075872572,/rigid_bodies.rigidbodies[2].pose.position.y,0.6533957518963373
12.403140123,1709142483.086122267,1709142483.085637053,/rigid_bodies.rigidbodies[2].pose.position.y,0.6533460053388457
12.413157456,1709142483.096139600,1709142483.095614677,/rigid_bodies.rigidbodies[2].pose.position.y,0.6534679950130016
12.423359679,1709142483.106341823,1709142483.105717909,/rigid_bodies.rigidbodies[2].pose.position.y,0.6535737998677842
12.433548744,1709142483.116530888,1709142483.115832986,/rigid_bodies.rigidbodies[2].pose.position.y,0.6534772429654964
12.442962937,1709142483.125945081,1709142483.125456411,/rigid_bodies.rigidbodies[2].pose.position.y,0.6534674140884731
12.453497224,1709142483.136479368,1709142483.135863094,/rigid_bodies.rigidbodies[2].pose.position.y,0.6534726159326412
12.46285212,1709142483.145834264,1709142483.145377241,/rigid_bodies.rigidbodies[2].pose.position.y,0.6534648328800219
12.473210234,1709142483.156192378,1709142483.155646052,/rigid_bodies.rigidbodies[2].pose.position.y,0.6534905709079832
12.483156108,1709142483.166138252,1709142483.165749245,/rigid_bodies.rigidbodies[2].pose.position.y,0.6534841517418835
12.493367305,1709142483.176349449,1709142483.175759573,/rigid_bodies.rigidbodies[2].pose.position.y,0.6534328209859773
12.503091515,1709142483.186073659,1709142483.185617353,/rigid_bodies.rigidbodies[2].pose.position.y,0.6534448984158847
12.51347619,1709142483.196458334,1709142483.195847200,/rigid_bodies.rigidbodies[2].pose.position.y,0.6535196667400662
12.522870212,1709142483.205852356,1709142483.205486742,/rigid_bodies.rigidbodies[2].pose.position.y,0.6535312662149305
12.532956097,1709142483.215938241,1709142483.215574951,/rigid_bodies.rigidbodies[2].pose.position.y,0.6535536872185292
12.543525736,1709142483.226507880,1709142483.225912033,/rigid_bodies.rigidbodies[2].pose.position.y,0.6534704750682128
12.553435472,1709142483.236417616,1709142483.235853938,/rigid_bodies.rigidbodies[2].pose.position.y,0.6533567994936613
12.562929026,1709142483.245911170,1709142483.245533660,/rigid_bodies.rigidbodies[2].pose.position.y,0.6535045598776871
12.573435662,1709142483.256417806,1709142483.255862446,/rigid_bodies.rigidbodies[2].pose.position.y,0.6535587290369584
12.583150563,1709142483.266132707,1709142483.265732569,/rigid_bodies.rigidbodies[2].pose.position.y,0.6534836225085956
12.592895173,1709142483.275877317,1709142483.275561078,/rigid_bodies.rigidbodies[2].pose.position.y,0.6534348126313282
12.603326718,1709142483.286308862,1709142483.285868522,/rigid_bodies.rigidbodies[2].pose.position.y,0.653351029459452
12.613441377000001,1709142483.296423521,1709142483.295814061,/rigid_bodies.rigidbodies[2].pose.position.y,0.6535014726308276
12.623044643,1709142483.306026787,1709142483.305538046,/rigid_bodies.rigidbodies[2].pose.position.y,0.6536932798079002
12.633516742,1709142483.316498886,1709142483.315836278,/rigid_bodies.rigidbodies[2].pose.position.y,0.653627220422931
12.643119164,1709142483.326101308,1709142483.325705615,/rigid_bodies.rigidbodies[2].pose.position.y,0.653489212403392
12.65289108,1709142483.335873224,1709142483.335534433,/rigid_bodies.rigidbodies[2].pose.position.y,0.6534850102449129
12.662467516,1709142483.345449660,1709142483.345242774,/rigid_bodies.rigidbodies[2].pose.position.y,0.6534407807254538
12.672756982,1709142483.355739126,1709142483.355442195,/rigid_bodies.rigidbodies[2].pose.position.y,0.6534640622864359
12.68324948,1709142483.366231624,1709142483.365731352,/rigid_bodies.rigidbodies[2].pose.position.y,0.6535363600641338
12.693274828,1709142483.376256972,1709142483.375660015,/rigid_bodies.rigidbodies[2].pose.position.y,0.6535031240123804
12.703648905,1709142483.386631049,1709142483.385909253,/rigid_bodies.rigidbodies[2].pose.position.y,0.6534256198418054
12.713653875,1709142483.396636019,1709142483.395867950,/rigid_bodies.rigidbodies[2].pose.position.y,0.6534655891007154
12.722955827,1709142483.405937971,1709142483.405482675,/rigid_bodies.rigidbodies[2].pose.position.y,0.6534662879389084
12.733216026000001,1709142483.416198170,1709142483.415650181,/rigid_bodies.rigidbodies[2].pose.position.y,0.6535389769018589
12.742928137,1709142483.425910281,1709142483.425511596,/rigid_bodies.rigidbodies[2].pose.position.y,0.6535341417875236
12.753354266,1709142483.436336410,1709142483.435817402,/rigid_bodies.rigidbodies[2].pose.position.y,0.653422996111834
12.763129172,1709142483.446111316,1709142483.445651778,/rigid_bodies.rigidbodies[2].pose.position.y,0.6534562973822489
12.773416542,1709142483.456398686,1709142483.455835688,/rigid_bodies.rigidbodies[2].pose.position.y,0.6535915423869096
12.782920588,1709142483.465902732,1709142483.465540551,/rigid_bodies.rigidbodies[2].pose.position.y,0.6535571336451136
12.793036227,1709142483.476018371,1709142483.475594009,/rigid_bodies.rigidbodies[2].pose.position.y,0.6534919039526867
12.803584005,1709142483.486566149,1709142483.485923982,/rigid_bodies.rigidbodies[2].pose.position.y,0.6534375140858417
12.812787215,1709142483.495769359,1709142483.495425663,/rigid_bodies.rigidbodies[2].pose.position.y,0.6534027723100734
12.822918942,1709142483.505901086,1709142483.505553376,/rigid_bodies.rigidbodies[2].pose.position.y,0.6535370303335634
12.832970415,1709142483.515952559,1709142483.515587087,/rigid_bodies.rigidbodies[2].pose.position.y,0.6535377937928424
12.843126388,1709142483.526108532,1709142483.525631235,/rigid_bodies.rigidbodies[2].pose.position.y,0.6534328963844457
12.852924629,1709142483.535906773,1709142483.535551168,/rigid_bodies.rigidbodies[2].pose.position.y,0.653482997257758
12.86305333,1709142483.546035474,1709142483.545602624,/rigid_bodies.rigidbodies[2].pose.position.y,0.6534717713203709
12.873155539,1709142483.556137683,1709142483.555667339,/rigid_bodies.rigidbodies[2].pose.position.y,0.6534514893245478
12.883129856,1709142483.566112000,1709142483.565713977,/rigid_bodies.rigidbodies[2].pose.position.y,0.6535348461029744
12.893482553,1709142483.576464697,1709142483.575878256,/rigid_bodies.rigidbodies[2].pose.position.y,0.6535382598184847
12.902786297,1709142483.585768441,1709142483.585427386,/rigid_bodies.rigidbodies[2].pose.position.y,0.6534619153784068
12.913294298,1709142483.596276442,1709142483.595683790,/rigid_bodies.rigidbodies[2].pose.position.y,0.6534424499042881
12.923063915,1709142483.606046059,1709142483.605534734,/rigid_bodies.rigidbodies[2].pose.position.y,0.6534712460436188
12.932906455,1709142483.615888599,1709142483.615426456,/rigid_bodies.rigidbodies[2].pose.position.y,0.6535514131727891
12.942998803,1709142483.625980947,1709142483.625520711,/rigid_bodies.rigidbodies[2].pose.position.y,0.6535638160180705
12.952770739,1709142483.635752883,1709142483.635406411,/rigid_bodies.rigidbodies[2].pose.position.y,0.6534098783336898
12.962605567,1709142483.645587711,1709142483.645323851,/rigid_bodies.rigidbodies[2].pose.position.y,0.6533861114121042
12.973048251,1709142483.656030395,1709142483.655537888,/rigid_bodies.rigidbodies[2].pose.position.y,0.653505860592525
12.983074953,1709142483.666057097,1709142483.665618115,/rigid_bodies.rigidbodies[2].pose.position.y,0.6535635886168611
12.993071222,1709142483.676053366,1709142483.675593120,/rigid_bodies.rigidbodies[2].pose.position.y,0.65353604471891
13.00359953,1709142483.686581674,1709142483.685860561,/rigid_bodies.rigidbodies[2].pose.position.y,0.6534503097164613
13.013556131,1709142483.696538275,1709142483.695815496,/rigid_bodies.rigidbodies[2].pose.position.y,0.6534010235636584
13.022967424,1709142483.705949568,1709142483.705488891,/rigid_bodies.rigidbodies[2].pose.position.y,0.6534605130293692
13.033062118,1709142483.716044262,1709142483.715551055,/rigid_bodies.rigidbodies[2].pose.position.y,0.6535688282149734
13.043073615,1709142483.726055759,1709142483.725550836,/rigid_bodies.rigidbodies[2].pose.position.y,0.6535845264125066
13.052948666,1709142483.735930810,1709142483.735464361,/rigid_bodies.rigidbodies[2].pose.position.y,0.6535133966923521
13.062900256,1709142483.745882400,1709142483.745460895,/rigid_bodies.rigidbodies[2].pose.position.y,0.6534699193079148
13.073681829,1709142483.756663973,1709142483.756031835,/rigid_bodies.rigidbodies[2].pose.position.y,0.6533980876925906
13.083329238,1709142483.766311382,1709142483.765797602,/rigid_bodies.rigidbodies[2].pose.position.y,0.6533998504001829
13.093534221,1709142483.776516365,1709142483.775860169,/rigid_bodies.rigidbodies[2].pose.position.y,0.6535587286620982
13.103319153,1709142483.786301297,1709142483.785757824,/rigid_bodies.rigidbodies[2].pose.position.y,0.6535537882587891
13.113114948,1709142483.796097092,1709142483.795658738,/rigid_bodies.rigidbodies[2].pose.position.y,0.6534746482963495
13.123825067,1709142483.806807211,1709142483.805823532,/rigid_bodies.rigidbodies[2].pose.position.y,0.653464792275214
13.133212649,1709142483.816194793,1709142483.815705808,/rigid_bodies.rigidbodies[2].pose.position.y,0.6534703544722251
13.143218156,1709142483.826200300,1709142483.825777609,/rigid_bodies.rigidbodies[2].pose.position.y,0.6535200652239126
13.15322006,1709142483.836202204,1709142483.835710236,/rigid_bodies.rigidbodies[2].pose.position.y,0.6534986441152202
13.163122688,1709142483.846104832,1709142483.845622895,/rigid_bodies.rigidbodies[2].pose.position.y,0.6534407725172716
13.173343901,1709142483.856326045,1709142483.855706735,/rigid_bodies.rigidbodies[2].pose.position.y,0.6535038719528938
13.183378201,1709142483.866360345,1709142483.865797506,/rigid_bodies.rigidbodies[2].pose.position.y,0.6535527152329671
13.193432628,1709142483.876414772,1709142483.875825257,/rigid_bodies.rigidbodies[2].pose.position.y,0.653509923415327
13.203069675,1709142483.886051819,1709142483.885623701,/rigid_bodies.rigidbodies[2].pose.position.y,0.6534424151611011
13.213076767,1709142483.896058911,1709142483.895704980,/rigid_bodies.rigidbodies[2].pose.position.y,0.6534492514973073
13.223230916,1709142483.906213060,1709142483.905798259,/rigid_bodies.rigidbodies[2].pose.position.y,0.6534875114679066
13.232982768,1709142483.915964912,1709142483.915624023,/rigid_bodies.rigidbodies[2].pose.position.y,0.6535604259715628
13.243054499,1709142483.926036643,1709142483.925659738,/rigid_bodies.rigidbodies[2].pose.position.y,0.6535395568300112
13.253233735,1709142483.936215879,1709142483.935787602,/rigid_bodies.rigidbodies[2].pose.position.y,0.6534753046139192
13.262796278,1709142483.945778422,1709142483.945467817,/rigid_bodies.rigidbodies[2].pose.position.y,0.6534579238905555
13.273061863,1709142483.956044007,1709142483.955653310,/rigid_bodies.rigidbodies[2].pose.position.y,0.653422594918261
13.282741473,1709142483.965723617,1709142483.965367292,/rigid_bodies.rigidbodies[2].pose.position.y,0.6534010304719376
13.29259606,1709142483.975578204,1709142483.975376781,/rigid_bodies.rigidbodies[2].pose.position.y,0.6535084369914139
13.302522869,1709142483.985505013,1709142483.985286020,/rigid_bodies.rigidbodies[2].pose.position.y,0.6535716674613324
13.312781367,1709142483.995763511,1709142483.995513008,/rigid_bodies.rigidbodies[2].pose.position.y,0.6534658561848058
13.323173415,1709142484.006155559,1709142484.005746443,/rigid_bodies.rigidbodies[2].pose.position.y,0.6534075706963131
13.332768545,1709142484.015750689,1709142484.015418885,/rigid_bodies.rigidbodies[2].pose.position.y,0.6534505876606111
13.342941134,1709142484.025923278,1709142484.025585300,/rigid_bodies.rigidbodies[2].pose.position.y,0.6534906827874197
13.352437315,1709142484.035419459,1709142484.035244235,/rigid_bodies.rigidbodies[2].pose.position.y,0.6535641447759987
13.362431234,1709142484.045413378,1709142484.045254771,/rigid_bodies.rigidbodies[2].pose.position.y,0.6535184604612513
13.372599174,1709142484.055581318,1709142484.055335461,/rigid_bodies.rigidbodies[2].pose.position.y,0.6534971214088535
13.382592505,1709142484.065574649,1709142484.065408425,/rigid_bodies.rigidbodies[2].pose.position.y,0.6535132936956394
13.392642215,1709142484.075624359,1709142484.075333773,/rigid_bodies.rigidbodies[2].pose.position.y,0.6534562857639024
13.402416398,1709142484.085398542,1709142484.085216994,/rigid_bodies.rigidbodies[2].pose.position.y,0.6534069389785262
13.412351062,1709142484.095333206,1709142484.095150668,/rigid_bodies.rigidbodies[2].pose.position.y,0.6534633121927161
13.422651908,1709142484.105634052,1709142484.105270046,/rigid_bodies.rigidbodies[2].pose.position.y,0.6534694679028515
13.432931317,1709142484.115913461,1709142484.115551133,/rigid_bodies.rigidbodies[2].pose.position.y,0.6535078396143235
13.443122637,1709142484.126104781,1709142484.125574726,/rigid_bodies.rigidbodies[2].pose.position.y,0.6535550899932137
13.453044141,1709142484.136026285,1709142484.135526669,/rigid_bodies.rigidbodies[2].pose.position.y,0.653529418620497
13.462847285,1709142484.145829429,1709142484.145511610,/rigid_bodies.rigidbodies[2].pose.position.y,0.6535285911844043
13.473122068,1709142484.156104212,1709142484.155687142,/rigid_bodies.rigidbodies[2].pose.position.y,0.6535033947910281
13.482849544,1709142484.165831688,1709142484.165467858,/rigid_bodies.rigidbodies[2].pose.position.y,0.6534056609572035
13.493260354,1709142484.176242498,1709142484.175704360,/rigid_bodies.rigidbodies[2].pose.position.y,0.6534283706289495
13.502937532,1709142484.185919676,1709142484.185523460,/rigid_bodies.rigidbodies[2].pose.position.y,0.6534957637140277
13.512778404,1709142484.195760548,1709142484.195437304,/rigid_bodies.rigidbodies[2].pose.position.y,0.6534443098561451
13.522830847,1709142484.205812991,1709142484.205455025,/rigid_bodies.rigidbodies[2].pose.position.y,0.6534579173318642
13.532805411,1709142484.215787555,1709142484.215472511,/rigid_bodies.rigidbodies[2].pose.position.y,0.653516494677399
13.542836712,1709142484.225818856,1709142484.225443620,/rigid_bodies.rigidbodies[2].pose.position.y,0.6534927584249871
13.55322104,1709142484.236203184,1709142484.235536878,/rigid_bodies.rigidbodies[2].pose.position.y,0.653509132306863
13.562792655,1709142484.245774799,1709142484.245401919,/rigid_bodies.rigidbodies[2].pose.position.y,0.6535138467257199
13.572961039,1709142484.255943183,1709142484.255454711,/rigid_bodies.rigidbodies[2].pose.position.y,0.653489659307953
13.582829613,1709142484.265811757,1709142484.265443922,/rigid_bodies.rigidbodies[2].pose.position.y,0.6535066910573576
13.592916839,1709142484.275898983,1709142484.275406533,/rigid_bodies.rigidbodies[2].pose.position.y,0.6535034405062604
13.602953409,1709142484.285935553,1709142484.285490957,/rigid_bodies.rigidbodies[2].pose.position.y,0.6534140455640706
13.613045367,1709142484.296027511,1709142484.295510029,/rigid_bodies.rigidbodies[2].pose.position.y,0.6534591541376549
13.623104843,1709142484.306086987,1709142484.305577250,/rigid_bodies.rigidbodies[2].pose.position.y,0.6535561238092122
13.633089351,1709142484.316071495,1709142484.315533943,/rigid_bodies.rigidbodies[2].pose.position.y,0.6535301800875444
13.642862296,1709142484.325844440,1709142484.325396514,/rigid_bodies.rigidbodies[2].pose.position.y,0.6535377390802577
13.653117612,1709142484.336099756,1709142484.335609908,/rigid_bodies.rigidbodies[2].pose.position.y,0.6535355169433258
13.663024839,1709142484.346006983,1709142484.345555684,/rigid_bodies.rigidbodies[2].pose.position.y,0.653467303051319
13.673377675,1709142484.356359819,1709142484.355724803,/rigid_bodies.rigidbodies[2].pose.position.y,0.6534580125381889
13.682939402,1709142484.365921546,1709142484.365563737,/rigid_bodies.rigidbodies[2].pose.position.y,0.653418875477935
13.69313339,1709142484.376115534,1709142484.375669129,/rigid_bodies.rigidbodies[2].pose.position.y,0.6534016937400718
13.70323903,1709142484.386221174,1709142484.385744900,/rigid_bodies.rigidbodies[2].pose.position.y,0.6535561298904345
13.713222867,1709142484.396205011,1709142484.395719140,/rigid_bodies.rigidbodies[2].pose.position.y,0.653559994562343
13.723222832,1709142484.406204976,1709142484.405677764,/rigid_bodies.rigidbodies[2].pose.position.y,0.6534777150907095
13.733324626,1709142484.416306770,1709142484.415755742,/rigid_bodies.rigidbodies[2].pose.position.y,0.653520750374809
13.742893836,1709142484.425875980,1709142484.425566851,/rigid_bodies.rigidbodies[2].pose.position.y,0.6534574707544724
13.753180343,1709142484.436162487,1709142484.435744360,/rigid_bodies.rigidbodies[2].pose.position.y,0.6534431331446791
13.76287363,1709142484.445855774,1709142484.445485268,/rigid_bodies.rigidbodies[2].pose.position.y,0.6534745545727222
13.772956144,1709142484.455938288,1709142484.455541626,/rigid_bodies.rigidbodies[2].pose.position.y,0.6534799352608517
13.783107704,1709142484.466089848,1709142484.465517344,/rigid_bodies.rigidbodies[2].pose.position.y,0.6535086532304983
13.793035109,1709142484.476017253,1709142484.475519188,/rigid_bodies.rigidbodies[2].pose.position.y,0.653524572493232
13.803198383,1709142484.486180527,1709142484.485689343,/rigid_bodies.rigidbodies[2].pose.position.y,0.6534697845398807
13.812698987000001,1709142484.495681131,1709142484.495406978,/rigid_bodies.rigidbodies[2].pose.position.y,0.6534947528283059
13.822876361,1709142484.505858505,1709142484.505477849,/rigid_bodies.rigidbodies[2].pose.position.y,0.6534954298548308
13.832916259000001,1709142484.515898403,1709142484.515555917,/rigid_bodies.rigidbodies[2].pose.position.y,0.6534907097513761
13.842711633,1709142484.525693777,1709142484.525438502,/rigid_bodies.rigidbodies[2].pose.position.y,0.6535118991823753
13.852816535,1709142484.535798679,1709142484.535486769,/rigid_bodies.rigidbodies[2].pose.position.y,0.6535261950908918
13.86266452,1709142484.545646664,1709142484.545418833,/rigid_bodies.rigidbodies[2].pose.position.y,0.6534672400676077
13.872902265,1709142484.555884409,1709142484.555539784,/rigid_bodies.rigidbodies[2].pose.position.y,0.6534855325038514
13.882847504,1709142484.565829648,1709142484.565508202,/rigid_bodies.rigidbodies[2].pose.position.y,0.6535392408228552
13.892902045,1709142484.575884189,1709142484.575513165,/rigid_bodies.rigidbodies[2].pose.position.y,0.6534898317273784
13.902980387,1709142484.585962531,1709142484.585621774,/rigid_bodies.rigidbodies[2].pose.position.y,0.6535546415426506
13.912747556,1709142484.595729700,1709142484.595442678,/rigid_bodies.rigidbodies[2].pose.position.y,0.653530484246102
13.92292885,1709142484.605910994,1709142484.605523853,/rigid_bodies.rigidbodies[2].pose.position.y,0.6534170930226804
13.932896077,1709142484.615878221,1709142484.615459065,/rigid_bodies.rigidbodies[2].pose.position.y,0.6534432346547966
13.942725857,1709142484.625708001,1709142484.625428003,/rigid_bodies.rigidbodies[2].pose.position.y,0.6534254262591255
13.953128449,1709142484.636110593,1709142484.635610539,/rigid_bodies.rigidbodies[2].pose.position.y,0.6534214332393774
13.962751724,1709142484.645733868,1709142484.645369296,/rigid_bodies.rigidbodies[2].pose.position.y,0.6535073177120632
13.973085649,1709142484.656067793,1709142484.655595368,/rigid_bodies.rigidbodies[2].pose.position.y,0.6535364889767291
13.982835516,1709142484.665817660,1709142484.665458741,/rigid_bodies.rigidbodies[2].pose.position.y,0.6535074682668408
13.992747955,1709142484.675730099,1709142484.675371917,/rigid_bodies.rigidbodies[2].pose.position.y,0.6535026858471175
14.002901051,1709142484.685883195,1709142484.685487223,/rigid_bodies.rigidbodies[2].pose.position.y,0.653447995712469
14.013385276,1709142484.696367420,1709142484.695824956,/rigid_bodies.rigidbodies[2].pose.position.y,0.6533889040159679
14.023214867,1709142484.706197011,1709142484.705748423,/rigid_bodies.rigidbodies[2].pose.position.y,0.6534604470866715
14.032892778,1709142484.715874922,1709142484.715531267,/rigid_bodies.rigidbodies[2].pose.position.y,0.6535188790505613
14.042978947,1709142484.725961091,1709142484.725560874,/rigid_bodies.rigidbodies[2].pose.position.y,0.6535508021980704
14.053102459,1709142484.736084603,1709142484.735695218,/rigid_bodies.rigidbodies[2].pose.position.y,0.6535325108932735
14.062911354,1709142484.745893498,1709142484.745571693,/rigid_bodies.rigidbodies[2].pose.position.y,0.6534364789197411
14.073068315,1709142484.756050459,1709142484.755643007,/rigid_bodies.rigidbodies[2].pose.position.y,0.6534565804039089
14.08298433,1709142484.765966474,1709142484.765601301,/rigid_bodies.rigidbodies[2].pose.position.y,0.6535437010165149
14.092972584,1709142484.775954728,1709142484.775604209,/rigid_bodies.rigidbodies[2].pose.position.y,0.6534968282794152
14.102796057,1709142484.785778201,1709142484.785476317,/rigid_bodies.rigidbodies[2].pose.position.y,0.6534582865589594
14.113104006,1709142484.796086150,1709142484.795687823,/rigid_bodies.rigidbodies[2].pose.position.y,0.6535033689798201
14.122855267,1709142484.805837411,1709142484.805584910,/rigid_bodies.rigidbodies[2].pose.position.y,0.6534467404981236
14.132970327,1709142484.815952471,1709142484.815569151,/rigid_bodies.rigidbodies[2].pose.position.y,0.6534229092714846
14.143234332,1709142484.826216476,1709142484.825781082,/rigid_bodies.rigidbodies[2].pose.position.y,0.6535035213351461
14.153032837,1709142484.836014981,1709142484.835623610,/rigid_bodies.rigidbodies[2].pose.position.y,0.6534937175773329
14.162859413,1709142484.845841557,1709142484.845525665,/rigid_bodies.rigidbodies[2].pose.position.y,0.6534971753700796
14.173522743,1709142484.856504887,1709142484.855843228,/rigid_bodies.rigidbodies[2].pose.position.y,0.6535037519002959
14.1828046,1709142484.865786744,1709142484.865495834,/rigid_bodies.rigidbodies[2].pose.position.y,0.6534200788158596
14.193121927,1709142484.876104071,1709142484.875595035,/rigid_bodies.rigidbodies[2].pose.position.y,0.6534478218235684
14.202864796,1709142484.885846940,1709142484.885438772,/rigid_bodies.rigidbodies[2].pose.position.y,0.6534844937290796
14.213338737,1709142484.896320881,1709142484.895715676,/rigid_bodies.rigidbodies[2].pose.position.y,0.6534456822881073
14.222909525,1709142484.905891669,1709142484.905524129,/rigid_bodies.rigidbodies[2].pose.position.y,0.6534880660474007
14.233535602,1709142484.916517746,1709142484.915798211,/rigid_bodies.rigidbodies[2].pose.position.y,0.6535260431137765
14.243095333,1709142484.926077477,1709142484.925624143,/rigid_bodies.rigidbodies[2].pose.position.y,0.6534710645630442
14.253014649,1709142484.935996793,1709142484.935583703,/rigid_bodies.rigidbodies[2].pose.position.y,0.6534930952345775
14.262956216,1709142484.945938360,1709142484.945548699,/rigid_bodies.rigidbodies[2].pose.position.y,0.6535052184985696
14.273369791,1709142484.956351935,1709142484.955670839,/rigid_bodies.rigidbodies[2].pose.position.y,0.6534804437828206
14.282914112,1709142484.965896256,1709142484.965559655,/rigid_bodies.rigidbodies[2].pose.position.y,0.6534737769151143
14.292928238,1709142484.975910382,1709142484.975554233,/rigid_bodies.rigidbodies[2].pose.position.y,0.6534286222014949
14.302561404,1709142484.985543548,1709142484.985278055,/rigid_bodies.rigidbodies[2].pose.position.y,0.653410949436978
14.312567018,1709142484.995549162,1709142484.995275797,/rigid_bodies.rigidbodies[2].pose.position.y,0.6535088060982646
14.322531875,1709142485.005514019,1709142485.005241134,/rigid_bodies.rigidbodies[2].pose.position.y,0.6535322687809574
14.332498152,1709142485.015480296,1709142485.015174935,/rigid_bodies.rigidbodies[2].pose.position.y,0.6534999396041637
14.342566836,1709142485.025548980,1709142485.025216390,/rigid_bodies.rigidbodies[2].pose.position.y,0.6535663661496073
14.352718675,1709142485.035700819,1709142485.035325506,/rigid_bodies.rigidbodies[2].pose.position.y,0.6535334300957587
14.3627796,1709142485.045761744,1709142485.045390657,/rigid_bodies.rigidbodies[2].pose.position.y,0.6534077166887243
14.373119344,1709142485.056101488,1709142485.055474446,/rigid_bodies.rigidbodies[2].pose.position.y,0.6534538582818421
14.382851362,1709142485.065833506,1709142485.065379797,/rigid_bodies.rigidbodies[2].pose.position.y,0.6535013223657645
14.392773102,1709142485.075755246,1709142485.075361402,/rigid_bodies.rigidbodies[2].pose.position.y,0.6535010541391046
14.402816485,1709142485.085798629,1709142485.085413515,/rigid_bodies.rigidbodies[2].pose.position.y,0.6534886817534151
14.412707725,1709142485.095689869,1709142485.095291759,/rigid_bodies.rigidbodies[2].pose.position.y,0.6534425812560068
14.422752207,1709142485.105734351,1709142485.105390559,/rigid_bodies.rigidbodies[2].pose.position.y,0.6534156211050026
14.432778697,1709142485.115760841,1709142485.115428685,/rigid_bodies.rigidbodies[2].pose.position.y,0.653513799301758
14.442977701,1709142485.125959845,1709142485.125505021,/rigid_bodies.rigidbodies[2].pose.position.y,0.6535062571460069
14.452816175,1709142485.135798319,1709142485.135428986,/rigid_bodies.rigidbodies[2].pose.position.y,0.6534756062114762
14.462773698,1709142485.145755842,1709142485.145385011,/rigid_bodies.rigidbodies[2].pose.position.y,0.6535063758434704
14.473119867,1709142485.156102011,1709142485.155629945,/rigid_bodies.rigidbodies[2].pose.position.y,0.653466629506396
14.482656577,1709142485.165638721,1709142485.165343240,/rigid_bodies.rigidbodies[2].pose.position.y,0.6534954817270947
14.492719139,1709142485.175701283,1709142485.175391414,/rigid_bodies.rigidbodies[2].pose.position.y,0.6535463158602248
14.503062515,1709142485.186044659,1709142485.185433794,/rigid_bodies.rigidbodies[2].pose.position.y,0.6534854272101669
14.512750825,1709142485.195732969,1709142485.195336304,/rigid_bodies.rigidbodies[2].pose.position.y,0.6535171256649831
14.522916271,1709142485.205898415,1709142485.205433149,/rigid_bodies.rigidbodies[2].pose.position.y,0.6534686629541692
14.533224307,1709142485.216206451,1709142485.215598963,/rigid_bodies.rigidbodies[2].pose.position.y,0.6534026476655495
14.54282761,1709142485.225809754,1709142485.225424549,/rigid_bodies.rigidbodies[2].pose.position.y,0.6534775474334031
14.5531579,1709142485.236140044,1709142485.235641705,/rigid_bodies.rigidbodies[2].pose.position.y,0.6534652476452776
14.563268811,1709142485.246250955,1709142485.245691913,/rigid_bodies.rigidbodies[2].pose.position.y,0.6534422419152937
14.573032154,1709142485.256014298,1709142485.255492121,/rigid_bodies.rigidbodies[2].pose.position.y,0.653499574451772
14.583212579,1709142485.266194723,1709142485.265627268,/rigid_bodies.rigidbodies[2].pose.position.y,0.6535604343315236
14.593139071,1709142485.276121215,1709142485.275500335,/rigid_bodies.rigidbodies[2].pose.position.y,0.6535327692846409
14.603242408,1709142485.286224552,1709142485.285533518,/rigid_bodies.rigidbodies[2].pose.position.y,0.6534682329768092
14.612984614,1709142485.295966758,1709142485.295515238,/rigid_bodies.rigidbodies[2].pose.position.y,0.653449546294843
14.622937117,1709142485.305919261,1709142485.305468671,/rigid_bodies.rigidbodies[2].pose.position.y,0.6534469707845678
14.632929218,1709142485.315911362,1709142485.315485126,/rigid_bodies.rigidbodies[2].pose.position.y,0.6534677009513838
14.642835125,1709142485.325817269,1709142485.325469102,/rigid_bodies.rigidbodies[2].pose.position.y,0.6535401912483317
14.652707821,1709142485.335689965,1709142485.335378502,/rigid_bodies.rigidbodies[2].pose.position.y,0.6534677445814839
14.662625721,1709142485.345607865,1709142485.345304942,/rigid_bodies.rigidbodies[2].pose.position.y,0.6534463762041958
14.672535217,1709142485.355517361,1709142485.355264951,/rigid_bodies.rigidbodies[2].pose.position.y,0.6534965399245201
14.682549929,1709142485.365532073,1709142485.365345754,/rigid_bodies.rigidbodies[2].pose.position.y,0.6535030223128503
14.692526683,1709142485.375508827,1709142485.375237020,/rigid_bodies.rigidbodies[2].pose.position.y,0.653566761949433
14.702753493,1709142485.385735637,1709142485.385498382,/rigid_bodies.rigidbodies[2].pose.position.y,0.6535288169840324
14.712599,1709142485.395581144,1709142485.395280544,/rigid_bodies.rigidbodies[2].pose.position.y,0.6534323958883074
14.722601076,1709142485.405583220,1709142485.405345414,/rigid_bodies.rigidbodies[2].pose.position.y,0.6534107230541496
14.732625826,1709142485.415607970,1709142485.415311717,/rigid_bodies.rigidbodies[2].pose.position.y,0.6534350310637733
14.742689132,1709142485.425671276,1709142485.425281187,/rigid_bodies.rigidbodies[2].pose.position.y,0.6535067578435811
14.75279559,1709142485.435777734,1709142485.435443154,/rigid_bodies.rigidbodies[2].pose.position.y,0.6535983704518695
14.762782059,1709142485.445764203,1709142485.445368242,/rigid_bodies.rigidbodies[2].pose.position.y,0.6535244970503087
14.772843236,1709142485.455825380,1709142485.455471239,/rigid_bodies.rigidbodies[2].pose.position.y,0.6534114888106801
14.782795163,1709142485.465777307,1709142485.465380726,/rigid_bodies.rigidbodies[2].pose.position.y,0.6534627366723239
14.792475619,1709142485.475457763,1709142485.475182789,/rigid_bodies.rigidbodies[2].pose.position.y,0.6534954830667163
14.802494929,1709142485.485477073,1709142485.485252909,/rigid_bodies.rigidbodies[2].pose.position.y,0.6535133945475557
14.812555178,1709142485.495537322,1709142485.495346712,/rigid_bodies.rigidbodies[2].pose.position.y,0.6535360467543293
14.822827926,1709142485.505810070,1709142485.505357481,/rigid_bodies.rigidbodies[2].pose.position.y,0.6534626164849587
14.833129861,1709142485.516112005,1709142485.515568358,/rigid_bodies.rigidbodies[2].pose.position.y,0.653500210911376
14.843043759,1709142485.526025903,1709142485.525589534,/rigid_bodies.rigidbodies[2].pose.position.y,0.6535218465968096
14.853392578,1709142485.536374722,1709142485.535742230,/rigid_bodies.rigidbodies[2].pose.position.y,0.6534890069243303
14.862997307,1709142485.545979451,1709142485.545557837,/rigid_bodies.rigidbodies[2].pose.position.y,0.6534513220045411
14.873074567,1709142485.556056711,1709142485.555580103,/rigid_bodies.rigidbodies[2].pose.position.y,0.6534659248453984
14.882985333,1709142485.565967477,1709142485.565511494,/rigid_bodies.rigidbodies[2].pose.position.y,0.6534600338260277
14.892989115,1709142485.575971259,1709142485.575489682,/rigid_bodies.rigidbodies[2].pose.position.y,0.6534956491283126
14.903198687,1709142485.586180831,1709142485.585620692,/rigid_bodies.rigidbodies[2].pose.position.y,0.6535608208466078
14.91289675,1709142485.595878894,1709142485.595514612,/rigid_bodies.rigidbodies[2].pose.position.y,0.653509241824456
14.922620399,1709142485.605602543,1709142485.605279458,/rigid_bodies.rigidbodies[2].pose.position.y,0.6534876313380115
14.932702728,1709142485.615684872,1709142485.615341615,/rigid_bodies.rigidbodies[2].pose.position.y,0.6534824347042668
14.942489408,1709142485.625471552,1709142485.625215413,/rigid_bodies.rigidbodies[2].pose.position.y,0.6535059668892639
14.952457718,1709142485.635439862,1709142485.635217493,/rigid_bodies.rigidbodies[2].pose.position.y,0.6535576366441811
14.96240677,1709142485.645388914,1709142485.645185621,/rigid_bodies.rigidbodies[2].pose.position.y,0.6535105820567016
14.972541226,1709142485.655523370,1709142485.655218151,/rigid_bodies.rigidbodies[2].pose.position.y,0.6533618033938959
14.982435699,1709142485.665417843,1709142485.665264782,/rigid_bodies.rigidbodies[2].pose.position.y,0.6533464883938022
14.992674893,1709142485.675657037,1709142485.675282255,/rigid_bodies.rigidbodies[2].pose.position.y,0.6534479257218849
15.002876545,1709142485.685858689,1709142485.685390879,/rigid_bodies.rigidbodies[2].pose.position.y,0.6534929625473289
15.013068276,1709142485.696050420,1709142485.695538052,/rigid_bodies.rigidbodies[2].pose.position.y,0.6535681456548251
15.023445882,1709142485.706428026,1709142485.705787007,/rigid_bodies.rigidbodies[2].pose.position.y,0.6535369503959605
15.033233688,1709142485.716215832,1709142485.715638412,/rigid_bodies.rigidbodies[2].pose.position.y,0.6534421805757039
15.04304672,1709142485.726028864,1709142485.725562206,/rigid_bodies.rigidbodies[2].pose.position.y,0.6534734181915429
15.053518147,1709142485.736500291,1709142485.735820619,/rigid_bodies.rigidbodies[2].pose.position.y,0.6534944106494216
15.063024826,1709142485.746006970,1709142485.745454930,/rigid_bodies.rigidbodies[2].pose.position.y,0.653438518810015
15.072915386,1709142485.755897530,1709142485.755419013,/rigid_bodies.rigidbodies[2].pose.position.y,0.6535008748392612
15.082855773,1709142485.765837917,1709142485.765413048,/rigid_bodies.rigidbodies[2].pose.position.y,0.6534634067757177
15.092804809,1709142485.775786953,1709142485.775428731,/rigid_bodies.rigidbodies[2].pose.position.y,0.6534600587575196
15.102783761,1709142485.785765905,1709142485.785358144,/rigid_bodies.rigidbodies[2].pose.position.y,0.6535529238568307
15.113243094,1709142485.796225238,1709142485.795590897,/rigid_bodies.rigidbodies[2].pose.position.y,0.653490285915182
15.123048583,1709142485.806030727,1709142485.805571686,/rigid_bodies.rigidbodies[2].pose.position.y,0.6534312707323654
15.132854272,1709142485.815836416,1709142485.815432943,/rigid_bodies.rigidbodies[2].pose.position.y,0.6534504991997911
15.143250755,1709142485.826232899,1709142485.825666632,/rigid_bodies.rigidbodies[2].pose.position.y,0.6534597449248438
15.153434105,1709142485.836416249,1709142485.835757141,/rigid_bodies.rigidbodies[2].pose.position.y,0.6535602455675839
15.163081433,1709142485.846063577,1709142485.845516060,/rigid_bodies.rigidbodies[2].pose.position.y,0.6535869332688136
15.173265652,1709142485.856247796,1709142485.855699832,/rigid_bodies.rigidbodies[2].pose.position.y,0.6534545097927804
15.183170771,1709142485.866152915,1709142485.865635819,/rigid_bodies.rigidbodies[2].pose.position.y,0.6534157512577826
15.192883951,1709142485.875866095,1709142485.875463300,/rigid_bodies.rigidbodies[2].pose.position.y,0.6534717074694036
15.20320883,1709142485.886190974,1709142485.885630370,/rigid_bodies.rigidbodies[2].pose.position.y,0.6534908436008386
15.213210152,1709142485.896192296,1709142485.895594630,/rigid_bodies.rigidbodies[2].pose.position.y,0.6535632471060243
15.222963703,1709142485.905945847,1709142485.905481296,/rigid_bodies.rigidbodies[2].pose.position.y,0.6535642997284883
15.233148655,1709142485.916130799,1709142485.915604094,/rigid_bodies.rigidbodies[2].pose.position.y,0.6534143166871894
15.242841871,1709142485.925824015,1709142485.925456847,/rigid_bodies.rigidbodies[2].pose.position.y,0.6534017309394888
15.252804566,1709142485.935786710,1709142485.935382450,/rigid_bodies.rigidbodies[2].pose.position.y,0.6534658193602653
15.262822693,1709142485.945804837,1709142485.945421758,/rigid_bodies.rigidbodies[2].pose.position.y,0.6534556785234725
15.273167064,1709142485.956149208,1709142485.955659849,/rigid_bodies.rigidbodies[2].pose.position.y,0.6535648243010472
15.282823238,1709142485.965805382,1709142485.965449070,/rigid_bodies.rigidbodies[2].pose.position.y,0.6535753315283552
15.293410454,1709142485.976392598,1709142485.975844286,/rigid_bodies.rigidbodies[2].pose.position.y,0.653498621745047
15.303088003,1709142485.986070147,1709142485.985690692,/rigid_bodies.rigidbodies[2].pose.position.y,0.6534984199307208
15.312703372,1709142485.995685516,1709142485.995401960,/rigid_bodies.rigidbodies[2].pose.position.y,0.6534614255391532
15.322626834,1709142486.005608978,1709142486.005447676,/rigid_bodies.rigidbodies[2].pose.position.y,0.6534090315170505
15.332627794,1709142486.015609938,1709142486.015419847,/rigid_bodies.rigidbodies[2].pose.position.y,0.6534789070600072
15.342883354,1709142486.025865498,1709142486.025562961,/rigid_bodies.rigidbodies[2].pose.position.y,0.6534741015596199
15.35297011,1709142486.035952254,1709142486.035558504,/rigid_bodies.rigidbodies[2].pose.position.y,0.6535086418323768
15.362839873,1709142486.045822017,1709142486.045405245,/rigid_bodies.rigidbodies[2].pose.position.y,0.6535998930422078
15.372700366,1709142486.055682510,1709142486.055315242,/rigid_bodies.rigidbodies[2].pose.position.y,0.6535025584461428
15.382639564,1709142486.065621708,1709142486.065371929,/rigid_bodies.rigidbodies[2].pose.position.y,0.6534268857123603
15.392637488,1709142486.075619632,1709142486.075312860,/rigid_bodies.rigidbodies[2].pose.position.y,0.6534998194814812
15.402927046,1709142486.085909190,1709142486.085427304,/rigid_bodies.rigidbodies[2].pose.position.y,0.6534644685525409
15.412586988,1709142486.095569132,1709142486.095371673,/rigid_bodies.rigidbodies[2].pose.position.y,0.6534860485295273
15.422636761,1709142486.105618905,1709142486.105301517,/rigid_bodies.rigidbodies[2].pose.position.y,0.6535767747539958
15.432694514,1709142486.115676658,1709142486.115492754,/rigid_bodies.rigidbodies[2].pose.position.y,0.6534702552196893
15.442983263,1709142486.125965407,1709142486.125537082,/rigid_bodies.rigidbodies[2].pose.position.y,0.6534539082681643
15.453040142,1709142486.136022286,1709142486.135576158,/rigid_bodies.rigidbodies[2].pose.position.y,0.6535067173569978
15.462986204,1709142486.145968348,1709142486.145513775,/rigid_bodies.rigidbodies[2].pose.position.y,0.6534446574167749
15.472944101,1709142486.155926245,1709142486.155535203,/rigid_bodies.rigidbodies[2].pose.position.y,0.6535121594294129
15.483098414,1709142486.166080558,1709142486.165557058,/rigid_bodies.rigidbodies[2].pose.position.y,0.6535413951599263
15.493537145,1709142486.176519289,1709142486.175858204,/rigid_bodies.rigidbodies[2].pose.position.y,0.6534529526335395
15.50308718,1709142486.186069324,1709142486.185643932,/rigid_bodies.rigidbodies[2].pose.position.y,0.6534932284979259
15.513627576,1709142486.196609720,1709142486.195907211,/rigid_bodies.rigidbodies[2].pose.position.y,0.6535132980926449
15.523590278,1709142486.206572422,1709142486.205922067,/rigid_bodies.rigidbodies[2].pose.position.y,0.6534553987186856
15.533201,1709142486.216183144,1709142486.215746830,/rigid_bodies.rigidbodies[2].pose.position.y,0.6535261678366037
15.543178082,1709142486.226160226,1709142486.225759302,/rigid_bodies.rigidbodies[2].pose.position.y,0.653567371456207
15.553235801,1709142486.236217945,1709142486.235646039,/rigid_bodies.rigidbodies[2].pose.position.y,0.6535161730378424
15.562655158,1709142486.245637302,1709142486.245308218,/rigid_bodies.rigidbodies[2].pose.position.y,0.6535585465756478
15.572863142,1709142486.255845286,1709142486.255377959,/rigid_bodies.rigidbodies[2].pose.position.y,0.6534741046836712
15.582745676,1709142486.265727820,1709142486.265289963,/rigid_bodies.rigidbodies[2].pose.position.y,0.6533759113236836
15.592790192,1709142486.275772336,1709142486.275327544,/rigid_bodies.rigidbodies[2].pose.position.y,0.6534450343328352
15.602811592,1709142486.285793736,1709142486.285375129,/rigid_bodies.rigidbodies[2].pose.position.y,0.653490151548937
15.612939544,1709142486.295921688,1709142486.295416188,/rigid_bodies.rigidbodies[2].pose.position.y,0.6535481978324044
15.622860627,1709142486.305842771,1709142486.305466643,/rigid_bodies.rigidbodies[2].pose.position.y,0.653681501090291
15.632697011,1709142486.315679155,1709142486.315364293,/rigid_bodies.rigidbodies[2].pose.position.y,0.6535453085754491
15.642722749,1709142486.325704893,1709142486.325421769,/rigid_bodies.rigidbodies[2].pose.position.y,0.6534116902301919
15.652899447,1709142486.335881591,1709142486.335391838,/rigid_bodies.rigidbodies[2].pose.position.y,0.6534005854394892
15.662600356,1709142486.345582500,1709142486.345299988,/rigid_bodies.rigidbodies[2].pose.position.y,0.6533698447112629
15.672737405,1709142486.355719549,1709142486.355437713,/rigid_bodies.rigidbodies[2].pose.position.y,0.653457206121672
15.682920749,1709142486.365902893,1709142486.365611267,/rigid_bodies.rigidbodies[2].pose.position.y,0.653573136870896
15.692938707,1709142486.375920851,1709142486.375477355,/rigid_bodies.rigidbodies[2].pose.position.y,0.6535216075491183
15.703061669,1709142486.386043813,1709142486.385547249,/rigid_bodies.rigidbodies[2].pose.position.y,0.6535196638160541
15.712869617,1709142486.395851761,1709142486.395460383,/rigid_bodies.rigidbodies[2].pose.position.y,0.6535018455939398
15.723202942,1709142486.406185086,1709142486.405606954,/rigid_bodies.rigidbodies[2].pose.position.y,0.6534194547601005
15.733039442,1709142486.416021586,1709142486.415519993,/rigid_bodies.rigidbodies[2].pose.position.y,0.6534616151894033
15.743120733,1709142486.426102877,1709142486.425595556,/rigid_bodies.rigidbodies[2].pose.position.y,0.6535450863755072
15.753002948,1709142486.435985092,1709142486.435491440,/rigid_bodies.rigidbodies[2].pose.position.y,0.6534936395377245
15.762836257,1709142486.445818401,1709142486.445443676,/rigid_bodies.rigidbodies[2].pose.position.y,0.6534826747146193
15.773012857,1709142486.455995001,1709142486.455544419,/rigid_bodies.rigidbodies[2].pose.position.y,0.6534634466507481
15.783000599,1709142486.465982743,1709142486.465511645,/rigid_bodies.rigidbodies[2].pose.position.y,0.6533625036322568
15.793311448,1709142486.476293592,1709142486.475674450,/rigid_bodies.rigidbodies[2].pose.position.y,0.6533983808116325
15.802951244,1709142486.485933388,1709142486.485492456,/rigid_bodies.rigidbodies[2].pose.position.y,0.653509948478378
15.812951899,1709142486.495934043,1709142486.495451728,/rigid_bodies.rigidbodies[2].pose.position.y,0.6535910660828828
15.823318746,1709142486.506300890,1709142486.505702372,/rigid_bodies.rigidbodies[2].pose.position.y,0.6536216732405434
15.833219965,1709142486.516202109,1709142486.515602576,/rigid_bodies.rigidbodies[2].pose.position.y,0.6535092021049587
15.842898404,1709142486.525880548,1709142486.525419831,/rigid_bodies.rigidbodies[2].pose.position.y,0.6533628286363804
15.853255349,1709142486.536237493,1709142486.535622584,/rigid_bodies.rigidbodies[2].pose.position.y,0.6534481638955574
15.862864316,1709142486.545846460,1709142486.545441067,/rigid_bodies.rigidbodies[2].pose.position.y,0.6535039743373132
15.87278828,1709142486.555770424,1709142486.555391124,/rigid_bodies.rigidbodies[2].pose.position.y,0.653519637180058
15.882798517,1709142486.565780661,1709142486.565431062,/rigid_bodies.rigidbodies[2].pose.position.y,0.6535509279720217
15.892874271,1709142486.575856415,1709142486.575466319,/rigid_bodies.rigidbodies[2].pose.position.y,0.6534848082087451
15.902910785,1709142486.585892929,1709142486.585539356,/rigid_bodies.rigidbodies[2].pose.position.y,0.653435014310574
15.913046793,1709142486.596028937,1709142486.595621506,/rigid_bodies.rigidbodies[2].pose.position.y,0.6534133545176726
15.923223864,1709142486.606206008,1709142486.605772670,/rigid_bodies.rigidbodies[2].pose.position.y,0.6534183160600151
15.933020151000001,1709142486.616002295,1709142486.615563644,/rigid_bodies.rigidbodies[2].pose.position.y,0.653450822295588
15.943148747,1709142486.626130891,1709142486.625668252,/rigid_bodies.rigidbodies[2].pose.position.y,0.6535077255149855
15.953155637,1709142486.636137781,1709142486.635675278,/rigid_bodies.rigidbodies[2].pose.position.y,0.6535261245472158
15.962997745,1709142486.645979889,1709142486.645575972,/rigid_bodies.rigidbodies[2].pose.position.y,0.6535078212895841
15.973431167,1709142486.656413311,1709142486.655834843,/rigid_bodies.rigidbodies[2].pose.position.y,0.6535520693003726
15.98298935,1709142486.665971494,1709142486.665588694,/rigid_bodies.rigidbodies[2].pose.position.y,0.6535307023574123
15.99299046,1709142486.675972604,1709142486.675589583,/rigid_bodies.rigidbodies[2].pose.position.y,0.6534861395941273
16.003379895,1709142486.686362039,1709142486.685836774,/rigid_bodies.rigidbodies[2].pose.position.y,0.6534815935009289
16.013329327,1709142486.696311471,1709142486.695794663,/rigid_bodies.rigidbodies[2].pose.position.y,0.6534909890581487
16.022904609,1709142486.705886753,1709142486.705536693,/rigid_bodies.rigidbodies[2].pose.position.y,0.6534991596791294
16.033198079,1709142486.716180223,1709142486.715702659,/rigid_bodies.rigidbodies[2].pose.position.y,0.6534970607741694
16.043184846,1709142486.726166990,1709142486.725730892,/rigid_bodies.rigidbodies[2].pose.position.y,0.653447972069442
16.052817049,1709142486.735799193,1709142486.735461478,/rigid_bodies.rigidbodies[2].pose.position.y,0.6534497364808836
16.062982856,1709142486.745965000,1709142486.745577448,/rigid_bodies.rigidbodies[2].pose.position.y,0.6534827069537221
16.073262016,1709142486.756244160,1709142486.755770102,/rigid_bodies.rigidbodies[2].pose.position.y,0.6535215350587388
16.083100223,1709142486.766082367,1709142486.765674886,/rigid_bodies.rigidbodies[2].pose.position.y,0.6534988832217881
16.093266885,1709142486.776249029,1709142486.775661268,/rigid_bodies.rigidbodies[2].pose.position.y,0.6535162731337578
16.103658615,1709142486.786640759,1709142486.785949482,/rigid_bodies.rigidbodies[2].pose.position.y,0.6534844775639768
16.112949399,1709142486.795931543,1709142486.795563226,/rigid_bodies.rigidbodies[2].pose.position.y,0.653452700820581
16.12306869,1709142486.806050834,1709142486.805644327,/rigid_bodies.rigidbodies[2].pose.position.y,0.6535337638887442
16.133278475,1709142486.816260619,1709142486.815727437,/rigid_bodies.rigidbodies[2].pose.position.y,0.6535379288965307
16.143121848,1709142486.826103992,1709142486.825676045,/rigid_bodies.rigidbodies[2].pose.position.y,0.653521001624138
16.153136401,1709142486.836118545,1709142486.835680065,/rigid_bodies.rigidbodies[2].pose.position.y,0.6534989271134874
16.163033841,1709142486.846015985,1709142486.845625442,/rigid_bodies.rigidbodies[2].pose.position.y,0.653474316819734
16.173149405,1709142486.856131549,1709142486.855654495,/rigid_bodies.rigidbodies[2].pose.position.y,0.6534711578109754
16.183223859,1709142486.866206003,1709142486.865713854,/rigid_bodies.rigidbodies[2].pose.position.y,0.6534141516802616
16.193490375,1709142486.876472519,1709142486.875942036,/rigid_bodies.rigidbodies[2].pose.position.y,0.6533906399339628
16.203280136,1709142486.886262280,1709142486.885759367,/rigid_bodies.rigidbodies[2].pose.position.y,0.6534102243634731
16.212986156,1709142486.895968300,1709142486.895581934,/rigid_bodies.rigidbodies[2].pose.position.y,0.6535064188630686
16.22297678,1709142486.905958924,1709142486.905558439,/rigid_bodies.rigidbodies[2].pose.position.y,0.6535694865467596
16.233344722,1709142486.916326866,1709142486.915843271,/rigid_bodies.rigidbodies[2].pose.position.y,0.6535830024339552
16.242873912,1709142486.925856056,1709142486.925484742,/rigid_bodies.rigidbodies[2].pose.position.y,0.6535419147972293
16.253341679000002,1709142486.936323823,1709142486.935826008,/rigid_bodies.rigidbodies[2].pose.position.y,0.6534112542542125
16.263059968,1709142486.946042112,1709142486.945649827,/rigid_bodies.rigidbodies[2].pose.position.y,0.6533913953575742
16.273124688,1709142486.956106832,1709142486.955649416,/rigid_bodies.rigidbodies[2].pose.position.y,0.6534980517668124
16.283017567999998,1709142486.965999712,1709142486.965582714,/rigid_bodies.rigidbodies[2].pose.position.y,0.653535778737861
16.29279902,1709142486.975781164,1709142486.975450779,/rigid_bodies.rigidbodies[2].pose.position.y,0.6535713757568412
16.302948568,1709142486.985930712,1709142486.985512215,/rigid_bodies.rigidbodies[2].pose.position.y,0.6535322614593044
16.312995686,1709142486.995977830,1709142486.995538721,/rigid_bodies.rigidbodies[2].pose.position.y,0.6534044414559178
16.32343408,1709142487.006416224,1709142487.005833219,/rigid_bodies.rigidbodies[2].pose.position.y,0.653420932153716
16.332963623,1709142487.015945767,1709142487.015565899,/rigid_bodies.rigidbodies[2].pose.position.y,0.6534878900043971
16.343113745,1709142487.026095889,1709142487.025706955,/rigid_bodies.rigidbodies[2].pose.position.y,0.6534749548730096
16.353224783,1709142487.036206927,1709142487.035724563,/rigid_bodies.rigidbodies[2].pose.position.y,0.6534964084550585
16.362859713,1709142487.045841857,1709142487.045492442,/rigid_bodies.rigidbodies[2].pose.position.y,0.6534714014500779
16.373463011,1709142487.056445155,1709142487.055796549,/rigid_bodies.rigidbodies[2].pose.position.y,0.653420929400983
16.383103136,1709142487.066085280,1709142487.065595047,/rigid_bodies.rigidbodies[2].pose.position.y,0.6534892876577889
16.39293221,1709142487.075914354,1709142487.075517344,/rigid_bodies.rigidbodies[2].pose.position.y,0.6535447024917389
16.402729176,1709142487.085711320,1709142487.085471445,/rigid_bodies.rigidbodies[2].pose.position.y,0.6535012850829349
16.412523773,1709142487.095505917,1709142487.095223240,/rigid_bodies.rigidbodies[2].pose.position.y,0.6535166239676371
16.422701128,1709142487.105683272,1709142487.105448685,/rigid_bodies.rigidbodies[2].pose.position.y,0.653523643481819
16.433114482,1709142487.116096626,1709142487.115675270,/rigid_bodies.rigidbodies[2].pose.position.y,0.6535039470768048
16.443284585,1709142487.126266729,1709142487.125767334,/rigid_bodies.rigidbodies[2].pose.position.y,0.653507740807413
16.452892978,1709142487.135875122,1709142487.135484572,/rigid_bodies.rigidbodies[2].pose.position.y,0.6534570038599564
16.462921104,1709142487.145903248,1709142487.145433942,/rigid_bodies.rigidbodies[2].pose.position.y,0.6534255481409715
16.473157357,1709142487.156139501,1709142487.155601002,/rigid_bodies.rigidbodies[2].pose.position.y,0.6535170430298437
16.482807854,1709142487.165789998,1709142487.165497893,/rigid_bodies.rigidbodies[2].pose.position.y,0.6535769674581485
16.49287767,1709142487.175859814,1709142487.175469659,/rigid_bodies.rigidbodies[2].pose.position.y,0.6535061061723915
16.502706568,1709142487.185688712,1709142487.185410344,/rigid_bodies.rigidbodies[2].pose.position.y,0.653462315548467
16.512859166,1709142487.195841310,1709142487.195579004,/rigid_bodies.rigidbodies[2].pose.position.y,0.6534096047806731
16.522935092,1709142487.205917236,1709142487.205555412,/rigid_bodies.rigidbodies[2].pose.position.y,0.653403285367366
16.532994557,1709142487.215976701,1709142487.215620819,/rigid_bodies.rigidbodies[2].pose.position.y,0.653534562188863
16.542899453,1709142487.225881597,1709142487.225543573,/rigid_bodies.rigidbodies[2].pose.position.y,0.6535609890900004
16.553298212,1709142487.236280356,1709142487.235688618,/rigid_bodies.rigidbodies[2].pose.position.y,0.6535041926706568
16.562925111,1709142487.245907255,1709142487.245401839,/rigid_bodies.rigidbodies[2].pose.position.y,0.6534637782662123
16.572927283,1709142487.255909427,1709142487.255583972,/rigid_bodies.rigidbodies[2].pose.position.y,0.6534563070899292
16.582865218,1709142487.265847362,1709142487.265454986,/rigid_bodies.rigidbodies[2].pose.position.y,0.6535158969228059
16.59276432,1709142487.275746464,1709142487.275412370,/rigid_bodies.rigidbodies[2].pose.position.y,0.6535557891157844
16.602966479,1709142487.285948623,1709142487.285487827,/rigid_bodies.rigidbodies[2].pose.position.y,0.6534651022064278
16.613079196,1709142487.296061340,1709142487.295518775,/rigid_bodies.rigidbodies[2].pose.position.y,0.6534164487457147
16.623172862,1709142487.306155006,1709142487.305708502,/rigid_bodies.rigidbodies[2].pose.position.y,0.653461206708346
16.632901265,1709142487.315883409,1709142487.315440518,/rigid_bodies.rigidbodies[2].pose.position.y,0.6534571733630604
16.643086939,1709142487.326069083,1709142487.325537578,/rigid_bodies.rigidbodies[2].pose.position.y,0.6535124119354285
16.653107946,1709142487.336090090,1709142487.335537086,/rigid_bodies.rigidbodies[2].pose.position.y,0.6535566338749221
16.662786874,1709142487.345769018,1709142487.345327723,/rigid_bodies.rigidbodies[2].pose.position.y,0.6534840458609917
16.673561259,1709142487.356543403,1709142487.355957119,/rigid_bodies.rigidbodies[2].pose.position.y,0.6534606667173379
16.68327195,1709142487.366254094,1709142487.365796068,/rigid_bodies.rigidbodies[2].pose.position.y,0.6535144537108406
16.692800547,1709142487.375782691,1709142487.375450357,/rigid_bodies.rigidbodies[2].pose.position.y,0.6534678907872322
16.702731628,1709142487.385713772,1709142487.385421986,/rigid_bodies.rigidbodies[2].pose.position.y,0.6534749560797387
16.712723684,1709142487.395705828,1709142487.395412344,/rigid_bodies.rigidbodies[2].pose.position.y,0.6534619691191121
16.723054589,1709142487.406036733,1709142487.405640313,/rigid_bodies.rigidbodies[2].pose.position.y,0.6534136869828472
16.733372548,1709142487.416354692,1709142487.415892535,/rigid_bodies.rigidbodies[2].pose.position.y,0.6534918333046715
16.743452715,1709142487.426434859,1709142487.425954151,/rigid_bodies.rigidbodies[2].pose.position.y,0.6535607103310042
16.753345898,1709142487.436328042,1709142487.435770413,/rigid_bodies.rigidbodies[2].pose.position.y,0.6535083507820078
16.763230917,1709142487.446213061,1709142487.445717698,/rigid_bodies.rigidbodies[2].pose.position.y,0.653473711510651
16.773491016,1709142487.456473160,1709142487.455880507,/rigid_bodies.rigidbodies[2].pose.position.y,0.6534480936076491
16.783146770000002,1709142487.466128914,1709142487.465702875,/rigid_bodies.rigidbodies[2].pose.position.y,0.653431032761941
16.793014054,1709142487.475996198,1709142487.475599793,/rigid_bodies.rigidbodies[2].pose.position.y,0.6535152096502842
16.803592176,1709142487.486574320,1709142487.485984635,/rigid_bodies.rigidbodies[2].pose.position.y,0.6535148898446076
16.813265164,1709142487.496247308,1709142487.495672594,/rigid_bodies.rigidbodies[2].pose.position.y,0.6534503034697293
16.823249139,1709142487.506231283,1709142487.505690918,/rigid_bodies.rigidbodies[2].pose.position.y,0.6534728889776574
16.833573099,1709142487.516555243,1709142487.515889724,/rigid_bodies.rigidbodies[2].pose.position.y,0.6534645489981374
16.843280471,1709142487.526262615,1709142487.525705639,/rigid_bodies.rigidbodies[2].pose.position.y,0.6534793902786888
16.853073126,1709142487.536055270,1709142487.535616584,/rigid_bodies.rigidbodies[2].pose.position.y,0.6535547400457602
16.863065697,1709142487.546047841,1709142487.545578301,/rigid_bodies.rigidbodies[2].pose.position.y,0.6534774139298806
16.873445602,1709142487.556427746,1709142487.555782765,/rigid_bodies.rigidbodies[2].pose.position.y,0.6534010079864564
16.88302166,1709142487.566003804,1709142487.565623493,/rigid_bodies.rigidbodies[2].pose.position.y,0.6534738270786193
16.893445062,1709142487.576427206,1709142487.575763456,/rigid_bodies.rigidbodies[2].pose.position.y,0.6534802515185998
16.903172095,1709142487.586154239,1709142487.585613907,/rigid_bodies.rigidbodies[2].pose.position.y,0.6535047372144231
16.913003354,1709142487.595985498,1709142487.595566546,/rigid_bodies.rigidbodies[2].pose.position.y,0.6535573489475538
16.922954044,1709142487.605936188,1709142487.605483676,/rigid_bodies.rigidbodies[2].pose.position.y,0.6534806099234289
16.933291535,1709142487.616273679,1709142487.615651403,/rigid_bodies.rigidbodies[2].pose.position.y,0.6534990587076206
16.942826187,1709142487.625808331,1709142487.625514382,/rigid_bodies.rigidbodies[2].pose.position.y,0.6535263909374184
16.953399714,1709142487.636381858,1709142487.635921767,/rigid_bodies.rigidbodies[2].pose.position.y,0.6534385729000982
16.963244505,1709142487.646226649,1709142487.645798938,/rigid_bodies.rigidbodies[2].pose.position.y,0.6534312812096439
16.972826845,1709142487.655808989,1709142487.655473484,/rigid_bodies.rigidbodies[2].pose.position.y,0.6534683269743271
16.982756653,1709142487.665738797,1709142487.665472064,/rigid_bodies.rigidbodies[2].pose.position.y,0.6534394844479673
16.992765685,1709142487.675747829,1709142487.675377205,/rigid_bodies.rigidbodies[2].pose.position.y,0.6534957613359327
17.003003347,1709142487.685985491,1709142487.685495677,/rigid_bodies.rigidbodies[2].pose.position.y,0.6535518098325911
17.012982322,1709142487.695964466,1709142487.695473642,/rigid_bodies.rigidbodies[2].pose.position.y,0.6534749564254512
17.023340086,1709142487.706322230,1709142487.705698910,/rigid_bodies.rigidbodies[2].pose.position.y,0.6534744684992551
17.032924821,1709142487.715906965,1709142487.715462090,/rigid_bodies.rigidbodies[2].pose.position.y,0.6535536059856502
17.043117881,1709142487.726100025,1709142487.725577978,/rigid_bodies.rigidbodies[2].pose.position.y,0.6535019233344991
17.053257003,1709142487.736239147,1709142487.735650168,/rigid_bodies.rigidbodies[2].pose.position.y,0.6535603793116534
17.062762876,1709142487.745745020,1709142487.745431895,/rigid_bodies.rigidbodies[2].pose.position.y,0.6535221636269833
17.072907405,1709142487.755889549,1709142487.755459143,/rigid_bodies.rigidbodies[2].pose.position.y,0.6533971546448263
17.082948723,1709142487.765930867,1709142487.765532243,/rigid_bodies.rigidbodies[2].pose.position.y,0.6534641753960803
17.092992969,1709142487.775975113,1709142487.775584761,/rigid_bodies.rigidbodies[2].pose.position.y,0.6534770070103436
17.103089935,1709142487.786072079,1709142487.785595351,/rigid_bodies.rigidbodies[2].pose.position.y,0.6534837086975955
17.112799109,1709142487.795781253,1709142487.795410455,/rigid_bodies.rigidbodies[2].pose.position.y,0.6535411117378396
17.1228748,1709142487.805856944,1709142487.805535421,/rigid_bodies.rigidbodies[2].pose.position.y,0.6534803151541274
17.13302244,1709142487.816004584,1709142487.815519057,/rigid_bodies.rigidbodies[2].pose.position.y,0.6534303345489552
17.142908314,1709142487.825890458,1709142487.825481589,/rigid_bodies.rigidbodies[2].pose.position.y,0.6535138705031465
17.153186423,1709142487.836168567,1709142487.835662305,/rigid_bodies.rigidbodies[2].pose.position.y,0.6534767190917186
17.162961403,1709142487.845943547,1709142487.845458116,/rigid_bodies.rigidbodies[2].pose.position.y,0.6534691398766892
17.172915938,1709142487.855898082,1709142487.855470506,/rigid_bodies.rigidbodies[2].pose.position.y,0.6535561720969955
17.183001857,1709142487.865984001,1709142487.865532876,/rigid_bodies.rigidbodies[2].pose.position.y,0.6535090642855168
17.193018702,1709142487.876000846,1709142487.875461347,/rigid_bodies.rigidbodies[2].pose.position.y,0.6534794637007298
17.202811989,1709142487.885794133,1709142487.885457678,/rigid_bodies.rigidbodies[2].pose.position.y,0.6535743671909927
17.213143078,1709142487.896125222,1709142487.895606183,/rigid_bodies.rigidbodies[2].pose.position.y,0.653494888838102
17.223183667,1709142487.906165811,1709142487.905671565,/rigid_bodies.rigidbodies[2].pose.position.y,0.6534556058781275
17.233162484,1709142487.916144628,1709142487.915660332,/rigid_bodies.rigidbodies[2].pose.position.y,0.6534714088106075
17.243127349,1709142487.926109493,1709142487.925640718,/rigid_bodies.rigidbodies[2].pose.position.y,0.6533947067270119
17.252952318,1709142487.935934462,1709142487.935522159,/rigid_bodies.rigidbodies[2].pose.position.y,0.6534889141038525
17.262903922,1709142487.945886066,1709142487.945479679,/rigid_bodies.rigidbodies[2].pose.position.y,0.6535526805949192
17.27326034,1709142487.956242484,1709142487.955640910,/rigid_bodies.rigidbodies[2].pose.position.y,0.6534635269537498
17.282935759,1709142487.965917903,1709142487.965496500,/rigid_bodies.rigidbodies[2].pose.position.y,0.653497615843338
17.293226438,1709142487.976208582,1709142487.975628021,/rigid_bodies.rigidbodies[2].pose.position.y,0.6535039622108569
17.302935766,1709142487.985917910,1709142487.985507136,/rigid_bodies.rigidbodies[2].pose.position.y,0.6534609840979417
17.312997755,1709142487.995979899,1709142487.995506269,/rigid_bodies.rigidbodies[2].pose.position.y,0.6535209832516825
17.323243074,1709142488.006225218,1709142488.005629389,/rigid_bodies.rigidbodies[2].pose.position.y,0.6535095286687028
17.332868259,1709142488.015850403,1709142488.015462943,/rigid_bodies.rigidbodies[2].pose.position.y,0.6534905627111001
17.342617087,1709142488.025599231,1709142488.025275559,/rigid_bodies.rigidbodies[2].pose.position.y,0.6535091714327007
17.352562043,1709142488.035544187,1709142488.035275816,/rigid_bodies.rigidbodies[2].pose.position.y,0.6534591712543673
17.362687726,1709142488.045669870,1709142488.045381250,/rigid_bodies.rigidbodies[2].pose.position.y,0.6534057369823771
17.372767956,1709142488.055750100,1709142488.055311811,/rigid_bodies.rigidbodies[2].pose.position.y,0.6535137703312134
17.382636435,1709142488.065618579,1709142488.065398369,/rigid_bodies.rigidbodies[2].pose.position.y,0.6535043743847477
17.392937652,1709142488.075919796,1709142488.075380308,/rigid_bodies.rigidbodies[2].pose.position.y,0.6534647622900831
17.402502654,1709142488.085484798,1709142488.085272206,/rigid_bodies.rigidbodies[2].pose.position.y,0.6535320832186774
17.412514092,1709142488.095496236,1709142488.095171947,/rigid_bodies.rigidbodies[2].pose.position.y,0.6534034517081637
17.422691963,1709142488.105674107,1709142488.105351527,/rigid_bodies.rigidbodies[2].pose.position.y,0.6533921451426026
17.432983587,1709142488.115965731,1709142488.115483204,/rigid_bodies.rigidbodies[2].pose.position.y,0.6535033378798726
17.443124228,1709142488.126106372,1709142488.125555046,/rigid_bodies.rigidbodies[2].pose.position.y,0.6534653940994356
17.453144118,1709142488.136126262,1709142488.135480565,/rigid_bodies.rigidbodies[2].pose.position.y,0.653534520567622
17.462980611,1709142488.145962755,1709142488.145400167,/rigid_bodies.rigidbodies[2].pose.position.y,0.6536286078318296
17.473215403,1709142488.156197547,1709142488.155601957,/rigid_bodies.rigidbodies[2].pose.position.y,0.6535132162638311
17.482933234,1709142488.165915378,1709142488.165467519,/rigid_bodies.rigidbodies[2].pose.position.y,0.653490840317461
17.492933277,1709142488.175915421,1709142488.175458899,/rigid_bodies.rigidbodies[2].pose.position.y,0.6534941017498802
17.503310318,1709142488.186292462,1709142488.185667810,/rigid_bodies.rigidbodies[2].pose.position.y,0.6534035577059151
17.512897032,1709142488.195879176,1709142488.195438299,/rigid_bodies.rigidbodies[2].pose.position.y,0.653488859054659
17.522858914,1709142488.205841058,1709142488.205465450,/rigid_bodies.rigidbodies[2].pose.position.y,0.6535652403063965
17.533026672,1709142488.216008816,1709142488.215552412,/rigid_bodies.rigidbodies[2].pose.position.y,0.6535329986103966
17.54289642,1709142488.225878564,1709142488.225440802,/rigid_bodies.rigidbodies[2].pose.position.y,0.6535709745140588
17.552931675,1709142488.235913819,1709142488.235460893,/rigid_bodies.rigidbodies[2].pose.position.y,0.6534672667239252
17.56338454,1709142488.246366684,1709142488.245844565,/rigid_bodies.rigidbodies[2].pose.position.y,0.6533271460597727
17.573730773,1709142488.256712917,1709142488.256051086,/rigid_bodies.rigidbodies[2].pose.position.y,0.6535040368738986
17.58311297,1709142488.266095114,1709142488.265622695,/rigid_bodies.rigidbodies[2].pose.position.y,0.6535630441896052
17.592964331,1709142488.275946475,1709142488.275521405,/rigid_bodies.rigidbodies[2].pose.position.y,0.6535357938425523
17.603704698,1709142488.286686842,1709142488.286016557,/rigid_bodies.rigidbodies[2].pose.position.y,0.6535906490226283
17.613090486,1709142488.296072630,1709142488.295646462,/rigid_bodies.rigidbodies[2].pose.position.y,0.6534848406222635
17.623320718,1709142488.306302862,1709142488.305793715,/rigid_bodies.rigidbodies[2].pose.position.y,0.6534460360826313
17.633746898,1709142488.316729042,1709142488.316022230,/rigid_bodies.rigidbodies[2].pose.position.y,0.6535689740686326
17.643198588,1709142488.326180732,1709142488.325775055,/rigid_bodies.rigidbodies[2].pose.position.y,0.6535163456431458
17.652991503,1709142488.335973647,1709142488.335614660,/rigid_bodies.rigidbodies[2].pose.position.y,0.6534897553725995
17.662939435,1709142488.345921579,1709142488.345582121,/rigid_bodies.rigidbodies[2].pose.position.y,0.653533976028163
17.673142995,1709142488.356125139,1709142488.355703130,/rigid_bodies.rigidbodies[2].pose.position.y,0.65344830841025
17.683136757,1709142488.366118901,1709142488.365702641,/rigid_bodies.rigidbodies[2].pose.position.y,0.6533959367004455
17.693156205,1709142488.376138349,1709142488.375700764,/rigid_bodies.rigidbodies[2].pose.position.y,0.6535142488595446
17.703355574,1709142488.386337718,1709142488.385831337,/rigid_bodies.rigidbodies[2].pose.position.y,0.6534998271272942
17.712929227,1709142488.395911371,1709142488.395557827,/rigid_bodies.rigidbodies[2].pose.position.y,0.6534883431486963
17.723272734,1709142488.406254878,1709142488.405821356,/rigid_bodies.rigidbodies[2].pose.position.y,0.653527931953023
17.73331912,1709142488.416301264,1709142488.415781648,/rigid_bodies.rigidbodies[2].pose.position.y,0.6534721606976978
17.742961658,1709142488.425943802,1709142488.425555417,/rigid_bodies.rigidbodies[2].pose.position.y,0.6535172554615207
17.752900758,1709142488.435882902,1709142488.435520140,/rigid_bodies.rigidbodies[2].pose.position.y,0.6534852395643184
17.762939795,1709142488.445921939,1709142488.445461460,/rigid_bodies.rigidbodies[2].pose.position.y,0.6533318979753437
17.77316074,1709142488.456142884,1709142488.455627567,/rigid_bodies.rigidbodies[2].pose.position.y,0.6533944671076694
17.782968783,1709142488.465950927,1709142488.465559910,/rigid_bodies.rigidbodies[2].pose.position.y,0.6535222498800327
17.793673408,1709142488.476655552,1709142488.476046186,/rigid_bodies.rigidbodies[2].pose.position.y,0.6535287882808845
17.803166318,1709142488.486148462,1709142488.485760363,/rigid_bodies.rigidbodies[2].pose.position.y,0.6535917514392651
17.813079663,1709142488.496061807,1709142488.495703818,/rigid_bodies.rigidbodies[2].pose.position.y,0.6535409241448488
17.823543012000002,1709142488.506525156,1709142488.505925463,/rigid_bodies.rigidbodies[2].pose.position.y,0.6534237026631703
17.833124973,1709142488.516107117,1709142488.515680906,/rigid_bodies.rigidbodies[2].pose.position.y,0.6534972935230123
17.843025264,1709142488.526007408,1709142488.525628783,/rigid_bodies.rigidbodies[2].pose.position.y,0.653493819219679
17.853240459,1709142488.536222603,1709142488.535742096,/rigid_bodies.rigidbodies[2].pose.position.y,0.6534318965108066
17.863084893,1709142488.546067037,1709142488.545700757,/rigid_bodies.rigidbodies[2].pose.position.y,0.653488011272781
17.873357067,1709142488.556339211,1709142488.555856677,/rigid_bodies.rigidbodies[2].pose.position.y,0.6534439384936547
17.883104453,1709142488.566086597,1709142488.565716640,/rigid_bodies.rigidbodies[2].pose.position.y,0.6534112542263171
17.893208222,1709142488.576190366,1709142488.575830559,/rigid_bodies.rigidbodies[2].pose.position.y,0.6535389764762167
17.903438275,1709142488.586420419,1709142488.585965373,/rigid_bodies.rigidbodies[2].pose.position.y,0.6535092094355621
17.913074718,1709142488.596056862,1709142488.595724403,/rigid_bodies.rigidbodies[2].pose.position.y,0.6534366975935543
17.923147093,1709142488.606129237,1709142488.605781706,/rigid_bodies.rigidbodies[2].pose.position.y,0.6534422804922372
17.933669424,1709142488.616651568,1709142488.616092550,/rigid_bodies.rigidbodies[2].pose.position.y,0.6534133206254873
17.943060663,1709142488.626042807,1709142488.625715894,/rigid_bodies.rigidbodies[2].pose.position.y,0.6534865473668325
17.953104852,1709142488.636086996,1709142488.635739589,/rigid_bodies.rigidbodies[2].pose.position.y,0.653531523060257
17.963237142,1709142488.646219286,1709142488.645605150,/rigid_bodies.rigidbodies[2].pose.position.y,0.6534337517473586
17.97319333,1709142488.656175474,1709142488.655701983,/rigid_bodies.rigidbodies[2].pose.position.y,0.6534025056436623
17.983103649,1709142488.666085793,1709142488.665659646,/rigid_bodies.rigidbodies[2].pose.position.y,0.6534880275630386
17.992972665,1709142488.675954809,1709142488.675581986,/rigid_bodies.rigidbodies[2].pose.position.y,0.6534873594927891
18.003003526,1709142488.685985670,1709142488.685584321,/rigid_bodies.rigidbodies[2].pose.position.y,0.6535193236989744
18.01316379,1709142488.696145934,1709142488.695702703,/rigid_bodies.rigidbodies[2].pose.position.y,0.6535495978716328
18.023446583,1709142488.706428727,1709142488.705887974,/rigid_bodies.rigidbodies[2].pose.position.y,0.6533977259213636
18.033371832,1709142488.716353976,1709142488.715870653,/rigid_bodies.rigidbodies[2].pose.position.y,0.6534562178077901
18.043454461,1709142488.726436605,1709142488.725871929,/rigid_bodies.rigidbodies[2].pose.position.y,0.6535036217696187
18.053203336,1709142488.736185480,1709142488.735689733,/rigid_bodies.rigidbodies[2].pose.position.y,0.6534213052785884
18.063144388,1709142488.746126532,1709142488.745704239,/rigid_bodies.rigidbodies[2].pose.position.y,0.653510802245317
18.073033765,1709142488.756015909,1709142488.755605374,/rigid_bodies.rigidbodies[2].pose.position.y,0.6534944252721324
18.083217677,1709142488.766199821,1709142488.765718748,/rigid_bodies.rigidbodies[2].pose.position.y,0.6533993664417005
18.093261402,1709142488.776243546,1709142488.775683343,/rigid_bodies.rigidbodies[2].pose.position.y,0.6535006113324437
18.103079173,1709142488.786061317,1709142488.785614354,/rigid_bodies.rigidbodies[2].pose.position.y,0.6535027779532777
18.113098469,1709142488.796080613,1709142488.795615915,/rigid_bodies.rigidbodies[2].pose.position.y,0.653460845400671
18.122934225,1709142488.805916369,1709142488.805498744,/rigid_bodies.rigidbodies[2].pose.position.y,0.6534937586570997
18.133074051,1709142488.816056195,1709142488.815583659,/rigid_bodies.rigidbodies[2].pose.position.y,0.6534948086218545
18.143117451,1709142488.826099595,1709142488.825647820,/rigid_bodies.rigidbodies[2].pose.position.y,0.6534871443346728
18.153087951,1709142488.836070095,1709142488.835589914,/rigid_bodies.rigidbodies[2].pose.position.y,0.6535878571728158
18.162947394,1709142488.845929538,1709142488.845595884,/rigid_bodies.rigidbodies[2].pose.position.y,0.653484550058222
18.173144525,1709142488.856126669,1709142488.855676732,/rigid_bodies.rigidbodies[2].pose.position.y,0.6533800404799097
18.183215113,1709142488.866197257,1709142488.865694208,/rigid_bodies.rigidbodies[2].pose.position.y,0.653484511768628
18.193448104,1709142488.876430248,1709142488.875920168,/rigid_bodies.rigidbodies[2].pose.position.y,0.653481290336441
18.203321891,1709142488.886304035,1709142488.885739037,/rigid_bodies.rigidbodies[2].pose.position.y,0.6534648268736715
18.213326275,1709142488.896308419,1709142488.895687041,/rigid_bodies.rigidbodies[2].pose.position.y,0.6535298689418017
18.223106797,1709142488.906088941,1709142488.905660923,/rigid_bodies.rigidbodies[2].pose.position.y,0.6534566165521168
18.233259071,1709142488.916241215,1709142488.915835337,/rigid_bodies.rigidbodies[2].pose.position.y,0.6534331083188604
18.24297317,1709142488.925955314,1709142488.925610217,/rigid_bodies.rigidbodies[2].pose.position.y,0.6535537965054233
18.253287109,1709142488.936269253,1709142488.935782256,/rigid_bodies.rigidbodies[2].pose.position.y,0.6534730357612419
18.263093103,1709142488.946075247,1709142488.945625412,/rigid_bodies.rigidbodies[2].pose.position.y,0.6535165055429433
18.273439177,1709142488.956421321,1709142488.955844022,/rigid_bodies.rigidbodies[2].pose.position.y,0.6535423208414847
18.283093058,1709142488.966075202,1709142488.965583530,/rigid_bodies.rigidbodies[2].pose.position.y,0.6534034903803531
18.293536257,1709142488.976518401,1709142488.975874233,/rigid_bodies.rigidbodies[2].pose.position.y,0.6534643671354233
18.303389788,1709142488.986371932,1709142488.985773904,/rigid_bodies.rigidbodies[2].pose.position.y,0.6535076443988018
18.31336516,1709142488.996347304,1709142488.995750882,/rigid_bodies.rigidbodies[2].pose.position.y,0.6534556233524212
18.323173054,1709142489.006155198,1709142489.005659055,/rigid_bodies.rigidbodies[2].pose.position.y,0.6534634252094529
18.333172216,1709142489.016154360,1709142489.015668036,/rigid_bodies.rigidbodies[2].pose.position.y,0.6534543340763691
18.343305384,1709142489.026287528,1709142489.025727575,/rigid_bodies.rigidbodies[2].pose.position.y,0.6534062971852915
18.353197691,1709142489.036179835,1709142489.035662582,/rigid_bodies.rigidbodies[2].pose.position.y,0.6534756107948719
18.363174581,1709142489.046156725,1709142489.045648521,/rigid_bodies.rigidbodies[2].pose.position.y,0.6535106316356526
18.37363068,1709142489.056612824,1709142489.055891376,/rigid_bodies.rigidbodies[2].pose.position.y,0.6534668284097381
18.382927078,1709142489.065909222,1709142489.065545676,/rigid_bodies.rigidbodies[2].pose.position.y,0.6535641981649314
18.393226729,1709142489.076208873,1709142489.075667557,/rigid_bodies.rigidbodies[2].pose.position.y,0.6535573935318253
18.403662908,1709142489.086645052,1709142489.085940700,/rigid_bodies.rigidbodies[2].pose.position.y,0.6534571824229117
18.413205103,1709142489.096187247,1709142489.095677625,/rigid_bodies.rigidbodies[2].pose.position.y,0.653507290903425
18.423199346,1709142489.106181490,1709142489.105679265,/rigid_bodies.rigidbodies[2].pose.position.y,0.6535003043703933
18.433389878,1709142489.116372022,1709142489.115794994,/rigid_bodies.rigidbodies[2].pose.position.y,0.6534531463521017
18.443004115,1709142489.125986259,1709142489.125656218,/rigid_bodies.rigidbodies[2].pose.position.y,0.6535058857111476
18.45319074,1709142489.136172884,1709142489.135722382,/rigid_bodies.rigidbodies[2].pose.position.y,0.6534646988032571
18.463042024,1709142489.146024168,1709142489.145636277,/rigid_bodies.rigidbodies[2].pose.position.y,0.6534269041120061
18.473171221,1709142489.156153365,1709142489.155787260,/rigid_bodies.rigidbodies[2].pose.position.y,0.6534907756825075
18.483140661,1709142489.166122805,1709142489.165761589,/rigid_bodies.rigidbodies[2].pose.position.y,0.6534431908218337
18.493278624,1709142489.176260768,1709142489.175756635,/rigid_bodies.rigidbodies[2].pose.position.y,0.6534828884473605
18.503159506,1709142489.186141650,1709142489.185826781,/rigid_bodies.rigidbodies[2].pose.position.y,0.6535988290005854
18.513207458,1709142489.196189602,1709142489.195779368,/rigid_bodies.rigidbodies[2].pose.position.y,0.6534958670365872
18.523282155,1709142489.206264299,1709142489.205819598,/rigid_bodies.rigidbodies[2].pose.position.y,0.653414545354365
18.533082061,1709142489.216064205,1709142489.215736528,/rigid_bodies.rigidbodies[2].pose.position.y,0.6534443341343068
18.543163501,1709142489.226145645,1709142489.225691939,/rigid_bodies.rigidbodies[2].pose.position.y,0.6533942444103502
18.553140552,1709142489.236122696,1709142489.235647314,/rigid_bodies.rigidbodies[2].pose.position.y,0.653497734906984
18.563040375,1709142489.246022519,1709142489.245609058,/rigid_bodies.rigidbodies[2].pose.position.y,0.6535918396480115
18.573395634,1709142489.256377778,1709142489.255894475,/rigid_bodies.rigidbodies[2].pose.position.y,0.65346649222546
18.583155656,1709142489.266137800,1709142489.265729218,/rigid_bodies.rigidbodies[2].pose.position.y,0.6534542455578706
18.593045357,1709142489.276027501,1709142489.275680972,/rigid_bodies.rigidbodies[2].pose.position.y,0.6534840755344286
18.603171631,1709142489.286153775,1709142489.285754108,/rigid_bodies.rigidbodies[2].pose.position.y,0.6534216971855795
18.613138693,1709142489.296120837,1709142489.295712062,/rigid_bodies.rigidbodies[2].pose.position.y,0.6534640432996579
18.623339192,1709142489.306321336,1709142489.305785620,/rigid_bodies.rigidbodies[2].pose.position.y,0.6535475310316907
18.633251035,1709142489.316233179,1709142489.315732823,/rigid_bodies.rigidbodies[2].pose.position.y,0.6535056666268728
18.643307164,1709142489.326289308,1709142489.325775116,/rigid_bodies.rigidbodies[2].pose.position.y,0.6535356869996141
18.653278417,1709142489.336260561,1709142489.335787955,/rigid_bodies.rigidbodies[2].pose.position.y,0.6535254767681736
18.663244153,1709142489.346226297,1709142489.345665690,/rigid_bodies.rigidbodies[2].pose.position.y,0.6534452449869645
18.673553905,1709142489.356536049,1709142489.355854043,/rigid_bodies.rigidbodies[2].pose.position.y,0.6535309745753851
18.683345081,1709142489.366327225,1709142489.365674887,/rigid_bodies.rigidbodies[2].pose.position.y,0.653548969157209
18.693356118,1709142489.376338262,1709142489.375765240,/rigid_bodies.rigidbodies[2].pose.position.y,0.6534573081506475
18.703532906,1709142489.386515050,1709142489.385906696,/rigid_bodies.rigidbodies[2].pose.position.y,0.6535286264972852
18.713116955,1709142489.396099099,1709142489.395615615,/rigid_bodies.rigidbodies[2].pose.position.y,0.6534992635061287
18.723124521,1709142489.406106665,1709142489.405687225,/rigid_bodies.rigidbodies[2].pose.position.y,0.6534486092030476
18.732920245,1709142489.415902389,1709142489.415584617,/rigid_bodies.rigidbodies[2].pose.position.y,0.6534580770506697
18.74313524,1709142489.426117384,1709142489.425689535,/rigid_bodies.rigidbodies[2].pose.position.y,0.6534673345329832
18.753388872,1709142489.436371016,1709142489.435803252,/rigid_bodies.rigidbodies[2].pose.position.y,0.6535084277505939
18.763365855,1709142489.446347999,1709142489.445826264,/rigid_bodies.rigidbodies[2].pose.position.y,0.6535410773341442
18.773556868,1709142489.456539012,1709142489.455880372,/rigid_bodies.rigidbodies[2].pose.position.y,0.6534502938467017
18.783210446,1709142489.466192590,1709142489.465747143,/rigid_bodies.rigidbodies[2].pose.position.y,0.6534006725132624
18.793386049,1709142489.476368193,1709142489.475857842,/rigid_bodies.rigidbodies[2].pose.position.y,0.653465818474234
18.803069513,1709142489.486051657,1709142489.485647066,/rigid_bodies.rigidbodies[2].pose.position.y,0.6535200357852474
18.813015866,1709142489.495998010,1709142489.495619490,/rigid_bodies.rigidbodies[2].pose.position.y,0.6535214086219443
18.823708065,1709142489.506690209,1709142489.506015488,/rigid_bodies.rigidbodies[2].pose.position.y,0.6535859243875399
18.833080458,1709142489.516062602,1709142489.515616188,/rigid_bodies.rigidbodies[2].pose.position.y,0.6535232081666319
18.843408004,1709142489.526390148,1709142489.525824955,/rigid_bodies.rigidbodies[2].pose.position.y,0.6534687465151361
18.853396264,1709142489.536378408,1709142489.535892692,/rigid_bodies.rigidbodies[2].pose.position.y,0.6534643061343409
18.86336159,1709142489.546343734,1709142489.545802416,/rigid_bodies.rigidbodies[2].pose.position.y,0.6534132750944888
18.873256225,1709142489.556238369,1709142489.555737530,/rigid_bodies.rigidbodies[2].pose.position.y,0.653423228234364
18.88350656,1709142489.566488704,1709142489.565800763,/rigid_bodies.rigidbodies[2].pose.position.y,0.653511591166343
18.893431259,1709142489.576413403,1709142489.575807248,/rigid_bodies.rigidbodies[2].pose.position.y,0.6534508685640538
18.903319975,1709142489.586302119,1709142489.585762005,/rigid_bodies.rigidbodies[2].pose.position.y,0.6535083838689197
18.91377061,1709142489.596752754,1709142489.595979101,/rigid_bodies.rigidbodies[2].pose.position.y,0.6535660210419514
18.924022777,1709142489.607004921,1709142489.606072581,/rigid_bodies.rigidbodies[2].pose.position.y,0.6534793846260348
18.933008294,1709142489.615990438,1709142489.615640182,/rigid_bodies.rigidbodies[2].pose.position.y,0.6534533658846469
18.943098783,1709142489.626080927,1709142489.625692864,/rigid_bodies.rigidbodies[2].pose.position.y,0.6535043145833115
18.953364934,1709142489.636347078,1709142489.635832363,/rigid_bodies.rigidbodies[2].pose.position.y,0.6534894371438134
18.962939219,1709142489.645921363,1709142489.645589824,/rigid_bodies.rigidbodies[2].pose.position.y,0.653515817084337
18.97359707,1709142489.656579214,1709142489.655857962,/rigid_bodies.rigidbodies[2].pose.position.y,0.6535153788660767
18.983285404,1709142489.666267548,1709142489.665734110,/rigid_bodies.rigidbodies[2].pose.position.y,0.6534243232604002
18.993149788,1709142489.676131932,1709142489.675643204,/rigid_bodies.rigidbodies[2].pose.position.y,0.6535124439970136
19.003321343,1709142489.686303487,1709142489.685723986,/rigid_bodies.rigidbodies[2].pose.position.y,0.6535030895659302
19.013352228,1709142489.696334372,1709142489.695788588,/rigid_bodies.rigidbodies[2].pose.position.y,0.6534446012908792
19.023120482,1709142489.706102626,1709142489.705665102,/rigid_bodies.rigidbodies[2].pose.position.y,0.6535082806363011
19.033455787,1709142489.716437931,1709142489.715875362,/rigid_bodies.rigidbodies[2].pose.position.y,0.6534994569301059
19.043117018,1709142489.726099162,1709142489.725664408,/rigid_bodies.rigidbodies[2].pose.position.y,0.6534791410851379
19.053274844,1709142489.736256988,1709142489.735789446,/rigid_bodies.rigidbodies[2].pose.position.y,0.6534924081075686
19.063080187,1709142489.746062331,1709142489.745581261,/rigid_bodies.rigidbodies[2].pose.position.y,0.6534711620328598
19.073837209,1709142489.756819353,1709142489.756010153,/rigid_bodies.rigidbodies[2].pose.position.y,0.6535008762273361
19.082953547,1709142489.765935691,1709142489.765638025,/rigid_bodies.rigidbodies[2].pose.position.y,0.6535525024492523
19.092690847,1709142489.775672991,1709142489.775491423,/rigid_bodies.rigidbodies[2].pose.position.y,0.6535647420336517
19.10288292,1709142489.785865064,1709142489.785590907,/rigid_bodies.rigidbodies[2].pose.position.y,0.6535530241674726
19.112681856,1709142489.795664000,1709142489.795400464,/rigid_bodies.rigidbodies[2].pose.position.y,0.6535712055140461
19.122689152,1709142489.805671296,1709142489.805432399,/rigid_bodies.rigidbodies[2].pose.position.y,0.6534710081423271
19.132771092,1709142489.815753236,1709142489.815515928,/rigid_bodies.rigidbodies[2].pose.position.y,0.6533857936883869
19.142671707,1709142489.825653851,1709142489.825446800,/rigid_bodies.rigidbodies[2].pose.position.y,0.6534559850167149
19.152734418,1709142489.835716562,1709142489.835460052,/rigid_bodies.rigidbodies[2].pose.position.y,0.6534579304046966
19.16263818,1709142489.845620324,1709142489.845431550,/rigid_bodies.rigidbodies[2].pose.position.y,0.6535143597466537
19.172715449000002,1709142489.855697593,1709142489.855424212,/rigid_bodies.rigidbodies[2].pose.position.y,0.653571790730187
19.183012539,1709142489.865994683,1709142489.865603027,/rigid_bodies.rigidbodies[2].pose.position.y,0.6535063079360287
19.193243483,1709142489.876225627,1709142489.875780141,/rigid_bodies.rigidbodies[2].pose.position.y,0.653514658937545
19.203755525,1709142489.886737669,1709142489.886100595,/rigid_bodies.rigidbodies[2].pose.position.y,0.6535411914749133
19.213218272,1709142489.896200416,1709142489.895691386,/rigid_bodies.rigidbodies[2].pose.position.y,0.6534494679266554
19.223093054,1709142489.906075198,1709142489.905717471,/rigid_bodies.rigidbodies[2].pose.position.y,0.6534961105861579
19.233189824,1709142489.916171968,1709142489.915736276,/rigid_bodies.rigidbodies[2].pose.position.y,0.6535441749216874
19.243149918,1709142489.926132062,1709142489.925718557,/rigid_bodies.rigidbodies[2].pose.position.y,0.6534504513480696
19.253102433,1709142489.936084577,1709142489.935657666,/rigid_bodies.rigidbodies[2].pose.position.y,0.6534373419236088
19.263330805,1709142489.946312949,1709142489.945813525,/rigid_bodies.rigidbodies[2].pose.position.y,0.6534713385626003
19.273251654,1709142489.956233798,1709142489.955778813,/rigid_bodies.rigidbodies[2].pose.position.y,0.6534629237743949
19.283233995,1709142489.966216139,1709142489.965726076,/rigid_bodies.rigidbodies[2].pose.position.y,0.653548430414243
19.293434456,1709142489.976416600,1709142489.975817828,/rigid_bodies.rigidbodies[2].pose.position.y,0.6535605677010314
19.303133426,1709142489.986115570,1709142489.985739970,/rigid_bodies.rigidbodies[2].pose.position.y,0.653498817870163
19.313688561,1709142489.996670705,1709142489.995975901,/rigid_bodies.rigidbodies[2].pose.position.y,0.6534743592235419
19.323246319,1709142490.006228463,1709142490.005735453,/rigid_bodies.rigidbodies[2].pose.position.y,0.6534490121639654
19.333269522,1709142490.016251666,1709142490.015794574,/rigid_bodies.rigidbodies[2].pose.position.y,0.6534173060301933
19.343044415,1709142490.026026559,1709142490.025654775,/rigid_bodies.rigidbodies[2].pose.position.y,0.653477448615943
19.353122786,1709142490.036104930,1709142490.035640674,/rigid_bodies.rigidbodies[2].pose.position.y,0.6535568694940533
19.362684816,1709142490.045666960,1709142490.045411732,/rigid_bodies.rigidbodies[2].pose.position.y,0.653514245498878
19.372576499,1709142490.055558643,1709142490.055387335,/rigid_bodies.rigidbodies[2].pose.position.y,0.6534497170157857
19.382817032,1709142490.065799176,1709142490.065490701,/rigid_bodies.rigidbodies[2].pose.position.y,0.6534605234050379
19.392982297,1709142490.075964441,1709142490.075664631,/rigid_bodies.rigidbodies[2].pose.position.y,0.6534165957854711
19.402727082,1709142490.085709226,1709142490.085486384,/rigid_bodies.rigidbodies[2].pose.position.y,0.6534537304867846
19.412998627,1709142490.095980771,1709142490.095685673,/rigid_bodies.rigidbodies[2].pose.position.y,0.6534885457159171
19.423015574,1709142490.105997718,1709142490.105617103,/rigid_bodies.rigidbodies[2].pose.position.y,0.6534975066811766
19.433199078,1709142490.116181222,1709142490.115687129,/rigid_bodies.rigidbodies[2].pose.position.y,0.653597452384323
19.442914497,1709142490.125896641,1709142490.125548767,/rigid_bodies.rigidbodies[2].pose.position.y,0.6535455806406267
19.453416454,1709142490.136398598,1709142490.135887207,/rigid_bodies.rigidbodies[2].pose.position.y,0.65347672215766
19.463324475,1709142490.146306619,1709142490.145735265,/rigid_bodies.rigidbodies[2].pose.position.y,0.6534948284211208
19.473344776,1709142490.156326920,1709142490.155828495,/rigid_bodies.rigidbodies[2].pose.position.y,0.6534546709824346
19.483462403,1709142490.166444547,1709142490.165890042,/rigid_bodies.rigidbodies[2].pose.position.y,0.6534659654151113
19.493440421,1709142490.176422565,1709142490.175811836,/rigid_bodies.rigidbodies[2].pose.position.y,0.6535023797852482
19.503910218,1709142490.186892362,1709142490.186081738,/rigid_bodies.rigidbodies[2].pose.position.y,0.6534562154049599
19.513143353,1709142490.196125497,1709142490.195703017,/rigid_bodies.rigidbodies[2].pose.position.y,0.6534476049067227
19.523795914,1709142490.206778058,1709142490.206054268,/rigid_bodies.rigidbodies[2].pose.position.y,0.6535254671783132
19.533757626,1709142490.216739770,1709142490.216034662,/rigid_bodies.rigidbodies[2].pose.position.y,0.653509843270249
19.54316892,1709142490.226151064,1709142490.225691657,/rigid_bodies.rigidbodies[2].pose.position.y,0.6535434835675088
19.553585822,1709142490.236567966,1709142490.235908487,/rigid_bodies.rigidbodies[2].pose.position.y,0.6535845270813475
19.563290959,1709142490.246273103,1709142490.245740124,/rigid_bodies.rigidbodies[2].pose.position.y,0.6534480936123944
19.573283342,1709142490.256265486,1709142490.255737559,/rigid_bodies.rigidbodies[2].pose.position.y,0.6534176891111806
19.583175728,1709142490.266157872,1709142490.265755568,/rigid_bodies.rigidbodies[2].pose.position.y,0.6534473865622746
19.593660833,1709142490.276642977,1709142490.276033231,/rigid_bodies.rigidbodies[2].pose.position.y,0.6534358215996534
19.603191668,1709142490.286173812,1709142490.285815857,/rigid_bodies.rigidbodies[2].pose.position.y,0.6535320404969057
19.613260813,1709142490.296242957,1709142490.295828326,/rigid_bodies.rigidbodies[2].pose.position.y,0.65354665200524
19.62388145,1709142490.306863594,1709142490.306003332,/rigid_bodies.rigidbodies[2].pose.position.y,0.653496293763937
19.633338944,1709142490.316321088,1709142490.315794290,/rigid_bodies.rigidbodies[2].pose.position.y,0.6535514186253608
19.642928471,1709142490.325910615,1709142490.325543647,/rigid_bodies.rigidbodies[2].pose.position.y,0.6535132537740196
19.652911955,1709142490.335894099,1709142490.335539064,/rigid_bodies.rigidbodies[2].pose.position.y,0.6534779459057024
19.662927124,1709142490.345909268,1709142490.345547558,/rigid_bodies.rigidbodies[2].pose.position.y,0.6534399516274554
19.673078765,1709142490.356060909,1709142490.355634086,/rigid_bodies.rigidbodies[2].pose.position.y,0.6534144091346803
19.682913797,1709142490.365895941,1709142490.365567332,/rigid_bodies.rigidbodies[2].pose.position.y,0.6534174413069935
19.693239931,1709142490.376222075,1709142490.375746096,/rigid_bodies.rigidbodies[2].pose.position.y,0.6535022854012518
19.703027698,1709142490.386009842,1709142490.385615421,/rigid_bodies.rigidbodies[2].pose.position.y,0.6535449313990007
19.713015009,1709142490.395997153,1709142490.395582878,/rigid_bodies.rigidbodies[2].pose.position.y,0.653537592189253
19.723233897,1709142490.406216041,1709142490.405741665,/rigid_bodies.rigidbodies[2].pose.position.y,0.6535555836385111
19.732925249,1709142490.415907393,1709142490.415550451,/rigid_bodies.rigidbodies[2].pose.position.y,0.6535393486105249
19.74307693,1709142490.426059074,1709142490.425651536,/rigid_bodies.rigidbodies[2].pose.position.y,0.6534269370988026
19.752869236,1709142490.435851380,1709142490.435522561,/rigid_bodies.rigidbodies[2].pose.position.y,0.6534978430706841
19.762944259,1709142490.445926403,1709142490.445570287,/rigid_bodies.rigidbodies[2].pose.position.y,0.6535434199821502
19.77326437,1709142490.456246514,1709142490.455711229,/rigid_bodies.rigidbodies[2].pose.position.y,0.653441883233332
19.783101708,1709142490.466083852,1709142490.465642881,/rigid_bodies.rigidbodies[2].pose.position.y,0.6535003689956245
19.793255119,1709142490.476237263,1709142490.475715466,/rigid_bodies.rigidbodies[2].pose.position.y,0.6534900792153352
19.803352242,1709142490.486334386,1709142490.485719649,/rigid_bodies.rigidbodies[2].pose.position.y,0.6534522714883843
19.813627933,1709142490.496610077,1709142490.495897596,/rigid_bodies.rigidbodies[2].pose.position.y,0.6534719721916871
19.823177404,1709142490.506159548,1709142490.505712290,/rigid_bodies.rigidbodies[2].pose.position.y,0.6534178677768254
19.833465191,1709142490.516447335,1709142490.515775754,/rigid_bodies.rigidbodies[2].pose.position.y,0.6534195091580416
19.843076994,1709142490.526059138,1709142490.525583301,/rigid_bodies.rigidbodies[2].pose.position.y,0.6535020026934717
19.852798244,1709142490.535780388,1709142490.535399053,/rigid_bodies.rigidbodies[2].pose.position.y,0.6535032338373027
19.862942254,1709142490.545924398,1709142490.545471388,/rigid_bodies.rigidbodies[2].pose.position.y,0.6535171921605458
19.873463298,1709142490.556445442,1709142490.555783716,/rigid_bodies.rigidbodies[2].pose.position.y,0.6535485714728473
19.883173903,1709142490.566156047,1709142490.565689474,/rigid_bodies.rigidbodies[2].pose.position.y,0.6535559149462496
19.893102609,1709142490.576084753,1709142490.575597817,/rigid_bodies.rigidbodies[2].pose.position.y,0.6535318247936357
19.903799146,1709142490.586781290,1709142490.585826761,/rigid_bodies.rigidbodies[2].pose.position.y,0.6534957902682114
19.913580397,1709142490.596562541,1709142490.595887324,/rigid_bodies.rigidbodies[2].pose.position.y,0.6534584335205781
19.923346638,1709142490.606328782,1709142490.605770033,/rigid_bodies.rigidbodies[2].pose.position.y,0.6534216054480073
19.933769207,1709142490.616751351,1709142490.616005846,/rigid_bodies.rigidbodies[2].pose.position.y,0.6534278910626214
19.943243645,1709142490.626225789,1709142490.625767716,/rigid_bodies.rigidbodies[2].pose.position.y,0.653412179670081
19.95318873,1709142490.636170874,1709142490.635750500,/rigid_bodies.rigidbodies[2].pose.position.y,0.6535070054237732
19.963139597,1709142490.646121741,1709142490.645635232,/rigid_bodies.rigidbodies[2].pose.position.y,0.6535945176717658
19.973534457,1709142490.656516601,1709142490.655809298,/rigid_bodies.rigidbodies[2].pose.position.y,0.6535499478613586
19.983370115,1709142490.666352259,1709142490.665801489,/rigid_bodies.rigidbodies[2].pose.position.y,0.6535162781020739
19.993356159,1709142490.676338303,1709142490.675671513,/rigid_bodies.rigidbodies[2].pose.position.y,0.6535124128605391
20.003456023,1709142490.686438167,1709142490.685827779,/rigid_bodies.rigidbodies[2].pose.position.y,0.6534730569787434
20.013214561,1709142490.696196705,1709142490.695626345,/rigid_bodies.rigidbodies[2].pose.position.y,0.653444540969129
20.023707738,1709142490.706689882,1709142490.705875504,/rigid_bodies.rigidbodies[2].pose.position.y,0.6534717652125372
20.033447308,1709142490.716429452,1709142490.715790682,/rigid_bodies.rigidbodies[2].pose.position.y,0.653498541535735
20.043274724,1709142490.726256868,1709142490.725649516,/rigid_bodies.rigidbodies[2].pose.position.y,0.6535100646423033
20.053263265,1709142490.736245409,1709142490.735681856,/rigid_bodies.rigidbodies[2].pose.position.y,0.6535258303428705
20.063248927,1709142490.746231071,1709142490.745603864,/rigid_bodies.rigidbodies[2].pose.position.y,0.6535019243952283
20.073369982,1709142490.756352126,1709142490.755845058,/rigid_bodies.rigidbodies[2].pose.position.y,0.6534934242143472
20.083361541,1709142490.766343685,1709142490.765747870,/rigid_bodies.rigidbodies[2].pose.position.y,0.6535064324446103
20.093368731,1709142490.776350875,1709142490.775642364,/rigid_bodies.rigidbodies[2].pose.position.y,0.6534899855278962
20.103234548,1709142490.786216692,1709142490.785613638,/rigid_bodies.rigidbodies[2].pose.position.y,0.6534655104419296
20.113446287,1709142490.796428431,1709142490.795776149,/rigid_bodies.rigidbodies[2].pose.position.y,0.653462695095475
20.123315381,1709142490.806297525,1709142490.805705775,/rigid_bodies.rigidbodies[2].pose.position.y,0.6534588126467499
20.133057898,1709142490.816040042,1709142490.815561612,/rigid_bodies.rigidbodies[2].pose.position.y,0.6534945341896992
20.14298885,1709142490.825970994,1709142490.825567781,/rigid_bodies.rigidbodies[2].pose.position.y,0.6535032374640508
20.153047765,1709142490.836029909,1709142490.835527090,/rigid_bodies.rigidbodies[2].pose.position.y,0.6534872315568822
20.16302633,1709142490.846008474,1709142490.845588234,/rigid_bodies.rigidbodies[2].pose.position.y,0.6535056947964636
20.173427774,1709142490.856409918,1709142490.855710708,/rigid_bodies.rigidbodies[2].pose.position.y,0.6534794689548236
20.183130947,1709142490.866113091,1709142490.865553711,/rigid_bodies.rigidbodies[2].pose.position.y,0.653463814557831
20.192912472,1709142490.875894616,1709142490.875541216,/rigid_bodies.rigidbodies[2].pose.position.y,0.6535527438022329
20.203847319,1709142490.886829463,1709142490.885959291,/rigid_bodies.rigidbodies[2].pose.position.y,0.653559635197148
20.21342828,1709142490.896410424,1709142490.895827718,/rigid_bodies.rigidbodies[2].pose.position.y,0.653501127649984
20.223072234,1709142490.906054378,1709142490.905593121,/rigid_bodies.rigidbodies[2].pose.position.y,0.6535019243865952
20.233866149,1709142490.916848293,1709142490.916019454,/rigid_bodies.rigidbodies[2].pose.position.y,0.653470249222974
20.24325137,1709142490.926233514,1709142490.925648793,/rigid_bodies.rigidbodies[2].pose.position.y,0.6534717549609547
20.253225581,1709142490.936207725,1709142490.935633735,/rigid_bodies.rigidbodies[2].pose.position.y,0.6534679493663653
20.263244478,1709142490.946226622,1709142490.945735283,/rigid_bodies.rigidbodies[2].pose.position.y,0.6534139993659649
20.272955444,1709142490.955937588,1709142490.955662540,/rigid_bodies.rigidbodies[2].pose.position.y,0.6533748281882455
20.282992802,1709142490.965974946,1709142490.965607683,/rigid_bodies.rigidbodies[2].pose.position.y,0.6534370772790132
20.293359599,1709142490.976341743,1709142490.975768743,/rigid_bodies.rigidbodies[2].pose.position.y,0.6534785712889388
20.303260308,1709142490.986242452,1709142490.985858366,/rigid_bodies.rigidbodies[2].pose.position.y,0.6535422302393535
20.312913733,1709142490.995895877,1709142490.995566777,/rigid_bodies.rigidbodies[2].pose.position.y,0.6536185248123847
20.323189789,1709142491.006171933,1709142491.005805032,/rigid_bodies.rigidbodies[2].pose.position.y,0.6535920511068508
20.333038033,1709142491.016020177,1709142491.015636822,/rigid_bodies.rigidbodies[2].pose.position.y,0.6535044737937349
20.342922268,1709142491.025904412,1709142491.025581831,/rigid_bodies.rigidbodies[2].pose.position.y,0.6535044251083497
20.353212865,1709142491.036195009,1709142491.035760540,/rigid_bodies.rigidbodies[2].pose.position.y,0.6534572817218615
20.363117768,1709142491.046099912,1709142491.045752438,/rigid_bodies.rigidbodies[2].pose.position.y,0.6534090381771893
20.37305306,1709142491.056035204,1709142491.055606107,/rigid_bodies.rigidbodies[2].pose.position.y,0.6534773058733845
20.383084014,1709142491.066066158,1709142491.065634219,/rigid_bodies.rigidbodies[2].pose.position.y,0.6534321181119488
20.393457995,1709142491.076440139,1709142491.075784275,/rigid_bodies.rigidbodies[2].pose.position.y,0.65349346482875
20.403323602,1709142491.086305746,1709142491.085816862,/rigid_bodies.rigidbodies[2].pose.position.y,0.6535558015831082
20.413346767,1709142491.096328911,1709142491.095743577,/rigid_bodies.rigidbodies[2].pose.position.y,0.653446233382183
20.423387474,1709142491.106369618,1709142491.105784177,/rigid_bodies.rigidbodies[2].pose.position.y,0.6534169899227027
20.433184307,1709142491.116166451,1709142491.115661505,/rigid_bodies.rigidbodies[2].pose.position.y,0.6534927278150343
20.443309268,1709142491.126291412,1709142491.125691454,/rigid_bodies.rigidbodies[2].pose.position.y,0.653499910597478
20.453484591,1709142491.136466735,1709142491.135779941,/rigid_bodies.rigidbodies[2].pose.position.y,0.6535264781877079
20.462939585,1709142491.145921729,1709142491.145516460,/rigid_bodies.rigidbodies[2].pose.position.y,0.6535500632604527
20.473468481,1709142491.156450625,1709142491.155842902,/rigid_bodies.rigidbodies[2].pose.position.y,0.6534791128939642
20.4827904,1709142491.165772544,1709142491.165497690,/rigid_bodies.rigidbodies[2].pose.position.y,0.6534530743997312
20.492852305,1709142491.175834449,1709142491.175416008,/rigid_bodies.rigidbodies[2].pose.position.y,0.6534732338293529
20.503495363,1709142491.186477507,1709142491.185857140,/rigid_bodies.rigidbodies[2].pose.position.y,0.6534509210476456
20.51327287,1709142491.196255014,1709142491.195680213,/rigid_bodies.rigidbodies[2].pose.position.y,0.6534812126603551
20.523498531,1709142491.206480675,1709142491.205777341,/rigid_bodies.rigidbodies[2].pose.position.y,0.6535185060416846
20.533179431,1709142491.216161575,1709142491.215630331,/rigid_bodies.rigidbodies[2].pose.position.y,0.6534173013397284
20.543242324,1709142491.226224468,1709142491.225681835,/rigid_bodies.rigidbodies[2].pose.position.y,0.6534989700515769
20.553638034,1709142491.236620178,1709142491.235928932,/rigid_bodies.rigidbodies[2].pose.position.y,0.6535338572090514
20.563078926,1709142491.246061070,1709142491.245599996,/rigid_bodies.rigidbodies[2].pose.position.y,0.6535171629281304
20.573518556,1709142491.256500700,1709142491.255926848,/rigid_bodies.rigidbodies[2].pose.position.y,0.6535714122628844
20.583244619,1709142491.266226763,1709142491.265727923,/rigid_bodies.rigidbodies[2].pose.position.y,0.6535135542678326
20.593082118,1709142491.276064262,1709142491.275575803,/rigid_bodies.rigidbodies[2].pose.position.y,0.6534694541146018
20.603382063,1709142491.286364207,1709142491.285838704,/rigid_bodies.rigidbodies[2].pose.position.y,0.6534893260235555
20.613738,1709142491.296720144,1709142491.296036970,/rigid_bodies.rigidbodies[2].pose.position.y,0.6534360028483743
20.623153983999998,1709142491.306136128,1709142491.305662502,/rigid_bodies.rigidbodies[2].pose.position.y,0.6534074893308021
20.63349124,1709142491.316473384,1709142491.315886522,/rigid_bodies.rigidbodies[2].pose.position.y,0.6534768135069465
20.643627278,1709142491.326609422,1709142491.325963727,/rigid_bodies.rigidbodies[2].pose.position.y,0.6535497866020574
20.65332176,1709142491.336303904,1709142491.335829539,/rigid_bodies.rigidbodies[2].pose.position.y,0.6535595420625883
20.663304577,1709142491.346286721,1709142491.345752034,/rigid_bodies.rigidbodies[2].pose.position.y,0.6536139791248406
20.673539627,1709142491.356521771,1709142491.355851486,/rigid_bodies.rigidbodies[2].pose.position.y,0.6535104363045444
20.683030352,1709142491.366012496,1709142491.365616942,/rigid_bodies.rigidbodies[2].pose.position.y,0.6534200039422883
20.693075258,1709142491.376057402,1709142491.375562587,/rigid_bodies.rigidbodies[2].pose.position.y,0.6534592640579929
20.703025323,1709142491.386007467,1709142491.385528504,/rigid_bodies.rigidbodies[2].pose.position.y,0.6534006978892762
20.713033838,1709142491.396015982,1709142491.395558167,/rigid_bodies.rigidbodies[2].pose.position.y,0.653453112013079
20.723054105,1709142491.406036249,1709142491.405530750,/rigid_bodies.rigidbodies[2].pose.position.y,0.6535696209708458
20.733425589,1709142491.416407733,1709142491.415719041,/rigid_bodies.rigidbodies[2].pose.position.y,0.653479283140315
20.743003782,1709142491.425985926,1709142491.425523682,/rigid_bodies.rigidbodies[2].pose.position.y,0.6534433532728583
20.752864299,1709142491.435846443,1709142491.435396178,/rigid_bodies.rigidbodies[2].pose.position.y,0.6534449534064772
20.762600426,1709142491.445582570,1709142491.445333002,/rigid_bodies.rigidbodies[2].pose.position.y,0.6534655853845119
20.772613669000002,1709142491.455595813,1709142491.455410101,/rigid_bodies.rigidbodies[2].pose.position.y,0.6535477960993534
20.782681019,1709142491.465663163,1709142491.465383791,/rigid_bodies.rigidbodies[2].pose.position.y,0.6535935542147552
20.793209678,1709142491.476191822,1709142491.475744580,/rigid_bodies.rigidbodies[2].pose.position.y,0.6535152599165448
20.803414313,1709142491.486396457,1709142491.485821436,/rigid_bodies.rigidbodies[2].pose.position.y,0.653533781816168
20.813131693,1709142491.496113837,1709142491.495631559,/rigid_bodies.rigidbodies[2].pose.position.y,0.6535381445488248
20.823121948,1709142491.506104092,1709142491.505573766,/rigid_bodies.rigidbodies[2].pose.position.y,0.6534318408060649
20.833238683,1709142491.516220827,1709142491.515655526,/rigid_bodies.rigidbodies[2].pose.position.y,0.653466503085037
20.843073614,1709142491.526055758,1709142491.525614094,/rigid_bodies.rigidbodies[2].pose.position.y,0.6534616054514449
20.853042444,1709142491.536024588,1709142491.535579212,/rigid_bodies.rigidbodies[2].pose.position.y,0.6533823237525893
20.863161013,1709142491.546143157,1709142491.545622495,/rigid_bodies.rigidbodies[2].pose.position.y,0.6534553168852905
20.872937738,1709142491.555919882,1709142491.555533612,/rigid_bodies.rigidbodies[2].pose.position.y,0.653459490080124
20.883171986,1709142491.566154130,1709142491.565690928,/rigid_bodies.rigidbodies[2].pose.position.y,0.6534328355154019
20.893555724,1709142491.576537868,1709142491.575899198,/rigid_bodies.rigidbodies[2].pose.position.y,0.6535488407514449
20.90290553,1709142491.585887674,1709142491.585476925,/rigid_bodies.rigidbodies[2].pose.position.y,0.6535384984501493
20.913027754,1709142491.596009898,1709142491.595495242,/rigid_bodies.rigidbodies[2].pose.position.y,0.6535327382295298
20.923219767,1709142491.606201911,1709142491.605626110,/rigid_bodies.rigidbodies[2].pose.position.y,0.6536054735223107
20.933318613,1709142491.616300757,1709142491.615662202,/rigid_bodies.rigidbodies[2].pose.position.y,0.6535247451798375
20.943178074,1709142491.626160218,1709142491.625591364,/rigid_bodies.rigidbodies[2].pose.position.y,0.6533864472646911
20.953129655,1709142491.636111799,1709142491.635627600,/rigid_bodies.rigidbodies[2].pose.position.y,0.6534261542114204
20.963038661,1709142491.646020805,1709142491.645507527,/rigid_bodies.rigidbodies[2].pose.position.y,0.6534034141318851
20.973043346,1709142491.656025490,1709142491.655533598,/rigid_bodies.rigidbodies[2].pose.position.y,0.6534650418256565
20.982984894,1709142491.665967038,1709142491.665550517,/rigid_bodies.rigidbodies[2].pose.position.y,0.6535930396492163
20.993094872,1709142491.676077016,1709142491.675549381,/rigid_bodies.rigidbodies[2].pose.position.y,0.6535253044505936
21.003301342,1709142491.686283486,1709142491.685708000,/rigid_bodies.rigidbodies[2].pose.position.y,0.6535039022942372
21.013047064,1709142491.696029208,1709142491.695638178,/rigid_bodies.rigidbodies[2].pose.position.y,0.6535282812067129
21.02322784,1709142491.706209984,1709142491.705675038,/rigid_bodies.rigidbodies[2].pose.position.y,0.6534532403363592
21.033393778,1709142491.716375922,1709142491.715692217,/rigid_bodies.rigidbodies[2].pose.position.y,0.6534965602331327
21.042878647,1709142491.725860791,1709142491.725447706,/rigid_bodies.rigidbodies[2].pose.position.y,0.6535348297817869
21.053074636,1709142491.736056780,1709142491.735558678,/rigid_bodies.rigidbodies[2].pose.position.y,0.6534204123422382
21.063002371,1709142491.745984515,1709142491.745524521,/rigid_bodies.rigidbodies[2].pose.position.y,0.6534621320977859
21.073051968,1709142491.756034112,1709142491.755599969,/rigid_bodies.rigidbodies[2].pose.position.y,0.6535124715400844
21.082816363,1709142491.765798507,1709142491.765532845,/rigid_bodies.rigidbodies[2].pose.position.y,0.6534776921868699
21.093157747,1709142491.776139891,1709142491.775592849,/rigid_bodies.rigidbodies[2].pose.position.y,0.6535138044438547
21.103315385,1709142491.786297529,1709142491.785796870,/rigid_bodies.rigidbodies[2].pose.position.y,0.6535080268075248
21.112774344,1709142491.795756488,1709142491.795468460,/rigid_bodies.rigidbodies[2].pose.position.y,0.6534403473124444
21.122755929,1709142491.805738073,1709142491.805489591,/rigid_bodies.rigidbodies[2].pose.position.y,0.6534999230037841
21.133453638,1709142491.816435782,1709142491.815858345,/rigid_bodies.rigidbodies[2].pose.position.y,0.6535229654269247
21.142987376,1709142491.825969520,1709142491.825548031,/rigid_bodies.rigidbodies[2].pose.position.y,0.6534494840043973
21.153152694,1709142491.836134838,1709142491.835605984,/rigid_bodies.rigidbodies[2].pose.position.y,0.6534901527369037
21.162853288,1709142491.845835432,1709142491.845383263,/rigid_bodies.rigidbodies[2].pose.position.y,0.6534965468467879
21.173157043,1709142491.856139187,1709142491.855700975,/rigid_bodies.rigidbodies[2].pose.position.y,0.65347229275284
21.183014025,1709142491.865996169,1709142491.865670242,/rigid_bodies.rigidbodies[2].pose.position.y,0.6535572764311464
21.193218935,1709142491.876201079,1709142491.875736400,/rigid_bodies.rigidbodies[2].pose.position.y,0.6535232872733737
21.203072898,1709142491.886055042,1709142491.885591635,/rigid_bodies.rigidbodies[2].pose.position.y,0.653391245848572
21.213500752,1709142491.896482896,1709142491.895783220,/rigid_bodies.rigidbodies[2].pose.position.y,0.6534458058011346
21.223200109,1709142491.906182253,1709142491.905646893,/rigid_bodies.rigidbodies[2].pose.position.y,0.653424384407864
21.233035976,1709142491.916018120,1709142491.915536590,/rigid_bodies.rigidbodies[2].pose.position.y,0.65345356242167
21.243223889,1709142491.926206033,1709142491.925663897,/rigid_bodies.rigidbodies[2].pose.position.y,0.6536036869787113
21.253185072,1709142491.936167216,1709142491.935643045,/rigid_bodies.rigidbodies[2].pose.position.y,0.6535886582641458
21.262972562,1709142491.945954706,1709142491.945529602,/rigid_bodies.rigidbodies[2].pose.position.y,0.6535059291714767
21.273253106,1709142491.956235250,1709142491.955715097,/rigid_bodies.rigidbodies[2].pose.position.y,0.653525410005309
21.283086323,1709142491.966068467,1709142491.965606309,/rigid_bodies.rigidbodies[2].pose.position.y,0.6534565828674422
21.293266621,1709142491.976248765,1709142491.975711838,/rigid_bodies.rigidbodies[2].pose.position.y,0.6534118229496915
21.303240293,1709142491.986222437,1709142491.985699189,/rigid_bodies.rigidbodies[2].pose.position.y,0.653473192874309
21.313196488,1709142491.996178632,1709142491.995636360,/rigid_bodies.rigidbodies[2].pose.position.y,0.6534223001367354
21.322808709,1709142492.005790853,1709142492.005414593,/rigid_bodies.rigidbodies[2].pose.position.y,0.6534665539296792
21.333208058,1709142492.016190202,1709142492.015743909,/rigid_bodies.rigidbodies[2].pose.position.y,0.6535582176131323
21.343249242,1709142492.026231386,1709142492.025669551,/rigid_bodies.rigidbodies[2].pose.position.y,0.6535038236917109
21.352963132,1709142492.035945276,1709142492.035508907,/rigid_bodies.rigidbodies[2].pose.position.y,0.6534660808838768
21.362656443,1709142492.045638587,1709142492.045356927,/rigid_bodies.rigidbodies[2].pose.position.y,0.6534927497960792
21.372667453,1709142492.055649597,1709142492.055397686,/rigid_bodies.rigidbodies[2].pose.position.y,0.6534888988583434
21.382778442,1709142492.065760586,1709142492.065361470,/rigid_bodies.rigidbodies[2].pose.position.y,0.6535248960186923
21.392768846,1709142492.075750990,1709142492.075380610,/rigid_bodies.rigidbodies[2].pose.position.y,0.6535161887049226
21.402630993,1709142492.085613137,1709142492.085323396,/rigid_bodies.rigidbodies[2].pose.position.y,0.6534225861387766
21.41266388,1709142492.095646024,1709142492.095412507,/rigid_bodies.rigidbodies[2].pose.position.y,0.6534749895775638
21.42276529,1709142492.105747434,1709142492.105454904,/rigid_bodies.rigidbodies[2].pose.position.y,0.6534980972869646
21.432951839,1709142492.115933983,1709142492.115531219,/rigid_bodies.rigidbodies[2].pose.position.y,0.6534599351352395
21.443380372,1709142492.126362516,1709142492.125728248,/rigid_bodies.rigidbodies[2].pose.position.y,0.6535556926814778
21.453257258,1709142492.136239402,1709142492.135715716,/rigid_bodies.rigidbodies[2].pose.position.y,0.6535507429581795
21.463264039,1709142492.146246183,1709142492.145710666,/rigid_bodies.rigidbodies[2].pose.position.y,0.6534408325144994
21.473422972,1709142492.156405116,1709142492.155804332,/rigid_bodies.rigidbodies[2].pose.position.y,0.6534328719601985
21.48319673,1709142492.166178874,1709142492.165581442,/rigid_bodies.rigidbodies[2].pose.position.y,0.6534511485669007
21.493621855,1709142492.176603999,1709142492.175671843,/rigid_bodies.rigidbodies[2].pose.position.y,0.6534069187871847
21.503797568,1709142492.186779712,1709142492.185984899,/rigid_bodies.rigidbodies[2].pose.position.y,0.6534758602249642
21.512995015,1709142492.195977159,1709142492.195497512,/rigid_bodies.rigidbodies[2].pose.position.y,0.6535490410136027
21.523042534,1709142492.206024678,1709142492.205556655,/rigid_bodies.rigidbodies[2].pose.position.y,0.653482150853031
21.532911843,1709142492.215893987,1709142492.215448526,/rigid_bodies.rigidbodies[2].pose.position.y,0.6535150333197668
21.542983934,1709142492.225966078,1709142492.225493617,/rigid_bodies.rigidbodies[2].pose.position.y,0.6534773282440872
21.553106458,1709142492.236088602,1709142492.235552998,/rigid_bodies.rigidbodies[2].pose.position.y,0.6533975492314672
21.563390109,1709142492.246372253,1709142492.245791770,/rigid_bodies.rigidbodies[2].pose.position.y,0.6534985353227525
21.573484911,1709142492.256467055,1709142492.255767278,/rigid_bodies.rigidbodies[2].pose.position.y,0.6535436488785784
21.583122937,1709142492.266105081,1709142492.265609857,/rigid_bodies.rigidbodies[2].pose.position.y,0.653552807874203
21.59334402,1709142492.276326164,1709142492.275679409,/rigid_bodies.rigidbodies[2].pose.position.y,0.6535957628006963
21.602879996,1709142492.285862140,1709142492.285496957,/rigid_bodies.rigidbodies[2].pose.position.y,0.6534930122266788
21.613342721,1709142492.296324865,1709142492.295775548,/rigid_bodies.rigidbodies[2].pose.position.y,0.6534182376454626
21.623077497,1709142492.306059641,1709142492.305598961,/rigid_bodies.rigidbodies[2].pose.position.y,0.653460516710527
21.632931533,1709142492.315913677,1709142492.315516215,/rigid_bodies.rigidbodies[2].pose.position.y,0.6534582100893122
21.643266999,1709142492.326249143,1709142492.325663308,/rigid_bodies.rigidbodies[2].pose.position.y,0.6534915125977652
21.652989734,1709142492.335971878,1709142492.335531111,/rigid_bodies.rigidbodies[2].pose.position.y,0.653485242687937
21.663022903,1709142492.346005047,1709142492.345526790,/rigid_bodies.rigidbodies[2].pose.position.y,0.653458354773126
21.673291481,1709142492.356273625,1709142492.355671135,/rigid_bodies.rigidbodies[2].pose.position.y,0.6534584723925256
21.683193458,1709142492.366175602,1709142492.365634501,/rigid_bodies.rigidbodies[2].pose.position.y,0.6535036698585817
21.693191539,1709142492.376173683,1709142492.375572425,/rigid_bodies.rigidbodies[2].pose.position.y,0.653501168373361
21.703729928,1709142492.386712072,1709142492.385953246,/rigid_bodies.rigidbodies[2].pose.position.y,0.6535626744707317
21.713611507,1709142492.396593651,1709142492.395912660,/rigid_bodies.rigidbodies[2].pose.position.y,0.6536104708203065
21.723145896,1709142492.406128040,1709142492.405700404,/rigid_bodies.rigidbodies[2].pose.position.y,0.6534866328255158
21.733605158,1709142492.416587302,1709142492.415906328,/rigid_bodies.rigidbodies[2].pose.position.y,0.6534703553705015
21.743014296,1709142492.425996440,1709142492.425565584,/rigid_bodies.rigidbodies[2].pose.position.y,0.6534884551934715
21.7532141,1709142492.436196244,1709142492.435659326,/rigid_bodies.rigidbodies[2].pose.position.y,0.6533939109319186
21.763294947,1709142492.446277091,1709142492.445716612,/rigid_bodies.rigidbodies[2].pose.position.y,0.6534654682674416
21.773548986,1709142492.456531130,1709142492.455901422,/rigid_bodies.rigidbodies[2].pose.position.y,0.6535423339490953
21.783170636,1709142492.466152780,1709142492.465670979,/rigid_bodies.rigidbodies[2].pose.position.y,0.6535154709610902
21.7933826,1709142492.476364744,1709142492.475726404,/rigid_bodies.rigidbodies[2].pose.position.y,0.6535199510912246
21.80395921,1709142492.486941354,1709142492.486046380,/rigid_bodies.rigidbodies[2].pose.position.y,0.653452416709935
21.813183448,1709142492.496165592,1709142492.495677760,/rigid_bodies.rigidbodies[2].pose.position.y,0.6534102306228649
21.823509386,1709142492.506491530,1709142492.505877937,/rigid_bodies.rigidbodies[2].pose.position.y,0.6535100775976835
21.83369443,1709142492.516676574,1709142492.515982564,/rigid_bodies.rigidbodies[2].pose.position.y,0.6535240601804381
21.843133317,1709142492.526115461,1709142492.525683412,/rigid_bodies.rigidbodies[2].pose.position.y,0.6535053909820042
21.853523201,1709142492.536505345,1709142492.535935241,/rigid_bodies.rigidbodies[2].pose.position.y,0.6535639508642284
21.863092989000002,1709142492.546075133,1709142492.545678928,/rigid_bodies.rigidbodies[2].pose.position.y,0.653532311173795
21.873191068,1709142492.556173212,1709142492.555685099,/rigid_bodies.rigidbodies[2].pose.position.y,0.6534454680028432
21.883271457,1709142492.566253601,1709142492.565828949,/rigid_bodies.rigidbodies[2].pose.position.y,0.6534948938798602
21.893263292,1709142492.576245436,1709142492.575743572,/rigid_bodies.rigidbodies[2].pose.position.y,0.6535057855935039
21.90332199,1709142492.586304134,1709142492.585894406,/rigid_bodies.rigidbodies[2].pose.position.y,0.6534571915976012
21.913021253,1709142492.596003397,1709142492.595658446,/rigid_bodies.rigidbodies[2].pose.position.y,0.6534253150178188
21.923821057,1709142492.606803201,1709142492.606041547,/rigid_bodies.rigidbodies[2].pose.position.y,0.6534334443916089
21.93342853,1709142492.616410674,1709142492.615841782,/rigid_bodies.rigidbodies[2].pose.position.y,0.6534704598451937
21.943357537,1709142492.626339681,1709142492.625789828,/rigid_bodies.rigidbodies[2].pose.position.y,0.6535189325338462
21.953290428,1709142492.636272572,1709142492.635806025,/rigid_bodies.rigidbodies[2].pose.position.y,0.6535024787635135
21.963062443,1709142492.646044587,1709142492.645661998,/rigid_bodies.rigidbodies[2].pose.position.y,0.6534574979951627
21.973104534,1709142492.656086678,1709142492.655650885,/rigid_bodies.rigidbodies[2].pose.position.y,0.6535075359883149
21.983549542,1709142492.666531686,1709142492.665967025,/rigid_bodies.rigidbodies[2].pose.position.y,0.6535018463262753
21.993182773,1709142492.676164917,1709142492.675663563,/rigid_bodies.rigidbodies[2].pose.position.y,0.6534702335912032
22.003188005,1709142492.686170149,1709142492.685816748,/rigid_bodies.rigidbodies[2].pose.position.y,0.6535090631989214
22.013459242,1709142492.696441386,1709142492.695873985,/rigid_bodies.rigidbodies[2].pose.position.y,0.6535037444196086
22.023504616,1709142492.706486760,1709142492.705888109,/rigid_bodies.rigidbodies[2].pose.position.y,0.6535104334015607
22.033212882,1709142492.716195026,1709142492.715798074,/rigid_bodies.rigidbodies[2].pose.position.y,0.6535170668798329
22.04337033,1709142492.726352474,1709142492.725888206,/rigid_bodies.rigidbodies[2].pose.position.y,0.6534524503957746
22.053592569,1709142492.736574713,1709142492.735977741,/rigid_bodies.rigidbodies[2].pose.position.y,0.6535079001561797
22.063190173,1709142492.746172317,1709142492.745708091,/rigid_bodies.rigidbodies[2].pose.position.y,0.6534692183536683
22.07368797,1709142492.756670114,1709142492.755972562,/rigid_bodies.rigidbodies[2].pose.position.y,0.6534107362694637
22.083398841,1709142492.766380985,1709142492.765835412,/rigid_bodies.rigidbodies[2].pose.position.y,0.6534614271642374
22.093089144,1709142492.776071288,1709142492.775647572,/rigid_bodies.rigidbodies[2].pose.position.y,0.6535000456859122
22.10321217,1709142492.786194314,1709142492.785694219,/rigid_bodies.rigidbodies[2].pose.position.y,0.6535306241712731
22.113655861,1709142492.796638005,1709142492.795964194,/rigid_bodies.rigidbodies[2].pose.position.y,0.6534967143316767
22.123175384,1709142492.806157528,1709142492.805726093,/rigid_bodies.rigidbodies[2].pose.position.y,0.6534966488571217
22.133452378,1709142492.816434522,1709142492.815880336,/rigid_bodies.rigidbodies[2].pose.position.y,0.6535069631151509
22.143414772,1709142492.826396916,1709142492.825878662,/rigid_bodies.rigidbodies[2].pose.position.y,0.6534529369408584
22.153175998,1709142492.836158142,1709142492.835690828,/rigid_bodies.rigidbodies[2].pose.position.y,0.6534864309096345
22.163061395,1709142492.846043539,1709142492.845677202,/rigid_bodies.rigidbodies[2].pose.position.y,0.6534938292864597
22.173187259,1709142492.856169403,1709142492.855752251,/rigid_bodies.rigidbodies[2].pose.position.y,0.6535093943430063
22.18320083,1709142492.866182974,1709142492.865690294,/rigid_bodies.rigidbodies[2].pose.position.y,0.6535403292184176
22.193541627,1709142492.876523771,1709142492.875798150,/rigid_bodies.rigidbodies[2].pose.position.y,0.6535020422604307
22.20372337,1709142492.886705514,1709142492.885916054,/rigid_bodies.rigidbodies[2].pose.position.y,0.6535093201375224
22.213287196,1709142492.896269340,1709142492.895674511,/rigid_bodies.rigidbodies[2].pose.position.y,0.653472485593347
22.223388636,1709142492.906370780,1709142492.905750950,/rigid_bodies.rigidbodies[2].pose.position.y,0.6534253197082569
22.233524874,1709142492.916507018,1709142492.915803128,/rigid_bodies.rigidbodies[2].pose.position.y,0.6534582249682078
22.243178793,1709142492.926160937,1709142492.925704428,/rigid_bodies.rigidbodies[2].pose.position.y,0.6535012479791426
22.253530863,1709142492.936513007,1709142492.935898219,/rigid_bodies.rigidbodies[2].pose.position.y,0.6534857485109731
22.263144379,1709142492.946126523,1709142492.945636606,/rigid_bodies.rigidbodies[2].pose.position.y,0.653508438579148
22.273013489,1709142492.955995633,1709142492.955690734,/rigid_bodies.rigidbodies[2].pose.position.y,0.6534957213393872
22.283142676,1709142492.966124820,1709142492.965732577,/rigid_bodies.rigidbodies[2].pose.position.y,0.6534960323417963
22.293092593,1709142492.976074737,1709142492.975682583,/rigid_bodies.rigidbodies[2].pose.position.y,0.6535531921607898
22.303007171,1709142492.985989315,1709142492.985643068,/rigid_bodies.rigidbodies[2].pose.position.y,0.6535644310675972
22.313358611,1709142492.996340755,1709142492.995741620,/rigid_bodies.rigidbodies[2].pose.position.y,0.6535109168755219
22.323225904,1709142493.006208048,1709142493.005719072,/rigid_bodies.rigidbodies[2].pose.position.y,0.6534667588260177
22.333312703,1709142493.016294847,1709142493.015765916,/rigid_bodies.rigidbodies[2].pose.position.y,0.6534195072006351
22.343150768,1709142493.026132912,1709142493.025645698,/rigid_bodies.rigidbodies[2].pose.position.y,0.6534167883274328
22.3533433,1709142493.036325444,1709142493.035762548,/rigid_bodies.rigidbodies[2].pose.position.y,0.6534526060845306
22.363124629,1709142493.046106773,1709142493.045629181,/rigid_bodies.rigidbodies[2].pose.position.y,0.653518647448967
22.373025893,1709142493.056008037,1709142493.055735084,/rigid_bodies.rigidbodies[2].pose.position.y,0.6535394014276477
22.383031422,1709142493.066013566,1709142493.065725328,/rigid_bodies.rigidbodies[2].pose.position.y,0.6535011966346386
22.393435908,1709142493.076418052,1709142493.075790083,/rigid_bodies.rigidbodies[2].pose.position.y,0.6535094908712347
22.403130593,1709142493.086112737,1709142493.085707306,/rigid_bodies.rigidbodies[2].pose.position.y,0.6534514322154694
22.413119289,1709142493.096101433,1709142493.095748197,/rigid_bodies.rigidbodies[2].pose.position.y,0.653461533972189
22.423060175,1709142493.106042319,1709142493.105685167,/rigid_bodies.rigidbodies[2].pose.position.y,0.6535087178939677
22.433453787,1709142493.116435931,1709142493.115872065,/rigid_bodies.rigidbodies[2].pose.position.y,0.6534903045985354
22.443200976,1709142493.126183120,1709142493.125784717,/rigid_bodies.rigidbodies[2].pose.position.y,0.6535057636599085
22.452934033,1709142493.135916177,1709142493.135633324,/rigid_bodies.rigidbodies[2].pose.position.y,0.6535197497339835
22.463253335,1709142493.146235479,1709142493.145715951,/rigid_bodies.rigidbodies[2].pose.position.y,0.6535037563943785
22.473334325,1709142493.156316469,1709142493.155827675,/rigid_bodies.rigidbodies[2].pose.position.y,0.6535428232519955
22.483063718,1709142493.166045862,1709142493.165715105,/rigid_bodies.rigidbodies[2].pose.position.y,0.653499888851642
22.493010046,1709142493.175992190,1709142493.175620243,/rigid_bodies.rigidbodies[2].pose.position.y,0.6534866070580899
22.503050199,1709142493.186032343,1709142493.185649547,/rigid_bodies.rigidbodies[2].pose.position.y,0.6535547296569654
22.513161521,1709142493.196143665,1709142493.195692066,/rigid_bodies.rigidbodies[2].pose.position.y,0.6534637818549959
22.522964576,1709142493.205946720,1709142493.205605807,/rigid_bodies.rigidbodies[2].pose.position.y,0.6534285253234886
22.533190928,1709142493.216173072,1709142493.215719877,/rigid_bodies.rigidbodies[2].pose.position.y,0.6535183077722819
22.543023068,1709142493.226005212,1709142493.225625827,/rigid_bodies.rigidbodies[2].pose.position.y,0.6535068023522193
22.552987159,1709142493.235969303,1709142493.235611561,/rigid_bodies.rigidbodies[2].pose.position.y,0.653506082354266
22.563044125,1709142493.246026269,1709142493.245658337,/rigid_bodies.rigidbodies[2].pose.position.y,0.6535812126392863
22.573109514,1709142493.256091658,1709142493.255624239,/rigid_bodies.rigidbodies[2].pose.position.y,0.6535155266378202
22.582935914,1709142493.265918058,1709142493.265626953,/rigid_bodies.rigidbodies[2].pose.position.y,0.6534495471448543
22.592956011,1709142493.275938155,1709142493.275646177,/rigid_bodies.rigidbodies[2].pose.position.y,0.6534359822900292
22.60326885,1709142493.286250994,1709142493.285817074,/rigid_bodies.rigidbodies[2].pose.position.y,0.6534073615501863
22.61302571,1709142493.296007854,1709142493.295670783,/rigid_bodies.rigidbodies[2].pose.position.y,0.6534872999317595
22.623515118,1709142493.306497262,1709142493.305922425,/rigid_bodies.rigidbodies[2].pose.position.y,0.6535766011001628
22.633747893,1709142493.316730037,1709142493.316116329,/rigid_bodies.rigidbodies[2].pose.position.y,0.6535510040651443
22.643066958,1709142493.326049102,1709142493.325686808,/rigid_bodies.rigidbodies[2].pose.position.y,0.6534996958379328
22.653423764,1709142493.336405908,1709142493.335908654,/rigid_bodies.rigidbodies[2].pose.position.y,0.653471287255396
22.663083542,1709142493.346065686,1709142493.345687700,/rigid_bodies.rigidbodies[2].pose.position.y,0.6534123006379768
22.672919399,1709142493.355901543,1709142493.355578472,/rigid_bodies.rigidbodies[2].pose.position.y,0.6534263404795052
22.683598816,1709142493.366580960,1709142493.365901336,/rigid_bodies.rigidbodies[2].pose.position.y,0.6534983463816008
22.693476864,1709142493.376459008,1709142493.375854878,/rigid_bodies.rigidbodies[2].pose.position.y,0.6535157385297782
22.703078444,1709142493.386060588,1709142493.385584306,/rigid_bodies.rigidbodies[2].pose.position.y,0.6535089129451198
22.712930854,1709142493.395912998,1709142493.395564021,/rigid_bodies.rigidbodies[2].pose.position.y,0.6535620286261575
22.723694025,1709142493.406676169,1709142493.405940976,/rigid_bodies.rigidbodies[2].pose.position.y,0.6535035293722854
22.733144244000002,1709142493.416126388,1709142493.415635707,/rigid_bodies.rigidbodies[2].pose.position.y,0.6534635548120357
22.742933257,1709142493.425915401,1709142493.425595768,/rigid_bodies.rigidbodies[2].pose.position.y,0.653504774483479
22.753436041,1709142493.436418185,1709142493.435964416,/rigid_bodies.rigidbodies[2].pose.position.y,0.6534508736433547
22.763026754,1709142493.446008898,1709142493.445638600,/rigid_bodies.rigidbodies[2].pose.position.y,0.653510516356266
22.772809356,1709142493.455791500,1709142493.455637801,/rigid_bodies.rigidbodies[2].pose.position.y,0.6535287206519292
22.782653145,1709142493.465635289,1709142493.465376165,/rigid_bodies.rigidbodies[2].pose.position.y,0.6534310738665765
22.792621652,1709142493.475603796,1709142493.475391950,/rigid_bodies.rigidbodies[2].pose.position.y,0.6535156538875092
22.802722881,1709142493.485705025,1709142493.485540897,/rigid_bodies.rigidbodies[2].pose.position.y,0.6535478730403157
22.812863328,1709142493.495845472,1709142493.495577556,/rigid_bodies.rigidbodies[2].pose.position.y,0.6534465492970616
22.823093258,1709142493.506075402,1709142493.505661094,/rigid_bodies.rigidbodies[2].pose.position.y,0.6535079917599877
22.833519515,1709142493.516501659,1709142493.515881649,/rigid_bodies.rigidbodies[2].pose.position.y,0.6534890702624304
22.84330626,1709142493.526288404,1709142493.525816008,/rigid_bodies.rigidbodies[2].pose.position.y,0.6534636794969966
22.853321637,1709142493.536303781,1709142493.535846263,/rigid_bodies.rigidbodies[2].pose.position.y,0.6534759709012399
22.863173055,1709142493.546155199,1709142493.545712923,/rigid_bodies.rigidbodies[2].pose.position.y,0.6534739229571419
22.873528723,1709142493.556510867,1709142493.555962050,/rigid_bodies.rigidbodies[2].pose.position.y,0.6534962550890289
22.88297669,1709142493.565958834,1709142493.565673056,/rigid_bodies.rigidbodies[2].pose.position.y,0.6535005206808278
22.893351094,1709142493.576333238,1709142493.575834060,/rigid_bodies.rigidbodies[2].pose.position.y,0.6535173004877015
22.903212129,1709142493.586194273,1709142493.585763677,/rigid_bodies.rigidbodies[2].pose.position.y,0.6535213938681932
22.913212235,1709142493.596194379,1709142493.595726797,/rigid_bodies.rigidbodies[2].pose.position.y,0.6535686237085817
22.923337342,1709142493.606319486,1709142493.605796083,/rigid_bodies.rigidbodies[2].pose.position.y,0.6535091091694786
22.93322442,1709142493.616206564,1709142493.615764645,/rigid_bodies.rigidbodies[2].pose.position.y,0.6533869644636441
22.943401983,1709142493.626384127,1709142493.625837734,/rigid_bodies.rigidbodies[2].pose.position.y,0.6533790995531161
22.953384063,1709142493.636366207,1709142493.635810960,/rigid_bodies.rigidbodies[2].pose.position.y,0.6534174711853855
22.963034753,1709142493.646016897,1709142493.645582644,/rigid_bodies.rigidbodies[2].pose.position.y,0.6534624464230211
22.973670958,1709142493.656653102,1709142493.656001779,/rigid_bodies.rigidbodies[2].pose.position.y,0.6535130255286284
22.983154279,1709142493.666136423,1709142493.665728100,/rigid_bodies.rigidbodies[2].pose.position.y,0.6534759112587933
22.993041631,1709142493.676023775,1709142493.675593095,/rigid_bodies.rigidbodies[2].pose.position.y,0.6534813572501598
23.002918399,1709142493.685900543,1709142493.685623872,/rigid_bodies.rigidbodies[2].pose.position.y,0.653499127745299
23.013200306,1709142493.696182450,1709142493.695755475,/rigid_bodies.rigidbodies[2].pose.position.y,0.6534741899554951
23.023612254,1709142493.706594398,1709142493.705953333,/rigid_bodies.rigidbodies[2].pose.position.y,0.6534515957065998
23.033322011,1709142493.716304155,1709142493.715854681,/rigid_bodies.rigidbodies[2].pose.position.y,0.6534754361819083
23.043146538,1709142493.726128682,1709142493.725685450,/rigid_bodies.rigidbodies[2].pose.position.y,0.6534308199615276
23.053658708,1709142493.736640852,1709142493.736099924,/rigid_bodies.rigidbodies[2].pose.position.y,0.6534300051134021
23.06300433,1709142493.745986474,1709142493.745636632,/rigid_bodies.rigidbodies[2].pose.position.y,0.653517756605005
23.073507098,1709142493.756489242,1709142493.755924389,/rigid_bodies.rigidbodies[2].pose.position.y,0.6534992430785592
23.08329269,1709142493.766274834,1709142493.765735308,/rigid_bodies.rigidbodies[2].pose.position.y,0.6534803673982253
23.0933211,1709142493.776303244,1709142493.775777406,/rigid_bodies.rigidbodies[2].pose.position.y,0.6534977416808148
23.103468719,1709142493.786450863,1709142493.785899827,/rigid_bodies.rigidbodies[2].pose.position.y,0.6535020211028749
23.113581291,1709142493.796563435,1709142493.795899375,/rigid_bodies.rigidbodies[2].pose.position.y,0.6535245768889928
23.123209043,1709142493.806191187,1709142493.805742664,/rigid_bodies.rigidbodies[2].pose.position.y,0.6534623504306785
23.133489069,1709142493.816471213,1709142493.815883629,/rigid_bodies.rigidbodies[2].pose.position.y,0.6534009824593077
23.143216064,1709142493.826198208,1709142493.825756379,/rigid_bodies.rigidbodies[2].pose.position.y,0.6534516557610052
23.153567092,1709142493.836549236,1709142493.835956937,/rigid_bodies.rigidbodies[2].pose.position.y,0.653554649761716
23.163256288,1709142493.846238432,1709142493.845781180,/rigid_bodies.rigidbodies[2].pose.position.y,0.6536001288567346
23.17306668,1709142493.856048824,1709142493.855749771,/rigid_bodies.rigidbodies[2].pose.position.y,0.6535510089487989
23.183249769,1709142493.866231913,1709142493.865817657,/rigid_bodies.rigidbodies[2].pose.position.y,0.6534623222567744
23.193033565,1709142493.876015709,1709142493.875670046,/rigid_bodies.rigidbodies[2].pose.position.y,0.6533939508988177
23.203144511,1709142493.886126655,1709142493.885772233,/rigid_bodies.rigidbodies[2].pose.position.y,0.6533920547386005
23.213045862,1709142493.896028006,1709142493.895572223,/rigid_bodies.rigidbodies[2].pose.position.y,0.6534904380060729
23.223104565,1709142493.906086709,1709142493.905707526,/rigid_bodies.rigidbodies[2].pose.position.y,0.6535532521166196
23.23343641,1709142493.916418554,1709142493.915858317,/rigid_bodies.rigidbodies[2].pose.position.y,0.653593600643102
23.243080427,1709142493.926062571,1709142493.925667799,/rigid_bodies.rigidbodies[2].pose.position.y,0.6535380924756137
23.253019868,1709142493.936002012,1709142493.935618136,/rigid_bodies.rigidbodies[2].pose.position.y,0.6534052469472417
23.262897896,1709142493.945880040,1709142493.945583431,/rigid_bodies.rigidbodies[2].pose.position.y,0.6534436605195282
23.273102554,1709142493.956084698,1709142493.955689687,/rigid_bodies.rigidbodies[2].pose.position.y,0.6534921812436347
23.28312611,1709142493.966108254,1709142493.965708168,/rigid_bodies.rigidbodies[2].pose.position.y,0.6534592691656668
23.293242114,1709142493.976224258,1709142493.975732470,/rigid_bodies.rigidbodies[2].pose.position.y,0.6534786378399613
23.303449267,1709142493.986431411,1709142493.985887641,/rigid_bodies.rigidbodies[2].pose.position.y,0.6534601173782343
23.312950772,1709142493.995932916,1709142493.995628021,/rigid_bodies.rigidbodies[2].pose.position.y,0.6534812143508347
23.323711705,1709142494.006693849,1709142494.005989491,/rigid_bodies.rigidbodies[2].pose.position.y,0.6535302584511894
23.333332154,1709142494.016314298,1709142494.015734580,/rigid_bodies.rigidbodies[2].pose.position.y,0.6535034461935829
23.343084167,1709142494.026066311,1709142494.025658565,/rigid_bodies.rigidbodies[2].pose.position.y,0.6534894911390576
23.352824476,1709142494.035806620,1709142494.035486617,/rigid_bodies.rigidbodies[2].pose.position.y,0.653542944591809
23.362769012,1709142494.045751156,1709142494.045511265,/rigid_bodies.rigidbodies[2].pose.position.y,0.6535249523188204
23.372676193,1709142494.055658337,1709142494.055452276,/rigid_bodies.rigidbodies[2].pose.position.y,0.6534519223229394
23.382806419,1709142494.065788563,1709142494.065460248,/rigid_bodies.rigidbodies[2].pose.position.y,0.653500955610524
23.392876179,1709142494.075858323,1709142494.075557969,/rigid_bodies.rigidbodies[2].pose.position.y,0.6534729152253304
23.402745847,1709142494.085727991,1709142494.085390601,/rigid_bodies.rigidbodies[2].pose.position.y,0.6534594592186928
23.412718555,1709142494.095700699,1709142494.095486961,/rigid_bodies.rigidbodies[2].pose.position.y,0.6535130255206666
23.422736358,1709142494.105718502,1709142494.105402413,/rigid_bodies.rigidbodies[2].pose.position.y,0.653507120157331
23.432932441,1709142494.115914585,1709142494.115505987,/rigid_bodies.rigidbodies[2].pose.position.y,0.6534998713984954
23.44322945,1709142494.126211594,1709142494.125740200,/rigid_bodies.rigidbodies[2].pose.position.y,0.6534831327944068
23.453496816,1709142494.136478960,1709142494.135890321,/rigid_bodies.rigidbodies[2].pose.position.y,0.6534174164588974
23.463288424,1709142494.146270568,1709142494.145701003,/rigid_bodies.rigidbodies[2].pose.position.y,0.6534078239129419
23.47320447,1709142494.156186614,1709142494.155761004,/rigid_bodies.rigidbodies[2].pose.position.y,0.6535450133226374
23.483593995,1709142494.166576139,1709142494.165989846,/rigid_bodies.rigidbodies[2].pose.position.y,0.6535464713209073
23.493320051,1709142494.176302195,1709142494.175731643,/rigid_bodies.rigidbodies[2].pose.position.y,0.6534975771039995
23.503339779,1709142494.186321923,1709142494.185762682,/rigid_bodies.rigidbodies[2].pose.position.y,0.6535366447417622
23.512959918,1709142494.195942062,1709142494.195479654,/rigid_bodies.rigidbodies[2].pose.position.y,0.6535056569932032
23.523558045,1709142494.206540189,1709142494.205990844,/rigid_bodies.rigidbodies[2].pose.position.y,0.6534593104925849
23.533379769,1709142494.216361913,1709142494.215782436,/rigid_bodies.rigidbodies[2].pose.position.y,0.6534876916970035
23.54320773,1709142494.226189874,1709142494.225739905,/rigid_bodies.rigidbodies[2].pose.position.y,0.6534662346144623
23.553568854,1709142494.236550998,1709142494.235936750,/rigid_bodies.rigidbodies[2].pose.position.y,0.6534744084074011
23.563239917,1709142494.246222061,1709142494.245747005,/rigid_bodies.rigidbodies[2].pose.position.y,0.6534657964851925
23.573045513,1709142494.256027657,1709142494.255576968,/rigid_bodies.rigidbodies[2].pose.position.y,0.653408387473802
23.583741840000002,1709142494.266723984,1709142494.266111357,/rigid_bodies.rigidbodies[2].pose.position.y,0.6534683283591506
23.593146563,1709142494.276128707,1709142494.275691512,/rigid_bodies.rigidbodies[2].pose.position.y,0.6535457861094315
23.602965539,1709142494.285947683,1709142494.285587397,/rigid_bodies.rigidbodies[2].pose.position.y,0.6535020853322298
23.613049951,1709142494.296032095,1709142494.295586719,/rigid_bodies.rigidbodies[2].pose.position.y,0.6534924928728437
23.622954156,1709142494.305936300,1709142494.305558942,/rigid_bodies.rigidbodies[2].pose.position.y,0.6535150728536262
23.633295649,1709142494.316277793,1709142494.315805272,/rigid_bodies.rigidbodies[2].pose.position.y,0.6534684249862076
23.643759603,1709142494.326741747,1709142494.325986056,/rigid_bodies.rigidbodies[2].pose.position.y,0.653526242049339
23.65308161,1709142494.336063754,1709142494.335667368,/rigid_bodies.rigidbodies[2].pose.position.y,0.6535264527919914
23.663174416,1709142494.346156560,1709142494.345665459,/rigid_bodies.rigidbodies[2].pose.position.y,0.6534425353964619
23.673621381,1709142494.356603525,1709142494.355899608,/rigid_bodies.rigidbodies[2].pose.position.y,0.6534861259079093
23.68316984,1709142494.366151984,1709142494.365651936,/rigid_bodies.rigidbodies[2].pose.position.y,0.6534751342214824
23.693646125,1709142494.376628269,1709142494.375917677,/rigid_bodies.rigidbodies[2].pose.position.y,0.6534228630455731
23.703542386,1709142494.386524530,1709142494.385875172,/rigid_bodies.rigidbodies[2].pose.position.y,0.6535170866064391
23.713033817,1709142494.396015961,1709142494.395608468,/rigid_bodies.rigidbodies[2].pose.position.y,0.6535147529462598
23.723660584,1709142494.406642728,1709142494.405943875,/rigid_bodies.rigidbodies[2].pose.position.y,0.6534351071132287
23.73312356,1709142494.416105704,1709142494.415708431,/rigid_bodies.rigidbodies[2].pose.position.y,0.6534718642468073
23.743016913,1709142494.425999057,1709142494.425689585,/rigid_bodies.rigidbodies[2].pose.position.y,0.6535122803233723
23.753619324,1709142494.436601468,1709142494.436020964,/rigid_bodies.rigidbodies[2].pose.position.y,0.6535353167217306
23.763021571,1709142494.446003715,1709142494.445648356,/rigid_bodies.rigidbodies[2].pose.position.y,0.6535653090070158
23.773317173,1709142494.456299317,1709142494.455815556,/rigid_bodies.rigidbodies[2].pose.position.y,0.6535275252638685
23.783133955,1709142494.466116099,1709142494.465710976,/rigid_bodies.rigidbodies[2].pose.position.y,0.6534598337522265
23.793335532,1709142494.476317676,1709142494.475878640,/rigid_bodies.rigidbodies[2].pose.position.y,0.6534906070487553
23.803284419,1709142494.486266563,1709142494.485813466,/rigid_bodies.rigidbodies[2].pose.position.y,0.6534614782089779
23.813442796,1709142494.496424940,1709142494.495901348,/rigid_bodies.rigidbodies[2].pose.position.y,0.6534484004017163
23.823251554,1709142494.506233698,1709142494.505828870,/rigid_bodies.rigidbodies[2].pose.position.y,0.6535504386343104
23.833042695,1709142494.516024839,1709142494.515730938,/rigid_bodies.rigidbodies[2].pose.position.y,0.6535618463639823
23.843097445,1709142494.526079589,1709142494.525630833,/rigid_bodies.rigidbodies[2].pose.position.y,0.653510305908787
23.853518146,1709142494.536500290,1709142494.535865709,/rigid_bodies.rigidbodies[2].pose.position.y,0.6535390342204531
23.863112453,1709142494.546094597,1709142494.545567148,/rigid_bodies.rigidbodies[2].pose.position.y,0.6534625188218907
23.873352568,1709142494.556334712,1709142494.555833040,/rigid_bodies.rigidbodies[2].pose.position.y,0.6534645069074214
23.883228406,1709142494.566210550,1709142494.565757480,/rigid_bodies.rigidbodies[2].pose.position.y,0.6534690407234147
23.893075349,1709142494.576057493,1709142494.575656280,/rigid_bodies.rigidbodies[2].pose.position.y,0.653404282464045
23.903575641,1709142494.586557785,1709142494.586056147,/rigid_bodies.rigidbodies[2].pose.position.y,0.6534805825874829
23.913421619,1709142494.596403763,1709142494.595875764,/rigid_bodies.rigidbodies[2].pose.position.y,0.6535212873885147
23.92323492,1709142494.606217064,1709142494.605730921,/rigid_bodies.rigidbodies[2].pose.position.y,0.6534306184634745
23.933166742,1709142494.616148886,1709142494.615651436,/rigid_bodies.rigidbodies[2].pose.position.y,0.6534627998595397
23.943348334,1709142494.626330478,1709142494.625762416,/rigid_bodies.rigidbodies[2].pose.position.y,0.6534984178009454
23.953147276,1709142494.636129420,1709142494.635731907,/rigid_bodies.rigidbodies[2].pose.position.y,0.6534983264863351
23.96312791,1709142494.646110054,1709142494.645722797,/rigid_bodies.rigidbodies[2].pose.position.y,0.6535542759380835
23.97311235,1709142494.656094494,1709142494.655788776,/rigid_bodies.rigidbodies[2].pose.position.y,0.6535100828320383
23.982852811,1709142494.665834955,1709142494.665584969,/rigid_bodies.rigidbodies[2].pose.position.y,0.6534481973892869
23.993102564,1709142494.676084708,1709142494.675694224,/rigid_bodies.rigidbodies[2].pose.position.y,0.6534529800254781
24.003534092,1709142494.686516236,1709142494.686027377,/rigid_bodies.rigidbodies[2].pose.position.y,0.6534413513379898
24.013271628,1709142494.696253772,1709142494.695855176,/rigid_bodies.rigidbodies[2].pose.position.y,0.6533989380346528
24.023037738,1709142494.706019882,1709142494.705654780,/rigid_bodies.rigidbodies[2].pose.position.y,0.6534887200300953
24.033584567,1709142494.716566711,1709142494.715943338,/rigid_bodies.rigidbodies[2].pose.position.y,0.6535055324676023
24.042780967,1709142494.725763111,1709142494.725490306,/rigid_bodies.rigidbodies[2].pose.position.y,0.6534681722900731
24.053024291,1709142494.736006435,1709142494.735647527,/rigid_bodies.rigidbodies[2].pose.position.y,0.6534935833120175
24.063042088,1709142494.746024232,1709142494.745684320,/rigid_bodies.rigidbodies[2].pose.position.y,0.6534657765189502
24.073382477,1709142494.756364621,1709142494.756039160,/rigid_bodies.rigidbodies[2].pose.position.y,0.6534574917147388
24.083018066,1709142494.766000210,1709142494.765709166,/rigid_bodies.rigidbodies[2].pose.position.y,0.6535669209194882
24.093360202,1709142494.776342346,1709142494.775900091,/rigid_bodies.rigidbodies[2].pose.position.y,0.6535337818077805
24.103228959,1709142494.786211103,1709142494.785889932,/rigid_bodies.rigidbodies[2].pose.position.y,0.6534633556442314
24.113060662,1709142494.796042806,1709142494.795772008,/rigid_bodies.rigidbodies[2].pose.position.y,0.653450421661395
24.123312649,1709142494.806294793,1709142494.805871073,/rigid_bodies.rigidbodies[2].pose.position.y,0.6533946416152923
24.133509045,1709142494.816491189,1709142494.816063812,/rigid_bodies.rigidbodies[2].pose.position.y,0.6533939594058982
24.143112281,1709142494.826094425,1709142494.825810247,/rigid_bodies.rigidbodies[2].pose.position.y,0.6535257214082595
24.153388784,1709142494.836370928,1709142494.835874493,/rigid_bodies.rigidbodies[2].pose.position.y,0.6535145025477412
24.162981094,1709142494.845963238,1709142494.845661100,/rigid_bodies.rigidbodies[2].pose.position.y,0.6534356367565878
24.173009795,1709142494.855991939,1709142494.855721557,/rigid_bodies.rigidbodies[2].pose.position.y,0.653504179714727
24.183158696,1709142494.866140840,1709142494.865863303,/rigid_bodies.rigidbodies[2].pose.position.y,0.6534826304921995
24.193368893,1709142494.876351037,1709142494.875947982,/rigid_bodies.rigidbodies[2].pose.position.y,0.6535338180062484
24.203152953,1709142494.886135097,1709142494.885724844,/rigid_bodies.rigidbodies[2].pose.position.y,0.6536076955660108
24.213280186,1709142494.896262330,1709142494.895850855,/rigid_bodies.rigidbodies[2].pose.position.y,0.6535421989859485
24.22350333,1709142494.906485474,1709142494.905995727,/rigid_bodies.rigidbodies[2].pose.position.y,0.6534985458133555
24.233044649,1709142494.916026793,1709142494.915716555,/rigid_bodies.rigidbodies[2].pose.position.y,0.6534700185998301
24.243014352,1709142494.925996496,1709142494.925702526,/rigid_bodies.rigidbodies[2].pose.position.y,0.6534003594809326
24.252856422,1709142494.935838566,1709142494.935485257,/rigid_bodies.rigidbodies[2].pose.position.y,0.6534572610633533
24.262926162,1709142494.945908306,1709142494.945533297,/rigid_bodies.rigidbodies[2].pose.position.y,0.6534843594996324
24.27307329,1709142494.956055434,1709142494.955623962,/rigid_bodies.rigidbodies[2].pose.position.y,0.6534484980995525
24.282975565,1709142494.965957709,1709142494.965545491,/rigid_bodies.rigidbodies[2].pose.position.y,0.6535138651356016
24.292828685,1709142494.975810829,1709142494.975425195,/rigid_bodies.rigidbodies[2].pose.position.y,0.6535598536452917
24.303235962,1709142494.986218106,1709142494.985850520,/rigid_bodies.rigidbodies[2].pose.position.y,0.6534780385147781
24.312830377,1709142494.995812521,1709142494.995523946,/rigid_bodies.rigidbodies[2].pose.position.y,0.653487893980486
24.322929035,1709142495.005911179,1709142495.005602651,/rigid_bodies.rigidbodies[2].pose.position.y,0.653503983644504
24.333537855,1709142495.016519999,1709142495.016020327,/rigid_bodies.rigidbodies[2].pose.position.y,0.6534949355624567
24.343130302,1709142495.026112446,1709142495.025731831,/rigid_bodies.rigidbodies[2].pose.position.y,0.6535475993910693
24.353055348,1709142495.036037492,1709142495.035681164,/rigid_bodies.rigidbodies[2].pose.position.y,0.653537197710929
24.363082601,1709142495.046064745,1709142495.045712448,/rigid_bodies.rigidbodies[2].pose.position.y,0.653428484323847
24.373095148,1709142495.056077292,1709142495.055775086,/rigid_bodies.rigidbodies[2].pose.position.y,0.6534165955881153
24.383119206,1709142495.066101350,1709142495.065681062,/rigid_bodies.rigidbodies[2].pose.position.y,0.6534398056795251
24.393576613,1709142495.076558757,1709142495.076016606,/rigid_bodies.rigidbodies[2].pose.position.y,0.6534478383977939
24.40311342,1709142495.086095564,1709142495.085828942,/rigid_bodies.rigidbodies[2].pose.position.y,0.6535645092702258
24.413173183,1709142495.096155327,1709142495.095733861,/rigid_bodies.rigidbodies[2].pose.position.y,0.6535453788123415
24.423497656,1709142495.106479800,1709142495.105825867,/rigid_bodies.rigidbodies[2].pose.position.y,0.6534696124115917
24.433169064,1709142495.116151208,1709142495.115678612,/rigid_bodies.rigidbodies[2].pose.position.y,0.6535048815570135
24.443462332,1709142495.126444476,1709142495.125840125,/rigid_bodies.rigidbodies[2].pose.position.y,0.6535269573911492
24.45347261,1709142495.136454754,1709142495.135911825,/rigid_bodies.rigidbodies[2].pose.position.y,0.6535525516380875
24.462905494,1709142495.145887638,1709142495.145560110,/rigid_bodies.rigidbodies[2].pose.position.y,0.6535347715784081
24.473490467,1709142495.156472611,1709142495.155883250,/rigid_bodies.rigidbodies[2].pose.position.y,0.6534394562698913
24.48345892,1709142495.166441064,1709142495.165861152,/rigid_bodies.rigidbodies[2].pose.position.y,0.6534553690462017
24.493658902,1709142495.176641046,1709142495.175982611,/rigid_bodies.rigidbodies[2].pose.position.y,0.6535187443902926
24.503432291,1709142495.186414435,1709142495.185938791,/rigid_bodies.rigidbodies[2].pose.position.y,0.6534552017343974
24.513540495,1709142495.196522639,1709142495.196033949,/rigid_bodies.rigidbodies[2].pose.position.y,0.6534641149130122
24.523384333,1709142495.206366477,1709142495.205805335,/rigid_bodies.rigidbodies[2].pose.position.y,0.6535260227639533
24.533521599,1709142495.216503743,1709142495.215897980,/rigid_bodies.rigidbodies[2].pose.position.y,0.653490417563763
24.543422785,1709142495.226404929,1709142495.225816490,/rigid_bodies.rigidbodies[2].pose.position.y,0.6534893720302954
24.553147766,1709142495.236129910,1709142495.235703034,/rigid_bodies.rigidbodies[2].pose.position.y,0.6535488178649694
24.563227502,1709142495.246209646,1709142495.245771434,/rigid_bodies.rigidbodies[2].pose.position.y,0.6535004003930696
24.573017258,1709142495.255999402,1709142495.255572621,/rigid_bodies.rigidbodies[2].pose.position.y,0.6534536411785853
24.58341678,1709142495.266398924,1709142495.265783654,/rigid_bodies.rigidbodies[2].pose.position.y,0.653465567205613
24.593343281,1709142495.276325425,1709142495.275748034,/rigid_bodies.rigidbodies[2].pose.position.y,0.6534207193730901
24.603273657,1709142495.286255801,1709142495.285773083,/rigid_bodies.rigidbodies[2].pose.position.y,0.6534638500917475
24.613316781,1709142495.296298925,1709142495.295769694,/rigid_bodies.rigidbodies[2].pose.position.y,0.6535041462356366
24.623509322,1709142495.306491466,1709142495.305934025,/rigid_bodies.rigidbodies[2].pose.position.y,0.6534545524959687
24.633305702,1709142495.316287846,1709142495.315788628,/rigid_bodies.rigidbodies[2].pose.position.y,0.6535044227058375
24.643085899,1709142495.326068043,1709142495.325645275,/rigid_bodies.rigidbodies[2].pose.position.y,0.6535559913733189
24.653295861,1709142495.336278005,1709142495.335732883,/rigid_bodies.rigidbodies[2].pose.position.y,0.6534977465236623
24.663195183,1709142495.346177327,1709142495.345712708,/rigid_bodies.rigidbodies[2].pose.position.y,0.653526537779603
24.672662407,1709142495.355644551,1709142495.355390096,/rigid_bodies.rigidbodies[2].pose.position.y,0.653520528146229
24.683254241,1709142495.366236385,1709142495.365689988,/rigid_bodies.rigidbodies[2].pose.position.y,0.6535239714216426
24.693246749,1709142495.376228893,1709142495.375719642,/rigid_bodies.rigidbodies[2].pose.position.y,0.6535573702760498
24.703864307,1709142495.386846451,1709142495.386050029,/rigid_bodies.rigidbodies[2].pose.position.y,0.6534644766293591
24.71345943,1709142495.396441574,1709142495.395938489,/rigid_bodies.rigidbodies[2].pose.position.y,0.6534173699429338
24.723170873,1709142495.406153017,1709142495.405740870,/rigid_bodies.rigidbodies[2].pose.position.y,0.6534597290390183
24.7333985,1709142495.416380644,1709142495.415882384,/rigid_bodies.rigidbodies[2].pose.position.y,0.6534737159257206
24.743254435,1709142495.426236579,1709142495.425779032,/rigid_bodies.rigidbodies[2].pose.position.y,0.6534908145978481
24.753147715,1709142495.436129859,1709142495.435750910,/rigid_bodies.rigidbodies[2].pose.position.y,0.6535716285911972
24.763257641,1709142495.446239785,1709142495.445809643,/rigid_bodies.rigidbodies[2].pose.position.y,0.6535257475257975
24.773327962,1709142495.456310106,1709142495.455837670,/rigid_bodies.rigidbodies[2].pose.position.y,0.6534107398001849
24.782946776,1709142495.465928920,1709142495.465590091,/rigid_bodies.rigidbodies[2].pose.position.y,0.6534516122407935
24.793271419,1709142495.476253563,1709142495.475726522,/rigid_bodies.rigidbodies[2].pose.position.y,0.6534536137075371
24.802951046,1709142495.485933190,1709142495.485675007,/rigid_bodies.rigidbodies[2].pose.position.y,0.6535091792919413
24.812639943,1709142495.495622087,1709142495.495396799,/rigid_bodies.rigidbodies[2].pose.position.y,0.6535661284152849
24.822653131,1709142495.505635275,1709142495.505434829,/rigid_bodies.rigidbodies[2].pose.position.y,0.6535026163863649
24.832892752,1709142495.515874896,1709142495.515594975,/rigid_bodies.rigidbodies[2].pose.position.y,0.6534754616637073
24.842834525,1709142495.525816669,1709142495.525583974,/rigid_bodies.rigidbodies[2].pose.position.y,0.653448793672257
24.85301422,1709142495.535996364,1709142495.535647165,/rigid_bodies.rigidbodies[2].pose.position.y,0.6534176457345823
24.86302962,1709142495.546011764,1709142495.545680584,/rigid_bodies.rigidbodies[2].pose.position.y,0.653488318499097
24.873111302,1709142495.556093446,1709142495.555669144,/rigid_bodies.rigidbodies[2].pose.position.y,0.6535793753636735
24.88288328,1709142495.565865424,1709142495.565524672,/rigid_bodies.rigidbodies[2].pose.position.y,0.6535469266821541
24.893303133,1709142495.576285277,1709142495.575790362,/rigid_bodies.rigidbodies[2].pose.position.y,0.6535448788142564
24.902994332,1709142495.585976476,1709142495.585649068,/rigid_bodies.rigidbodies[2].pose.position.y,0.65350592917148
24.913068655,1709142495.596050799,1709142495.595640234,/rigid_bodies.rigidbodies[2].pose.position.y,0.6534144078206506
24.92324867,1709142495.606230814,1709142495.605799220,/rigid_bodies.rigidbodies[2].pose.position.y,0.6534550577645908
24.932953583,1709142495.615935727,1709142495.615657803,/rigid_bodies.rigidbodies[2].pose.position.y,0.6534914809959887
24.943087097,1709142495.626069241,1709142495.625694346,/rigid_bodies.rigidbodies[2].pose.position.y,0.6534606570130864
24.953326701,1709142495.636308845,1709142495.635844735,/rigid_bodies.rigidbodies[2].pose.position.y,0.6535192217761561
24.962822142,1709142495.645804286,1709142495.645504001,/rigid_bodies.rigidbodies[2].pose.position.y,0.6534950285294925
24.972860621,1709142495.655842765,1709142495.655580540,/rigid_bodies.rigidbodies[2].pose.position.y,0.6534097087119592
24.983209797,1709142495.666191941,1709142495.665811434,/rigid_bodies.rigidbodies[2].pose.position.y,0.6534623756515447
24.993137305,1709142495.676119449,1709142495.675771788,/rigid_bodies.rigidbodies[2].pose.position.y,0.6535206990759223
25.003359309,1709142495.686341453,1709142495.685892873,/rigid_bodies.rigidbodies[2].pose.position.y,0.6535444002751725
25.013126999,1709142495.696109143,1709142495.695750250,/rigid_bodies.rigidbodies[2].pose.position.y,0.6535643886839668
25.023133009,1709142495.706115153,1709142495.705717534,/rigid_bodies.rigidbodies[2].pose.position.y,0.6535071603592906
25.033386452,1709142495.716368596,1709142495.715926356,/rigid_bodies.rigidbodies[2].pose.position.y,0.65344357958775
25.04301508,1709142495.725997224,1709142495.725698690,/rigid_bodies.rigidbodies[2].pose.position.y,0.6534659803017022
25.053043332,1709142495.736025476,1709142495.735692642,/rigid_bodies.rigidbodies[2].pose.position.y,0.6534510954070109
25.063055783,1709142495.746037927,1709142495.745700772,/rigid_bodies.rigidbodies[2].pose.position.y,0.653429778744385
25.072888474,1709142495.755870618,1709142495.755561575,/rigid_bodies.rigidbodies[2].pose.position.y,0.6535248366782381
25.083304392,1709142495.766286536,1709142495.765874569,/rigid_bodies.rigidbodies[2].pose.position.y,0.653522864971496
25.092902596,1709142495.775884740,1709142495.775537722,/rigid_bodies.rigidbodies[2].pose.position.y,0.6534619794185451
25.103085003,1709142495.786067147,1709142495.785707643,/rigid_bodies.rigidbodies[2].pose.position.y,0.6535010160025677
25.112936355,1709142495.795918499,1709142495.795633265,/rigid_bodies.rigidbodies[2].pose.position.y,0.6534858556862456
25.123410687,1709142495.806392831,1709142495.805896975,/rigid_bodies.rigidbodies[2].pose.position.y,0.6535020401448397
25.133203839,1709142495.816185983,1709142495.815806398,/rigid_bodies.rigidbodies[2].pose.position.y,0.6535939580534399
25.14307147,1709142495.826053614,1709142495.825747883,/rigid_bodies.rigidbodies[2].pose.position.y,0.6535430819895227
25.153156583,1709142495.836138727,1709142495.835687280,/rigid_bodies.rigidbodies[2].pose.position.y,0.6535222352878396
25.163039764,1709142495.846021908,1709142495.845672661,/rigid_bodies.rigidbodies[2].pose.position.y,0.6535528148050798
25.173064556,1709142495.856046700,1709142495.855726464,/rigid_bodies.rigidbodies[2].pose.position.y,0.6534536597717403
25.183052502,1709142495.866034646,1709142495.865702419,/rigid_bodies.rigidbodies[2].pose.position.y,0.653412874343103
25.19327562,1709142495.876257764,1709142495.875857331,/rigid_bodies.rigidbodies[2].pose.position.y,0.6534472561839658
25.203009978,1709142495.885992122,1709142495.885765329,/rigid_bodies.rigidbodies[2].pose.position.y,0.6534185410396675
25.213179867,1709142495.896162011,1709142495.895796973,/rigid_bodies.rigidbodies[2].pose.position.y,0.6534588598466189
25.223371081,1709142495.906353225,1709142495.905952794,/rigid_bodies.rigidbodies[2].pose.position.y,0.6535123584919306
25.233351457,1709142495.916333601,1709142495.915877169,/rigid_bodies.rigidbodies[2].pose.position.y,0.6534820052864827
25.243038165,1709142495.926020309,1709142495.925665500,/rigid_bodies.rigidbodies[2].pose.position.y,0.6535452977417405
25.253395286,1709142495.936377430,1709142495.935943466,/rigid_bodies.rigidbodies[2].pose.position.y,0.6535482196441091
25.263194405,1709142495.946176549,1709142495.945730167,/rigid_bodies.rigidbodies[2].pose.position.y,0.6534940003537965
25.27315432,1709142495.956136464,1709142495.955732791,/rigid_bodies.rigidbodies[2].pose.position.y,0.6535254787782652
25.283418863,1709142495.966401007,1709142495.965958816,/rigid_bodies.rigidbodies[2].pose.position.y,0.6535254264942445
25.293163983,1709142495.976146127,1709142495.975725817,/rigid_bodies.rigidbodies[2].pose.position.y,0.653457860618633
25.303060665,1709142495.986042809,1709142495.985599418,/rigid_bodies.rigidbodies[2].pose.position.y,0.6534274431961954
25.313156984,1709142495.996139128,1709142495.995693948,/rigid_bodies.rigidbodies[2].pose.position.y,0.6534060377839163
25.323467824,1709142496.006449968,1709142496.005886732,/rigid_bodies.rigidbodies[2].pose.position.y,0.6534494338699434
25.333050894,1709142496.016033038,1709142496.015587963,/rigid_bodies.rigidbodies[2].pose.position.y,0.6535665024011793
25.343121269,1709142496.026103413,1709142496.025666380,/rigid_bodies.rigidbodies[2].pose.position.y,0.6535980350605982
25.352864559,1709142496.035846703,1709142496.035432845,/rigid_bodies.rigidbodies[2].pose.position.y,0.6535117201633983
25.362862193,1709142496.045844337,1709142496.045422515,/rigid_bodies.rigidbodies[2].pose.position.y,0.6535400663587764
25.372612135,1709142496.055594279,1709142496.055432531,/rigid_bodies.rigidbodies[2].pose.position.y,0.6534970442445011
25.382739886,1709142496.065722030,1709142496.065472911,/rigid_bodies.rigidbodies[2].pose.position.y,0.6534108235457184
25.392693244,1709142496.075675388,1709142496.075393833,/rigid_bodies.rigidbodies[2].pose.position.y,0.6535137999365412
25.402519113,1709142496.085501257,1709142496.085371529,/rigid_bodies.rigidbodies[2].pose.position.y,0.6534985476827024
25.412487153,1709142496.095469297,1709142496.095289063,/rigid_bodies.rigidbodies[2].pose.position.y,0.6534671340975214
25.422566126,1709142496.105548270,1709142496.105324634,/rigid_bodies.rigidbodies[2].pose.position.y,0.6535151147252487
25.432617644,1709142496.115599788,1709142496.115364000,/rigid_bodies.rigidbodies[2].pose.position.y,0.6534883077092567
25.442640871000002,1709142496.125623015,1709142496.125372690,/rigid_bodies.rigidbodies[2].pose.position.y,0.6534617884625302
25.453269072,1709142496.136251216,1709142496.135843668,/rigid_bodies.rigidbodies[2].pose.position.y,0.6535002092447824
25.463296436,1709142496.146278580,1709142496.145764620,/rigid_bodies.rigidbodies[2].pose.position.y,0.653465529641238
25.473096739,1709142496.156078883,1709142496.155688718,/rigid_bodies.rigidbodies[2].pose.position.y,0.6535022558529966
25.483416852,1709142496.166398996,1709142496.165878799,/rigid_bodies.rigidbodies[2].pose.position.y,0.6535549233464043
25.493111295,1709142496.176093439,1709142496.175612284,/rigid_bodies.rigidbodies[2].pose.position.y,0.6535054391355967
25.50347014,1709142496.186452284,1709142496.185804996,/rigid_bodies.rigidbodies[2].pose.position.y,0.6534769005915048
25.512753529,1709142496.195735673,1709142496.195438364,/rigid_bodies.rigidbodies[2].pose.position.y,0.6535154544567063
25.523124803,1709142496.206106947,1709142496.205617037,/rigid_bodies.rigidbodies[2].pose.position.y,0.6534667201366686
25.533463378,1709142496.216445522,1709142496.215816989,/rigid_bodies.rigidbodies[2].pose.position.y,0.653514540432747
25.54310215,1709142496.226084294,1709142496.225674843,/rigid_bodies.rigidbodies[2].pose.position.y,0.653515278485801
25.553125432,1709142496.236107576,1709142496.235602299,/rigid_bodies.rigidbodies[2].pose.position.y,0.6534212329772432
25.563187869,1709142496.246170013,1709142496.245643251,/rigid_bodies.rigidbodies[2].pose.position.y,0.6534747099538607
25.572958045,1709142496.255940189,1709142496.255579885,/rigid_bodies.rigidbodies[2].pose.position.y,0.653510165909767
25.583114886,1709142496.266097030,1709142496.265635872,/rigid_bodies.rigidbodies[2].pose.position.y,0.6534837517560802
25.592783778,1709142496.275765922,1709142496.275509265,/rigid_bodies.rigidbodies[2].pose.position.y,0.653533792495104
25.603146188,1709142496.286128332,1709142496.285757347,/rigid_bodies.rigidbodies[2].pose.position.y,0.6535469797411988
25.61296498,1709142496.295947124,1709142496.295606555,/rigid_bodies.rigidbodies[2].pose.position.y,0.6534729978064426
25.622992089,1709142496.305974233,1709142496.305620298,/rigid_bodies.rigidbodies[2].pose.position.y,0.6534531876041432
25.633308606,1709142496.316290750,1709142496.315787867,/rigid_bodies.rigidbodies[2].pose.position.y,0.6534804436595301
25.642968597,1709142496.325950741,1709142496.325635580,/rigid_bodies.rigidbodies[2].pose.position.y,0.6534268799946333
25.652837968,1709142496.335820112,1709142496.335521048,/rigid_bodies.rigidbodies[2].pose.position.y,0.6534601782126324
25.662937052,1709142496.345919196,1709142496.345533248,/rigid_bodies.rigidbodies[2].pose.position.y,0.6535064144586443
25.672952651,1709142496.355934795,1709142496.355623962,/rigid_bodies.rigidbodies[2].pose.position.y,0.6534656784019086
25.683039781,1709142496.366021925,1709142496.365640810,/rigid_bodies.rigidbodies[2].pose.position.y,0.6535490057443787
25.692986396,1709142496.375968540,1709142496.375615453,/rigid_bodies.rigidbodies[2].pose.position.y,0.6535502644940328
25.70285905,1709142496.385841194,1709142496.385554700,/rigid_bodies.rigidbodies[2].pose.position.y,0.6534672920326441
25.712928278,1709142496.395910422,1709142496.395530883,/rigid_bodies.rigidbodies[2].pose.position.y,0.6535029149836461
25.722754814,1709142496.405736958,1709142496.405461452,/rigid_bodies.rigidbodies[2].pose.position.y,0.6534897505711079
25.732831852,1709142496.415813996,1709142496.415508938,/rigid_bodies.rigidbodies[2].pose.position.y,0.6534311208705792
25.743014503,1709142496.425996647,1709142496.425620150,/rigid_bodies.rigidbodies[2].pose.position.y,0.6534920809272893
25.752988782,1709142496.435970926,1709142496.435582225,/rigid_bodies.rigidbodies[2].pose.position.y,0.6534656793926709
25.762859739,1709142496.445841883,1709142496.445514595,/rigid_bodies.rigidbodies[2].pose.position.y,0.6534986194050051
25.772876132,1709142496.455858276,1709142496.455522093,/rigid_bodies.rigidbodies[2].pose.position.y,0.6535798913732763
25.783021634,1709142496.466003778,1709142496.465637160,/rigid_bodies.rigidbodies[2].pose.position.y,0.6535544159745171
25.792976539,1709142496.475958683,1709142496.475589524,/rigid_bodies.rigidbodies[2].pose.position.y,0.6534865698606603
25.803089829,1709142496.486071973,1709142496.485647832,/rigid_bodies.rigidbodies[2].pose.position.y,0.6535274169485786
25.813166913,1709142496.496149057,1709142496.495728645,/rigid_bodies.rigidbodies[2].pose.position.y,0.6534590925622551
25.823073934,1709142496.506056078,1709142496.505658223,/rigid_bodies.rigidbodies[2].pose.position.y,0.6534430087013269
25.833288314,1709142496.516270458,1709142496.515837889,/rigid_bodies.rigidbodies[2].pose.position.y,0.653513012792434
25.842848524,1709142496.525830668,1709142496.525527669,/rigid_bodies.rigidbodies[2].pose.position.y,0.6534645020825222
25.852915774,1709142496.535897918,1709142496.535558053,/rigid_bodies.rigidbodies[2].pose.position.y,0.6534927592189715
25.862851752,1709142496.545833896,1709142496.545510098,/rigid_bodies.rigidbodies[2].pose.position.y,0.6535180939091634
25.872914045999998,1709142496.555896190,1709142496.555612187,/rigid_bodies.rigidbodies[2].pose.position.y,0.6534640917049859
25.882951154,1709142496.565933298,1709142496.565565474,/rigid_bodies.rigidbodies[2].pose.position.y,0.6534947517515739
25.89338045,1709142496.576362594,1709142496.575747954,/rigid_bodies.rigidbodies[2].pose.position.y,0.6534613684847826
25.903271002,1709142496.586253146,1709142496.585650126,/rigid_bodies.rigidbodies[2].pose.position.y,0.6534229322374085
25.913280959,1709142496.596263103,1709142496.595743370,/rigid_bodies.rigidbodies[2].pose.position.y,0.6534734823736508
25.923141504,1709142496.606123648,1709142496.605614451,/rigid_bodies.rigidbodies[2].pose.position.y,0.6535470188351794
25.932755178,1709142496.615737322,1709142496.615365544,/rigid_bodies.rigidbodies[2].pose.position.y,0.6535371838081291
25.943091943,1709142496.626074087,1709142496.625643539,/rigid_bodies.rigidbodies[2].pose.position.y,0.6535231752577679
25.95378532,1709142496.636767464,1709142496.635971151,/rigid_bodies.rigidbodies[2].pose.position.y,0.6535105000235586
25.963245971,1709142496.646228115,1709142496.645685757,/rigid_bodies.rigidbodies[2].pose.position.y,0.6534555683100657
25.973044443,1709142496.656026587,1709142496.655626656,/rigid_bodies.rigidbodies[2].pose.position.y,0.6534671967348368
25.983234863,1709142496.666217007,1709142496.665749118,/rigid_bodies.rigidbodies[2].pose.position.y,0.6535086664604983
25.993414618,1709142496.676396762,1709142496.675788829,/rigid_bodies.rigidbodies[2].pose.position.y,0.653440957041537
26.003044652,1709142496.686026796,1709142496.685598033,/rigid_bodies.rigidbodies[2].pose.position.y,0.653493947326777
26.013262963,1709142496.696245107,1709142496.695686680,/rigid_bodies.rigidbodies[2].pose.position.y,0.6534942970495592
26.023462182,1709142496.706444326,1709142496.705758753,/rigid_bodies.rigidbodies[2].pose.position.y,0.6534859871063623
26.033177992,1709142496.716160136,1709142496.715667037,/rigid_bodies.rigidbodies[2].pose.position.y,0.6535187758980306
26.043275637,1709142496.726257781,1709142496.725688240,/rigid_bodies.rigidbodies[2].pose.position.y,0.6535243141647402
26.053386636,1709142496.736368780,1709142496.735706848,/rigid_bodies.rigidbodies[2].pose.position.y,0.6535018598387543
26.062979143,1709142496.745961287,1709142496.745479769,/rigid_bodies.rigidbodies[2].pose.position.y,0.6535176530482648
26.073768121,1709142496.756750265,1709142496.756084586,/rigid_bodies.rigidbodies[2].pose.position.y,0.6534887246077374
26.083285125,1709142496.766267269,1709142496.765639226,/rigid_bodies.rigidbodies[2].pose.position.y,0.6534115016878193
26.093462796,1709142496.776444940,1709142496.775774813,/rigid_bodies.rigidbodies[2].pose.position.y,0.6534496344283784
26.103289452,1709142496.786271596,1709142496.785653754,/rigid_bodies.rigidbodies[2].pose.position.y,0.653453153886435
26.113581333,1709142496.796563477,1709142496.795842890,/rigid_bodies.rigidbodies[2].pose.position.y,0.6534686882635244
26.123596294,1709142496.806578438,1709142496.805826403,/rigid_bodies.rigidbodies[2].pose.position.y,0.6535535529626109
26.133229845,1709142496.816211989,1709142496.815648122,/rigid_bodies.rigidbodies[2].pose.position.y,0.6535059080849539
26.142953581,1709142496.825935725,1709142496.825514235,/rigid_bodies.rigidbodies[2].pose.position.y,0.6534648168968308
26.153050077,1709142496.836032221,1709142496.835550784,/rigid_bodies.rigidbodies[2].pose.position.y,0.653474918471382
26.163089384,1709142496.846071528,1709142496.845591216,/rigid_bodies.rigidbodies[2].pose.position.y,0.6534380570473574
26.173059483,1709142496.856041627,1709142496.855598540,/rigid_bodies.rigidbodies[2].pose.position.y,0.6534625676320946
26.183074906,1709142496.866057050,1709142496.865568588,/rigid_bodies.rigidbodies[2].pose.position.y,0.6535362544388249
26.193033433,1709142496.876015577,1709142496.875518814,/rigid_bodies.rigidbodies[2].pose.position.y,0.6535249442833138
26.203258067,1709142496.886240211,1709142496.885643554,/rigid_bodies.rigidbodies[2].pose.position.y,0.6535001252044675
26.21331373,1709142496.896295874,1709142496.895703413,/rigid_bodies.rigidbodies[2].pose.position.y,0.6535335943175135
26.223151547,1709142496.906133691,1709142496.905545466,/rigid_bodies.rigidbodies[2].pose.position.y,0.6535008772080937
26.233273117,1709142496.916255261,1709142496.915683841,/rigid_bodies.rigidbodies[2].pose.position.y,0.6534690154088422
26.243228436,1709142496.926210580,1709142496.925657857,/rigid_bodies.rigidbodies[2].pose.position.y,0.6535073058567478
26.253021808,1709142496.936003952,1709142496.935576778,/rigid_bodies.rigidbodies[2].pose.position.y,0.6535068316876647
26.263010137,1709142496.945992281,1709142496.945521195,/rigid_bodies.rigidbodies[2].pose.position.y,0.6534810762724692
26.273119161,1709142496.956101305,1709142496.955612809,/rigid_bodies.rigidbodies[2].pose.position.y,0.6534865312705495
26.283080575,1709142496.966062719,1709142496.965575180,/rigid_bodies.rigidbodies[2].pose.position.y,0.6534253922493785
26.293201977,1709142496.976184121,1709142496.975657015,/rigid_bodies.rigidbodies[2].pose.position.y,0.65345039441534
26.303248999,1709142496.986231143,1709142496.985657655,/rigid_bodies.rigidbodies[2].pose.position.y,0.6535127666669128
26.312847678,1709142496.995829822,1709142496.995517738,/rigid_bodies.rigidbodies[2].pose.position.y,0.6534623741683476
26.323069101,1709142497.006051245,1709142497.005578687,/rigid_bodies.rigidbodies[2].pose.position.y,0.653506418564813
26.333377034,1709142497.016359178,1709142497.015770868,/rigid_bodies.rigidbodies[2].pose.position.y,0.6535222419838806
26.343078945,1709142497.026061089,1709142497.025678181,/rigid_bodies.rigidbodies[2].pose.position.y,0.6534607154256001
26.353076226,1709142497.036058370,1709142497.035595116,/rigid_bodies.rigidbodies[2].pose.position.y,0.6534686882635244
26.363047377,1709142497.046029521,1709142497.045498874,/rigid_bodies.rigidbodies[2].pose.position.y,0.6535089367461142
26.373219744,1709142497.056201888,1709142497.055796387,/rigid_bodies.rigidbodies[2].pose.position.y,0.6534942357120329
26.38310756,1709142497.066089704,1709142497.065592073,/rigid_bodies.rigidbodies[2].pose.position.y,0.6535485117039574
26.393016036,1709142497.075998180,1709142497.075539050,/rigid_bodies.rigidbodies[2].pose.position.y,0.6535225822115704
26.403059816,1709142497.086041960,1709142497.085591856,/rigid_bodies.rigidbodies[2].pose.position.y,0.6534553369301233
26.413111064,1709142497.096093208,1709142497.095576779,/rigid_bodies.rigidbodies[2].pose.position.y,0.6534807515525907
26.423005516,1709142497.105987660,1709142497.105515820,/rigid_bodies.rigidbodies[2].pose.position.y,0.6534599681940745
26.433290254,1709142497.116272398,1709142497.115699178,/rigid_bodies.rigidbodies[2].pose.position.y,0.653417704375361
26.443071328,1709142497.126053472,1709142497.125584892,/rigid_bodies.rigidbodies[2].pose.position.y,0.6535109971579671
26.452998147,1709142497.135980291,1709142497.135518113,/rigid_bodies.rigidbodies[2].pose.position.y,0.6535104094498153
26.463008725,1709142497.145990869,1709142497.145532468,/rigid_bodies.rigidbodies[2].pose.position.y,0.6534805068780297
26.473017244,1709142497.155999388,1709142497.155599815,/rigid_bodies.rigidbodies[2].pose.position.y,0.6534864927468431
26.483041685,1709142497.166023829,1709142497.165613585,/rigid_bodies.rigidbodies[2].pose.position.y,0.653469966018868
26.493126885,1709142497.176109029,1709142497.175600315,/rigid_bodies.rigidbodies[2].pose.position.y,0.6534650736943348
26.503231195,1709142497.186213339,1709142497.185669311,/rigid_bodies.rigidbodies[2].pose.position.y,0.653491588902762
26.513201916,1709142497.196184060,1709142497.195711627,/rigid_bodies.rigidbodies[2].pose.position.y,0.6534639960751919
26.52292036,1709142497.205902504,1709142497.205600715,/rigid_bodies.rigidbodies[2].pose.position.y,0.6534401620715625
26.533083045,1709142497.216065189,1709142497.215670610,/rigid_bodies.rigidbodies[2].pose.position.y,0.6535462142412851
26.54297048,1709142497.225952624,1709142497.225615631,/rigid_bodies.rigidbodies[2].pose.position.y,0.653532205938184
26.553076218,1709142497.236058362,1709142497.235652198,/rigid_bodies.rigidbodies[2].pose.position.y,0.6535081042210381
26.563249228,1709142497.246231372,1709142497.245813552,/rigid_bodies.rigidbodies[2].pose.position.y,0.6535084817538397
26.573278848,1709142497.256260992,1709142497.255808515,/rigid_bodies.rigidbodies[2].pose.position.y,0.6534076345953743
26.583273633,1709142497.266255777,1709142497.265864452,/rigid_bodies.rigidbodies[2].pose.position.y,0.6534136368686733
26.59312779,1709142497.276109934,1709142497.275647478,/rigid_bodies.rigidbodies[2].pose.position.y,0.6534928214795164
26.603713997,1709142497.286696141,1709142497.285967655,/rigid_bodies.rigidbodies[2].pose.position.y,0.653459232334804
26.613322896,1709142497.296305040,1709142497.295799250,/rigid_bodies.rigidbodies[2].pose.position.y,0.6534916646986482
26.623686323,1709142497.306668467,1709142497.306011549,/rigid_bodies.rigidbodies[2].pose.position.y,0.653495332938677
26.633427253,1709142497.316409397,1709142497.315848305,/rigid_bodies.rigidbodies[2].pose.position.y,0.653439443090538
26.643202513,1709142497.326184657,1709142497.325717675,/rigid_bodies.rigidbodies[2].pose.position.y,0.653510889801359
26.653392294,1709142497.336374438,1709142497.335778225,/rigid_bodies.rigidbodies[2].pose.position.y,0.6535675875013032
26.663047006,1709142497.346029150,1709142497.345558968,/rigid_bodies.rigidbodies[2].pose.position.y,0.6535071615580901
26.673037435,1709142497.356019579,1709142497.355679230,/rigid_bodies.rigidbodies[2].pose.position.y,0.6534916019066704
26.683381409,1709142497.366363553,1709142497.365848656,/rigid_bodies.rigidbodies[2].pose.position.y,0.6534633385902465
26.693285492,1709142497.376267636,1709142497.375841136,/rigid_bodies.rigidbodies[2].pose.position.y,0.6534283522179289
26.703643949,1709142497.386626093,1709142497.386111765,/rigid_bodies.rigidbodies[2].pose.position.y,0.6535280225131999
26.713286158,1709142497.396268302,1709142497.395785626,/rigid_bodies.rigidbodies[2].pose.position.y,0.6535222689697701
26.723780872,1709142497.406763016,1709142497.406079203,/rigid_bodies.rigidbodies[2].pose.position.y,0.6534556863056311
26.73328346,1709142497.416265604,1709142497.415717351,/rigid_bodies.rigidbodies[2].pose.position.y,0.653500832069721
26.743062217,1709142497.426044361,1709142497.425576503,/rigid_bodies.rigidbodies[2].pose.position.y,0.6535016834553653
26.753414928,1709142497.436397072,1709142497.435798994,/rigid_bodies.rigidbodies[2].pose.position.y,0.6534741698834602
26.763039629,1709142497.446021773,1709142497.445546196,/rigid_bodies.rigidbodies[2].pose.position.y,0.6534842026999446
26.773188427,1709142497.456170571,1709142497.455740233,/rigid_bodies.rigidbodies[2].pose.position.y,0.6534441261471863
26.783199058,1709142497.466181202,1709142497.465653616,/rigid_bodies.rigidbodies[2].pose.position.y,0.653460157543739
26.793645353,1709142497.476627497,1709142497.476062038,/rigid_bodies.rigidbodies[2].pose.position.y,0.6535278721766323
26.803282959,1709142497.486265103,1709142497.485821899,/rigid_bodies.rigidbodies[2].pose.position.y,0.6535264871554829
26.81374939,1709142497.496731534,1709142497.496041634,/rigid_bodies.rigidbodies[2].pose.position.y,0.6534988384814274
26.823181044000002,1709142497.506163188,1709142497.505768579,/rigid_bodies.rigidbodies[2].pose.position.y,0.6535404386767734
26.833075361,1709142497.516057505,1709142497.515649200,/rigid_bodies.rigidbodies[2].pose.position.y,0.6534735554026573
26.842589159,1709142497.525571303,1709142497.525443303,/rigid_bodies.rigidbodies[2].pose.position.y,0.6534101963851919
26.852593716,1709142497.535575860,1709142497.535339184,/rigid_bodies.rigidbodies[2].pose.position.y,0.6535205495674202
26.863152634,1709142497.546134778,1709142497.545675450,/rigid_bodies.rigidbodies[2].pose.position.y,0.6534605579079567
26.873183077,1709142497.556165221,1709142497.555632947,/rigid_bodies.rigidbodies[2].pose.position.y,0.6534098153972482
26.883357796,1709142497.566339940,1709142497.565761821,/rigid_bodies.rigidbodies[2].pose.position.y,0.6534818010299916
26.893155175,1709142497.576137319,1709142497.575663760,/rigid_bodies.rigidbodies[2].pose.position.y,0.6534478331543092
26.903459277,1709142497.586441421,1709142497.585830835,/rigid_bodies.rigidbodies[2].pose.position.y,0.6535048540510716
26.913418271,1709142497.596400415,1709142497.595778689,/rigid_bodies.rigidbodies[2].pose.position.y,0.6535360359399092
26.923326657,1709142497.606308801,1709142497.605772957,/rigid_bodies.rigidbodies[2].pose.position.y,0.6534572588851526
26.933476465,1709142497.616458609,1709142497.615868449,/rigid_bodies.rigidbodies[2].pose.position.y,0.6534526168913309
26.943123313,1709142497.626105457,1709142497.625608689,/rigid_bodies.rigidbodies[2].pose.position.y,0.6534963686344779
26.953381263,1709142497.636363407,1709142497.635832717,/rigid_bodies.rigidbodies[2].pose.position.y,0.6535182926407306
26.963187558,1709142497.646169702,1709142497.645614444,/rigid_bodies.rigidbodies[2].pose.position.y,0.6535454758113072
26.973122041,1709142497.656104185,1709142497.655728664,/rigid_bodies.rigidbodies[2].pose.position.y,0.6535447073453955
26.983008286,1709142497.665990430,1709142497.665593114,/rigid_bodies.rigidbodies[2].pose.position.y,0.6534586067915361
26.993192798,1709142497.676174942,1709142497.675633636,/rigid_bodies.rigidbodies[2].pose.position.y,0.6534286995089658
27.003380843,1709142497.686362987,1709142497.685837622,/rigid_bodies.rigidbodies[2].pose.position.y,0.6534548007330471
27.013638831,1709142497.696620975,1709142497.695966003,/rigid_bodies.rigidbodies[2].pose.position.y,0.653434687404933
27.02333454,1709142497.706316684,1709142497.705763809,/rigid_bodies.rigidbodies[2].pose.position.y,0.6535244721329243
27.033733355,1709142497.716715499,1709142497.716042658,/rigid_bodies.rigidbodies[2].pose.position.y,0.6535525427758175
27.043064678,1709142497.726046822,1709142497.725678073,/rigid_bodies.rigidbodies[2].pose.position.y,0.6534380351877186
27.053277848,1709142497.736259992,1709142497.735753264,/rigid_bodies.rigidbodies[2].pose.position.y,0.65347290085154
27.063023014,1709142497.746005158,1709142497.745593123,/rigid_bodies.rigidbodies[2].pose.position.y,0.6534898317239821
27.073148271,1709142497.756130415,1709142497.755718286,/rigid_bodies.rigidbodies[2].pose.position.y,0.6534938767736561
27.083057356,1709142497.766039500,1709142497.765704225,/rigid_bodies.rigidbodies[2].pose.position.y,0.6535543359350533
27.093117021,1709142497.776099165,1709142497.775707934,/rigid_bodies.rigidbodies[2].pose.position.y,0.6535532037958245
27.103049247,1709142497.786031391,1709142497.785624932,/rigid_bodies.rigidbodies[2].pose.position.y,0.6534869258483379
27.113026385,1709142497.796008529,1709142497.795629947,/rigid_bodies.rigidbodies[2].pose.position.y,0.6534308456696142
27.122926283,1709142497.805908427,1709142497.805558437,/rigid_bodies.rigidbodies[2].pose.position.y,0.6534116928283825
27.133317173000002,1709142497.816299317,1709142497.815781883,/rigid_bodies.rigidbodies[2].pose.position.y,0.6534613825124591
27.143088567,1709142497.826070711,1709142497.825659549,/rigid_bodies.rigidbodies[2].pose.position.y,0.6535320539006084
27.153313594,1709142497.836295738,1709142497.835673940,/rigid_bodies.rigidbodies[2].pose.position.y,0.653571778014259
27.163096324,1709142497.846078468,1709142497.845619571,/rigid_bodies.rigidbodies[2].pose.position.y,0.6535141663423204
27.173004324,1709142497.855986468,1709142497.855629103,/rigid_bodies.rigidbodies[2].pose.position.y,0.6534942407794501
27.183526024,1709142497.866508168,1709142497.865847607,/rigid_bodies.rigidbodies[2].pose.position.y,0.6534390986564744
27.19302953,1709142497.876011674,1709142497.875609180,/rigid_bodies.rigidbodies[2].pose.position.y,0.6534431212434184
27.203240698,1709142497.886222842,1709142497.885797046,/rigid_bodies.rigidbodies[2].pose.position.y,0.6534622857224249
27.213449966,1709142497.896432110,1709142497.895860426,/rigid_bodies.rigidbodies[2].pose.position.y,0.6534397127371397
27.22328638,1709142497.906268524,1709142497.905740546,/rigid_bodies.rigidbodies[2].pose.position.y,0.6535265903781265
27.233280468,1709142497.916262612,1709142497.915785190,/rigid_bodies.rigidbodies[2].pose.position.y,0.6535671344640654
27.243543076,1709142497.926525220,1709142497.925950544,/rigid_bodies.rigidbodies[2].pose.position.y,0.6535484723321388
27.253158971,1709142497.936141115,1709142497.935667685,/rigid_bodies.rigidbodies[2].pose.position.y,0.6534624864642198
27.263245313,1709142497.946227457,1709142497.945699680,/rigid_bodies.rigidbodies[2].pose.position.y,0.6534548375856464
27.273168104,1709142497.956150248,1709142497.955753128,/rigid_bodies.rigidbodies[2].pose.position.y,0.6534578723005365
27.28320518,1709142497.966187324,1709142497.965777416,/rigid_bodies.rigidbodies[2].pose.position.y,0.6534691706680749
27.293168616,1709142497.976150760,1709142497.975694533,/rigid_bodies.rigidbodies[2].pose.position.y,0.6535100179893721
27.303260163,1709142497.986242307,1709142497.985838896,/rigid_bodies.rigidbodies[2].pose.position.y,0.6534495462951262
27.313485803,1709142497.996467947,1709142497.995882575,/rigid_bodies.rigidbodies[2].pose.position.y,0.653436199728492
27.323187446,1709142498.006169590,1709142498.005731252,/rigid_bodies.rigidbodies[2].pose.position.y,0.6534744506281557
27.333648407,1709142498.016630551,1709142498.015964823,/rigid_bodies.rigidbodies[2].pose.position.y,0.653456340509569
27.343126577,1709142498.026108721,1709142498.025625021,/rigid_bodies.rigidbodies[2].pose.position.y,0.6535567005300158
27.353012058,1709142498.035994202,1709142498.035629874,/rigid_bodies.rigidbodies[2].pose.position.y,0.6535476957954515
27.362910664,1709142498.045892808,1709142498.045497389,/rigid_bodies.rigidbodies[2].pose.position.y,0.653473128439113
27.372919164,1709142498.055901308,1709142498.055516921,/rigid_bodies.rigidbodies[2].pose.position.y,0.6534789896409812
27.382858059,1709142498.065840203,1709142498.065503542,/rigid_bodies.rigidbodies[2].pose.position.y,0.6534488356789724
27.392861259,1709142498.075843403,1709142498.075491303,/rigid_bodies.rigidbodies[2].pose.position.y,0.6534724672912237
27.403068997,1709142498.086051141,1709142498.085617054,/rigid_bodies.rigidbodies[2].pose.position.y,0.6534533948567365
27.412993636,1709142498.095975780,1709142498.095557435,/rigid_bodies.rigidbodies[2].pose.position.y,0.653459931054255
27.423102818,1709142498.106084962,1709142498.105706047,/rigid_bodies.rigidbodies[2].pose.position.y,0.6535156018326677
27.433477344,1709142498.116459488,1709142498.115910261,/rigid_bodies.rigidbodies[2].pose.position.y,0.6535218605838639
27.443081629,1709142498.126063773,1709142498.125807464,/rigid_bodies.rigidbodies[2].pose.position.y,0.6535185822523095
27.452777141,1709142498.135759285,1709142498.135583339,/rigid_bodies.rigidbodies[2].pose.position.y,0.6534402811002057
27.462925497,1709142498.145907641,1709142498.145634678,/rigid_bodies.rigidbodies[2].pose.position.y,0.6534485724657592
27.473155905,1709142498.156138049,1709142498.155721250,/rigid_bodies.rigidbodies[2].pose.position.y,0.6535016258091315
27.483400686,1709142498.166382830,1709142498.165961650,/rigid_bodies.rigidbodies[2].pose.position.y,0.653448559071979
27.493678691,1709142498.176660835,1709142498.175995781,/rigid_bodies.rigidbodies[2].pose.position.y,0.6535408971793991
27.503469936,1709142498.186452080,1709142498.185981068,/rigid_bodies.rigidbodies[2].pose.position.y,0.6535356746332195
27.51326645,1709142498.196248594,1709142498.195714512,/rigid_bodies.rigidbodies[2].pose.position.y,0.6534783427673092
27.523807044,1709142498.206789188,1709142498.206062662,/rigid_bodies.rigidbodies[2].pose.position.y,0.6534475244159094
27.53349994,1709142498.216482084,1709142498.215852507,/rigid_bodies.rigidbodies[2].pose.position.y,0.6534330000255089
27.54320212,1709142498.226184264,1709142498.225737701,/rigid_bodies.rigidbodies[2].pose.position.y,0.6534358973488444
27.553836097,1709142498.236818241,1709142498.236119243,/rigid_bodies.rigidbodies[2].pose.position.y,0.6535058754712118
27.563263439,1709142498.246245583,1709142498.245730344,/rigid_bodies.rigidbodies[2].pose.position.y,0.6535360401359606
27.573417132,1709142498.256399276,1709142498.255865758,/rigid_bodies.rigidbodies[2].pose.position.y,0.6535015843329477
27.583978668,1709142498.266960812,1709142498.266204151,/rigid_bodies.rigidbodies[2].pose.position.y,0.6535067465690799
27.593152036,1709142498.276134180,1709142498.275655880,/rigid_bodies.rigidbodies[2].pose.position.y,0.6534515309080515
27.603249555,1709142498.286231699,1709142498.285687558,/rigid_bodies.rigidbodies[2].pose.position.y,0.6534069564058484
27.613250201,1709142498.296232345,1709142498.295872624,/rigid_bodies.rigidbodies[2].pose.position.y,0.6535120509161492
27.623221388,1709142498.306203532,1709142498.305719711,/rigid_bodies.rigidbodies[2].pose.position.y,0.6535293653011991
27.633317016,1709142498.316299160,1709142498.315721102,/rigid_bodies.rigidbodies[2].pose.position.y,0.6535103742943668
27.64272133,1709142498.325703474,1709142498.325408380,/rigid_bodies.rigidbodies[2].pose.position.y,0.6534900030619425
27.652801953,1709142498.335784097,1709142498.335445955,/rigid_bodies.rigidbodies[2].pose.position.y,0.6534161358723386
27.663054759,1709142498.346036903,1709142498.345645428,/rigid_bodies.rigidbodies[2].pose.position.y,0.6534465719054506
27.673167414,1709142498.356149558,1709142498.355658896,/rigid_bodies.rigidbodies[2].pose.position.y,0.6535184940875716
27.683862011,1709142498.366844155,1709142498.366111611,/rigid_bodies.rigidbodies[2].pose.position.y,0.6535351134675816
27.69310212,1709142498.376084264,1709142498.375592099,/rigid_bodies.rigidbodies[2].pose.position.y,0.6535212885182267
27.70327683,1709142498.386258974,1709142498.385644357,/rigid_bodies.rigidbodies[2].pose.position.y,0.6535377667113622
27.71297366,1709142498.395955804,1709142498.395484065,/rigid_bodies.rigidbodies[2].pose.position.y,0.6534714769756861
27.723089481,1709142498.406071625,1709142498.405517768,/rigid_bodies.rigidbodies[2].pose.position.y,0.6534143399406809
27.733208819,1709142498.416190963,1709142498.415628317,/rigid_bodies.rigidbodies[2].pose.position.y,0.6534666225571861
27.743431643,1709142498.426413787,1709142498.425732124,/rigid_bodies.rigidbodies[2].pose.position.y,0.6534867628566302
27.753181751,1709142498.436163895,1709142498.435588570,/rigid_bodies.rigidbodies[2].pose.position.y,0.6535015060538111
27.763174608,1709142498.446156752,1709142498.445599957,/rigid_bodies.rigidbodies[2].pose.position.y,0.65358054396107
27.773643204,1709142498.456625348,1709142498.455976126,/rigid_bodies.rigidbodies[2].pose.position.y,0.6534700459595493
27.783232311,1709142498.466214455,1709142498.465712272,/rigid_bodies.rigidbodies[2].pose.position.y,0.6534259807696825
27.793264754,1709142498.476246898,1709142498.475751799,/rigid_bodies.rigidbodies[2].pose.position.y,0.6534373879416121
27.803724729,1709142498.486706873,1709142498.485975962,/rigid_bodies.rigidbodies[2].pose.position.y,0.6534065428866013
27.813169364,1709142498.496151508,1709142498.495707312,/rigid_bodies.rigidbodies[2].pose.position.y,0.6535051705874213
27.823085809,1709142498.506067953,1709142498.505631634,/rigid_bodies.rigidbodies[2].pose.position.y,0.6535803100358208
27.833322954,1709142498.516305098,1709142498.515718491,/rigid_bodies.rigidbodies[2].pose.position.y,0.6534886622527178
27.843019837,1709142498.526001981,1709142498.525555577,/rigid_bodies.rigidbodies[2].pose.position.y,0.6534216813173274
27.853339123,1709142498.536321267,1709142498.535725241,/rigid_bodies.rigidbodies[2].pose.position.y,0.653424412617734
27.862926093,1709142498.545908237,1709142498.545560326,/rigid_bodies.rigidbodies[2].pose.position.y,0.6534203636898733
27.873042202,1709142498.556024346,1709142498.555523158,/rigid_bodies.rigidbodies[2].pose.position.y,0.6534923540879216
27.883777727000002,1709142498.566759871,1709142498.565840058,/rigid_bodies.rigidbodies[2].pose.position.y,0.6535146345962362
27.893127955,1709142498.576110099,1709142498.575601052,/rigid_bodies.rigidbodies[2].pose.position.y,0.6534565124132393
27.90307127,1709142498.586053414,1709142498.585583924,/rigid_bodies.rigidbodies[2].pose.position.y,0.653467955285573
27.913016863,1709142498.595999007,1709142498.595542171,/rigid_bodies.rigidbodies[2].pose.position.y,0.653490930072859
27.922966897,1709142498.605949041,1709142498.605471899,/rigid_bodies.rigidbodies[2].pose.position.y,0.6534583565518622
27.933145613,1709142498.616127757,1709142498.615674131,/rigid_bodies.rigidbodies[2].pose.position.y,0.6535524332814223
27.943182915,1709142498.626165059,1709142498.625571195,/rigid_bodies.rigidbodies[2].pose.position.y,0.6535455348485132
27.953215598,1709142498.636197742,1709142498.635657016,/rigid_bodies.rigidbodies[2].pose.position.y,0.6534573162993482
27.963001139,1709142498.645983283,1709142498.645533440,/rigid_bodies.rigidbodies[2].pose.position.y,0.6534295321272122
27.973040724,1709142498.656022868,1709142498.655629706,/rigid_bodies.rigidbodies[2].pose.position.y,0.6534049737079911
27.983314995,1709142498.666297139,1709142498.665722154,/rigid_bodies.rigidbodies[2].pose.position.y,0.6534075101208929
27.993420449,1709142498.676402593,1709142498.675802435,/rigid_bodies.rigidbodies[2].pose.position.y,0.6534838172012376
28.003643712,1709142498.686625856,1709142498.685952352,/rigid_bodies.rigidbodies[2].pose.position.y,0.6534816681936441
28.013300106,1709142498.696282250,1709142498.695800037,/rigid_bodies.rigidbodies[2].pose.position.y,0.6534918287221193
28.023142934,1709142498.706125078,1709142498.705745424,/rigid_bodies.rigidbodies[2].pose.position.y,0.6535850177950777
28.033362113,1709142498.716344257,1709142498.715802544,/rigid_bodies.rigidbodies[2].pose.position.y,0.6535054778674098
28.043499293,1709142498.726481437,1709142498.725790927,/rigid_bodies.rigidbodies[2].pose.position.y,0.653443593858432
28.053125736,1709142498.736107880,1709142498.735614648,/rigid_bodies.rigidbodies[2].pose.position.y,0.6535177935078517
28.06319603,1709142498.746178174,1709142498.745614989,/rigid_bodies.rigidbodies[2].pose.position.y,0.6534699008277868
28.073276358,1709142498.756258502,1709142498.755681423,/rigid_bodies.rigidbodies[2].pose.position.y,0.6534822089286504
28.083207566,1709142498.766189710,1709142498.765652978,/rigid_bodies.rigidbodies[2].pose.position.y,0.6535158016880165
28.093391388,1709142498.776373532,1709142498.775743796,/rigid_bodies.rigidbodies[2].pose.position.y,0.6534154449117837
28.103839394,1709142498.786821538,1709142498.786031153,/rigid_bodies.rigidbodies[2].pose.position.y,0.6534347036047977
28.113232498,1709142498.796214642,1709142498.795657577,/rigid_bodies.rigidbodies[2].pose.position.y,0.6534707052309364
28.123149106,1709142498.806131250,1709142498.805698519,/rigid_bodies.rigidbodies[2].pose.position.y,0.653451917934613
28.133547812,1709142498.816529956,1709142498.815923434,/rigid_bodies.rigidbodies[2].pose.position.y,0.6534929590126598
28.143533322,1709142498.826515466,1709142498.825978815,/rigid_bodies.rigidbodies[2].pose.position.y,0.6534934355447226
28.15322608,1709142498.836208224,1709142498.835673318,/rigid_bodies.rigidbodies[2].pose.position.y,0.6534377816113013
28.163500174,1709142498.846482318,1709142498.845766383,/rigid_bodies.rigidbodies[2].pose.position.y,0.6534696753106258
28.173246243,1709142498.856228387,1709142498.855663130,/rigid_bodies.rigidbodies[2].pose.position.y,0.6535360426419281
28.183394245,1709142498.866376389,1709142498.865740401,/rigid_bodies.rigidbodies[2].pose.position.y,0.6534833514011584
28.193657887,1709142498.876640031,1709142498.875958272,/rigid_bodies.rigidbodies[2].pose.position.y,0.6534826297390935
28.203325098,1709142498.886307242,1709142498.885752917,/rigid_bodies.rigidbodies[2].pose.position.y,0.6534637376158794
28.213140942,1709142498.896123086,1709142498.895621224,/rigid_bodies.rigidbodies[2].pose.position.y,0.653411797151001
28.223047006,1709142498.906029150,1709142498.905599818,/rigid_bodies.rigidbodies[2].pose.position.y,0.6534610878733512
28.233137809,1709142498.916119953,1709142498.915653908,/rigid_bodies.rigidbodies[2].pose.position.y,0.6535103860616777
28.243013979,1709142498.925996123,1709142498.925575514,/rigid_bodies.rigidbodies[2].pose.position.y,0.6534531666404332
28.252704405,1709142498.935686549,1709142498.935391085,/rigid_bodies.rigidbodies[2].pose.position.y,0.6535500511911321
28.262664836,1709142498.945646980,1709142498.945345358,/rigid_bodies.rigidbodies[2].pose.position.y,0.6534822519031039
28.272757086,1709142498.955739230,1709142498.955426958,/rigid_bodies.rigidbodies[2].pose.position.y,0.6534368355088463
28.283175396,1709142498.966157540,1709142498.965706517,/rigid_bodies.rigidbodies[2].pose.position.y,0.6534937110958767
28.293457331,1709142498.976439475,1709142498.975773628,/rigid_bodies.rigidbodies[2].pose.position.y,0.6534995212349631
28.303065973,1709142498.986048117,1709142498.985569605,/rigid_bodies.rigidbodies[2].pose.position.y,0.6534696750992012
28.313071417,1709142498.996053561,1709142498.995562699,/rigid_bodies.rigidbodies[2].pose.position.y,0.6535164811580579
28.323561874,1709142499.006544018,1709142499.005891676,/rigid_bodies.rigidbodies[2].pose.position.y,0.6534523392203088
28.333045043,1709142499.016027187,1709142499.015588065,/rigid_bodies.rigidbodies[2].pose.position.y,0.653402037122065
28.343031007,1709142499.026013151,1709142499.025588966,/rigid_bodies.rigidbodies[2].pose.position.y,0.6535427721569922
28.35356583,1709142499.036547974,1709142499.035918441,/rigid_bodies.rigidbodies[2].pose.position.y,0.6535379548138098
28.363006002,1709142499.045988146,1709142499.045528232,/rigid_bodies.rigidbodies[2].pose.position.y,0.6535107548461625
28.373143337,1709142499.056125481,1709142499.055726630,/rigid_bodies.rigidbodies[2].pose.position.y,0.653554753033437
28.383754211,1709142499.066736355,1709142499.065985862,/rigid_bodies.rigidbodies[2].pose.position.y,0.6534408425299291
28.393060006,1709142499.076042150,1709142499.075626904,/rigid_bodies.rigidbodies[2].pose.position.y,0.6534309093219249
28.403121546,1709142499.086103690,1709142499.085692172,/rigid_bodies.rigidbodies[2].pose.position.y,0.6535059745838614
28.413622648,1709142499.096604792,1709142499.095889846,/rigid_bodies.rigidbodies[2].pose.position.y,0.6534576282081214
28.423317027,1709142499.106299171,1709142499.105749686,/rigid_bodies.rigidbodies[2].pose.position.y,0.6534654290803844
28.433186531,1709142499.116168675,1709142499.115707669,/rigid_bodies.rigidbodies[2].pose.position.y,0.6534866396615694
28.443119912,1709142499.126102056,1709142499.125679854,/rigid_bodies.rigidbodies[2].pose.position.y,0.6534026543969812
28.452971782,1709142499.135953926,1709142499.135506079,/rigid_bodies.rigidbodies[2].pose.position.y,0.6534678487692441
28.463219787,1709142499.146201931,1709142499.145634009,/rigid_bodies.rigidbodies[2].pose.position.y,0.653518678004867
28.473131755,1709142499.156113899,1709142499.155693867,/rigid_bodies.rigidbodies[2].pose.position.y,0.6534611148558569
28.483334516,1709142499.166316660,1709142499.165890774,/rigid_bodies.rigidbodies[2].pose.position.y,0.6535390333040263
28.493315091,1709142499.176297235,1709142499.175796861,/rigid_bodies.rigidbodies[2].pose.position.y,0.6535448382440525
28.503208661,1709142499.186190805,1709142499.185763487,/rigid_bodies.rigidbodies[2].pose.position.y,0.6534535759131529
28.513316177,1709142499.196298321,1709142499.195827627,/rigid_bodies.rigidbodies[2].pose.position.y,0.6535654362799306
28.523322366,1709142499.206304510,1709142499.205854564,/rigid_bodies.rigidbodies[2].pose.position.y,0.6535411671756477
28.53303467,1709142499.216016814,1709142499.215594543,/rigid_bodies.rigidbodies[2].pose.position.y,0.6534391470109915
28.543085857,1709142499.226068001,1709142499.225670073,/rigid_bodies.rigidbodies[2].pose.position.y,0.6535311121737045
28.552984647,1709142499.235966791,1709142499.235561306,/rigid_bodies.rigidbodies[2].pose.position.y,0.6534742909824589
28.563004219,1709142499.245986363,1709142499.245568595,/rigid_bodies.rigidbodies[2].pose.position.y,0.6534146481101152
28.57299451,1709142499.255976654,1709142499.255586762,/rigid_bodies.rigidbodies[2].pose.position.y,0.6534266859533995
28.583064272,1709142499.266046416,1709142499.265608155,/rigid_bodies.rigidbodies[2].pose.position.y,0.6534208701501659
28.593000716,1709142499.275982860,1709142499.275529077,/rigid_bodies.rigidbodies[2].pose.position.y,0.6534652880284487
28.603309121,1709142499.286291265,1709142499.285734705,/rigid_bodies.rigidbodies[2].pose.position.y,0.6536003550954916
28.613125085,1709142499.296107229,1709142499.295618306,/rigid_bodies.rigidbodies[2].pose.position.y,0.6535729169988778
28.6233516,1709142499.306333744,1709142499.305833225,/rigid_bodies.rigidbodies[2].pose.position.y,0.6534966550215887
28.63306705,1709142499.316049194,1709142499.315584297,/rigid_bodies.rigidbodies[2].pose.position.y,0.6535115926078076
28.643131877000002,1709142499.326114021,1709142499.325618720,/rigid_bodies.rigidbodies[2].pose.position.y,0.6534253821016718
28.653034507,1709142499.336016651,1709142499.335533282,/rigid_bodies.rigidbodies[2].pose.position.y,0.6534597475541211
28.663002841,1709142499.345984985,1709142499.345523047,/rigid_bodies.rigidbodies[2].pose.position.y,0.6535515797377998
28.673389457,1709142499.356371601,1709142499.355822971,/rigid_bodies.rigidbodies[2].pose.position.y,0.65346079320737
28.683605352,1709142499.366587496,1709142499.365958432,/rigid_bodies.rigidbodies[2].pose.position.y,0.6534379627702351
28.693666224,1709142499.376648368,1709142499.375973457,/rigid_bodies.rigidbodies[2].pose.position.y,0.653466190445147
28.703313738,1709142499.386295882,1709142499.385783727,/rigid_bodies.rigidbodies[2].pose.position.y,0.6534033911318735
28.713437063,1709142499.396419207,1709142499.395857767,/rigid_bodies.rigidbodies[2].pose.position.y,0.6535110791544926
28.723180654,1709142499.406162798,1709142499.405707644,/rigid_bodies.rigidbodies[2].pose.position.y,0.6535823548071463
28.733198746,1709142499.416180890,1709142499.415719499,/rigid_bodies.rigidbodies[2].pose.position.y,0.6534890894363181
28.743739007,1709142499.426721151,1709142499.426034814,/rigid_bodies.rigidbodies[2].pose.position.y,0.6535047024443098
28.753181466,1709142499.436163610,1709142499.435826322,/rigid_bodies.rigidbodies[2].pose.position.y,0.6534995066883988
28.763056392,1709142499.446038536,1709142499.445756590,/rigid_bodies.rigidbodies[2].pose.position.y,0.6534498485726231
28.772982276,1709142499.455964420,1709142499.455594844,/rigid_bodies.rigidbodies[2].pose.position.y,0.6535224489074679
28.783121103,1709142499.466103247,1709142499.465731925,/rigid_bodies.rigidbodies[2].pose.position.y,0.653566473376992
28.792835163,1709142499.475817307,1709142499.475512737,/rigid_bodies.rigidbodies[2].pose.position.y,0.6534779355493159
28.802987025,1709142499.485969169,1709142499.485643625,/rigid_bodies.rigidbodies[2].pose.position.y,0.6535410591535634
28.813037179,1709142499.496019323,1709142499.495671852,/rigid_bodies.rigidbodies[2].pose.position.y,0.6535002857589834
28.822814728,1709142499.505796872,1709142499.505493109,/rigid_bodies.rigidbodies[2].pose.position.y,0.6534457043517592
28.833220354,1709142499.516202498,1709142499.515734471,/rigid_bodies.rigidbodies[2].pose.position.y,0.6535051299168192
28.842944622,1709142499.525926766,1709142499.525561377,/rigid_bodies.rigidbodies[2].pose.position.y,0.653502538290219
28.853019084,1709142499.536001228,1709142499.535606457,/rigid_bodies.rigidbodies[2].pose.position.y,0.6534829786434573
28.863310366,1709142499.546292510,1709142499.545719625,/rigid_bodies.rigidbodies[2].pose.position.y,0.6535524919129648
28.872723108,1709142499.555705252,1709142499.555450405,/rigid_bodies.rigidbodies[2].pose.position.y,0.6534461611933858
28.882851585,1709142499.565833729,1709142499.565488993,/rigid_bodies.rigidbodies[2].pose.position.y,0.6534115082379361
28.892938575,1709142499.575920719,1709142499.575661232,/rigid_bodies.rigidbodies[2].pose.position.y,0.653502037048828
28.902833022,1709142499.585815166,1709142499.585496462,/rigid_bodies.rigidbodies[2].pose.position.y,0.6534705426090798
28.912960401,1709142499.595942545,1709142499.595696643,/rigid_bodies.rigidbodies[2].pose.position.y,0.6535124717785887
28.92275045,1709142499.605732594,1709142499.605519027,/rigid_bodies.rigidbodies[2].pose.position.y,0.6535443772884788
28.932775894,1709142499.615758038,1709142499.615526590,/rigid_bodies.rigidbodies[2].pose.position.y,0.6534800918338844
28.942825509,1709142499.625807653,1709142499.625542533,/rigid_bodies.rigidbodies[2].pose.position.y,0.6534799861031447
28.952775687,1709142499.635757831,1709142499.635474204,/rigid_bodies.rigidbodies[2].pose.position.y,0.6535615709564168
28.962740103,1709142499.645722247,1709142499.645456114,/rigid_bodies.rigidbodies[2].pose.position.y,0.6535096068168893
28.972821624,1709142499.655803768,1709142499.655493650,/rigid_bodies.rigidbodies[2].pose.position.y,0.6534822959648698
28.983147253,1709142499.666129397,1709142499.665637234,/rigid_bodies.rigidbodies[2].pose.position.y,0.6534562395371969
28.99343579,1709142499.676417934,1709142499.675808129,/rigid_bodies.rigidbodies[2].pose.position.y,0.6534157849379728
29.003344425,1709142499.686326569,1709142499.685776977,/rigid_bodies.rigidbodies[2].pose.position.y,0.6534305050350327
29.013265278,1709142499.696247422,1709142499.695714543,/rigid_bodies.rigidbodies[2].pose.position.y,0.6534703773036005
29.023619166,1709142499.706601310,1709142499.705924332,/rigid_bodies.rigidbodies[2].pose.position.y,0.6534511760598922
29.033442369,1709142499.716424513,1709142499.715883562,/rigid_bodies.rigidbodies[2].pose.position.y,0.6535055324721251
29.043192,1709142499.726174144,1709142499.725695981,/rigid_bodies.rigidbodies[2].pose.position.y,0.6535223789454943
29.053589877,1709142499.736572021,1709142499.735887636,/rigid_bodies.rigidbodies[2].pose.position.y,0.6535209395889068
29.063358243,1709142499.746340387,1709142499.745730179,/rigid_bodies.rigidbodies[2].pose.position.y,0.6535359579985262
29.073201742,1709142499.756183886,1709142499.755774914,/rigid_bodies.rigidbodies[2].pose.position.y,0.6535476082261975
29.083293505,1709142499.766275649,1709142499.765759878,/rigid_bodies.rigidbodies[2].pose.position.y,0.6535091977285928
29.093167749,1709142499.776149893,1709142499.775672598,/rigid_bodies.rigidbodies[2].pose.position.y,0.6535010877709281
29.103366919,1709142499.786349063,1709142499.785778589,/rigid_bodies.rigidbodies[2].pose.position.y,0.6534676873091677
29.113207553,1709142499.796189697,1709142499.795667024,/rigid_bodies.rigidbodies[2].pose.position.y,0.6534124952977425
29.123795213,1709142499.806777357,1709142499.806052283,/rigid_bodies.rigidbodies[2].pose.position.y,0.6534746268455488
29.133313712,1709142499.816295856,1709142499.815735933,/rigid_bodies.rigidbodies[2].pose.position.y,0.6534642698771483
29.143234945,1709142499.826217089,1709142499.825705339,/rigid_bodies.rigidbodies[2].pose.position.y,0.6534685882945979
29.153710998,1709142499.836693142,1709142499.835967209,/rigid_bodies.rigidbodies[2].pose.position.y,0.6535210088680629
29.163377592,1709142499.846359736,1709142499.845783046,/rigid_bodies.rigidbodies[2].pose.position.y,0.6534419684350926
29.173375854,1709142499.856357998,1709142499.855821748,/rigid_bodies.rigidbodies[2].pose.position.y,0.6534670380936368
29.183871099,1709142499.866853243,1709142499.866049980,/rigid_bodies.rigidbodies[2].pose.position.y,0.6535182273738505
29.193197503,1709142499.876179647,1709142499.875606077,/rigid_bodies.rigidbodies[2].pose.position.y,0.6535204416487126
29.203436113,1709142499.886418257,1709142499.885822456,/rigid_bodies.rigidbodies[2].pose.position.y,0.6535082931295904
29.21298487,1709142499.895967014,1709142499.895578949,/rigid_bodies.rigidbodies[2].pose.position.y,0.653500388503548
29.222991788,1709142499.905973932,1709142499.905567068,/rigid_bodies.rigidbodies[2].pose.position.y,0.6535162483272344
29.233126199,1709142499.916108343,1709142499.915667121,/rigid_bodies.rigidbodies[2].pose.position.y,0.6535062274090463
29.243619132,1709142499.926601276,1709142499.925968132,/rigid_bodies.rigidbodies[2].pose.position.y,0.6534684054889255
29.253213617,1709142499.936195761,1709142499.935744433,/rigid_bodies.rigidbodies[2].pose.position.y,0.653468190322534
29.263070035,1709142499.946052179,1709142499.945622581,/rigid_bodies.rigidbodies[2].pose.position.y,0.6534158599042822
29.273097146,1709142499.956079290,1709142499.955724857,/rigid_bodies.rigidbodies[2].pose.position.y,0.6534532637844307
29.283146419,1709142499.966128563,1709142499.965713205,/rigid_bodies.rigidbodies[2].pose.position.y,0.6535113908230527
29.292984019,1709142499.975966163,1709142499.975623047,/rigid_bodies.rigidbodies[2].pose.position.y,0.6535076006735231
29.303179334,1709142499.986161478,1709142499.985783000,/rigid_bodies.rigidbodies[2].pose.position.y,0.6534886300258117
29.312987377,1709142499.995969521,1709142499.995558342,/rigid_bodies.rigidbodies[2].pose.position.y,0.6535150212881682
29.323449812,1709142500.006431956,1709142500.005848824,/rigid_bodies.rigidbodies[2].pose.position.y,0.653507073119256
29.333454382,1709142500.016436526,1709142500.015732166,/rigid_bodies.rigidbodies[2].pose.position.y,0.653509228382311
29.343165936,1709142500.026148080,1709142500.025593730,/rigid_bodies.rigidbodies[2].pose.position.y,0.6535025370355975
29.352803907,1709142500.035786051,1709142500.035419554,/rigid_bodies.rigidbodies[2].pose.position.y,0.6534420493084058
29.362815462,1709142500.045797606,1709142500.045409018,/rigid_bodies.rigidbodies[2].pose.position.y,0.6534136930076877
29.372809399,1709142500.055791543,1709142500.055415611,/rigid_bodies.rigidbodies[2].pose.position.y,0.6534638787864233
29.382711081,1709142500.065693225,1709142500.065452167,/rigid_bodies.rigidbodies[2].pose.position.y,0.6535078242910315
29.392757255,1709142500.075739399,1709142500.075525298,/rigid_bodies.rigidbodies[2].pose.position.y,0.6535567023268584
29.40277172,1709142500.085753864,1709142500.085532062,/rigid_bodies.rigidbodies[2].pose.position.y,0.6535155916265811
29.412634834,1709142500.095616978,1709142500.095353389,/rigid_bodies.rigidbodies[2].pose.position.y,0.6534669421828452
29.422846475,1709142500.105828619,1709142500.105523905,/rigid_bodies.rigidbodies[2].pose.position.y,0.6535106196570555
29.43293824,1709142500.115920384,1709142500.115575029,/rigid_bodies.rigidbodies[2].pose.position.y,0.653485336811037
29.443035711,1709142500.126017855,1709142500.125627650,/rigid_bodies.rigidbodies[2].pose.position.y,0.6535047283883929
29.453153911,1709142500.136136055,1709142500.135681591,/rigid_bodies.rigidbodies[2].pose.position.y,0.6534642079315635
29.463232674,1709142500.146214818,1709142500.145698134,/rigid_bodies.rigidbodies[2].pose.position.y,0.6534005026833128
29.473123243,1709142500.156105387,1709142500.155703123,/rigid_bodies.rigidbodies[2].pose.position.y,0.6534115813264092
29.482638747,1709142500.165620891,1709142500.165432684,/rigid_bodies.rigidbodies[2].pose.position.y,0.6535015485098277
29.493133828,1709142500.176115972,1709142500.175673421,/rigid_bodies.rigidbodies[2].pose.position.y,0.6535738726251694
29.503166393,1709142500.186148537,1709142500.185650724,/rigid_bodies.rigidbodies[2].pose.position.y,0.6535330109577647
29.513096725,1709142500.196078869,1709142500.195641704,/rigid_bodies.rigidbodies[2].pose.position.y,0.6535152846778629
29.523663614,1709142500.206645758,1709142500.205997195,/rigid_bodies.rigidbodies[2].pose.position.y,0.6534966606774798
29.533542002,1709142500.216524146,1709142500.215885565,/rigid_bodies.rigidbodies[2].pose.position.y,0.6534814704936448
29.543345861,1709142500.226328005,1709142500.225787567,/rigid_bodies.rigidbodies[2].pose.position.y,0.6535635946357835
29.553220469,1709142500.236202613,1709142500.235705765,/rigid_bodies.rigidbodies[2].pose.position.y,0.6535135811920884
29.563257196,1709142500.246239340,1709142500.245736334,/rigid_bodies.rigidbodies[2].pose.position.y,0.6534693813661514
29.573182415,1709142500.256164559,1709142500.255768118,/rigid_bodies.rigidbodies[2].pose.position.y,0.6534620259286669
29.583700607,1709142500.266682751,1709142500.266044245,/rigid_bodies.rigidbodies[2].pose.position.y,0.6533937557124
29.593323904000002,1709142500.276306048,1709142500.275800415,/rigid_bodies.rigidbodies[2].pose.position.y,0.6534244678589559
29.603851423000002,1709142500.286833567,1709142500.285991959,/rigid_bodies.rigidbodies[2].pose.position.y,0.6534883596776572
29.61348897,1709142500.296471114,1709142500.295951145,/rigid_bodies.rigidbodies[2].pose.position.y,0.6534527016622755
29.623196986,1709142500.306179130,1709142500.305788069,/rigid_bodies.rigidbodies[2].pose.position.y,0.6534589650035749
29.6334724,1709142500.316454544,1709142500.315852334,/rigid_bodies.rigidbodies[2].pose.position.y,0.6535969676213997
29.643503463000002,1709142500.326485607,1709142500.325875394,/rigid_bodies.rigidbodies[2].pose.position.y,0.6535579667921483
29.652993834,1709142500.335975978,1709142500.335598199,/rigid_bodies.rigidbodies[2].pose.position.y,0.6535457281782686
29.663035113,1709142500.346017257,1709142500.345645054,/rigid_bodies.rigidbodies[2].pose.position.y,0.6535603574899599
29.673201554,1709142500.356183698,1709142500.355743259,/rigid_bodies.rigidbodies[2].pose.position.y,0.6534485335080782
29.682970359,1709142500.365952503,1709142500.365576710,/rigid_bodies.rigidbodies[2].pose.position.y,0.6534396515806448
29.693260319,1709142500.376242463,1709142500.375772934,/rigid_bodies.rigidbodies[2].pose.position.y,0.6534720571533815
29.703396627,1709142500.386378771,1709142500.385874501,/rigid_bodies.rigidbodies[2].pose.position.y,0.653426145860953
29.71316041,1709142500.396142554,1709142500.395690254,/rigid_bodies.rigidbodies[2].pose.position.y,0.6534446739639509
29.723101162,1709142500.406083306,1709142500.405624806,/rigid_bodies.rigidbodies[2].pose.position.y,0.6534399017224714
29.733416494,1709142500.416398638,1709142500.415826508,/rigid_bodies.rigidbodies[2].pose.position.y,0.653438730429263
29.742999126,1709142500.425981270,1709142500.425566522,/rigid_bodies.rigidbodies[2].pose.position.y,0.6535437238365649
29.753337343,1709142500.436319487,1709142500.435784858,/rigid_bodies.rigidbodies[2].pose.position.y,0.6536149356936026
29.763036402,1709142500.446018546,1709142500.445626068,/rigid_bodies.rigidbodies[2].pose.position.y,0.6535842630392933
29.773074155,1709142500.456056299,1709142500.455664448,/rigid_bodies.rigidbodies[2].pose.position.y,0.6536402678328881
29.783302086,1709142500.466284230,1709142500.465878521,/rigid_bodies.rigidbodies[2].pose.position.y,0.6534933374989027
29.793149061,1709142500.476131205,1709142500.475672967,/rigid_bodies.rigidbodies[2].pose.position.y,0.653413504123729
29.803214953,1709142500.486197097,1709142500.485791292,/rigid_bodies.rigidbodies[2].pose.position.y,0.6534889653985052
29.813086187,1709142500.496068331,1709142500.495692438,/rigid_bodies.rigidbodies[2].pose.position.y,0.653463309712441
29.82346611,1709142500.506448254,1709142500.505877291,/rigid_bodies.rigidbodies[2].pose.position.y,0.6534303934193555
29.841739145,1709142500.524721289,1709142500.524256578,/rigid_bodies.rigidbodies[2].pose.position.y,0.6535877389441647
29.843111759,1709142500.526093903,1709142500.525701910,/rigid_bodies.rigidbodies[2].pose.position.y,0.653479915584113
29.853687844,1709142500.536669988,1709142500.536141278,/rigid_bodies.rigidbodies[2].pose.position.y,0.6534437780372804
29.863235129,1709142500.546217273,1709142500.545813074,/rigid_bodies.rigidbodies[2].pose.position.y,0.6535255491500617
29.87315485,1709142500.556136994,1709142500.555783544,/rigid_bodies.rigidbodies[2].pose.position.y,0.6534960508695966
29.88351713,1709142500.566499274,1709142500.565990571,/rigid_bodies.rigidbodies[2].pose.position.y,0.6535040743305035
29.89330105,1709142500.576283194,1709142500.575833575,/rigid_bodies.rigidbodies[2].pose.position.y,0.6535452288322363
29.903281366,1709142500.586263510,1709142500.585878622,/rigid_bodies.rigidbodies[2].pose.position.y,0.653536288415402
29.913181891,1709142500.596164035,1709142500.595710242,/rigid_bodies.rigidbodies[2].pose.position.y,0.6535040943911475
29.922919429,1709142500.605901573,1709142500.605543316,/rigid_bodies.rigidbodies[2].pose.position.y,0.6534671513129872
29.933282009,1709142500.616264153,1709142500.615798534,/rigid_bodies.rigidbodies[2].pose.position.y,0.6533892503777784
29.942993624,1709142500.625975768,1709142500.625611792,/rigid_bodies.rigidbodies[2].pose.position.y,0.6534493951969823
29.953636964,1709142500.636619108,1709142500.635967719,/rigid_bodies.rigidbodies[2].pose.position.y,0.6535455900136812
29.963286681,1709142500.646268825,1709142500.645771100,/rigid_bodies.rigidbodies[2].pose.position.y,0.6535043870401903
29.973136767,1709142500.656118911,1709142500.655687885,/rigid_bodies.rigidbodies[2].pose.position.y,0.6535248711986366
29.983588869000002,1709142500.666571013,1709142500.665843037,/rigid_bodies.rigidbodies[2].pose.position.y,0.6535118180133825
29.993228046,1709142500.676210190,1709142500.675671446,/rigid_bodies.rigidbodies[2].pose.position.y,0.6534095575842602
30.003104479,1709142500.686086623,1709142500.685742790,/rigid_bodies.rigidbodies[2].pose.position.y,0.6535589198171506
30.013305251,1709142500.696287395,1709142500.695847130,/rigid_bodies.rigidbodies[2].pose.position.y,0.6535280351610598
30.023234408,1709142500.706216552,1709142500.705810242,/rigid_bodies.rigidbodies[2].pose.position.y,0.653481311628757
30.033540502,1709142500.716522646,1709142500.715997062,/rigid_bodies.rigidbodies[2].pose.position.y,0.6535287444707086
30.04336794,1709142500.726350084,1709142500.725850236,/rigid_bodies.rigidbodies[2].pose.position.y,0.6534776342603074
30.053186043,1709142500.736168187,1709142500.735709075,/rigid_bodies.rigidbodies[2].pose.position.y,0.6534084216443673
30.063094321,1709142500.746076465,1709142500.745709948,/rigid_bodies.rigidbodies[2].pose.position.y,0.6535085022098032
30.073170293,1709142500.756152437,1709142500.755755748,/rigid_bodies.rigidbodies[2].pose.position.y,0.6535500076510684
30.083219803,1709142500.766201947,1709142500.765795048,/rigid_bodies.rigidbodies[2].pose.position.y,0.653469364618594
30.093701819,1709142500.776683963,1709142500.776103678,/rigid_bodies.rigidbodies[2].pose.position.y,0.6535482455689192
30.103130388,1709142500.786112532,1709142500.785731818,/rigid_bodies.rigidbodies[2].pose.position.y,0.6535588534230566
30.11312885,1709142500.796110994,1709142500.795719538,/rigid_bodies.rigidbodies[2].pose.position.y,0.6534939437246671
30.123665945,1709142500.806648089,1709142500.806026884,/rigid_bodies.rigidbodies[2].pose.position.y,0.6534961296664336
30.133150408,1709142500.816132552,1709142500.815682222,/rigid_bodies.rigidbodies[2].pose.position.y,0.6533850486231032
30.143227422,1709142500.826209566,1709142500.825709729,/rigid_bodies.rigidbodies[2].pose.position.y,0.6533593035330647
30.153453215,1709142500.836435359,1709142500.835862638,/rigid_bodies.rigidbodies[2].pose.position.y,0.6534918277844552
30.16313605,1709142500.846118194,1709142500.845601204,/rigid_bodies.rigidbodies[2].pose.position.y,0.6534798210062338
30.173218597,1709142500.856200741,1709142500.855692496,/rigid_bodies.rigidbodies[2].pose.position.y,0.6534866776439596
30.183520701,1709142500.866502845,1709142500.865827767,/rigid_bodies.rigidbodies[2].pose.position.y,0.6535174298662112
30.193381801,1709142500.876363945,1709142500.875805290,/rigid_bodies.rigidbodies[2].pose.position.y,0.6534328624793634
30.203465914,1709142500.886448058,1709142500.885889610,/rigid_bodies.rigidbodies[2].pose.position.y,0.653530090794783
30.213460273,1709142500.896442417,1709142500.895886206,/rigid_bodies.rigidbodies[2].pose.position.y,0.6536399837776563
30.223082911,1709142500.906065055,1709142500.905626513,/rigid_bodies.rigidbodies[2].pose.position.y,0.6536191545445733
30.233428672,1709142500.916410816,1709142500.915871611,/rigid_bodies.rigidbodies[2].pose.position.y,0.6535895117567606
30.243292178,1709142500.926274322,1709142500.925747153,/rigid_bodies.rigidbodies[2].pose.position.y,0.6534422746526719
30.253357856,1709142500.936340000,1709142500.935796706,/rigid_bodies.rigidbodies[2].pose.position.y,0.6532856058012602
30.263150217,1709142500.946132361,1709142500.945645722,/rigid_bodies.rigidbodies[2].pose.position.y,0.6533717384537171
30.273150142,1709142500.956132286,1709142500.955715517,/rigid_bodies.rigidbodies[2].pose.position.y,0.6534587120497436
30.283527674,1709142500.966509818,1709142500.965911762,/rigid_bodies.rigidbodies[2].pose.position.y,0.6533801649012471
30.292929955,1709142500.975912099,1709142500.975570567,/rigid_bodies.rigidbodies[2].pose.position.y,0.6534467329884831
30.303327034,1709142500.986309178,1709142500.985797025,/rigid_bodies.rigidbodies[2].pose.position.y,0.653500779634784
30.313194404,1709142500.996176548,1709142500.995737406,/rigid_bodies.rigidbodies[2].pose.position.y,0.6535669151992018
30.323158842,1709142501.006140986,1709142501.005718083,/rigid_bodies.rigidbodies[2].pose.position.y,0.6536213661220466
30.333336418000002,1709142501.016318562,1709142501.015810149,/rigid_bodies.rigidbodies[2].pose.position.y,0.6535910740551811
30.342944412,1709142501.025926556,1709142501.025570884,/rigid_bodies.rigidbodies[2].pose.position.y,0.6535162794635617
30.353078974,1709142501.036061118,1709142501.035625105,/rigid_bodies.rigidbodies[2].pose.position.y,0.6535521109549146
30.363136617,1709142501.046118761,1709142501.045604535,/rigid_bodies.rigidbodies[2].pose.position.y,0.6535117630213114
30.372924861,1709142501.055907005,1709142501.055511921,/rigid_bodies.rigidbodies[2].pose.position.y,0.6535164780098793
30.383026027,1709142501.066008171,1709142501.065625772,/rigid_bodies.rigidbodies[2].pose.position.y,0.65352025298371
30.393009904,1709142501.075992048,1709142501.075617043,/rigid_bodies.rigidbodies[2].pose.position.y,0.6534283832492218
30.402896367,1709142501.085878511,1709142501.085625130,/rigid_bodies.rigidbodies[2].pose.position.y,0.6533117428059908
30.413129139,1709142501.096111283,1709142501.095625094,/rigid_bodies.rigidbodies[2].pose.position.y,0.6534473888972827
30.42304429,1709142501.106026434,1709142501.105573423,/rigid_bodies.rigidbodies[2].pose.position.y,0.6535027204510481
30.433506029,1709142501.116488173,1709142501.115853175,/rigid_bodies.rigidbodies[2].pose.position.y,0.6535031343363602
30.443255693,1709142501.126237837,1709142501.125699198,/rigid_bodies.rigidbodies[2].pose.position.y,0.6535280830757043
30.453100871,1709142501.136083015,1709142501.135609483,/rigid_bodies.rigidbodies[2].pose.position.y,0.6534895912659391
30.463165482,1709142501.146147626,1709142501.145654686,/rigid_bodies.rigidbodies[2].pose.position.y,0.6535047649115071
30.473249288,1709142501.156231432,1709142501.155753995,/rigid_bodies.rigidbodies[2].pose.position.y,0.6535430275167227
30.482970318,1709142501.165952462,1709142501.165624515,/rigid_bodies.rigidbodies[2].pose.position.y,0.6534947643793038
30.49339425,1709142501.176376394,1709142501.175774919,/rigid_bodies.rigidbodies[2].pose.position.y,0.6534725475021966
30.503362133,1709142501.186344277,1709142501.185846586,/rigid_bodies.rigidbodies[2].pose.position.y,0.6535110591180748
30.513019887,1709142501.196002031,1709142501.195623672,/rigid_bodies.rigidbodies[2].pose.position.y,0.6534743751158337
30.523292857,1709142501.206275001,1709142501.205681330,/rigid_bodies.rigidbodies[2].pose.position.y,0.6533797809791032
30.533254862,1709142501.216237006,1709142501.215672947,/rigid_bodies.rigidbodies[2].pose.position.y,0.6534859767025166
30.543145848,1709142501.226127992,1709142501.225653431,/rigid_bodies.rigidbodies[2].pose.position.y,0.6535621757800363
30.553076994,1709142501.236059138,1709142501.235618436,/rigid_bodies.rigidbodies[2].pose.position.y,0.6535108242495653
30.563010013,1709142501.245992157,1709142501.245561871,/rigid_bodies.rigidbodies[2].pose.position.y,0.653517142263941
30.573325171,1709142501.256307315,1709142501.255797030,/rigid_bodies.rigidbodies[2].pose.position.y,0.6534771405951875
30.583288716,1709142501.266270860,1709142501.265878534,/rigid_bodies.rigidbodies[2].pose.position.y,0.6535335605160064
30.593538608,1709142501.276520752,1709142501.276044181,/rigid_bodies.rigidbodies[2].pose.position.y,0.6534634793419059
30.603129612,1709142501.286111756,1709142501.285740090,/rigid_bodies.rigidbodies[2].pose.position.y,0.6533474935901069
30.613079603,1709142501.296061747,1709142501.295723682,/rigid_bodies.rigidbodies[2].pose.position.y,0.653447361505903
30.623399887,1709142501.306382031,1709142501.305948630,/rigid_bodies.rigidbodies[2].pose.position.y,0.6534974423404147
30.633282692,1709142501.316264836,1709142501.315843287,/rigid_bodies.rigidbodies[2].pose.position.y,0.6535069395158949
30.64299898,1709142501.325981124,1709142501.325628297,/rigid_bodies.rigidbodies[2].pose.position.y,0.6535419578627879
30.653231815,1709142501.336213959,1709142501.335793253,/rigid_bodies.rigidbodies[2].pose.position.y,0.6535555601292531
30.663156305,1709142501.346138449,1709142501.345787626,/rigid_bodies.rigidbodies[2].pose.position.y,0.653539771400667
30.673121426,1709142501.356103570,1709142501.355705489,/rigid_bodies.rigidbodies[2].pose.position.y,0.6535238076986776
30.683563471,1709142501.366545615,1709142501.366056507,/rigid_bodies.rigidbodies[2].pose.position.y,0.6535447724674596
30.69303967,1709142501.376021814,1709142501.375668660,/rigid_bodies.rigidbodies[2].pose.position.y,0.6535020712965673
30.703704522,1709142501.386686666,1709142501.386058236,/rigid_bodies.rigidbodies[2].pose.position.y,0.6534951222312058
30.713250156,1709142501.396232300,1709142501.395707146,/rigid_bodies.rigidbodies[2].pose.position.y,0.6533836319061481
30.723268071,1709142501.406250215,1709142501.405758090,/rigid_bodies.rigidbodies[2].pose.position.y,0.6533148691828577
30.733693107,1709142501.416675251,1709142501.416035224,/rigid_bodies.rigidbodies[2].pose.position.y,0.6534245340051811
30.743286445,1709142501.426268589,1709142501.425823919,/rigid_bodies.rigidbodies[2].pose.position.y,0.6534552953980635
30.75346317,1709142501.436445314,1709142501.435896902,/rigid_bodies.rigidbodies[2].pose.position.y,0.6534918176344356
30.762934165,1709142501.445916309,1709142501.445486228,/rigid_bodies.rigidbodies[2].pose.position.y,0.6535077325664799
30.77299449,1709142501.455976634,1709142501.455625587,/rigid_bodies.rigidbodies[2].pose.position.y,0.6534860480957095
30.783217672,1709142501.466199816,1709142501.465758797,/rigid_bodies.rigidbodies[2].pose.position.y,0.6535516241318956
30.79337758,1709142501.476359724,1709142501.475731164,/rigid_bodies.rigidbodies[2].pose.position.y,0.65363785114677
30.803088684,1709142501.486070828,1709142501.485688255,/rigid_bodies.rigidbodies[2].pose.position.y,0.6536362011423045
30.813145567,1709142501.496127711,1709142501.495712940,/rigid_bodies.rigidbodies[2].pose.position.y,0.6535620485963871
30.823331082,1709142501.506313226,1709142501.505834070,/rigid_bodies.rigidbodies[2].pose.position.y,0.6535375656661586
30.833577605,1709142501.516559749,1709142501.515970881,/rigid_bodies.rigidbodies[2].pose.position.y,0.6534177905895623
30.843238886,1709142501.526221030,1709142501.525823307,/rigid_bodies.rigidbodies[2].pose.position.y,0.6533527680003108
30.853449753,1709142501.536431897,1709142501.535898603,/rigid_bodies.rigidbodies[2].pose.position.y,0.6534211725196205
30.863164261,1709142501.546146405,1709142501.545674693,/rigid_bodies.rigidbodies[2].pose.position.y,0.6533418773549462
30.873063036,1709142501.556045180,1709142501.555780116,/rigid_bodies.rigidbodies[2].pose.position.y,0.6533557628612713
30.883184239,1709142501.566166383,1709142501.565832328,/rigid_bodies.rigidbodies[2].pose.position.y,0.6534656519375619
30.892648259,1709142501.575630403,1709142501.575502998,/rigid_bodies.rigidbodies[2].pose.position.y,0.6535173501248444
30.902954244,1709142501.585936388,1709142501.585643442,/rigid_bodies.rigidbodies[2].pose.position.y,0.6536107038380853
30.912817616,1709142501.595799760,1709142501.595585082,/rigid_bodies.rigidbodies[2].pose.position.y,0.6535976319841451
30.922951191,1709142501.605933335,1709142501.605667986,/rigid_bodies.rigidbodies[2].pose.position.y,0.6535068147022357
30.933111055,1709142501.616093199,1709142501.615737798,/rigid_bodies.rigidbodies[2].pose.position.y,0.653485444164254
30.943028166,1709142501.626010310,1709142501.625634564,/rigid_bodies.rigidbodies[2].pose.position.y,0.6535431399684141
30.953400523,1709142501.636382667,1709142501.635909574,/rigid_bodies.rigidbodies[2].pose.position.y,0.653516152664405
30.962975092,1709142501.645957236,1709142501.645653753,/rigid_bodies.rigidbodies[2].pose.position.y,0.6534114783720651
30.972928039,1709142501.655910183,1709142501.655617587,/rigid_bodies.rigidbodies[2].pose.position.y,0.6534289553288217
30.983048592,1709142501.666030736,1709142501.665658056,/rigid_bodies.rigidbodies[2].pose.position.y,0.65344291595958
30.993252226,1709142501.676234370,1709142501.675830609,/rigid_bodies.rigidbodies[2].pose.position.y,0.6534767031525492
31.003164539,1709142501.686146683,1709142501.685846015,/rigid_bodies.rigidbodies[2].pose.position.y,0.6534738527880553
31.013130138,1709142501.696112282,1709142501.695761703,/rigid_bodies.rigidbodies[2].pose.position.y,0.6534437999367039
31.023284416,1709142501.706266560,1709142501.705874920,/rigid_bodies.rigidbodies[2].pose.position.y,0.6535266363073455
31.033384108,1709142501.716366252,1709142501.715928653,/rigid_bodies.rigidbodies[2].pose.position.y,0.6534983891475802
31.043174304,1709142501.726156448,1709142501.725794914,/rigid_bodies.rigidbodies[2].pose.position.y,0.6535037878697013
31.053413188,1709142501.736395332,1709142501.735982757,/rigid_bodies.rigidbodies[2].pose.position.y,0.6535502481829388
31.06319627,1709142501.746178414,1709142501.745742090,/rigid_bodies.rigidbodies[2].pose.position.y,0.6535089236821529
31.073214187,1709142501.756196331,1709142501.755809100,/rigid_bodies.rigidbodies[2].pose.position.y,0.6534507043315987
31.083315311,1709142501.766297455,1709142501.765898328,/rigid_bodies.rigidbodies[2].pose.position.y,0.6534450455605278
31.093174976,1709142501.776157120,1709142501.775747308,/rigid_bodies.rigidbodies[2].pose.position.y,0.6535350473668647
31.103565493,1709142501.786547637,1709142501.786043456,/rigid_bodies.rigidbodies[2].pose.position.y,0.6535259974308738
31.113506462,1709142501.796488606,1709142501.796003705,/rigid_bodies.rigidbodies[2].pose.position.y,0.6535215351800654
31.123136813,1709142501.806118957,1709142501.805760150,/rigid_bodies.rigidbodies[2].pose.position.y,0.6534608671987998
31.133389801,1709142501.816371945,1709142501.815974002,/rigid_bodies.rigidbodies[2].pose.position.y,0.6534702264374982
31.143390897,1709142501.826373041,1709142501.826009793,/rigid_bodies.rigidbodies[2].pose.position.y,0.6535531668417696
31.15318037,1709142501.836162514,1709142501.835768940,/rigid_bodies.rigidbodies[2].pose.position.y,0.6534692776017311
31.16316863,1709142501.846150774,1709142501.845765265,/rigid_bodies.rigidbodies[2].pose.position.y,0.6534672961954684
31.17303376,1709142501.856015904,1709142501.855676756,/rigid_bodies.rigidbodies[2].pose.position.y,0.6535090370259365
31.183017262,1709142501.865999406,1709142501.865647977,/rigid_bodies.rigidbodies[2].pose.position.y,0.6534250513832632
31.193120413,1709142501.876102557,1709142501.875731465,/rigid_bodies.rigidbodies[2].pose.position.y,0.6533968141111315
31.203498079,1709142501.886480223,1709142501.885891431,/rigid_bodies.rigidbodies[2].pose.position.y,0.6534622618017941
31.213008626,1709142501.895990770,1709142501.895682441,/rigid_bodies.rigidbodies[2].pose.position.y,0.6535453796717531
31.223376328,1709142501.906358472,1709142501.905804946,/rigid_bodies.rigidbodies[2].pose.position.y,0.6535429683833613
31.233647827,1709142501.916629971,1709142501.915832180,/rigid_bodies.rigidbodies[2].pose.position.y,0.6535607441772201
31.243157656,1709142501.926139800,1709142501.925690648,/rigid_bodies.rigidbodies[2].pose.position.y,0.653538230268104
31.253180634,1709142501.936162778,1709142501.935712080,/rigid_bodies.rigidbodies[2].pose.position.y,0.6534880359378062
31.263254702,1709142501.946236846,1709142501.945724291,/rigid_bodies.rigidbodies[2].pose.position.y,0.6535328856549034
31.273070029,1709142501.956052173,1709142501.955676087,/rigid_bodies.rigidbodies[2].pose.position.y,0.6535127390188428
31.28314144,1709142501.966123584,1709142501.965734205,/rigid_bodies.rigidbodies[2].pose.position.y,0.6535052210402384
31.293340453,1709142501.976322597,1709142501.975888708,/rigid_bodies.rigidbodies[2].pose.position.y,0.653489994600136
31.303137696,1709142501.986119840,1709142501.985754671,/rigid_bodies.rigidbodies[2].pose.position.y,0.6533815736628701
31.313218893,1709142501.996201037,1709142501.995825121,/rigid_bodies.rigidbodies[2].pose.position.y,0.653368290004233
31.323521815,1709142502.006503959,1709142502.006031702,/rigid_bodies.rigidbodies[2].pose.position.y,0.6533948304233388
31.333283397,1709142502.016265541,1709142502.015794608,/rigid_bodies.rigidbodies[2].pose.position.y,0.653443004069963
31.343338167,1709142502.026320311,1709142502.025822607,/rigid_bodies.rigidbodies[2].pose.position.y,0.6534682420503389
31.353023843,1709142502.036005987,1709142502.035680867,/rigid_bodies.rigidbodies[2].pose.position.y,0.6535614480057921
31.362783608,1709142502.045765752,1709142502.045513315,/rigid_bodies.rigidbodies[2].pose.position.y,0.653590537947226
31.372809506,1709142502.055791650,1709142502.055552766,/rigid_bodies.rigidbodies[2].pose.position.y,0.6536262464997278
31.383002586,1709142502.065984730,1709142502.065655318,/rigid_bodies.rigidbodies[2].pose.position.y,0.6535559710122651
31.39288948,1709142502.075871624,1709142502.075661494,/rigid_bodies.rigidbodies[2].pose.position.y,0.6534191851853252
31.402750738,1709142502.085732882,1709142502.085509435,/rigid_bodies.rigidbodies[2].pose.position.y,0.6534694328320227
31.412780318,1709142502.095762462,1709142502.095527426,/rigid_bodies.rigidbodies[2].pose.position.y,0.6534814797995915
31.422874697,1709142502.105856841,1709142502.105510995,/rigid_bodies.rigidbodies[2].pose.position.y,0.6534203878956525
31.43285954,1709142502.115841684,1709142502.115578665,/rigid_bodies.rigidbodies[2].pose.position.y,0.6534960986690662
31.443061637,1709142502.126043781,1709142502.125638361,/rigid_bodies.rigidbodies[2].pose.position.y,0.6533727087267729
31.453228871,1709142502.136211015,1709142502.135784335,/rigid_bodies.rigidbodies[2].pose.position.y,0.6533257272620351
31.463256871,1709142502.146239015,1709142502.145818429,/rigid_bodies.rigidbodies[2].pose.position.y,0.6534599531055085
31.473073369,1709142502.156055513,1709142502.155745352,/rigid_bodies.rigidbodies[2].pose.position.y,0.6535769423875788
31.483260741,1709142502.166242885,1709142502.165904036,/rigid_bodies.rigidbodies[2].pose.position.y,0.6535849655663775
31.492795356,1709142502.175777500,1709142502.175578577,/rigid_bodies.rigidbodies[2].pose.position.y,0.6535265465980568
31.502682668,1709142502.185664812,1709142502.185437632,/rigid_bodies.rigidbodies[2].pose.position.y,0.653537543301104
31.512841335,1709142502.195823479,1709142502.195538124,/rigid_bodies.rigidbodies[2].pose.position.y,0.6534904411517253
31.523082451,1709142502.206064595,1709142502.205609834,/rigid_bodies.rigidbodies[2].pose.position.y,0.6535251065133604
31.533514822,1709142502.216496966,1709142502.215838497,/rigid_bodies.rigidbodies[2].pose.position.y,0.653521254840137
31.543183357,1709142502.226165501,1709142502.225637358,/rigid_bodies.rigidbodies[2].pose.position.y,0.6534468505483078
31.553107925,1709142502.236090069,1709142502.235639493,/rigid_bodies.rigidbodies[2].pose.position.y,0.6534726440504963
31.563281448,1709142502.246263592,1709142502.245743597,/rigid_bodies.rigidbodies[2].pose.position.y,0.6534239528443289
31.57312859,1709142502.256110734,1709142502.255665189,/rigid_bodies.rigidbodies[2].pose.position.y,0.6534389004609689
31.583212824,1709142502.266194968,1709142502.265722360,/rigid_bodies.rigidbodies[2].pose.position.y,0.6534732972165082
31.593082269,1709142502.276064413,1709142502.275701924,/rigid_bodies.rigidbodies[2].pose.position.y,0.653444565869732
31.602945841,1709142502.285927985,1709142502.285617878,/rigid_bodies.rigidbodies[2].pose.position.y,0.6534745789613082
31.61297483,1709142502.295956974,1709142502.295555582,/rigid_bodies.rigidbodies[2].pose.position.y,0.6535280026721089
31.623578408,1709142502.306560552,1709142502.305891202,/rigid_bodies.rigidbodies[2].pose.position.y,0.653565563927127
31.633383433,1709142502.316365577,1709142502.315836450,/rigid_bodies.rigidbodies[2].pose.position.y,0.6535619262983412
31.642929954,1709142502.325912098,1709142502.325571991,/rigid_bodies.rigidbodies[2].pose.position.y,0.6535004833917097
31.653642065,1709142502.336624209,1709142502.335922987,/rigid_bodies.rigidbodies[2].pose.position.y,0.6534142416130825
31.663250329,1709142502.346232473,1709142502.345670142,/rigid_bodies.rigidbodies[2].pose.position.y,0.653439936901234
31.672961479,1709142502.355943623,1709142502.355566113,/rigid_bodies.rigidbodies[2].pose.position.y,0.6535438709504602
31.683211984,1709142502.366194128,1709142502.365723580,/rigid_bodies.rigidbodies[2].pose.position.y,0.6535073772296074
31.693056603,1709142502.376038747,1709142502.375636602,/rigid_bodies.rigidbodies[2].pose.position.y,0.6535078128101105
31.703020051,1709142502.386002195,1709142502.385598145,/rigid_bodies.rigidbodies[2].pose.position.y,0.6535205736120206
31.713066067,1709142502.396048211,1709142502.395621416,/rigid_bodies.rigidbodies[2].pose.position.y,0.6534485968692425
31.723146205,1709142502.406128349,1709142502.405730494,/rigid_bodies.rigidbodies[2].pose.position.y,0.6534973594210487
31.732985039,1709142502.415967183,1709142502.415596281,/rigid_bodies.rigidbodies[2].pose.position.y,0.6535099101198768
31.743150301,1709142502.426132445,1709142502.425819110,/rigid_bodies.rigidbodies[2].pose.position.y,0.6534669688804062
31.753165676000002,1709142502.436147820,1709142502.435789139,/rigid_bodies.rigidbodies[2].pose.position.y,0.6534828147527411
31.762818127,1709142502.445800271,1709142502.445548999,/rigid_bodies.rigidbodies[2].pose.position.y,0.6535228773733608
31.773018136,1709142502.456000280,1709142502.455590880,/rigid_bodies.rigidbodies[2].pose.position.y,0.6535084921909139
31.783257658,1709142502.466239802,1709142502.465687486,/rigid_bodies.rigidbodies[2].pose.position.y,0.6534922017802721
31.792879199,1709142502.475861343,1709142502.475567753,/rigid_bodies.rigidbodies[2].pose.position.y,0.6535089925611011
31.803146006,1709142502.486128150,1709142502.485736625,/rigid_bodies.rigidbodies[2].pose.position.y,0.6534431722456984
31.825319619,1709142502.508301763,1709142502.507970172,/rigid_bodies.rigidbodies[2].pose.position.y,0.6534578327122401
31.827764513,1709142502.510746657,1709142502.510486550,/rigid_bodies.rigidbodies[2].pose.position.y,0.6534913000188088
31.833542904,1709142502.516525048,1709142502.516058423,/rigid_bodies.rigidbodies[2].pose.position.y,0.6534656625106701
31.843093261,1709142502.526075405,1709142502.525725027,/rigid_bodies.rigidbodies[2].pose.position.y,0.6535603010159916
31.853075207,1709142502.536057351,1709142502.535736498,/rigid_bodies.rigidbodies[2].pose.position.y,0.6534973499040485
31.862905226,1709142502.545887370,1709142502.545634492,/rigid_bodies.rigidbodies[2].pose.position.y,0.653435493914332
31.873196897,1709142502.556179041,1709142502.555761400,/rigid_bodies.rigidbodies[2].pose.position.y,0.6534928572977448
31.883383018,1709142502.566365162,1709142502.565829151,/rigid_bodies.rigidbodies[2].pose.position.y,0.6534864533928334
31.893237035,1709142502.576219179,1709142502.575733727,/rigid_bodies.rigidbodies[2].pose.position.y,0.6534843382269788
31.903524379,1709142502.586506523,1709142502.585900666,/rigid_bodies.rigidbodies[2].pose.position.y,0.6535003536220679
31.913347364,1709142502.596329508,1709142502.595862163,/rigid_bodies.rigidbodies[2].pose.position.y,0.6534248202344736
31.923203732,1709142502.606185876,1709142502.605764522,/rigid_bodies.rigidbodies[2].pose.position.y,0.6533972672918531
31.933490284,1709142502.616472428,1709142502.615962864,/rigid_bodies.rigidbodies[2].pose.position.y,0.6534546657021458
31.943210946,1709142502.626193090,1709142502.625813027,/rigid_bodies.rigidbodies[2].pose.position.y,0.6534694874844341
31.953130044,1709142502.636112188,1709142502.635734236,/rigid_bodies.rigidbodies[2].pose.position.y,0.6535512519238901
31.963149094,1709142502.646131238,1709142502.645733116,/rigid_bodies.rigidbodies[2].pose.position.y,0.6536106878935459
31.973088499,1709142502.656070643,1709142502.655751505,/rigid_bodies.rigidbodies[2].pose.position.y,0.6534601838609195
31.982978885,1709142502.665961029,1709142502.665653034,/rigid_bodies.rigidbodies[2].pose.position.y,0.6535179248470036
31.993086127,1709142502.676068271,1709142502.675649350,/rigid_bodies.rigidbodies[2].pose.position.y,0.6535444664153893
32.003102432,1709142502.686084576,1709142502.685695513,/rigid_bodies.rigidbodies[2].pose.position.y,0.6535248431709211
32.01319257,1709142502.696174714,1709142502.695741219,/rigid_bodies.rigidbodies[2].pose.position.y,0.6535464108021796
32.02293023,1709142502.705912374,1709142502.705580194,/rigid_bodies.rigidbodies[2].pose.position.y,0.6535317517726902
32.033631008,1709142502.716613152,1709142502.716026236,/rigid_bodies.rigidbodies[2].pose.position.y,0.6534062653341837
32.043231052,1709142502.726213196,1709142502.725821847,/rigid_bodies.rigidbodies[2].pose.position.y,0.6534415990828781
32.053068018,1709142502.736050162,1709142502.735694117,/rigid_bodies.rigidbodies[2].pose.position.y,0.6534679815124874
32.063114873,1709142502.746097017,1709142502.745703134,/rigid_bodies.rigidbodies[2].pose.position.y,0.6534019280984339
32.072934516,1709142502.755916660,1709142502.755633684,/rigid_bodies.rigidbodies[2].pose.position.y,0.6535023034018806
32.083092569,1709142502.766074713,1709142502.765700760,/rigid_bodies.rigidbodies[2].pose.position.y,0.6535437430321275
32.092786527,1709142502.775768671,1709142502.775515634,/rigid_bodies.rigidbodies[2].pose.position.y,0.6534655222595235
32.10289895,1709142502.785881094,1709142502.785614424,/rigid_bodies.rigidbodies[2].pose.position.y,0.6535568669768276
32.113067603,1709142502.796049747,1709142502.795671639,/rigid_bodies.rigidbodies[2].pose.position.y,0.6535411519987789
32.12322856,1709142502.806210704,1709142502.805681477,/rigid_bodies.rigidbodies[2].pose.position.y,0.6534453378641552
32.132985721,1709142502.815967865,1709142502.815545123,/rigid_bodies.rigidbodies[2].pose.position.y,0.653538508702473
32.143183444,1709142502.826165588,1709142502.825620490,/rigid_bodies.rigidbodies[2].pose.position.y,0.6535493629675589
32.153381607,1709142502.836363751,1709142502.835740312,/rigid_bodies.rigidbodies[2].pose.position.y,0.6535297223607786
32.163096037,1709142502.846078181,1709142502.845631257,/rigid_bodies.rigidbodies[2].pose.position.y,0.6535245621505542
32.173332491,1709142502.856314635,1709142502.855726758,/rigid_bodies.rigidbodies[2].pose.position.y,0.6534141307034937
32.183383689,1709142502.866365833,1709142502.865796622,/rigid_bodies.rigidbodies[2].pose.position.y,0.6533734331491827
32.193043534,1709142502.876025678,1709142502.875638267,/rigid_bodies.rigidbodies[2].pose.position.y,0.6534752051629513
32.203005931,1709142502.885988075,1709142502.885666753,/rigid_bodies.rigidbodies[2].pose.position.y,0.6535280600417002
32.213306524,1709142502.896288668,1709142502.895924345,/rigid_bodies.rigidbodies[2].pose.position.y,0.6535047131292682
32.222965983,1709142502.905948127,1709142502.905666317,/rigid_bodies.rigidbodies[2].pose.position.y,0.6535614207482732
32.233087649,1709142502.916069793,1709142502.915711088,/rigid_bodies.rigidbodies[2].pose.position.y,0.6534514597216003
32.243043926,1709142502.926026070,1709142502.925602259,/rigid_bodies.rigidbodies[2].pose.position.y,0.653441386309761
32.253374146,1709142502.936356290,1709142502.935957987,/rigid_bodies.rigidbodies[2].pose.position.y,0.6535239340462252
32.263089951,1709142502.946072095,1709142502.945691600,/rigid_bodies.rigidbodies[2].pose.position.y,0.6534765731831089
32.272968998,1709142502.955951142,1709142502.955601223,/rigid_bodies.rigidbodies[2].pose.position.y,0.6535018859775293
32.283288203,1709142502.966270347,1709142502.965838922,/rigid_bodies.rigidbodies[2].pose.position.y,0.6535447852048352
32.293437984,1709142502.976420128,1709142502.975885250,/rigid_bodies.rigidbodies[2].pose.position.y,0.6535044909022181
32.303316873,1709142502.986299017,1709142502.985761005,/rigid_bodies.rigidbodies[2].pose.position.y,0.6534992385865217
32.313173096,1709142502.996155240,1709142502.995664198,/rigid_bodies.rigidbodies[2].pose.position.y,0.6534575552366445
32.323424188,1709142503.006406332,1709142503.005860731,/rigid_bodies.rigidbodies[2].pose.position.y,0.6534741694642711
32.333628925,1709142503.016611069,1709142503.015926948,/rigid_bodies.rigidbodies[2].pose.position.y,0.6534592392241353
32.343126598,1709142503.026108742,1709142503.025611772,/rigid_bodies.rigidbodies[2].pose.position.y,0.65349994765349
32.353660523,1709142503.036642667,1709142503.035917009,/rigid_bodies.rigidbodies[2].pose.position.y,0.65341766641842
32.363199841,1709142503.046181985,1709142503.045661513,/rigid_bodies.rigidbodies[2].pose.position.y,0.6534035336049879
32.373023351,1709142503.056005495,1709142503.055605676,/rigid_bodies.rigidbodies[2].pose.position.y,0.6535245774653095
32.383437573,1709142503.066419717,1709142503.065919850,/rigid_bodies.rigidbodies[2].pose.position.y,0.6534979284766745
32.39346409,1709142503.076446234,1709142503.075981454,/rigid_bodies.rigidbodies[2].pose.position.y,0.6535760032816937
32.403053584,1709142503.086035728,1709142503.085720571,/rigid_bodies.rigidbodies[2].pose.position.y,0.6535518223808965
32.41329602,1709142503.096278164,1709142503.095915134,/rigid_bodies.rigidbodies[2].pose.position.y,0.6534852652570967
32.423420421,1709142503.106402565,1709142503.106026177,/rigid_bodies.rigidbodies[2].pose.position.y,0.6535071463718728
32.433421095,1709142503.116403239,1709142503.115977124,/rigid_bodies.rigidbodies[2].pose.position.y,0.6534389357706964
32.443077951,1709142503.126060095,1709142503.125822589,/rigid_bodies.rigidbodies[2].pose.position.y,0.6534582239486193
32.453461988,1709142503.136444132,1709142503.136024880,/rigid_bodies.rigidbodies[2].pose.position.y,0.6535283024854585
32.46292033,1709142503.145902474,1709142503.145617275,/rigid_bodies.rigidbodies[2].pose.position.y,0.653478114981935
32.472948195,1709142503.155930339,1709142503.155654463,/rigid_bodies.rigidbodies[2].pose.position.y,0.6534743805715815
32.483211244,1709142503.166193388,1709142503.165761486,/rigid_bodies.rigidbodies[2].pose.position.y,0.6535628580936488
32.493181129,1709142503.176163273,1709142503.175704369,/rigid_bodies.rigidbodies[2].pose.position.y,0.6535197069706286
32.502986609,1709142503.185968753,1709142503.185640136,/rigid_bodies.rigidbodies[2].pose.position.y,0.6533907551390662
32.512910454,1709142503.195892598,1709142503.195560045,/rigid_bodies.rigidbodies[2].pose.position.y,0.653421291410069
32.523171859,1709142503.206154003,1709142503.205710172,/rigid_bodies.rigidbodies[2].pose.position.y,0.6534526891745795
32.53285414,1709142503.215836284,1709142503.215508324,/rigid_bodies.rigidbodies[2].pose.position.y,0.653464321150205
32.543128348,1709142503.226110492,1709142503.225700487,/rigid_bodies.rigidbodies[2].pose.position.y,0.653506337181811
32.553292937,1709142503.236275081,1709142503.235814527,/rigid_bodies.rigidbodies[2].pose.position.y,0.6534587294914238
32.563161057,1709142503.246143201,1709142503.245754873,/rigid_bodies.rigidbodies[2].pose.position.y,0.653508764012836
32.573200211,1709142503.256182355,1709142503.255722774,/rigid_bodies.rigidbodies[2].pose.position.y,0.6535405038388831
32.583293771,1709142503.266275915,1709142503.265724172,/rigid_bodies.rigidbodies[2].pose.position.y,0.6534828852948275
32.593207501,1709142503.276189645,1709142503.275699499,/rigid_bodies.rigidbodies[2].pose.position.y,0.6535366107929386
32.603320417,1709142503.286302561,1709142503.285772968,/rigid_bodies.rigidbodies[2].pose.position.y,0.653531585810182
32.613018105,1709142503.296000249,1709142503.295651089,/rigid_bodies.rigidbodies[2].pose.position.y,0.653479782678474
32.623019017,1709142503.306001161,1709142503.305630797,/rigid_bodies.rigidbodies[2].pose.position.y,0.653475294425933
32.633387182,1709142503.316369326,1709142503.315887885,/rigid_bodies.rigidbodies[2].pose.position.y,0.6535180414206918
32.643216687,1709142503.326198831,1709142503.325769173,/rigid_bodies.rigidbodies[2].pose.position.y,0.6534292290294278
32.653015659,1709142503.335997803,1709142503.335593288,/rigid_bodies.rigidbodies[2].pose.position.y,0.6534090261920688
32.663004681,1709142503.345986825,1709142503.345622239,/rigid_bodies.rigidbodies[2].pose.position.y,0.6534960173762877
32.672943906,1709142503.355926050,1709142503.355610238,/rigid_bodies.rigidbodies[2].pose.position.y,0.6534435306081791
32.682973569,1709142503.365955713,1709142503.365661478,/rigid_bodies.rigidbodies[2].pose.position.y,0.6535348340152957
32.693083238,1709142503.376065382,1709142503.375742706,/rigid_bodies.rigidbodies[2].pose.position.y,0.6535472464003165
32.70334258,1709142503.386324724,1709142503.385890580,/rigid_bodies.rigidbodies[2].pose.position.y,0.6534436759550557
32.713217942,1709142503.396200086,1709142503.395805939,/rigid_bodies.rigidbodies[2].pose.position.y,0.6535406332265729
32.723021023,1709142503.406003167,1709142503.405694972,/rigid_bodies.rigidbodies[2].pose.position.y,0.6535544390303337
32.73348337,1709142503.416465514,1709142503.415955379,/rigid_bodies.rigidbodies[2].pose.position.y,0.6535076374850559
32.74341465,1709142503.426396794,1709142503.425849757,/rigid_bodies.rigidbodies[2].pose.position.y,0.6535077235553642
32.753138824,1709142503.436120968,1709142503.435740006,/rigid_bodies.rigidbodies[2].pose.position.y,0.6534994933772461
32.763110725,1709142503.446092869,1709142503.445675911,/rigid_bodies.rigidbodies[2].pose.position.y,0.6534217329748789
32.773276073,1709142503.456258217,1709142503.455832909,/rigid_bodies.rigidbodies[2].pose.position.y,0.6534146040966409
32.783164867,1709142503.466147011,1709142503.465726975,/rigid_bodies.rigidbodies[2].pose.position.y,0.6533953279265198
32.793004723,1709142503.475986867,1709142503.475629969,/rigid_bodies.rigidbodies[2].pose.position.y,0.6533700770979234
32.803636536,1709142503.486618680,1709142503.485964959,/rigid_bodies.rigidbodies[2].pose.position.y,0.6534885641641831
32.813039039,1709142503.496021183,1709142503.495666914,/rigid_bodies.rigidbodies[2].pose.position.y,0.6535489061148537
32.823043101,1709142503.506025245,1709142503.505651035,/rigid_bodies.rigidbodies[2].pose.position.y,0.6535385229691164
32.833556683,1709142503.516538827,1709142503.515979190,/rigid_bodies.rigidbodies[2].pose.position.y,0.6535838713296908
32.843025447,1709142503.526007591,1709142503.525648416,/rigid_bodies.rigidbodies[2].pose.position.y,0.6534772739653302
32.853043613,1709142503.536025757,1709142503.535665509,/rigid_bodies.rigidbodies[2].pose.position.y,0.6535010445626066
32.862887965,1709142503.545870109,1709142503.545548828,/rigid_bodies.rigidbodies[2].pose.position.y,0.6535423578364571
32.872993383,1709142503.555975527,1709142503.555622615,/rigid_bodies.rigidbodies[2].pose.position.y,0.6535053670999704
32.883042265,1709142503.566024409,1709142503.565611879,/rigid_bodies.rigidbodies[2].pose.position.y,0.653459623591776
32.893341677,1709142503.576323821,1709142503.575916980,/rigid_bodies.rigidbodies[2].pose.position.y,0.6534580464681664
32.902961669,1709142503.585943813,1709142503.585639303,/rigid_bodies.rigidbodies[2].pose.position.y,0.6534409051982297
32.912903213,1709142503.595885357,1709142503.595634045,/rigid_bodies.rigidbodies[2].pose.position.y,0.653442004949526
32.922919603,1709142503.605901747,1709142503.605640788,/rigid_bodies.rigidbodies[2].pose.position.y,0.653528355458203
32.932647421,1709142503.615629565,1709142503.615465699,/rigid_bodies.rigidbodies[2].pose.position.y,0.6534970684711372
32.942752515,1709142503.625734659,1709142503.625505311,/rigid_bodies.rigidbodies[2].pose.position.y,0.6534327417834619
32.95315668,1709142503.636138824,1709142503.635755719,/rigid_bodies.rigidbodies[2].pose.position.y,0.6535412063803175
32.962924403,1709142503.645906547,1709142503.645619502,/rigid_bodies.rigidbodies[2].pose.position.y,0.6534882981852688
32.973167371,1709142503.656149515,1709142503.655836301,/rigid_bodies.rigidbodies[2].pose.position.y,0.6535156638708499
32.983113939,1709142503.666096083,1709142503.665791894,/rigid_bodies.rigidbodies[2].pose.position.y,0.6535741844600145
32.992900186,1709142503.675882330,1709142503.675637420,/rigid_bodies.rigidbodies[2].pose.position.y,0.6535560339400602
33.003194713,1709142503.686176857,1709142503.685846440,/rigid_bodies.rigidbodies[2].pose.position.y,0.6536788610563883
33.013051949,1709142503.696034093,1709142503.695715700,/rigid_bodies.rigidbodies[2].pose.position.y,0.6534874069923228
33.022930253,1709142503.705912397,1709142503.705630676,/rigid_bodies.rigidbodies[2].pose.position.y,0.6534283787500684
33.03340147,1709142503.716383614,1709142503.715932470,/rigid_bodies.rigidbodies[2].pose.position.y,0.6533723765412492
33.043047805,1709142503.726029949,1709142503.725721527,/rigid_bodies.rigidbodies[2].pose.position.y,0.6534321427190439
33.052928738,1709142503.735910882,1709142503.735629327,/rigid_bodies.rigidbodies[2].pose.position.y,0.6535260471888761
33.063060149,1709142503.746042293,1709142503.745732711,/rigid_bodies.rigidbodies[2].pose.position.y,0.653168609134576
33.072724173,1709142503.755706317,1709142503.755486515,/rigid_bodies.rigidbodies[2].pose.position.y,0.6541175442242857
33.082957613,1709142503.765939757,1709142503.765654832,/rigid_bodies.rigidbodies[2].pose.position.y,0.6534687522167816
33.09348692,1709142503.776469064,1709142503.775919552,/rigid_bodies.rigidbodies[2].pose.position.y,0.6535292200165815
33.103427011,1709142503.786409155,1709142503.785876812,/rigid_bodies.rigidbodies[2].pose.position.y,0.6535370560700858
33.113349647,1709142503.796331791,1709142503.795885152,/rigid_bodies.rigidbodies[2].pose.position.y,0.6534938087113322
33.123128721,1709142503.806110865,1709142503.805614242,/rigid_bodies.rigidbodies[2].pose.position.y,0.6535244525857298
33.133647551,1709142503.816629695,1709142503.815951244,/rigid_bodies.rigidbodies[2].pose.position.y,0.6532232284338615
33.142997151,1709142503.825979295,1709142503.825584777,/rigid_bodies.rigidbodies[2].pose.position.y,0.6533191447787122
33.153367448,1709142503.836349592,1709142503.835831168,/rigid_bodies.rigidbodies[2].pose.position.y,0.6534310421904215
33.162974413,1709142503.845956557,1709142503.845624372,/rigid_bodies.rigidbodies[2].pose.position.y,0.6534518687307991
33.173262971,1709142503.856245115,1709142503.855894535,/rigid_bodies.rigidbodies[2].pose.position.y,0.6534936958683627
33.1835008,1709142503.866482944,1709142503.865995053,/rigid_bodies.rigidbodies[2].pose.position.y,0.6535284018230518
33.193514107,1709142503.876496251,1709142503.875901870,/rigid_bodies.rigidbodies[2].pose.position.y,0.653468482142229
33.203592531,1709142503.886574675,1709142503.886049909,/rigid_bodies.rigidbodies[2].pose.position.y,0.6534709184048809
33.213353398,1709142503.896335542,1709142503.895884901,/rigid_bodies.rigidbodies[2].pose.position.y,0.6535531417061509
33.223014526,1709142503.905996670,1709142503.905639806,/rigid_bodies.rigidbodies[2].pose.position.y,0.6535729672637322
33.233182042,1709142503.916164186,1709142503.915718241,/rigid_bodies.rigidbodies[2].pose.position.y,0.6535258207227987
33.243190927,1709142503.926173071,1709142503.925741445,/rigid_bodies.rigidbodies[2].pose.position.y,0.6535490034568877
33.253394897,1709142503.936377041,1709142503.935853168,/rigid_bodies.rigidbodies[2].pose.position.y,0.6534977926701777
33.263065428,1709142503.946047572,1709142503.945625119,/rigid_bodies.rigidbodies[2].pose.position.y,0.6534738420317404
33.273193231,1709142503.956175375,1709142503.955704369,/rigid_bodies.rigidbodies[2].pose.position.y,0.6534379869272615
33.282876513,1709142503.965858657,1709142503.965539804,/rigid_bodies.rigidbodies[2].pose.position.y,0.6534054937733876
33.292891739,1709142503.975873883,1709142503.975463955,/rigid_bodies.rigidbodies[2].pose.position.y,0.6534689922655268
33.303361941,1709142503.986344085,1709142503.985812360,/rigid_bodies.rigidbodies[2].pose.position.y,0.6535026660767057
33.313531824,1709142503.996513968,1709142503.995946277,/rigid_bodies.rigidbodies[2].pose.position.y,0.6535203780002224
33.323434417,1709142504.006416561,1709142504.005880650,/rigid_bodies.rigidbodies[2].pose.position.y,0.6535128869955049
33.33308719,1709142504.016069334,1709142504.015682980,/rigid_bodies.rigidbodies[2].pose.position.y,0.6535684547054176
33.343329167,1709142504.026311311,1709142504.025832329,/rigid_bodies.rigidbodies[2].pose.position.y,0.6536042280877893
33.352824162,1709142504.035806306,1709142504.035559852,/rigid_bodies.rigidbodies[2].pose.position.y,0.6539452900053097
33.36298141,1709142504.045963554,1709142504.045657880,/rigid_bodies.rigidbodies[2].pose.position.y,0.6535458809993824
33.372606966,1709142504.055589110,1709142504.055383621,/rigid_bodies.rigidbodies[2].pose.position.y,0.6534569501797056
33.382854454,1709142504.065836598,1709142504.065463101,/rigid_bodies.rigidbodies[2].pose.position.y,0.6534861818539368
33.392887965,1709142504.075870109,1709142504.075593304,/rigid_bodies.rigidbodies[2].pose.position.y,0.6535208783432576
33.402808319,1709142504.085790463,1709142504.085460371,/rigid_bodies.rigidbodies[2].pose.position.y,0.6534317391576885
33.412639258,1709142504.095621402,1709142504.095375245,/rigid_bodies.rigidbodies[2].pose.position.y,0.6533167777411232
33.422528439,1709142504.105510583,1709142504.105381704,/rigid_bodies.rigidbodies[2].pose.position.y,0.6535046590371449
33.432578961,1709142504.115561105,1709142504.115391968,/rigid_bodies.rigidbodies[2].pose.position.y,0.6536581407385884
33.442844441,1709142504.125826585,1709142504.125609724,/rigid_bodies.rigidbodies[2].pose.position.y,0.6535152118260027
33.453045145,1709142504.136027289,1709142504.135644759,/rigid_bodies.rigidbodies[2].pose.position.y,0.6535109498370385
33.462930606,1709142504.145912750,1709142504.145651142,/rigid_bodies.rigidbodies[2].pose.position.y,0.6535252511722429
33.473110579,1709142504.156092723,1709142504.155712252,/rigid_bodies.rigidbodies[2].pose.position.y,0.6534966146352196
33.483067299,1709142504.166049443,1709142504.165670308,/rigid_bodies.rigidbodies[2].pose.position.y,0.6535299968174297
33.492996018,1709142504.175978162,1709142504.175623904,/rigid_bodies.rigidbodies[2].pose.position.y,0.6535166424114112
33.503276986,1709142504.186259130,1709142504.185836690,/rigid_bodies.rigidbodies[2].pose.position.y,0.6533132676901892
33.512940649,1709142504.195922793,1709142504.195699943,/rigid_bodies.rigidbodies[2].pose.position.y,0.6534536428474543
33.522865492,1709142504.205847636,1709142504.205622342,/rigid_bodies.rigidbodies[2].pose.position.y,0.6534497327177075
33.532695505,1709142504.215677649,1709142504.215450268,/rigid_bodies.rigidbodies[2].pose.position.y,0.653562477011554
33.542737356,1709142504.225719500,1709142504.225589044,/rigid_bodies.rigidbodies[2].pose.position.y,0.6535414947725396
33.552596079,1709142504.235578223,1709142504.235436333,/rigid_bodies.rigidbodies[2].pose.position.y,0.6534650754743776
33.562481099,1709142504.245463243,1709142504.245384238,/rigid_bodies.rigidbodies[2].pose.position.y,0.6534145636077786
33.572809401,1709142504.255791545,1709142504.255554126,/rigid_bodies.rigidbodies[2].pose.position.y,0.6534484282282496
33.583031212,1709142504.266013356,1709142504.265727567,/rigid_bodies.rigidbodies[2].pose.position.y,0.65348745178204
33.593163064,1709142504.276145208,1709142504.275686968,/rigid_bodies.rigidbodies[2].pose.position.y,0.653496099787272
33.603224676,1709142504.286206820,1709142504.285831549,/rigid_bodies.rigidbodies[2].pose.position.y,0.6535244633655453
33.613324579,1709142504.296306723,1709142504.295835682,/rigid_bodies.rigidbodies[2].pose.position.y,0.6534123127927903
33.623042735,1709142504.306024879,1709142504.305651731,/rigid_bodies.rigidbodies[2].pose.position.y,0.6534139963704857
33.633067759,1709142504.316049903,1709142504.315695374,/rigid_bodies.rigidbodies[2].pose.position.y,0.6534978514109683
33.643254347,1709142504.326236491,1709142504.325842516,/rigid_bodies.rigidbodies[2].pose.position.y,0.6535029792565864
33.653066438,1709142504.336048582,1709142504.335677530,/rigid_bodies.rigidbodies[2].pose.position.y,0.6535593421669634
33.663082916,1709142504.346065060,1709142504.345642891,/rigid_bodies.rigidbodies[2].pose.position.y,0.6535205693556864
33.673006615,1709142504.355988759,1709142504.355666841,/rigid_bodies.rigidbodies[2].pose.position.y,0.6535227618220014
33.683365321,1709142504.366347465,1709142504.365876963,/rigid_bodies.rigidbodies[2].pose.position.y,0.6535208684380601
33.693474336,1709142504.376456480,1709142504.375813252,/rigid_bodies.rigidbodies[2].pose.position.y,0.6535323881956226
33.702962666,1709142504.385944810,1709142504.385588381,/rigid_bodies.rigidbodies[2].pose.position.y,0.6535423517792807
33.713188269,1709142504.396170413,1709142504.395707601,/rigid_bodies.rigidbodies[2].pose.position.y,0.6534406395904986
33.723347818,1709142504.406329962,1709142504.405739705,/rigid_bodies.rigidbodies[2].pose.position.y,0.6534324092192627
33.733131257,1709142504.416113401,1709142504.415611731,/rigid_bodies.rigidbodies[2].pose.position.y,0.6534463715570306
33.743247048,1709142504.426229192,1709142504.425744467,/rigid_bodies.rigidbodies[2].pose.position.y,0.6534470068752449
33.753434365,1709142504.436416509,1709142504.435809022,/rigid_bodies.rigidbodies[2].pose.position.y,0.6534563718631365
33.763149895,1709142504.446132039,1709142504.445668079,/rigid_bodies.rigidbodies[2].pose.position.y,0.6534539635469246
33.773258103,1709142504.456240247,1709142504.455719166,/rigid_bodies.rigidbodies[2].pose.position.y,0.6535625936607851
33.783318531,1709142504.466300675,1709142504.465777924,/rigid_bodies.rigidbodies[2].pose.position.y,0.6536047104163929
33.79328012,1709142504.476262264,1709142504.475807800,/rigid_bodies.rigidbodies[2].pose.position.y,0.6535900779838005
33.803376001,1709142504.486358145,1709142504.485956903,/rigid_bodies.rigidbodies[2].pose.position.y,0.6535350550591287
33.813279833,1709142504.496261977,1709142504.495793145,/rigid_bodies.rigidbodies[2].pose.position.y,0.6534481253748596
33.823329478,1709142504.506311622,1709142504.505798840,/rigid_bodies.rigidbodies[2].pose.position.y,0.6534649847651048
33.833533924,1709142504.516516068,1709142504.515936305,/rigid_bodies.rigidbodies[2].pose.position.y,0.653480974203166
33.843177294,1709142504.526159438,1709142504.525727819,/rigid_bodies.rigidbodies[2].pose.position.y,0.6535056780559394
33.853387,1709142504.536369144,1709142504.535828734,/rigid_bodies.rigidbodies[2].pose.position.y,0.6534473469919552
33.863087735,1709142504.546069879,1709142504.545634303,/rigid_bodies.rigidbodies[2].pose.position.y,0.653440022941579
33.873158342,1709142504.556140486,1709142504.555648518,/rigid_bodies.rigidbodies[2].pose.position.y,0.6534604971227445
33.88373157,1709142504.566713714,1709142504.565932838,/rigid_bodies.rigidbodies[2].pose.position.y,0.6534284969241595
33.893759417,1709142504.576741561,1709142504.576031403,/rigid_bodies.rigidbodies[2].pose.position.y,0.6535079709116248
33.90366385,1709142504.586645994,1709142504.585924998,/rigid_bodies.rigidbodies[2].pose.position.y,0.6535201897363894
33.913216109,1709142504.596198253,1709142504.595711678,/rigid_bodies.rigidbodies[2].pose.position.y,0.6535247869956218
33.92318009,1709142504.606162234,1709142504.605629185,/rigid_bodies.rigidbodies[2].pose.position.y,0.6535232483390558
33.933341228,1709142504.616323372,1709142504.615658020,/rigid_bodies.rigidbodies[2].pose.position.y,0.653480144950828
33.943035013,1709142504.626017157,1709142504.625544233,/rigid_bodies.rigidbodies[2].pose.position.y,0.6535630050736129
33.953500188,1709142504.636482332,1709142504.635704559,/rigid_bodies.rigidbodies[2].pose.position.y,0.6535570231351978
33.963114344,1709142504.646096488,1709142504.645587398,/rigid_bodies.rigidbodies[2].pose.position.y,0.6535222300484621
33.973212907,1709142504.656195051,1709142504.655643588,/rigid_bodies.rigidbodies[2].pose.position.y,0.6534736197552323
33.98362743,1709142504.666609574,1709142504.665923125,/rigid_bodies.rigidbodies[2].pose.position.y,0.6534746311063975
33.993688245,1709142504.676670389,1709142504.675929618,/rigid_bodies.rigidbodies[2].pose.position.y,0.6535020750972608
34.003242604,1709142504.686224748,1709142504.685720851,/rigid_bodies.rigidbodies[2].pose.position.y,0.6534045364520075
34.013455186,1709142504.696437330,1709142504.695874258,/rigid_bodies.rigidbodies[2].pose.position.y,0.6534861238620542
34.02340387,1709142504.706386014,1709142504.705868994,/rigid_bodies.rigidbodies[2].pose.position.y,0.6535053909861851
34.033092229,1709142504.716074373,1709142504.715741721,/rigid_bodies.rigidbodies[2].pose.position.y,0.6535020972344312
34.04316174,1709142504.726143884,1709142504.725721557,/rigid_bodies.rigidbodies[2].pose.position.y,0.6535698592591468
34.053570127,1709142504.736552271,1709142504.735986864,/rigid_bodies.rigidbodies[2].pose.position.y,0.6534709682466715
34.062923673,1709142504.745905817,1709142504.745631949,/rigid_bodies.rigidbodies[2].pose.position.y,0.6534630529526072
34.073261479,1709142504.756243623,1709142504.755788773,/rigid_bodies.rigidbodies[2].pose.position.y,0.6534841097793848
34.083634629,1709142504.766616773,1709142504.765936992,/rigid_bodies.rigidbodies[2].pose.position.y,0.6534712609862237
34.093293747,1709142504.776275891,1709142504.775766158,/rigid_bodies.rigidbodies[2].pose.position.y,0.6535183921621744
34.103130967,1709142504.786113111,1709142504.785702343,/rigid_bodies.rigidbodies[2].pose.position.y,0.6535595700465716
34.113715338,1709142504.796697482,1709142504.796043675,/rigid_bodies.rigidbodies[2].pose.position.y,0.653511293499962
34.122986416,1709142504.805968560,1709142504.805568740,/rigid_bodies.rigidbodies[2].pose.position.y,0.6534914362460903
34.133205991,1709142504.816188135,1709142504.815725035,/rigid_bodies.rigidbodies[2].pose.position.y,0.6535629678716857
34.143244568,1709142504.826226712,1709142504.825797684,/rigid_bodies.rigidbodies[2].pose.position.y,0.6534993150920171
34.153489559,1709142504.836471703,1709142504.835874963,/rigid_bodies.rigidbodies[2].pose.position.y,0.6535177096259867
34.163350533,1709142504.846332677,1709142504.845722879,/rigid_bodies.rigidbodies[2].pose.position.y,0.6535412134918285
34.173571137,1709142504.856553281,1709142504.855833695,/rigid_bodies.rigidbodies[2].pose.position.y,0.6534319767969153
34.183227833,1709142504.866209977,1709142504.865761112,/rigid_bodies.rigidbodies[2].pose.position.y,0.6534934131592527
34.193350916,1709142504.876333060,1709142504.875790885,/rigid_bodies.rigidbodies[2].pose.position.y,0.6534538852730467
34.203439184,1709142504.886421328,1709142504.885909728,/rigid_bodies.rigidbodies[2].pose.position.y,0.6534240058704449
34.213347132,1709142504.896329276,1709142504.895778001,/rigid_bodies.rigidbodies[2].pose.position.y,0.6535168362306238
34.223200306,1709142504.906182450,1709142504.905812982,/rigid_bodies.rigidbodies[2].pose.position.y,0.653515463699969
34.233663959,1709142504.916646103,1709142504.916020247,/rigid_bodies.rigidbodies[2].pose.position.y,0.6535118523712367
34.243127754,1709142504.926109898,1709142504.925815080,/rigid_bodies.rigidbodies[2].pose.position.y,0.653522002896068
34.253154771,1709142504.936136915,1709142504.935738903,/rigid_bodies.rigidbodies[2].pose.position.y,0.65354201131791
34.263207083,1709142504.946189227,1709142504.945718219,/rigid_bodies.rigidbodies[2].pose.position.y,0.6535260625824798
34.273244664,1709142504.956226808,1709142504.955750153,/rigid_bodies.rigidbodies[2].pose.position.y,0.6535707647078098
34.283237415,1709142504.966219559,1709142504.965831804,/rigid_bodies.rigidbodies[2].pose.position.y,0.6535104195979532
34.293110651,1709142504.976092795,1709142504.975657129,/rigid_bodies.rigidbodies[2].pose.position.y,0.6534009730373507
34.303356956,1709142504.986339100,1709142504.985874479,/rigid_bodies.rigidbodies[2].pose.position.y,0.6535363515451846
34.313069385,1709142504.996051529,1709142504.995687929,/rigid_bodies.rigidbodies[2].pose.position.y,0.6534805186972255
34.323171577,1709142505.006153721,1709142505.005703461,/rigid_bodies.rigidbodies[2].pose.position.y,0.6534129905135212
34.333069538,1709142505.016051682,1709142505.015658326,/rigid_bodies.rigidbodies[2].pose.position.y,0.6534143263186023
34.342948227,1709142505.025930371,1709142505.025652891,/rigid_bodies.rigidbodies[2].pose.position.y,0.6533680755304296
34.353295332,1709142505.036277476,1709142505.035789946,/rigid_bodies.rigidbodies[2].pose.position.y,0.6534533323915311
34.363046139,1709142505.046028283,1709142505.045603037,/rigid_bodies.rigidbodies[2].pose.position.y,0.6535976951568313
34.373310537,1709142505.056292681,1709142505.055767222,/rigid_bodies.rigidbodies[2].pose.position.y,0.6536077551560883
34.383839882,1709142505.066822026,1709142505.065913932,/rigid_bodies.rigidbodies[2].pose.position.y,0.6535873340247119
34.393446659,1709142505.076428803,1709142505.075869645,/rigid_bodies.rigidbodies[2].pose.position.y,0.6535935344274241
34.403152025,1709142505.086134169,1709142505.085736763,/rigid_bodies.rigidbodies[2].pose.position.y,0.6534683222320361
34.413546533,1709142505.096528677,1709142505.095907486,/rigid_bodies.rigidbodies[2].pose.position.y,0.6534196723827941
34.423207449,1709142505.106189593,1709142505.105734787,/rigid_bodies.rigidbodies[2].pose.position.y,0.6534863255695036
34.433424515,1709142505.116406659,1709142505.115864537,/rigid_bodies.rigidbodies[2].pose.position.y,0.6533703145947581
34.443192354,1709142505.126174498,1709142505.125734550,/rigid_bodies.rigidbodies[2].pose.position.y,0.6534258944191177
34.453154709,1709142505.136136853,1709142505.135689366,/rigid_bodies.rigidbodies[2].pose.position.y,0.6534913718107911
34.462937853,1709142505.145919997,1709142505.145638741,/rigid_bodies.rigidbodies[2].pose.position.y,0.6534186745149879
34.472988767,1709142505.155970911,1709142505.155714965,/rigid_bodies.rigidbodies[2].pose.position.y,0.6535130411697465
34.483438227,1709142505.166420371,1709142505.165880200,/rigid_bodies.rigidbodies[2].pose.position.y,0.6534858618142407
34.493150791,1709142505.176132935,1709142505.175661396,/rigid_bodies.rigidbodies[2].pose.position.y,0.6534846154749967
34.503348707,1709142505.186330851,1709142505.185864793,/rigid_bodies.rigidbodies[2].pose.position.y,0.6536037154623973
34.513405393,1709142505.196387537,1709142505.195872001,/rigid_bodies.rigidbodies[2].pose.position.y,0.6535549073037658
34.523379489,1709142505.206361633,1709142505.205904042,/rigid_bodies.rigidbodies[2].pose.position.y,0.6535094085887301
34.533346627,1709142505.216328771,1709142505.215848359,/rigid_bodies.rigidbodies[2].pose.position.y,0.6534408575012587
34.542751808,1709142505.225733952,1709142505.225538411,/rigid_bodies.rigidbodies[2].pose.position.y,0.6534642902335355
34.553073511,1709142505.236055655,1709142505.235737633,/rigid_bodies.rigidbodies[2].pose.position.y,0.6534674731661678
34.56300347,1709142505.245985614,1709142505.245690468,/rigid_bodies.rigidbodies[2].pose.position.y,0.6535522143071347
34.573159015,1709142505.256141159,1709142505.255697398,/rigid_bodies.rigidbodies[2].pose.position.y,0.6535182546156418
34.583330441,1709142505.266312585,1709142505.265822293,/rigid_bodies.rigidbodies[2].pose.position.y,0.6534350217277846
34.593220262,1709142505.276202406,1709142505.275736150,/rigid_bodies.rigidbodies[2].pose.position.y,0.6534711439162159
34.603443054,1709142505.286425198,1709142505.285987864,/rigid_bodies.rigidbodies[2].pose.position.y,0.6534017759880029
34.613207358,1709142505.296189502,1709142505.295799095,/rigid_bodies.rigidbodies[2].pose.position.y,0.6534518083806428
34.623239846,1709142505.306221990,1709142505.305820549,/rigid_bodies.rigidbodies[2].pose.position.y,0.6535419364094881
34.633604397,1709142505.316586541,1709142505.316019407,/rigid_bodies.rigidbodies[2].pose.position.y,0.6534464662389244
34.64329241,1709142505.326274554,1709142505.325908073,/rigid_bodies.rigidbodies[2].pose.position.y,0.6534535054496875
34.653299668,1709142505.336281812,1709142505.335837851,/rigid_bodies.rigidbodies[2].pose.position.y,0.6534711614709464
34.663255478,1709142505.346237622,1709142505.345824437,/rigid_bodies.rigidbodies[2].pose.position.y,0.6534265818321228
34.673568837,1709142505.356550981,1709142505.355957919,/rigid_bodies.rigidbodies[2].pose.position.y,0.6534457863329907
34.683517377,1709142505.366499521,1709142505.365931099,/rigid_bodies.rigidbodies[2].pose.position.y,0.6535556919372574
34.693467066,1709142505.376449210,1709142505.375952811,/rigid_bodies.rigidbodies[2].pose.position.y,0.653511562594598
34.703407854,1709142505.386389998,1709142505.385968049,/rigid_bodies.rigidbodies[2].pose.position.y,0.6535314536336954
34.713094399,1709142505.396076543,1709142505.395734381,/rigid_bodies.rigidbodies[2].pose.position.y,0.6535724236190059
34.723758679,1709142505.406740823,1709142505.406171298,/rigid_bodies.rigidbodies[2].pose.position.y,0.6534274920028104
34.733625663,1709142505.416607807,1709142505.416117010,/rigid_bodies.rigidbodies[2].pose.position.y,0.6534884165828996
34.743150009,1709142505.426132153,1709142505.425734724,/rigid_bodies.rigidbodies[2].pose.position.y,0.6534914422626271
34.753101929,1709142505.436084073,1709142505.435756190,/rigid_bodies.rigidbodies[2].pose.position.y,0.6533845569289766
34.763168358,1709142505.446150502,1709142505.445784085,/rigid_bodies.rigidbodies[2].pose.position.y,0.6534840340235778
34.773453984,1709142505.456436128,1709142505.455979052,/rigid_bodies.rigidbodies[2].pose.position.y,0.653408529842808
34.783793072,1709142505.466775216,1709142505.466213248,/rigid_bodies.rigidbodies[2].pose.position.y,0.6534055304713592
34.793869483,1709142505.476851627,1709142505.476209279,/rigid_bodies.rigidbodies[2].pose.position.y,0.6535252873930852
34.803345167,1709142505.486327311,1709142505.485895046,/rigid_bodies.rigidbodies[2].pose.position.y,0.6535270477020545
34.813474911,1709142505.496457055,1709142505.495938755,/rigid_bodies.rigidbodies[2].pose.position.y,0.6535147495348869
34.823913596,1709142505.506895740,1709142505.506103103,/rigid_bodies.rigidbodies[2].pose.position.y,0.6535682649336664
34.833168254,1709142505.516150398,1709142505.515800500,/rigid_bodies.rigidbodies[2].pose.position.y,0.6535573061672569
34.843736253,1709142505.526718397,1709142505.526159873,/rigid_bodies.rigidbodies[2].pose.position.y,0.6535149332632071
34.853772855,1709142505.536754999,1709142505.536128867,/rigid_bodies.rigidbodies[2].pose.position.y,0.6536205056719059
34.863321064,1709142505.546303208,1709142505.545835135,/rigid_bodies.rigidbodies[2].pose.position.y,0.6534935659916425
34.873151507,1709142505.556133651,1709142505.555867409,/rigid_bodies.rigidbodies[2].pose.position.y,0.6533558818411114
34.883746325,1709142505.566728469,1709142505.566023803,/rigid_bodies.rigidbodies[2].pose.position.y,0.6534850994158246
34.893222362,1709142505.576204506,1709142505.575834578,/rigid_bodies.rigidbodies[2].pose.position.y,0.6534230247441617
34.903217229,1709142505.586199373,1709142505.585850719,/rigid_bodies.rigidbodies[2].pose.position.y,0.6534225643217157
34.913519089,1709142505.596501233,1709142505.596010544,/rigid_bodies.rigidbodies[2].pose.position.y,0.6535101044912258
34.923268913,1709142505.606251057,1709142505.605740259,/rigid_bodies.rigidbodies[2].pose.position.y,0.6534616964073184
34.933418266,1709142505.616400410,1709142505.615900563,/rigid_bodies.rigidbodies[2].pose.position.y,0.6535104092801389
34.942983085,1709142505.625965229,1709142505.625622513,/rigid_bodies.rigidbodies[2].pose.position.y,0.6535481694260803
34.953057737,1709142505.636039881,1709142505.635642077,/rigid_bodies.rigidbodies[2].pose.position.y,0.6535008327849225
34.962762739,1709142505.645744883,1709142505.645549956,/rigid_bodies.rigidbodies[2].pose.position.y,0.6535235100550127
34.972767939,1709142505.655750083,1709142505.655460678,/rigid_bodies.rigidbodies[2].pose.position.y,0.653612062143289
34.982891532,1709142505.665873676,1709142505.665647308,/rigid_bodies.rigidbodies[2].pose.position.y,0.653577301262291
34.993105273,1709142505.676087417,1709142505.675799716,/rigid_bodies.rigidbodies[2].pose.position.y,0.6535124462048794
35.003354186,1709142505.686336330,1709142505.685991916,/rigid_bodies.rigidbodies[2].pose.position.y,0.6534747680660753
35.01339426,1709142505.696376404,1709142505.695948509,/rigid_bodies.rigidbodies[2].pose.position.y,0.6533025299517651
35.023050341,1709142505.706032485,1709142505.705714685,/rigid_bodies.rigidbodies[2].pose.position.y,0.6534091941461604
35.033369131,1709142505.716351275,1709142505.716011980,/rigid_bodies.rigidbodies[2].pose.position.y,0.653510979810999
35.043421723,1709142505.726403867,1709142505.726020361,/rigid_bodies.rigidbodies[2].pose.position.y,0.6534551830389527
35.053031269,1709142505.736013413,1709142505.735755947,/rigid_bodies.rigidbodies[2].pose.position.y,0.6535860778875249
35.063028581,1709142505.746010725,1709142505.745764838,/rigid_bodies.rigidbodies[2].pose.position.y,0.6535355312367664
35.073697976,1709142505.756680120,1709142505.756072671,/rigid_bodies.rigidbodies[2].pose.position.y,0.6534910244875975
35.083133075,1709142505.766115219,1709142505.765842253,/rigid_bodies.rigidbodies[2].pose.position.y,0.6535490085947802
35.093352194,1709142505.776334338,1709142505.775922364,/rigid_bodies.rigidbodies[2].pose.position.y,0.6535144906730156
35.103739176,1709142505.786721320,1709142505.786113965,/rigid_bodies.rigidbodies[2].pose.position.y,0.6535106550880697
35.113325083,1709142505.796307227,1709142505.795860705,/rigid_bodies.rigidbodies[2].pose.position.y,0.6534902713022491
35.123360445,1709142505.806342589,1709142505.805855365,/rigid_bodies.rigidbodies[2].pose.position.y,0.6534367182526015
35.133701484,1709142505.816683628,1709142505.816078645,/rigid_bodies.rigidbodies[2].pose.position.y,0.6533945133879443
35.143501884,1709142505.826484028,1709142505.825904009,/rigid_bodies.rigidbodies[2].pose.position.y,0.6534558804549248
35.153419092,1709142505.836401236,1709142505.835927499,/rigid_bodies.rigidbodies[2].pose.position.y,0.6534766031722691
35.163037763,1709142505.846019907,1709142505.845613233,/rigid_bodies.rigidbodies[2].pose.position.y,0.6534807670294952
35.173181882,1709142505.856164026,1709142505.855673733,/rigid_bodies.rigidbodies[2].pose.position.y,0.6535559167547417
35.183903129,1709142505.866885273,1709142505.866043693,/rigid_bodies.rigidbodies[2].pose.position.y,0.6535389034268924
35.193521449,1709142505.876503593,1709142505.875918722,/rigid_bodies.rigidbodies[2].pose.position.y,0.6535101195848448
35.203183434,1709142505.886165578,1709142505.885715539,/rigid_bodies.rigidbodies[2].pose.position.y,0.653496713702647
35.213083176,1709142505.896065320,1709142505.895653930,/rigid_bodies.rigidbodies[2].pose.position.y,0.6534140139909049
35.223203796,1709142505.906185940,1709142505.905720964,/rigid_bodies.rigidbodies[2].pose.position.y,0.6534807199548854
35.233389889,1709142505.916372033,1709142505.915819772,/rigid_bodies.rigidbodies[2].pose.position.y,0.6535488325576656
35.243160661,1709142505.926142805,1709142505.925684021,/rigid_bodies.rigidbodies[2].pose.position.y,0.6535135754414
35.253187866,1709142505.936170010,1709142505.935697704,/rigid_bodies.rigidbodies[2].pose.position.y,0.6535015862281953
35.263267161,1709142505.946249305,1709142505.945628036,/rigid_bodies.rigidbodies[2].pose.position.y,0.6534631888865003
35.273084265,1709142505.956066409,1709142505.955600610,/rigid_bodies.rigidbodies[2].pose.position.y,0.653424344359584
35.283423584,1709142505.966405728,1709142505.965840526,/rigid_bodies.rigidbodies[2].pose.position.y,0.6535009795490595
35.293239142,1709142505.976221286,1709142505.975704356,/rigid_bodies.rigidbodies[2].pose.position.y,0.6535810513353192
35.303362534,1709142505.986344678,1709142505.985869336,/rigid_bodies.rigidbodies[2].pose.position.y,0.6534767921276361
35.313549887,1709142505.996532031,1709142505.995919428,/rigid_bodies.rigidbodies[2].pose.position.y,0.6534834059168763
35.323255853,1709142506.006237997,1709142506.005759258,/rigid_bodies.rigidbodies[2].pose.position.y,0.6534866667271945
35.333562847,1709142506.016544991,1709142506.015988723,/rigid_bodies.rigidbodies[2].pose.position.y,0.6534468406080631
35.343510281,1709142506.026492425,1709142506.025899470,/rigid_bodies.rigidbodies[2].pose.position.y,0.6535355380441354
35.353009516,1709142506.035991660,1709142506.035609746,/rigid_bodies.rigidbodies[2].pose.position.y,0.6535010844942535
35.362903336,1709142506.045885480,1709142506.045517752,/rigid_bodies.rigidbodies[2].pose.position.y,0.6534460205021765
35.372687236,1709142506.055669380,1709142506.055438248,/rigid_bodies.rigidbodies[2].pose.position.y,0.6535070383249812
35.382746017,1709142506.065728161,1709142506.065524310,/rigid_bodies.rigidbodies[2].pose.position.y,0.653451591694731
35.392757859,1709142506.075740003,1709142506.075429391,/rigid_bodies.rigidbodies[2].pose.position.y,0.6534674673752757
35.402729814,1709142506.085711958,1709142506.085456712,/rigid_bodies.rigidbodies[2].pose.position.y,0.6535451098619255
35.412699875,1709142506.095682019,1709142506.095454028,/rigid_bodies.rigidbodies[2].pose.position.y,0.6535577524339623
35.422700099,1709142506.105682243,1709142506.105434955,/rigid_bodies.rigidbodies[2].pose.position.y,0.6534587894244028
35.432931225,1709142506.115913369,1709142506.115608557,/rigid_bodies.rigidbodies[2].pose.position.y,0.6535052088901977
35.442921339,1709142506.125903483,1709142506.125581671,/rigid_bodies.rigidbodies[2].pose.position.y,0.6534825268588358
35.453374941,1709142506.136357085,1709142506.135924983,/rigid_bodies.rigidbodies[2].pose.position.y,0.6534431987365502
35.463267334,1709142506.146249478,1709142506.145786971,/rigid_bodies.rigidbodies[2].pose.position.y,0.6535620092629179
35.473136974,1709142506.156119118,1709142506.155696011,/rigid_bodies.rigidbodies[2].pose.position.y,0.6534621476912476
35.483469775,1709142506.166451919,1709142506.165867998,/rigid_bodies.rigidbodies[2].pose.position.y,0.6534529127309359
35.493468961,1709142506.176451105,1709142506.175787408,/rigid_bodies.rigidbodies[2].pose.position.y,0.6534923555354756
35.503256722,1709142506.186238866,1709142506.185710655,/rigid_bodies.rigidbodies[2].pose.position.y,0.6534360313886814
35.51316046,1709142506.196142604,1709142506.195624774,/rigid_bodies.rigidbodies[2].pose.position.y,0.6534800385360502
35.523697776,1709142506.206679920,1709142506.205975132,/rigid_bodies.rigidbodies[2].pose.position.y,0.6535245936810945
35.533175658,1709142506.216157802,1709142506.215739230,/rigid_bodies.rigidbodies[2].pose.position.y,0.653490937753033
35.542781521,1709142506.225763665,1709142506.225480886,/rigid_bodies.rigidbodies[2].pose.position.y,0.6534239687056302
35.553002067,1709142506.235984211,1709142506.235558072,/rigid_bodies.rigidbodies[2].pose.position.y,0.653313308882707
35.562943865,1709142506.245926009,1709142506.245542506,/rigid_bodies.rigidbodies[2].pose.position.y,0.6534934599157992
35.573035557,1709142506.256017701,1709142506.255611132,/rigid_bodies.rigidbodies[2].pose.position.y,0.6534614442645235
35.582781446,1709142506.265763590,1709142506.265485602,/rigid_bodies.rigidbodies[2].pose.position.y,0.6535627920766472
35.593333379,1709142506.276315523,1709142506.275723916,/rigid_bodies.rigidbodies[2].pose.position.y,0.6534712071587742
35.603302957,1709142506.286285101,1709142506.285777495,/rigid_bodies.rigidbodies[2].pose.position.y,0.6535225562648102
35.613309339,1709142506.296291483,1709142506.295786316,/rigid_bodies.rigidbodies[2].pose.position.y,0.6535312983040864
35.623542926,1709142506.306525070,1709142506.305781097,/rigid_bodies.rigidbodies[2].pose.position.y,0.6534231316566955
35.63326419,1709142506.316246334,1709142506.315652731,/rigid_bodies.rigidbodies[2].pose.position.y,0.653468799140161
35.643307258,1709142506.326289402,1709142506.325765904,/rigid_bodies.rigidbodies[2].pose.position.y,0.6535087682084834
35.653511719,1709142506.336493863,1709142506.335799319,/rigid_bodies.rigidbodies[2].pose.position.y,0.6538063170708294
35.66324321,1709142506.346225354,1709142506.345638234,/rigid_bodies.rigidbodies[2].pose.position.y,0.6535627869463065
35.673320795,1709142506.356302939,1709142506.355831636,/rigid_bodies.rigidbodies[2].pose.position.y,0.6535678824570671
35.683337195,1709142506.366319339,1709142506.365781622,/rigid_bodies.rigidbodies[2].pose.position.y,0.6534815128061564
35.693127098,1709142506.376109242,1709142506.375606991,/rigid_bodies.rigidbodies[2].pose.position.y,0.6533569130689527
35.703397011,1709142506.386379155,1709142506.385807648,/rigid_bodies.rigidbodies[2].pose.position.y,0.6528856173627748
35.713145864,1709142506.396128008,1709142506.395576873,/rigid_bodies.rigidbodies[2].pose.position.y,0.6535264568406067
35.723153761,1709142506.406135905,1709142506.405612420,/rigid_bodies.rigidbodies[2].pose.position.y,0.6535227886663518
35.733197406,1709142506.416179550,1709142506.415622124,/rigid_bodies.rigidbodies[2].pose.position.y,0.653431863949042
35.743346021,1709142506.426328165,1709142506.425762128,/rigid_bodies.rigidbodies[2].pose.position.y,0.6533777925711701
35.753079618,1709142506.436061762,1709142506.435571540,/rigid_bodies.rigidbodies[2].pose.position.y,0.6535345501125928
35.763033748,1709142506.446015892,1709142506.445560182,/rigid_bodies.rigidbodies[2].pose.position.y,0.6535853252500288
35.773056222,1709142506.456038366,1709142506.455573927,/rigid_bodies.rigidbodies[2].pose.position.y,0.6536534164464574
35.783053943,1709142506.466036087,1709142506.465594850,/rigid_bodies.rigidbodies[2].pose.position.y,0.6536084202587467
35.792988057,1709142506.475970201,1709142506.475576784,/rigid_bodies.rigidbodies[2].pose.position.y,0.6535154847544858
35.803291126,1709142506.486273270,1709142506.485767541,/rigid_bodies.rigidbodies[2].pose.position.y,0.6534587460424046
35.813306726,1709142506.496288870,1709142506.495799544,/rigid_bodies.rigidbodies[2].pose.position.y,0.6534664189327926
35.823376162,1709142506.506358306,1709142506.505768630,/rigid_bodies.rigidbodies[2].pose.position.y,0.6534727582208639
35.833285885,1709142506.516268029,1709142506.515731964,/rigid_bodies.rigidbodies[2].pose.position.y,0.6534079681177464
35.843016571,1709142506.525998715,1709142506.525546388,/rigid_bodies.rigidbodies[2].pose.position.y,0.6534896583135096
35.853719584,1709142506.536701728,1709142506.536027192,/rigid_bodies.rigidbodies[2].pose.position.y,0.6534773471659366
35.863215325,1709142506.546197469,1709142506.545692975,/rigid_bodies.rigidbodies[2].pose.position.y,0.6535063079090573
35.873314513,1709142506.556296657,1709142506.555719427,/rigid_bodies.rigidbodies[2].pose.position.y,0.6535731547522321
35.883520935,1709142506.566503079,1709142506.565875937,/rigid_bodies.rigidbodies[2].pose.position.y,0.6534968738410499
35.893514701,1709142506.576496845,1709142506.575816717,/rigid_bodies.rigidbodies[2].pose.position.y,0.6535161528670436
35.903123718,1709142506.586105862,1709142506.585648354,/rigid_bodies.rigidbodies[2].pose.position.y,0.6534904117663186
35.913452484,1709142506.596434628,1709142506.595805823,/rigid_bodies.rigidbodies[2].pose.position.y,0.6534192042142902
35.923283646,1709142506.606265790,1709142506.605780000,/rigid_bodies.rigidbodies[2].pose.position.y,0.6534336308215777
35.933292124,1709142506.616274268,1709142506.615797071,/rigid_bodies.rigidbodies[2].pose.position.y,0.6534608278772309
35.94331925,1709142506.626301394,1709142506.625723233,/rigid_bodies.rigidbodies[2].pose.position.y,0.6534629411051633
35.953438079,1709142506.636420223,1709142506.635839173,/rigid_bodies.rigidbodies[2].pose.position.y,0.6535019558326036
35.963149858,1709142506.646132002,1709142506.645621063,/rigid_bodies.rigidbodies[2].pose.position.y,0.6535993249553931
35.973155359,1709142506.656137503,1709142506.655721515,/rigid_bodies.rigidbodies[2].pose.position.y,0.6529975615514522
35.983236914,1709142506.666219058,1709142506.665725811,/rigid_bodies.rigidbodies[2].pose.position.y,0.6534267078225662
35.993425312,1709142506.676407456,1709142506.675773321,/rigid_bodies.rigidbodies[2].pose.position.y,0.6534476161172342
36.003155665,1709142506.686137809,1709142506.685672147,/rigid_bodies.rigidbodies[2].pose.position.y,0.6533984616684623
36.013414428,1709142506.696396572,1709142506.695805873,/rigid_bodies.rigidbodies[2].pose.position.y,0.6534757202280179
36.023380148,1709142506.706362292,1709142506.705820151,/rigid_bodies.rigidbodies[2].pose.position.y,0.6534779342782582
36.033789991,1709142506.716772135,1709142506.716067178,/rigid_bodies.rigidbodies[2].pose.position.y,0.6531955402007925
36.043838703,1709142506.726820847,1709142506.726114813,/rigid_bodies.rigidbodies[2].pose.position.y,0.6536628576449389
36.053218677,1709142506.736200821,1709142506.735750170,/rigid_bodies.rigidbodies[2].pose.position.y,0.653493459606785
36.063352321,1709142506.746334465,1709142506.745833151,/rigid_bodies.rigidbodies[2].pose.position.y,0.6533977489570976
36.073035507,1709142506.756017651,1709142506.755721458,/rigid_bodies.rigidbodies[2].pose.position.y,0.6534942474313404
36.08328125,1709142506.766263394,1709142506.765865031,/rigid_bodies.rigidbodies[2].pose.position.y,0.6538734203516726
36.093217679,1709142506.776199823,1709142506.775801064,/rigid_bodies.rigidbodies[2].pose.position.y,0.6535086241078873
36.103500312,1709142506.786482456,1709142506.786009419,/rigid_bodies.rigidbodies[2].pose.position.y,0.6535082492687933
36.11319832,1709142506.796180464,1709142506.795794777,/rigid_bodies.rigidbodies[2].pose.position.y,0.6534270716754381
36.123218591,1709142506.806200735,1709142506.805807962,/rigid_bodies.rigidbodies[2].pose.position.y,0.65347103194438
36.133513544,1709142506.816495688,1709142506.816027443,/rigid_bodies.rigidbodies[2].pose.position.y,0.6535781652852664
36.143230549,1709142506.826212693,1709142506.825865906,/rigid_bodies.rigidbodies[2].pose.position.y,0.6534825697481076
36.15309736,1709142506.836079504,1709142506.835732316,/rigid_bodies.rigidbodies[2].pose.position.y,0.6534789658949408
36.163307438,1709142506.846289582,1709142506.845766028,/rigid_bodies.rigidbodies[2].pose.position.y,0.6534753295855604
36.173364041,1709142506.856346185,1709142506.855814443,/rigid_bodies.rigidbodies[2].pose.position.y,0.6534027103694869
36.183143297,1709142506.866125441,1709142506.865685983,/rigid_bodies.rigidbodies[2].pose.position.y,0.6534727875565439
36.193611129,1709142506.876593273,1709142506.875983290,/rigid_bodies.rigidbodies[2].pose.position.y,0.6535457669052118
36.203366722,1709142506.886348866,1709142506.885819679,/rigid_bodies.rigidbodies[2].pose.position.y,0.6534886497904923
36.213418283,1709142506.896400427,1709142506.895874058,/rigid_bodies.rigidbodies[2].pose.position.y,0.6534964572809939
36.223658666,1709142506.906640810,1709142506.906024313,/rigid_bodies.rigidbodies[2].pose.position.y,0.6534943552576628
36.233831761,1709142506.916813905,1709142506.916154116,/rigid_bodies.rigidbodies[2].pose.position.y,0.6534072037723597
36.243280825,1709142506.926262969,1709142506.925755332,/rigid_bodies.rigidbodies[2].pose.position.y,0.6534691766403198
36.253573384,1709142506.936555528,1709142506.935981698,/rigid_bodies.rigidbodies[2].pose.position.y,0.653465555213886
36.263333191,1709142506.946315335,1709142506.945780096,/rigid_bodies.rigidbodies[2].pose.position.y,0.6532938184196921
36.273229453,1709142506.956211597,1709142506.955739404,/rigid_bodies.rigidbodies[2].pose.position.y,0.6534114462791393
36.283551798,1709142506.966533942,1709142506.965906558,/rigid_bodies.rigidbodies[2].pose.position.y,0.6535124784780318
36.293616749,1709142506.976598893,1709142506.975985930,/rigid_bodies.rigidbodies[2].pose.position.y,0.6535155659715265
36.30332427,1709142506.986306414,1709142506.985794087,/rigid_bodies.rigidbodies[2].pose.position.y,0.6535697870864451
36.313545475,1709142506.996527619,1709142506.995944657,/rigid_bodies.rigidbodies[2].pose.position.y,0.6535219623847185
36.32368652,1709142507.006668664,1709142507.005992241,/rigid_bodies.rigidbodies[2].pose.position.y,0.653466443462049
36.33317553,1709142507.016157674,1709142507.015706840,/rigid_bodies.rigidbodies[2].pose.position.y,0.6535257768001553
36.343291503,1709142507.026273647,1709142507.025806666,/rigid_bodies.rigidbodies[2].pose.position.y,0.6534668626037838
36.353760159,1709142507.036742303,1709142507.036093157,/rigid_bodies.rigidbodies[2].pose.position.y,0.6534022382898663
36.36297153,1709142507.045953674,1709142507.045662987,/rigid_bodies.rigidbodies[2].pose.position.y,0.6534632603437353
36.37328194,1709142507.056264084,1709142507.055794200,/rigid_bodies.rigidbodies[2].pose.position.y,0.653495128915441
36.383752608,1709142507.066734752,1709142507.066041320,/rigid_bodies.rigidbodies[2].pose.position.y,0.65349837191331
36.393196017,1709142507.076178161,1709142507.075744171,/rigid_bodies.rigidbodies[2].pose.position.y,0.6535460357213011
36.403210078,1709142507.086192222,1709142507.085828891,/rigid_bodies.rigidbodies[2].pose.position.y,0.6534496729009129
36.413359634,1709142507.096341778,1709142507.095826005,/rigid_bodies.rigidbodies[2].pose.position.y,0.6534543497112859
36.423148152,1709142507.106130296,1709142507.105722205,/rigid_bodies.rigidbodies[2].pose.position.y,0.6534615987385769
36.43343623,1709142507.116418374,1709142507.115880324,/rigid_bodies.rigidbodies[2].pose.position.y,0.6533642321669011
36.443467963,1709142507.126450107,1709142507.125894917,/rigid_bodies.rigidbodies[2].pose.position.y,0.6534669361317247
36.453279722,1709142507.136261866,1709142507.135784914,/rigid_bodies.rigidbodies[2].pose.position.y,0.6535087776367994
36.463460882,1709142507.146443026,1709142507.145888006,/rigid_bodies.rigidbodies[2].pose.position.y,0.6534821426136967
36.473423406,1709142507.156405550,1709142507.155857555,/rigid_bodies.rigidbodies[2].pose.position.y,0.6535157873986375
36.483123505,1709142507.166105649,1709142507.165660685,/rigid_bodies.rigidbodies[2].pose.position.y,0.6535955053159095
36.493116017,1709142507.176098161,1709142507.175658166,/rigid_bodies.rigidbodies[2].pose.position.y,0.6534985857443066
36.503546126,1709142507.186528270,1709142507.185947666,/rigid_bodies.rigidbodies[2].pose.position.y,0.6534658135402902
36.513178876,1709142507.196161020,1709142507.195665831,/rigid_bodies.rigidbodies[2].pose.position.y,0.6534633639674113
36.523622314,1709142507.206604458,1709142507.205991190,/rigid_bodies.rigidbodies[2].pose.position.y,0.6533908362756903
36.533582032,1709142507.216564176,1709142507.215951161,/rigid_bodies.rigidbodies[2].pose.position.y,0.6534293536427044
36.543269897,1709142507.226252041,1709142507.225824200,/rigid_bodies.rigidbodies[2].pose.position.y,0.6534724136122516
36.553457381,1709142507.236439525,1709142507.235861355,/rigid_bodies.rigidbodies[2].pose.position.y,0.6534435256288507
36.563275475,1709142507.246257619,1709142507.245772208,/rigid_bodies.rigidbodies[2].pose.position.y,0.6535572601129349
36.573392743,1709142507.256374887,1709142507.255949012,/rigid_bodies.rigidbodies[2].pose.position.y,0.6535810130575312
36.583445048,1709142507.266427192,1709142507.265877173,/rigid_bodies.rigidbodies[2].pose.position.y,0.653491957156403
36.593431758,1709142507.276413902,1709142507.275863796,/rigid_bodies.rigidbodies[2].pose.position.y,0.6534555169844792
36.603468844,1709142507.286450988,1709142507.285934362,/rigid_bodies.rigidbodies[2].pose.position.y,0.6534534318832258
36.613302384,1709142507.296284528,1709142507.295795555,/rigid_bodies.rigidbodies[2].pose.position.y,0.6534340421930688
36.623502051,1709142507.306484195,1709142507.305919279,/rigid_bodies.rigidbodies[2].pose.position.y,0.6534620518011728
36.633318815,1709142507.316300959,1709142507.315813941,/rigid_bodies.rigidbodies[2].pose.position.y,0.6534155644402375
36.64351689,1709142507.326499034,1709142507.325954618,/rigid_bodies.rigidbodies[2].pose.position.y,0.6534144384678225
36.653696292,1709142507.336678436,1709142507.336070879,/rigid_bodies.rigidbodies[2].pose.position.y,0.6535285764475396
36.663335181,1709142507.346317325,1709142507.345807422,/rigid_bodies.rigidbodies[2].pose.position.y,0.6535486412928132
36.673444746,1709142507.356426890,1709142507.355862711,/rigid_bodies.rigidbodies[2].pose.position.y,0.6535570459865205
36.683629116,1709142507.366611260,1709142507.365986306,/rigid_bodies.rigidbodies[2].pose.position.y,0.6535424603623272
36.693266303,1709142507.376248447,1709142507.375775802,/rigid_bodies.rigidbodies[2].pose.position.y,0.6534363547661122
36.7033874,1709142507.386369544,1709142507.385849279,/rigid_bodies.rigidbodies[2].pose.position.y,0.6533999384751314
36.713602696,1709142507.396584840,1709142507.395992914,/rigid_bodies.rigidbodies[2].pose.position.y,0.6534567316630436
36.723431841,1709142507.406413985,1709142507.405893817,/rigid_bodies.rigidbodies[2].pose.position.y,0.6534663201113089
36.733342153,1709142507.416324297,1709142507.415849002,/rigid_bodies.rigidbodies[2].pose.position.y,0.6534825559187281
36.743559673,1709142507.426541817,1709142507.425881666,/rigid_bodies.rigidbodies[2].pose.position.y,0.65351692538872
36.753646901,1709142507.436629045,1709142507.436005198,/rigid_bodies.rigidbodies[2].pose.position.y,0.6534657379582082
36.763288316,1709142507.446270460,1709142507.445803661,/rigid_bodies.rigidbodies[2].pose.position.y,0.6534341380260991
36.77344442,1709142507.456426564,1709142507.455854491,/rigid_bodies.rigidbodies[2].pose.position.y,0.6534640160998227
36.783344962,1709142507.466327106,1709142507.465815021,/rigid_bodies.rigidbodies[2].pose.position.y,0.6534476690639339
36.793217403,1709142507.476199547,1709142507.475796350,/rigid_bodies.rigidbodies[2].pose.position.y,0.6534961344600748
36.803702499,1709142507.486684643,1709142507.486035845,/rigid_bodies.rigidbodies[2].pose.position.y,0.6536044982604957
36.813348127,1709142507.496330271,1709142507.495809658,/rigid_bodies.rigidbodies[2].pose.position.y,0.6535978973442731
36.823346638,1709142507.506328782,1709142507.505870583,/rigid_bodies.rigidbodies[2].pose.position.y,0.6535439120770437
36.833756668,1709142507.516738812,1709142507.516109913,/rigid_bodies.rigidbodies[2].pose.position.y,0.6534609706754286
36.843037636,1709142507.526019780,1709142507.525614256,/rigid_bodies.rigidbodies[2].pose.position.y,0.6533577936357242
36.853444917,1709142507.536427061,1709142507.535828835,/rigid_bodies.rigidbodies[2].pose.position.y,0.653391529001849
36.863198672,1709142507.546180816,1709142507.545739145,/rigid_bodies.rigidbodies[2].pose.position.y,0.653442633122188
36.873308326,1709142507.556290470,1709142507.555843181,/rigid_bodies.rigidbodies[2].pose.position.y,0.6534029700664291
36.883192917,1709142507.566175061,1709142507.565849468,/rigid_bodies.rigidbodies[2].pose.position.y,0.653468097817648
36.893425249,1709142507.576407393,1709142507.575924284,/rigid_bodies.rigidbodies[2].pose.position.y,0.6535160914810735
36.903141506,1709142507.586123650,1709142507.585760507,/rigid_bodies.rigidbodies[2].pose.position.y,0.6534914346391644
36.913155881,1709142507.596138025,1709142507.595691537,/rigid_bodies.rigidbodies[2].pose.position.y,0.6536222589986621
36.923080243,1709142507.606062387,1709142507.605670790,/rigid_bodies.rigidbodies[2].pose.position.y,0.6536180692840654
36.933231569,1709142507.616213713,1709142507.615772852,/rigid_bodies.rigidbodies[2].pose.position.y,0.6534972800771099
36.943204528,1709142507.626186672,1709142507.625790261,/rigid_bodies.rigidbodies[2].pose.position.y,0.6534954816958543
36.953442391,1709142507.636424535,1709142507.635949951,/rigid_bodies.rigidbodies[2].pose.position.y,0.6533773683011803
36.96303609,1709142507.646018234,1709142507.645756613,/rigid_bodies.rigidbodies[2].pose.position.y,0.6533625491923606
36.973203862,1709142507.656186006,1709142507.655763513,/rigid_bodies.rigidbodies[2].pose.position.y,0.6534500627521546
36.982861092,1709142507.665843236,1709142507.665579506,/rigid_bodies.rigidbodies[2].pose.position.y,0.6534535355935828
36.992860342,1709142507.675842486,1709142507.675517116,/rigid_bodies.rigidbodies[2].pose.position.y,0.6534582096651731
37.003137128,1709142507.686119272,1709142507.685630835,/rigid_bodies.rigidbodies[2].pose.position.y,0.6535488874496443
37.013313476,1709142507.696295620,1709142507.695740291,/rigid_bodies.rigidbodies[2].pose.position.y,0.653535061576426
37.023403142,1709142507.706385286,1709142507.705822226,/rigid_bodies.rigidbodies[2].pose.position.y,0.6534523576088911
37.033593882,1709142507.716576026,1709142507.715936936,/rigid_bodies.rigidbodies[2].pose.position.y,0.6534697834318843
37.043064603,1709142507.726046747,1709142507.725763125,/rigid_bodies.rigidbodies[2].pose.position.y,0.6534549078981509
37.05304085,1709142507.736022994,1709142507.735650822,/rigid_bodies.rigidbodies[2].pose.position.y,0.6534734777519519
37.063164861,1709142507.746147005,1709142507.745826622,/rigid_bodies.rigidbodies[2].pose.position.y,0.6535035023974362
37.073452972,1709142507.756435116,1709142507.755856152,/rigid_bodies.rigidbodies[2].pose.position.y,0.6533984363618468
37.083702199,1709142507.766684343,1709142507.766043735,/rigid_bodies.rigidbodies[2].pose.position.y,0.6534296779899713
37.093458273,1709142507.776440417,1709142507.775833626,/rigid_bodies.rigidbodies[2].pose.position.y,0.6535434141328108
37.103211318,1709142507.786193462,1709142507.785844953,/rigid_bodies.rigidbodies[2].pose.position.y,0.6535078657714429
37.113224996,1709142507.796207140,1709142507.795716056,/rigid_bodies.rigidbodies[2].pose.position.y,0.6534501425477974
37.12391129,1709142507.806893434,1709142507.806128831,/rigid_bodies.rigidbodies[2].pose.position.y,0.6534482301936108
37.133327508,1709142507.816309652,1709142507.815953064,/rigid_bodies.rigidbodies[2].pose.position.y,0.6534311616069881
37.14311032,1709142507.826092464,1709142507.825781064,/rigid_bodies.rigidbodies[2].pose.position.y,0.6534646785400753
37.153526642,1709142507.836508786,1709142507.835859492,/rigid_bodies.rigidbodies[2].pose.position.y,0.6535340115128326
37.163023786,1709142507.846005930,1709142507.845620222,/rigid_bodies.rigidbodies[2].pose.position.y,0.6535121532024852
37.17354319,1709142507.856525334,1709142507.855972915,/rigid_bodies.rigidbodies[2].pose.position.y,0.6534550105015193
37.183442251,1709142507.866424395,1709142507.865881698,/rigid_bodies.rigidbodies[2].pose.position.y,0.6534887060687317
37.193040118,1709142507.876022262,1709142507.875733875,/rigid_bodies.rigidbodies[2].pose.position.y,0.6534310562680278
37.20305137,1709142507.886033514,1709142507.885661397,/rigid_bodies.rigidbodies[2].pose.position.y,0.653446396509432
37.212998807,1709142507.895980951,1709142507.895672769,/rigid_bodies.rigidbodies[2].pose.position.y,0.6534367641303782
37.222937646,1709142507.905919790,1709142507.905661101,/rigid_bodies.rigidbodies[2].pose.position.y,0.6534266671778758
37.233495498,1709142507.916477642,1709142507.915941390,/rigid_bodies.rigidbodies[2].pose.position.y,0.6535032049207798
37.243155629,1709142507.926137773,1709142507.925816391,/rigid_bodies.rigidbodies[2].pose.position.y,0.6535513808162289
37.252951649,1709142507.935933793,1709142507.935713795,/rigid_bodies.rigidbodies[2].pose.position.y,0.653570557408167
37.263085651,1709142507.946067795,1709142507.945766210,/rigid_bodies.rigidbodies[2].pose.position.y,0.6535145741603919
37.273131461,1709142507.956113605,1709142507.955762970,/rigid_bodies.rigidbodies[2].pose.position.y,0.6534449966038121
37.282976052,1709142507.965958196,1709142507.965669871,/rigid_bodies.rigidbodies[2].pose.position.y,0.6534191708063773
37.293444747,1709142507.976426891,1709142507.975973946,/rigid_bodies.rigidbodies[2].pose.position.y,0.6534433890637839
37.303157041,1709142507.986139185,1709142507.985742084,/rigid_bodies.rigidbodies[2].pose.position.y,0.6534272624144951
37.313002943,1709142507.995985087,1709142507.995637997,/rigid_bodies.rigidbodies[2].pose.position.y,0.6533613122584074
37.323226729,1709142508.006208873,1709142508.005796257,/rigid_bodies.rigidbodies[2].pose.position.y,0.653423854652275
37.333253663,1709142508.016235807,1709142508.015851312,/rigid_bodies.rigidbodies[2].pose.position.y,0.6534957616075137
37.343031898,1709142508.026014042,1709142508.025700159,/rigid_bodies.rigidbodies[2].pose.position.y,0.6535125215853552
37.353166148,1709142508.036148292,1709142508.035765644,/rigid_bodies.rigidbodies[2].pose.position.y,0.6535573061713187
37.363084147,1709142508.046066291,1709142508.045753995,/rigid_bodies.rigidbodies[2].pose.position.y,0.6535125775716522
37.373039972,1709142508.056022116,1709142508.055809770,/rigid_bodies.rigidbodies[2].pose.position.y,0.6535025335061072
37.38304811,1709142508.066030254,1709142508.065812959,/rigid_bodies.rigidbodies[2].pose.position.y,0.6535564412917686
37.393032235,1709142508.076014379,1709142508.075755905,/rigid_bodies.rigidbodies[2].pose.position.y,0.6534920349082396
37.403164963,1709142508.086147107,1709142508.085796395,/rigid_bodies.rigidbodies[2].pose.position.y,0.6534358400210156
37.412941134,1709142508.095923278,1709142508.095733604,/rigid_bodies.rigidbodies[2].pose.position.y,0.6534622547517165
37.423010981,1709142508.105993125,1709142508.105725782,/rigid_bodies.rigidbodies[2].pose.position.y,0.653399646047021
37.433208089,1709142508.116190233,1709142508.115846265,/rigid_bodies.rigidbodies[2].pose.position.y,0.6533778268298562
37.443565251,1709142508.126547395,1709142508.126048097,/rigid_bodies.rigidbodies[2].pose.position.y,0.6534241673907039
37.453772556,1709142508.136754700,1709142508.136255595,/rigid_bodies.rigidbodies[2].pose.position.y,0.6534576614804922
37.463277314,1709142508.146259458,1709142508.145866015,/rigid_bodies.rigidbodies[2].pose.position.y,0.6535641026615462
37.473281963,1709142508.156264107,1709142508.155853350,/rigid_bodies.rigidbodies[2].pose.position.y,0.6535498566139696
37.483921064,1709142508.166903208,1709142508.166202014,/rigid_bodies.rigidbodies[2].pose.position.y,0.6534892410609009
37.493485051,1709142508.176467195,1709142508.176009399,/rigid_bodies.rigidbodies[2].pose.position.y,0.6534897218164031
37.50396205,1709142508.186944194,1709142508.186247249,/rigid_bodies.rigidbodies[2].pose.position.y,0.6535118051358506
37.513486911,1709142508.196469055,1709142508.195978557,/rigid_bodies.rigidbodies[2].pose.position.y,0.653491008919524
37.523506255,1709142508.206488399,1709142508.206014505,/rigid_bodies.rigidbodies[2].pose.position.y,0.6535233019926371
37.533455669,1709142508.216437813,1709142508.215992055,/rigid_bodies.rigidbodies[2].pose.position.y,0.6535477822070317
37.543687227,1709142508.226669371,1709142508.225968855,/rigid_bodies.rigidbodies[2].pose.position.y,0.6534125769340465
37.553279049,1709142508.236261193,1709142508.235822572,/rigid_bodies.rigidbodies[2].pose.position.y,0.6533356704818442
37.563257514,1709142508.246239658,1709142508.245905452,/rigid_bodies.rigidbodies[2].pose.position.y,0.6533718992152294
37.573120803,1709142508.256102947,1709142508.255821870,/rigid_bodies.rigidbodies[2].pose.position.y,0.6534328941661599
37.582858744,1709142508.265840888,1709142508.265639368,/rigid_bodies.rigidbodies[2].pose.position.y,0.6536196988798685
37.593001919,1709142508.275984063,1709142508.275683853,/rigid_bodies.rigidbodies[2].pose.position.y,0.6535627825152158
37.603398415,1709142508.286380559,1709142508.285924673,/rigid_bodies.rigidbodies[2].pose.position.y,0.6534674074181771
37.613281019,1709142508.296263163,1709142508.295792046,/rigid_bodies.rigidbodies[2].pose.position.y,0.6535312239691621
37.623305822,1709142508.306287966,1709142508.305907145,/rigid_bodies.rigidbodies[2].pose.position.y,0.6534679415893389
37.633707539,1709142508.316689683,1709142508.316091801,/rigid_bodies.rigidbodies[2].pose.position.y,0.6534189444498782
37.643497018,1709142508.326479162,1709142508.325990768,/rigid_bodies.rigidbodies[2].pose.position.y,0.6534259127278943
37.65332483,1709142508.336306974,1709142508.335811302,/rigid_bodies.rigidbodies[2].pose.position.y,0.6534341984214568
37.663117506,1709142508.346099650,1709142508.345724180,/rigid_bodies.rigidbodies[2].pose.position.y,0.6534578783727831
37.673130569,1709142508.356112713,1709142508.355686528,/rigid_bodies.rigidbodies[2].pose.position.y,0.653518413612026
37.683248914,1709142508.366231058,1709142508.365839281,/rigid_bodies.rigidbodies[2].pose.position.y,0.6535554047790572
37.693638244,1709142508.376620388,1709142508.376061420,/rigid_bodies.rigidbodies[2].pose.position.y,0.6535120705189714
37.70355567,1709142508.386537814,1709142508.386005206,/rigid_bodies.rigidbodies[2].pose.position.y,0.6535881132828144
37.713056536,1709142508.396038680,1709142508.395737404,/rigid_bodies.rigidbodies[2].pose.position.y,0.6535316190078264
37.723459116,1709142508.406441260,1709142508.405919898,/rigid_bodies.rigidbodies[2].pose.position.y,0.653451399095412
37.733794643,1709142508.416776787,1709142508.416155470,/rigid_bodies.rigidbodies[2].pose.position.y,0.6534623909384342
37.743430581,1709142508.426412725,1709142508.426042216,/rigid_bodies.rigidbodies[2].pose.position.y,0.6533948974078495
37.753616472,1709142508.436598616,1709142508.436033473,/rigid_bodies.rigidbodies[2].pose.position.y,0.6533749059416001
37.76328467,1709142508.446266814,1709142508.445930033,/rigid_bodies.rigidbodies[2].pose.position.y,0.6534431153550704
37.773297369,1709142508.456279513,1709142508.455861446,/rigid_bodies.rigidbodies[2].pose.position.y,0.6534631326116738
37.783637591,1709142508.466619735,1709142508.465978574,/rigid_bodies.rigidbodies[2].pose.position.y,0.6534824360287389
37.793388479,1709142508.476370623,1709142508.475905014,/rigid_bodies.rigidbodies[2].pose.position.y,0.6535186046274507
37.803329508,1709142508.486311652,1709142508.485860578,/rigid_bodies.rigidbodies[2].pose.position.y,0.6534967112584538
37.813276622000004,1709142508.496258766,1709142508.495838068,/rigid_bodies.rigidbodies[2].pose.position.y,0.6535963032686606
37.823443983,1709142508.506426127,1709142508.505898088,/rigid_bodies.rigidbodies[2].pose.position.y,0.6536356759203634
37.833164323,1709142508.516146467,1709142508.515734704,/rigid_bodies.rigidbodies[2].pose.position.y,0.6534686727002593
37.843153983,1709142508.526136127,1709142508.525725039,/rigid_bodies.rigidbodies[2].pose.position.y,0.6534840621239277
37.853642151,1709142508.536624295,1709142508.536040805,/rigid_bodies.rigidbodies[2].pose.position.y,0.6535161338349691
37.86319544,1709142508.546177584,1709142508.545813141,/rigid_bodies.rigidbodies[2].pose.position.y,0.6534197092668431
37.873295049,1709142508.556277193,1709142508.555831292,/rigid_bodies.rigidbodies[2].pose.position.y,0.6534337261560201
37.883101027,1709142508.566083171,1709142508.565690842,/rigid_bodies.rigidbodies[2].pose.position.y,0.6534038761277524
37.893173054,1709142508.576155198,1709142508.575742005,/rigid_bodies.rigidbodies[2].pose.position.y,0.6533479840404387
37.90344377,1709142508.586425914,1709142508.585908696,/rigid_bodies.rigidbodies[2].pose.position.y,0.6534585286444198
37.913026868,1709142508.596009012,1709142508.595660868,/rigid_bodies.rigidbodies[2].pose.position.y,0.6535071647434025
37.923216559,1709142508.606198703,1709142508.605860423,/rigid_bodies.rigidbodies[2].pose.position.y,0.6534726403088599
37.933373574,1709142508.616355718,1709142508.615872976,/rigid_bodies.rigidbodies[2].pose.position.y,0.6535971227012748
37.943414559,1709142508.626396703,1709142508.625956735,/rigid_bodies.rigidbodies[2].pose.position.y,0.6536320794660267
37.953437429,1709142508.636419573,1709142508.635914929,/rigid_bodies.rigidbodies[2].pose.position.y,0.6535281999372111
37.96328919,1709142508.646271334,1709142508.645811173,/rigid_bodies.rigidbodies[2].pose.position.y,0.6535165754801036
37.973424109,1709142508.656406253,1709142508.655893527,/rigid_bodies.rigidbodies[2].pose.position.y,0.6534495057119067
37.983375454,1709142508.666357598,1709142508.665859236,/rigid_bodies.rigidbodies[2].pose.position.y,0.6533879819183203
37.993248724,1709142508.676230868,1709142508.675705754,/rigid_bodies.rigidbodies[2].pose.position.y,0.6534512181115913
38.003425273,1709142508.686407417,1709142508.685954381,/rigid_bodies.rigidbodies[2].pose.position.y,0.6534522417645203
38.013120087,1709142508.696102231,1709142508.695727261,/rigid_bodies.rigidbodies[2].pose.position.y,0.6534853030512597
38.02344383,1709142508.706425974,1709142508.705962967,/rigid_bodies.rigidbodies[2].pose.position.y,0.65355274190669
38.03348842,1709142508.716470564,1709142508.715901510,/rigid_bodies.rigidbodies[2].pose.position.y,0.6534938001002122
38.043252598,1709142508.726234742,1709142508.725853842,/rigid_bodies.rigidbodies[2].pose.position.y,0.6534896873254671
38.053483766,1709142508.736465910,1709142508.735919644,/rigid_bodies.rigidbodies[2].pose.position.y,0.6536160175576573
38.063054655,1709142508.746036799,1709142508.745762724,/rigid_bodies.rigidbodies[2].pose.position.y,0.6536204598591971
38.073083169,1709142508.756065313,1709142508.755713541,/rigid_bodies.rigidbodies[2].pose.position.y,0.6534726641520977
38.083416669,1709142508.766398813,1709142508.765929849,/rigid_bodies.rigidbodies[2].pose.position.y,0.6534232457263085
38.093174766,1709142508.776156910,1709142508.775810595,/rigid_bodies.rigidbodies[2].pose.position.y,0.6533255348797357
38.103422007,1709142508.786404151,1709142508.785964071,/rigid_bodies.rigidbodies[2].pose.position.y,0.6533829644099568
38.113436861,1709142508.796419005,1709142508.796027219,/rigid_bodies.rigidbodies[2].pose.position.y,0.653527483001633
38.123359158,1709142508.806341302,1709142508.805997036,/rigid_bodies.rigidbodies[2].pose.position.y,0.6534646173886974
38.133866576,1709142508.816848720,1709142508.816178506,/rigid_bodies.rigidbodies[2].pose.position.y,0.6535673936445768
38.143742574,1709142508.826724718,1709142508.826082700,/rigid_bodies.rigidbodies[2].pose.position.y,0.6535885484748601
38.153723331,1709142508.836705475,1709142508.836170945,/rigid_bodies.rigidbodies[2].pose.position.y,0.6534147185675256
38.163337366,1709142508.846319510,1709142508.845830422,/rigid_bodies.rigidbodies[2].pose.position.y,0.6534540411520414
38.173477655,1709142508.856459799,1709142508.855977326,/rigid_bodies.rigidbodies[2].pose.position.y,0.6534948286037349
38.183413246,1709142508.866395390,1709142508.865923568,/rigid_bodies.rigidbodies[2].pose.position.y,0.6534179337750449
38.193337514,1709142508.876319658,1709142508.875842073,/rigid_bodies.rigidbodies[2].pose.position.y,0.653447027120497
38.20332806,1709142508.886310204,1709142508.885809182,/rigid_bodies.rigidbodies[2].pose.position.y,0.6534252932888428
38.213577694,1709142508.896559838,1709142508.896026902,/rigid_bodies.rigidbodies[2].pose.position.y,0.6533654262142476
38.223355532,1709142508.906337676,1709142508.905868998,/rigid_bodies.rigidbodies[2].pose.position.y,0.6534567724744943
38.233434543,1709142508.916416687,1709142508.915929315,/rigid_bodies.rigidbodies[2].pose.position.y,0.6534928553702567
38.243642423,1709142508.926624567,1709142508.926079309,/rigid_bodies.rigidbodies[2].pose.position.y,0.6534750767336506
38.253615685,1709142508.936597829,1709142508.936027756,/rigid_bodies.rigidbodies[2].pose.position.y,0.6535632200177834
38.263390276,1709142508.946372420,1709142508.945951676,/rigid_bodies.rigidbodies[2].pose.position.y,0.6534833055649505
38.273944869,1709142508.956927013,1709142508.956270409,/rigid_bodies.rigidbodies[2].pose.position.y,0.6534294818159417
38.283727177,1709142508.966709321,1709142508.966049390,/rigid_bodies.rigidbodies[2].pose.position.y,0.6535224140638786
38.29326382,1709142508.976245964,1709142508.975807572,/rigid_bodies.rigidbodies[2].pose.position.y,0.6535309712789574
38.303065133,1709142508.986047277,1709142508.985773695,/rigid_bodies.rigidbodies[2].pose.position.y,0.6535246508061187
38.313365932,1709142508.996348076,1709142508.995903644,/rigid_bodies.rigidbodies[2].pose.position.y,0.6534848578782722
38.323194566,1709142509.006176710,1709142509.005792745,/rigid_bodies.rigidbodies[2].pose.position.y,0.6533580201015617
38.333514663,1709142509.016496807,1709142509.016071223,/rigid_bodies.rigidbodies[2].pose.position.y,0.6533638829554251
38.343432625,1709142509.026414769,1709142509.026018047,/rigid_bodies.rigidbodies[2].pose.position.y,0.6534843631381103
38.353289215,1709142509.036271359,1709142509.035870867,/rigid_bodies.rigidbodies[2].pose.position.y,0.6534266912335984
38.363212137,1709142509.046194281,1709142509.045756031,/rigid_bodies.rigidbodies[2].pose.position.y,0.6534372969297395
38.373696745,1709142509.056678889,1709142509.056125914,/rigid_bodies.rigidbodies[2].pose.position.y,0.6535752092738607
38.383335908,1709142509.066318052,1709142509.065938734,/rigid_bodies.rigidbodies[2].pose.position.y,0.6536002386135974
38.393453361,1709142509.076435505,1709142509.075944028,/rigid_bodies.rigidbodies[2].pose.position.y,0.653561417998246
38.404018313,1709142509.087000457,1709142509.086363836,/rigid_bodies.rigidbodies[2].pose.position.y,0.6535570716657179
38.413389419,1709142509.096371563,1709142509.095948311,/rigid_bodies.rigidbodies[2].pose.position.y,0.6534287464889227
38.423497779,1709142509.106479923,1709142509.105992119,/rigid_bodies.rigidbodies[2].pose.position.y,0.6534550531783566
38.434033464,1709142509.117015608,1709142509.116412023,/rigid_bodies.rigidbodies[2].pose.position.y,0.6534553448998344
38.443261619,1709142509.126243763,1709142509.125869893,/rigid_bodies.rigidbodies[2].pose.position.y,0.6533545222121205
38.453312677,1709142509.136294821,1709142509.135848774,/rigid_bodies.rigidbodies[2].pose.position.y,0.6533726293191782
38.463356738,1709142509.146338882,1709142509.145890503,/rigid_bodies.rigidbodies[2].pose.position.y,0.6534504456970053
38.473597255,1709142509.156579399,1709142509.155982250,/rigid_bodies.rigidbodies[2].pose.position.y,0.653430472327683
38.483950874,1709142509.166933018,1709142509.166184923,/rigid_bodies.rigidbodies[2].pose.position.y,0.6535837598513649
38.493714084,1709142509.176696228,1709142509.176075596,/rigid_bodies.rigidbodies[2].pose.position.y,0.6536180621697175
38.503431074,1709142509.186413218,1709142509.185866486,/rigid_bodies.rigidbodies[2].pose.position.y,0.6534883281856084
38.513080372,1709142509.196062516,1709142509.195652610,/rigid_bodies.rigidbodies[2].pose.position.y,0.6534848835469317
38.523404336,1709142509.206386480,1709142509.205918716,/rigid_bodies.rigidbodies[2].pose.position.y,0.6534336839465918
38.53326611,1709142509.216248254,1709142509.215811257,/rigid_bodies.rigidbodies[2].pose.position.y,0.6534580022655565
38.543123971,1709142509.226106115,1709142509.225726558,/rigid_bodies.rigidbodies[2].pose.position.y,0.6535536790125258
38.553394338,1709142509.236376482,1709142509.235899269,/rigid_bodies.rigidbodies[2].pose.position.y,0.6534939846519564
38.563094396,1709142509.246076540,1709142509.245764476,/rigid_bodies.rigidbodies[2].pose.position.y,0.6533828336543602
38.573404035,1709142509.256386179,1709142509.255929883,/rigid_bodies.rigidbodies[2].pose.position.y,0.6534399060790593
38.583207125,1709142509.266189269,1709142509.265852306,/rigid_bodies.rigidbodies[2].pose.position.y,0.6534724136141832
38.593572357,1709142509.276554501,1709142509.276071509,/rigid_bodies.rigidbodies[2].pose.position.y,0.6534564612904777
38.603378523,1709142509.286360667,1709142509.285946059,/rigid_bodies.rigidbodies[2].pose.position.y,0.6535146125498436
38.613529716,1709142509.296511860,1709142509.295945475,/rigid_bodies.rigidbodies[2].pose.position.y,0.6534909896495278
38.623726779,1709142509.306708923,1709142509.305973368,/rigid_bodies.rigidbodies[2].pose.position.y,0.6535017877998572
38.633375953,1709142509.316358097,1709142509.315887162,/rigid_bodies.rigidbodies[2].pose.position.y,0.6535770437874157
38.644018727,1709142509.327000871,1709142509.326116985,/rigid_bodies.rigidbodies[2].pose.position.y,0.6534811843872199
38.653519679,1709142509.336501823,1709142509.336037048,/rigid_bodies.rigidbodies[2].pose.position.y,0.6534756226698099
38.663125233,1709142509.346107377,1709142509.345790614,/rigid_bodies.rigidbodies[2].pose.position.y,0.6535537626360421
38.6738137,1709142509.356795844,1709142509.356131507,/rigid_bodies.rigidbodies[2].pose.position.y,0.653430716330828
38.683908472,1709142509.366890616,1709142509.366234203,/rigid_bodies.rigidbodies[2].pose.position.y,0.6533838691875333
38.693385069,1709142509.376367213,1709142509.375937559,/rigid_bodies.rigidbodies[2].pose.position.y,0.6534061848985508
38.703916087,1709142509.386898231,1709142509.386370304,/rigid_bodies.rigidbodies[2].pose.position.y,0.6534101757823068
38.713243364,1709142509.396225508,1709142509.395854646,/rigid_bodies.rigidbodies[2].pose.position.y,0.6535027685469753
38.723222553,1709142509.406204697,1709142509.405698810,/rigid_bodies.rigidbodies[2].pose.position.y,0.6536178601510155
38.733108632,1709142509.416090776,1709142509.415672588,/rigid_bodies.rigidbodies[2].pose.position.y,0.6535404483696792
38.743103367,1709142509.426085511,1709142509.425637506,/rigid_bodies.rigidbodies[2].pose.position.y,0.6535223596204583
38.753148639,1709142509.436130783,1709142509.435696462,/rigid_bodies.rigidbodies[2].pose.position.y,0.6535456076121267
38.763208069,1709142509.446190213,1709142509.445792473,/rigid_bodies.rigidbodies[2].pose.position.y,0.6534096976514497
38.773517077,1709142509.456499221,1709142509.455821932,/rigid_bodies.rigidbodies[2].pose.position.y,0.6534618223290096
38.783386347,1709142509.466368491,1709142509.465805792,/rigid_bodies.rigidbodies[2].pose.position.y,0.6534872296050892
38.793883802,1709142509.476865946,1709142509.476049705,/rigid_bodies.rigidbodies[2].pose.position.y,0.6533860312020077
38.803630596,1709142509.486612740,1709142509.485933952,/rigid_bodies.rigidbodies[2].pose.position.y,0.6534482525084658
38.81318928,1709142509.496171424,1709142509.495762803,/rigid_bodies.rigidbodies[2].pose.position.y,0.6534668311637208
38.824126331,1709142509.507108475,1709142509.506107086,/rigid_bodies.rigidbodies[2].pose.position.y,0.6535523784939787
38.833241469,1709142509.516223613,1709142509.515865719,/rigid_bodies.rigidbodies[2].pose.position.y,0.653668153943607
38.843353782,1709142509.526335926,1709142509.525853309,/rigid_bodies.rigidbodies[2].pose.position.y,0.6536072803680651
38.853704573,1709142509.536686717,1709142509.536078957,/rigid_bodies.rigidbodies[2].pose.position.y,0.6534918266578533
38.863213234,1709142509.546195378,1709142509.545787484,/rigid_bodies.rigidbodies[2].pose.position.y,0.6534981783406996
38.873540025,1709142509.556522169,1709142509.556022011,/rigid_bodies.rigidbodies[2].pose.position.y,0.6533948667365164
38.883742979,1709142509.566725123,1709142509.566171550,/rigid_bodies.rigidbodies[2].pose.position.y,0.6533190726437544
38.893675555,1709142509.576657699,1709142509.576032138,/rigid_bodies.rigidbodies[2].pose.position.y,0.65347110804491
38.903390477,1709142509.586372621,1709142509.585814516,/rigid_bodies.rigidbodies[2].pose.position.y,0.6535242227955046
38.913701162,1709142509.596683306,1709142509.596025168,/rigid_bodies.rigidbodies[2].pose.position.y,0.6535457638768227
38.923682684,1709142509.606664828,1709142509.606023095,/rigid_bodies.rigidbodies[2].pose.position.y,0.6535248528246802
38.933472901,1709142509.616455045,1709142509.615942551,/rigid_bodies.rigidbodies[2].pose.position.y,0.653354172479024
38.943345642,1709142509.626327786,1709142509.625925954,/rigid_bodies.rigidbodies[2].pose.position.y,0.6534241224292512
38.953858689,1709142509.636840833,1709142509.636152461,/rigid_bodies.rigidbodies[2].pose.position.y,0.6535597250096049
38.963350908,1709142509.646333052,1709142509.645661228,/rigid_bodies.rigidbodies[2].pose.position.y,0.6535634417875322
38.973568929,1709142509.656551073,1709142509.655893194,/rigid_bodies.rigidbodies[2].pose.position.y,0.6535580076037801
38.983739944,1709142509.666722088,1709142509.666067327,/rigid_bodies.rigidbodies[2].pose.position.y,0.6535501720691891
38.993132102,1709142509.676114246,1709142509.675707401,/rigid_bodies.rigidbodies[2].pose.position.y,0.6534499746745618
39.002934239,1709142509.685916383,1709142509.685566408,/rigid_bodies.rigidbodies[2].pose.position.y,0.6533870002181648
39.012800191,1709142509.695782335,1709142509.695483064,/rigid_bodies.rigidbodies[2].pose.position.y,0.6534533131335369
39.02306162,1709142509.706043764,1709142509.705610450,/rigid_bodies.rigidbodies[2].pose.position.y,0.6534342604584795
39.033645891,1709142509.716628035,1709142509.715922559,/rigid_bodies.rigidbodies[2].pose.position.y,0.6534717338781687
39.043413689,1709142509.726395833,1709142509.725738293,/rigid_bodies.rigidbodies[2].pose.position.y,0.6534320631422866
39.053760208,1709142509.736742352,1709142509.736048286,/rigid_bodies.rigidbodies[2].pose.position.y,0.6533701011647727
39.063204219,1709142509.746186363,1709142509.745663588,/rigid_bodies.rigidbodies[2].pose.position.y,0.6534750746979935
39.073318956,1709142509.756301100,1709142509.755676833,/rigid_bodies.rigidbodies[2].pose.position.y,0.6535344810301215
39.083604979,1709142509.766587123,1709142509.765827052,/rigid_bodies.rigidbodies[2].pose.position.y,0.6535441933087566
39.093136895,1709142509.776119039,1709142509.775668099,/rigid_bodies.rigidbodies[2].pose.position.y,0.6536020755266942
39.103455531,1709142509.786437675,1709142509.785854768,/rigid_bodies.rigidbodies[2].pose.position.y,0.6535679742376512
39.113604947,1709142509.796587091,1709142509.795991419,/rigid_bodies.rigidbodies[2].pose.position.y,0.6534450852464905
39.123490117,1709142509.806472261,1709142509.805943655,/rigid_bodies.rigidbodies[2].pose.position.y,0.6533210975359185
39.13384063,1709142509.816822774,1709142509.816123948,/rigid_bodies.rigidbodies[2].pose.position.y,0.653329594347785
39.143025542,1709142509.826007686,1709142509.825692241,/rigid_bodies.rigidbodies[2].pose.position.y,0.6533875098135616
39.153329216,1709142509.836311360,1709142509.835894170,/rigid_bodies.rigidbodies[2].pose.position.y,0.6535765693957353
39.16349882,1709142509.846480964,1709142509.845979734,/rigid_bodies.rigidbodies[2].pose.position.y,0.6535459316456641
39.173894356,1709142509.856876500,1709142509.856222648,/rigid_bodies.rigidbodies[2].pose.position.y,0.6534381165321134
39.183364146,1709142509.866346290,1709142509.865919679,/rigid_bodies.rigidbodies[2].pose.position.y,0.6535570048223136
39.193506819,1709142509.876488963,1709142509.875971618,/rigid_bodies.rigidbodies[2].pose.position.y,0.6535425888079422
39.204132132,1709142509.887114276,1709142509.886314764,/rigid_bodies.rigidbodies[2].pose.position.y,0.6534648427182701
39.213338483,1709142509.896320627,1709142509.895826086,/rigid_bodies.rigidbodies[2].pose.position.y,0.653473869713707
39.223256578,1709142509.906238722,1709142509.905815157,/rigid_bodies.rigidbodies[2].pose.position.y,0.6534515459098088
39.233523548,1709142509.916505692,1709142509.915995717,/rigid_bodies.rigidbodies[2].pose.position.y,0.6534118955961277
39.243279048,1709142509.926261192,1709142509.925888965,/rigid_bodies.rigidbodies[2].pose.position.y,0.6534358542014763
39.253480122,1709142509.936462266,1709142509.936016458,/rigid_bodies.rigidbodies[2].pose.position.y,0.6534875585690466
39.263297352,1709142509.946279496,1709142509.945887372,/rigid_bodies.rigidbodies[2].pose.position.y,0.6535089214842147
39.273364847,1709142509.956346991,1709142509.955903250,/rigid_bodies.rigidbodies[2].pose.position.y,0.6535257543733665
39.283722532,1709142509.966704676,1709142509.966054524,/rigid_bodies.rigidbodies[2].pose.position.y,0.6534609377788002
39.293702237,1709142509.976684381,1709142509.976061234,/rigid_bodies.rigidbodies[2].pose.position.y,0.6534243378952034
39.303325932,1709142509.986308076,1709142509.985834245,/rigid_bodies.rigidbodies[2].pose.position.y,0.6534995002006261
39.313473043,1709142509.996455187,1709142509.995914754,/rigid_bodies.rigidbodies[2].pose.position.y,0.6535230745008047
39.323818914,1709142510.006801058,1709142510.006074752,/rigid_bodies.rigidbodies[2].pose.position.y,0.6535000040363141
39.332994336,1709142510.015976480,1709142510.015775806,/rigid_bodies.rigidbodies[2].pose.position.y,0.6534643028111669
39.343291746,1709142510.026273890,1709142510.025972190,/rigid_bodies.rigidbodies[2].pose.position.y,0.6534630591122093
39.352960248,1709142510.035942392,1709142510.035638755,/rigid_bodies.rigidbodies[2].pose.position.y,0.6534669321817577
39.362937123,1709142510.045919267,1709142510.045673376,/rigid_bodies.rigidbodies[2].pose.position.y,0.6534509660621676
39.372815497,1709142510.055797641,1709142510.055571717,/rigid_bodies.rigidbodies[2].pose.position.y,0.6534557025852233
39.382827916,1709142510.065810060,1709142510.065587380,/rigid_bodies.rigidbodies[2].pose.position.y,0.6535044299213267
39.392925082,1709142510.075907226,1709142510.075687123,/rigid_bodies.rigidbodies[2].pose.position.y,0.6535459148132413
39.40286374,1709142510.085845884,1709142510.085589568,/rigid_bodies.rigidbodies[2].pose.position.y,0.6534472018639689
39.412790191,1709142510.095772335,1709142510.095532043,/rigid_bodies.rigidbodies[2].pose.position.y,0.6534130458777798
39.422909539,1709142510.105891683,1709142510.105567305,/rigid_bodies.rigidbodies[2].pose.position.y,0.6535303088617592
39.432931275,1709142510.115913419,1709142510.115658224,/rigid_bodies.rigidbodies[2].pose.position.y,0.6535631050674128
39.442949273,1709142510.125931417,1709142510.125694333,/rigid_bodies.rigidbodies[2].pose.position.y,0.6536230097947723
39.453032196,1709142510.136014340,1709142510.135721095,/rigid_bodies.rigidbodies[2].pose.position.y,0.6535215749891855
39.463152652,1709142510.146134796,1709142510.145808422,/rigid_bodies.rigidbodies[2].pose.position.y,0.6533905466051256
39.473484751,1709142510.156466895,1709142510.155986970,/rigid_bodies.rigidbodies[2].pose.position.y,0.653358451947379
39.483664787,1709142510.166646931,1709142510.166098167,/rigid_bodies.rigidbodies[2].pose.position.y,0.6533793375811245
39.493359031,1709142510.176341175,1709142510.175860047,/rigid_bodies.rigidbodies[2].pose.position.y,0.6534398776715243
39.503826094,1709142510.186808238,1709142510.186192345,/rigid_bodies.rigidbodies[2].pose.position.y,0.6535181524819985
39.513737393,1709142510.196719537,1709142510.196094687,/rigid_bodies.rigidbodies[2].pose.position.y,0.6535614364687473
39.523449763,1709142510.206431907,1709142510.205924127,/rigid_bodies.rigidbodies[2].pose.position.y,0.6535012067919572
39.533624811,1709142510.216606955,1709142510.216024579,/rigid_bodies.rigidbodies[2].pose.position.y,0.6534847645274937
39.543328833,1709142510.226310977,1709142510.225817430,/rigid_bodies.rigidbodies[2].pose.position.y,0.6534967930551276
39.553219223,1709142510.236201367,1709142510.235805499,/rigid_bodies.rigidbodies[2].pose.position.y,0.6535004823203766
39.563230657,1709142510.246212801,1709142510.245830678,/rigid_bodies.rigidbodies[2].pose.position.y,0.6535164313639834
39.573410269,1709142510.256392413,1709142510.255893706,/rigid_bodies.rigidbodies[2].pose.position.y,0.6535225553026008
39.583894018,1709142510.266876162,1709142510.266195211,/rigid_bodies.rigidbodies[2].pose.position.y,0.6534744641297976
39.593212957,1709142510.276195101,1709142510.275806823,/rigid_bodies.rigidbodies[2].pose.position.y,0.6533748409153026
39.603301881,1709142510.286284025,1709142510.285851605,/rigid_bodies.rigidbodies[2].pose.position.y,0.6533995003667159
39.612732438,1709142510.295714582,1709142510.295531475,/rigid_bodies.rigidbodies[2].pose.position.y,0.6534289062818738
39.622941526,1709142510.305923670,1709142510.305708080,/rigid_bodies.rigidbodies[2].pose.position.y,0.6535403821125412
39.633333308,1709142510.316315452,1709142510.315907808,/rigid_bodies.rigidbodies[2].pose.position.y,0.6536165893976656
39.643170989,1709142510.326153133,1709142510.325766193,/rigid_bodies.rigidbodies[2].pose.position.y,0.6534765546957129
39.653228247,1709142510.336210391,1709142510.335851217,/rigid_bodies.rigidbodies[2].pose.position.y,0.653439631892123
39.663301441,1709142510.346283585,1709142510.345783280,/rigid_bodies.rigidbodies[2].pose.position.y,0.6534431970424105
39.673328344,1709142510.356310488,1709142510.355862041,/rigid_bodies.rigidbodies[2].pose.position.y,0.6534361303244494
39.683631453,1709142510.366613597,1709142510.366063668,/rigid_bodies.rigidbodies[2].pose.position.y,0.6535955540965167
39.693632352,1709142510.376614496,1709142510.376007228,/rigid_bodies.rigidbodies[2].pose.position.y,0.6535547682008672
39.703257622,1709142510.386239766,1709142510.385815209,/rigid_bodies.rigidbodies[2].pose.position.y,0.6534686640374989
39.713459444,1709142510.396441588,1709142510.395914601,/rigid_bodies.rigidbodies[2].pose.position.y,0.6534674618750607
39.724009325,1709142510.406991469,1709142510.406149747,/rigid_bodies.rigidbodies[2].pose.position.y,0.6533879393916355
39.733191504,1709142510.416173648,1709142510.415807783,/rigid_bodies.rigidbodies[2].pose.position.y,0.6534073052600354
39.743360737,1709142510.426342881,1709142510.425926352,/rigid_bodies.rigidbodies[2].pose.position.y,0.6535047388916516
39.753523647,1709142510.436505791,1709142510.436028878,/rigid_bodies.rigidbodies[2].pose.position.y,0.6535200410917434
39.763143266,1709142510.446125410,1709142510.445671229,/rigid_bodies.rigidbodies[2].pose.position.y,0.6535006985107122
39.773064919,1709142510.456047063,1709142510.455658727,/rigid_bodies.rigidbodies[2].pose.position.y,0.6535304473650295
39.783286435,1709142510.466268579,1709142510.465703497,/rigid_bodies.rigidbodies[2].pose.position.y,0.6534589019395625
39.793259118,1709142510.476241262,1709142510.475669475,/rigid_bodies.rigidbodies[2].pose.position.y,0.6534663829500421
39.803397963,1709142510.486380107,1709142510.485815973,/rigid_bodies.rigidbodies[2].pose.position.y,0.6535518569529365
39.81320357,1709142510.496185714,1709142510.495716643,/rigid_bodies.rigidbodies[2].pose.position.y,0.6535222439275944
39.823043585,1709142510.506025729,1709142510.505651495,/rigid_bodies.rigidbodies[2].pose.position.y,0.653502934461598
39.83337375,1709142510.516355894,1709142510.515748028,/rigid_bodies.rigidbodies[2].pose.position.y,0.6534233985205198
39.843307472,1709142510.526289616,1709142510.525725484,/rigid_bodies.rigidbodies[2].pose.position.y,0.6533708026466789
39.8533298,1709142510.536311944,1709142510.535750709,/rigid_bodies.rigidbodies[2].pose.position.y,0.6534292647896881
39.863186637,1709142510.546168781,1709142510.545669381,/rigid_bodies.rigidbodies[2].pose.position.y,0.6535616575429517
39.873532831,1709142510.556514975,1709142510.555852252,/rigid_bodies.rigidbodies[2].pose.position.y,0.6536131809056874
39.883575904,1709142510.566558048,1709142510.565901979,/rigid_bodies.rigidbodies[2].pose.position.y,0.6535113936668258
39.893472424,1709142510.576454568,1709142510.575801684,/rigid_bodies.rigidbodies[2].pose.position.y,0.6534643606275646
39.903617615,1709142510.586599759,1709142510.585874873,/rigid_bodies.rigidbodies[2].pose.position.y,0.6533894303379796
39.913277699,1709142510.596259843,1709142510.595699834,/rigid_bodies.rigidbodies[2].pose.position.y,0.653443971440012
39.923309725,1709142510.606291869,1709142510.605710610,/rigid_bodies.rigidbodies[2].pose.position.y,0.6535535708248101
39.933497353,1709142510.616479497,1709142510.615812141,/rigid_bodies.rigidbodies[2].pose.position.y,0.6534678107127911
39.94344592,1709142510.626428064,1709142510.625841507,/rigid_bodies.rigidbodies[2].pose.position.y,0.6535165222553923
39.953198083,1709142510.636180227,1709142510.635657239,/rigid_bodies.rigidbodies[2].pose.position.y,0.6534767715512416
39.963361913,1709142510.646344057,1709142510.645865540,/rigid_bodies.rigidbodies[2].pose.position.y,0.6534186349182867
39.97324938,1709142510.656231524,1709142510.655737193,/rigid_bodies.rigidbodies[2].pose.position.y,0.6534729862311159
39.983098072,1709142510.666080216,1709142510.665692761,/rigid_bodies.rigidbodies[2].pose.position.y,0.653470762520413
39.993391499,1709142510.676373643,1709142510.675888218,/rigid_bodies.rigidbodies[2].pose.position.y,0.6534682640360872
40.003963924,1709142510.686946068,1709142510.686221485,/rigid_bodies.rigidbodies[2].pose.position.y,0.6535457889688784
40.01353403,1709142510.696516174,1709142510.695936893,/rigid_bodies.rigidbodies[2].pose.position.y,0.6534958577065157
40.023361511,1709142510.706343655,1709142510.705717136,/rigid_bodies.rigidbodies[2].pose.position.y,0.6534512664290629
40.033575333,1709142510.716557477,1709142510.715872281,/rigid_bodies.rigidbodies[2].pose.position.y,0.6535143385346178
40.043439752,1709142510.726421896,1709142510.725821037,/rigid_bodies.rigidbodies[2].pose.position.y,0.6534608353109361
40.053358113,1709142510.736340257,1709142510.735801648,/rigid_bodies.rigidbodies[2].pose.position.y,0.6534664997675548
40.063345262,1709142510.746327406,1709142510.745833685,/rigid_bodies.rigidbodies[2].pose.position.y,0.6535473607440787
40.073435277,1709142510.756417421,1709142510.755968616,/rigid_bodies.rigidbodies[2].pose.position.y,0.6534547704656793
40.083965347,1709142510.766947491,1709142510.766382820,/rigid_bodies.rigidbodies[2].pose.position.y,0.6534131894534856
40.093513571,1709142510.776495715,1709142510.776035469,/rigid_bodies.rigidbodies[2].pose.position.y,0.6534638950513854
40.103280508,1709142510.786262652,1709142510.785925873,/rigid_bodies.rigidbodies[2].pose.position.y,0.6535143967324225
40.113392829,1709142510.796374973,1709142510.795971007,/rigid_bodies.rigidbodies[2].pose.position.y,0.6535280782553431
40.123392552,1709142510.806374696,1709142510.805969885,/rigid_bodies.rigidbodies[2].pose.position.y,0.6535148944182898
40.133264505,1709142510.816246649,1709142510.815884727,/rigid_bodies.rigidbodies[2].pose.position.y,0.6534621533595552
40.143599005,1709142510.826581149,1709142510.826112882,/rigid_bodies.rigidbodies[2].pose.position.y,0.6534400852352746
40.153373098,1709142510.836355242,1709142510.835866648,/rigid_bodies.rigidbodies[2].pose.position.y,0.6535052207088092
40.163051898,1709142510.846034042,1709142510.845677202,/rigid_bodies.rigidbodies[2].pose.position.y,0.653485213873767
40.173309139,1709142510.856291283,1709142510.855785284,/rigid_bodies.rigidbodies[2].pose.position.y,0.653455035027975
40.183369391,1709142510.866351535,1709142510.865831962,/rigid_bodies.rigidbodies[2].pose.position.y,0.6534993042139912
40.193208374,1709142510.876190518,1709142510.875724756,/rigid_bodies.rigidbodies[2].pose.position.y,0.6534331434843016
40.203176814,1709142510.886158958,1709142510.885713689,/rigid_bodies.rigidbodies[2].pose.position.y,0.6534668627459261
40.213325654,1709142510.896307798,1709142510.895808831,/rigid_bodies.rigidbodies[2].pose.position.y,0.6535018641221494
40.223020781,1709142510.906002925,1709142510.905652250,/rigid_bodies.rigidbodies[2].pose.position.y,0.653471697749407
40.233372045,1709142510.916354189,1709142510.915862559,/rigid_bodies.rigidbodies[2].pose.position.y,0.6535689217104491
40.243152974,1709142510.926135118,1709142510.925789387,/rigid_bodies.rigidbodies[2].pose.position.y,0.6535568284983195
40.253038624,1709142510.936020768,1709142510.935673350,/rigid_bodies.rigidbodies[2].pose.position.y,0.653434420665967
40.263125535,1709142510.946107679,1709142510.945889390,/rigid_bodies.rigidbodies[2].pose.position.y,0.6534584169528133
40.2734305,1709142510.956412644,1709142510.955993085,/rigid_bodies.rigidbodies[2].pose.position.y,0.6534693519319676
40.283071356,1709142510.966053500,1709142510.965710726,/rigid_bodies.rigidbodies[2].pose.position.y,0.6534423507803577
40.293302708,1709142510.976284852,1709142510.975848433,/rigid_bodies.rigidbodies[2].pose.position.y,0.6535641718595154
40.303387876,1709142510.986370020,1709142510.985936127,/rigid_bodies.rigidbodies[2].pose.position.y,0.6535172763946276
40.313012929,1709142510.995995073,1709142510.995712153,/rigid_bodies.rigidbodies[2].pose.position.y,0.6534097341828865
40.323251347,1709142511.006233491,1709142511.005813470,/rigid_bodies.rigidbodies[2].pose.position.y,0.6534612847234141
40.333341122,1709142511.016323266,1709142511.015884653,/rigid_bodies.rigidbodies[2].pose.position.y,0.6534696402647004
40.342959437,1709142511.025941581,1709142511.025687464,/rigid_bodies.rigidbodies[2].pose.position.y,0.653502114675581
40.353324344,1709142511.036306488,1709142511.035859275,/rigid_bodies.rigidbodies[2].pose.position.y,0.653559745437626
40.363178785,1709142511.046160929,1709142511.045685410,/rigid_bodies.rigidbodies[2].pose.position.y,0.653485098599845
40.373154711,1709142511.056136855,1709142511.055763160,/rigid_bodies.rigidbodies[2].pose.position.y,0.6534682066470269
40.38316118,1709142511.066143324,1709142511.065762269,/rigid_bodies.rigidbodies[2].pose.position.y,0.6534517728870105
40.393500149,1709142511.076482293,1709142511.076019408,/rigid_bodies.rigidbodies[2].pose.position.y,0.6534748934378126
40.403129314,1709142511.086111458,1709142511.085773576,/rigid_bodies.rigidbodies[2].pose.position.y,0.653465867439106
40.41276569,1709142511.095747834,1709142511.095580598,/rigid_bodies.rigidbodies[2].pose.position.y,0.6535022943169126
40.423023976,1709142511.106006120,1709142511.105706735,/rigid_bodies.rigidbodies[2].pose.position.y,0.6534800171934584
40.433433185,1709142511.116415329,1709142511.115994814,/rigid_bodies.rigidbodies[2].pose.position.y,0.6534512102662805
40.443182432,1709142511.126164576,1709142511.125854592,/rigid_bodies.rigidbodies[2].pose.position.y,0.6534825691318112
40.453528294,1709142511.136510438,1709142511.136132607,/rigid_bodies.rigidbodies[2].pose.position.y,0.6534032794212519
40.463254444,1709142511.146236588,1709142511.145897295,/rigid_bodies.rigidbodies[2].pose.position.y,0.6534942970495592
40.473519499,1709142511.156501643,1709142511.156026415,/rigid_bodies.rigidbodies[2].pose.position.y,0.6536224159377875
40.483444624,1709142511.166426768,1709142511.166074945,/rigid_bodies.rigidbodies[2].pose.position.y,0.6535514950657266
40.49365311,1709142511.176635254,1709142511.176140754,/rigid_bodies.rigidbodies[2].pose.position.y,0.6534680759583212
40.503629123,1709142511.186611267,1709142511.185957357,/rigid_bodies.rigidbodies[2].pose.position.y,0.6534555743621393
40.513456107,1709142511.196438251,1709142511.195971333,/rigid_bodies.rigidbodies[2].pose.position.y,0.6533576642439668
40.523846402,1709142511.206828546,1709142511.206173499,/rigid_bodies.rigidbodies[2].pose.position.y,0.6534416991448789
40.533319758,1709142511.216301902,1709142511.215917631,/rigid_bodies.rigidbodies[2].pose.position.y,0.6535738194101572
40.543615395,1709142511.226597539,1709142511.226134862,/rigid_bodies.rigidbodies[2].pose.position.y,0.653517555817234
40.553602045,1709142511.236584189,1709142511.236118872,/rigid_bodies.rigidbodies[2].pose.position.y,0.6534633874029369
40.563244679,1709142511.246226823,1709142511.245891972,/rigid_bodies.rigidbodies[2].pose.position.y,0.6534652655975445
40.573433647,1709142511.256415791,1709142511.255994419,/rigid_bodies.rigidbodies[2].pose.position.y,0.6533683225479249
40.583573326,1709142511.266555470,1709142511.266104945,/rigid_bodies.rigidbodies[2].pose.position.y,0.653512278083741
40.593330294,1709142511.276312438,1709142511.275905893,/rigid_bodies.rigidbodies[2].pose.position.y,0.6535517614337318
40.603737949,1709142511.286720093,1709142511.286187370,/rigid_bodies.rigidbodies[2].pose.position.y,0.6534439977162089
40.613290595,1709142511.296272739,1709142511.295737015,/rigid_bodies.rigidbodies[2].pose.position.y,0.6534749391884326
40.623547582,1709142511.306529726,1709142511.306092227,/rigid_bodies.rigidbodies[2].pose.position.y,0.6534751353224917
40.633794973,1709142511.316777117,1709142511.316068174,/rigid_bodies.rigidbodies[2].pose.position.y,0.6534841640246224
40.643467484,1709142511.326449628,1709142511.325965357,/rigid_bodies.rigidbodies[2].pose.position.y,0.6535278916908456
40.653354605,1709142511.336336749,1709142511.335871525,/rigid_bodies.rigidbodies[2].pose.position.y,0.6535206770356405
40.663074318,1709142511.346056462,1709142511.345803293,/rigid_bodies.rigidbodies[2].pose.position.y,0.6535091820763211
40.673538248,1709142511.356520392,1709142511.355937258,/rigid_bodies.rigidbodies[2].pose.position.y,0.6535225989496714
40.683433396,1709142511.366415540,1709142511.365872419,/rigid_bodies.rigidbodies[2].pose.position.y,0.6534639978178687
40.693363485,1709142511.376345629,1709142511.375845364,/rigid_bodies.rigidbodies[2].pose.position.y,0.6533855874596965
40.703855877,1709142511.386838021,1709142511.386091816,/rigid_bodies.rigidbodies[2].pose.position.y,0.6534623038768692
40.71338951,1709142511.396371654,1709142511.395855228,/rigid_bodies.rigidbodies[2].pose.position.y,0.6534944440436464
40.723491525,1709142511.406473669,1709142511.405869394,/rigid_bodies.rigidbodies[2].pose.position.y,0.6534663553925915
40.733722821,1709142511.416704965,1709142511.416010575,/rigid_bodies.rigidbodies[2].pose.position.y,0.6535299459378227
40.743422054,1709142511.426404198,1709142511.425866256,/rigid_bodies.rigidbodies[2].pose.position.y,0.6534666436617939
40.753618281,1709142511.436600425,1709142511.435981096,/rigid_bodies.rigidbodies[2].pose.position.y,0.6534151325602938
40.763224125,1709142511.446206269,1709142511.445885919,/rigid_bodies.rigidbodies[2].pose.position.y,0.653466378888831
40.773439409,1709142511.456421553,1709142511.455922609,/rigid_bodies.rigidbodies[2].pose.position.y,0.6534733000063182
40.783824146,1709142511.466806290,1709142511.466031449,/rigid_bodies.rigidbodies[2].pose.position.y,0.653509987126514
40.793278308,1709142511.476260452,1709142511.475857120,/rigid_bodies.rigidbodies[2].pose.position.y,0.6535186787303774
40.803359631,1709142511.486341775,1709142511.485992890,/rigid_bodies.rigidbodies[2].pose.position.y,0.6534212083926253
40.813250603,1709142511.496232747,1709142511.495902080,/rigid_bodies.rigidbodies[2].pose.position.y,0.6534118799789478
40.823298115,1709142511.506280259,1709142511.505808481,/rigid_bodies.rigidbodies[2].pose.position.y,0.6535395692006858
40.833383973,1709142511.516366117,1709142511.515876409,/rigid_bodies.rigidbodies[2].pose.position.y,0.6535122594503369
40.843325708,1709142511.526307852,1709142511.525942874,/rigid_bodies.rigidbodies[2].pose.position.y,0.6535204022257475
40.853213352,1709142511.536195496,1709142511.535841822,/rigid_bodies.rigidbodies[2].pose.position.y,0.6535153935963318
40.863338753,1709142511.546320897,1709142511.546011817,/rigid_bodies.rigidbodies[2].pose.position.y,0.6534282538848434
40.873541135,1709142511.556523279,1709142511.556067091,/rigid_bodies.rigidbodies[2].pose.position.y,0.6534346721876454
40.883198249,1709142511.566180393,1709142511.565813314,/rigid_bodies.rigidbodies[2].pose.position.y,0.6534123249764417
40.893693443000004,1709142511.576675587,1709142511.576105188,/rigid_bodies.rigidbodies[2].pose.position.y,0.6534659248533112
40.903282784,1709142511.586264928,1709142511.585884353,/rigid_bodies.rigidbodies[2].pose.position.y,0.653583016441924
40.91333667,1709142511.596318814,1709142511.595856125,/rigid_bodies.rigidbodies[2].pose.position.y,0.6535689048300563
40.923288529,1709142511.606270673,1709142511.605838446,/rigid_bodies.rigidbodies[2].pose.position.y,0.6534607937363983
40.933467719,1709142511.616449863,1709142511.615950533,/rigid_bodies.rigidbodies[2].pose.position.y,0.6534223711449946
40.943322837,1709142511.626304981,1709142511.625961090,/rigid_bodies.rigidbodies[2].pose.position.y,0.6534572176994007
40.953330546000004,1709142511.636312690,1709142511.635927406,/rigid_bodies.rigidbodies[2].pose.position.y,0.653470318351634
40.963088341,1709142511.646070485,1709142511.645793620,/rigid_bodies.rigidbodies[2].pose.position.y,0.6535327361492059
40.973226628,1709142511.656208772,1709142511.655899594,/rigid_bodies.rigidbodies[2].pose.position.y,0.6535079670826225
40.983454562,1709142511.666436706,1709142511.666020037,/rigid_bodies.rigidbodies[2].pose.position.y,0.6534497299556482
40.993267474,1709142511.676249618,1709142511.675832940,/rigid_bodies.rigidbodies[2].pose.position.y,0.6534641441646394
41.003571126,1709142511.686553270,1709142511.686040816,/rigid_bodies.rigidbodies[2].pose.position.y,0.6534805070117459
41.013237793,1709142511.696219937,1709142511.695879633,/rigid_bodies.rigidbodies[2].pose.position.y,0.6534963945959348
41.023033532,1709142511.706015676,1709142511.705744841,/rigid_bodies.rigidbodies[2].pose.position.y,0.653503368841562
41.03316905,1709142511.716151194,1709142511.715797891,/rigid_bodies.rigidbodies[2].pose.position.y,0.6534778918612434
41.042860918,1709142511.725843062,1709142511.725562478,/rigid_bodies.rigidbodies[2].pose.position.y,0.653411492652082
41.053149335,1709142511.736131479,1709142511.735653890,/rigid_bodies.rigidbodies[2].pose.position.y,0.6534842501550745
41.063189501,1709142511.746171645,1709142511.745702868,/rigid_bodies.rigidbodies[2].pose.position.y,0.653518313331151
41.073608973,1709142511.756591117,1709142511.756041680,/rigid_bodies.rigidbodies[2].pose.position.y,0.6534744500646292
41.08332989,1709142511.766312034,1709142511.765897609,/rigid_bodies.rigidbodies[2].pose.position.y,0.653528233374739
41.093775892,1709142511.776758036,1709142511.776284859,/rigid_bodies.rigidbodies[2].pose.position.y,0.6534945412869463
41.103522304,1709142511.786504448,1709142511.786069590,/rigid_bodies.rigidbodies[2].pose.position.y,0.6534939739645292
41.113056992,1709142511.796039136,1709142511.795818812,/rigid_bodies.rigidbodies[2].pose.position.y,0.65352352570251
41.12397495,1709142511.806957094,1709142511.806216734,/rigid_bodies.rigidbodies[2].pose.position.y,0.6534208849315459
41.133621282,1709142511.816603426,1709142511.815999676,/rigid_bodies.rigidbodies[2].pose.position.y,0.6534389481908672
41.143127016,1709142511.826109160,1709142511.825776207,/rigid_bodies.rigidbodies[2].pose.position.y,0.653506881558075
41.153692433,1709142511.836674577,1709142511.836182132,/rigid_bodies.rigidbodies[2].pose.position.y,0.6534799270496289
41.163237048,1709142511.846219192,1709142511.845934155,/rigid_bodies.rigidbodies[2].pose.position.y,0.6534408559750823
41.173641918,1709142511.856624062,1709142511.856011015,/rigid_bodies.rigidbodies[2].pose.position.y,0.6534423296352392
41.183460369,1709142511.866442513,1709142511.865948685,/rigid_bodies.rigidbodies[2].pose.position.y,0.653456520757084
41.193790261,1709142511.876772405,1709142511.876118568,/rigid_bodies.rigidbodies[2].pose.position.y,0.6535031513578361
41.203485331,1709142511.886467475,1709142511.885944886,/rigid_bodies.rigidbodies[2].pose.position.y,0.6535384788705387
41.213361926,1709142511.896344070,1709142511.895871656,/rigid_bodies.rigidbodies[2].pose.position.y,0.6534738401582887
41.223640776,1709142511.906622920,1709142511.906019063,/rigid_bodies.rigidbodies[2].pose.position.y,0.6534523874909433
41.233211185,1709142511.916193329,1709142511.915741866,/rigid_bodies.rigidbodies[2].pose.position.y,0.6534559614476017
41.243284299,1709142511.926266443,1709142511.925772923,/rigid_bodies.rigidbodies[2].pose.position.y,0.6534609346932213
41.252856441,1709142511.935838585,1709142511.935543388,/rigid_bodies.rigidbodies[2].pose.position.y,0.6535302579969401
41.262968651,1709142511.945950795,1709142511.945699123,/rigid_bodies.rigidbodies[2].pose.position.y,0.6535596730458052
41.273068817,1709142511.956050961,1709142511.955703384,/rigid_bodies.rigidbodies[2].pose.position.y,0.6535166417210091
41.283289258,1709142511.966271402,1709142511.965833256,/rigid_bodies.rigidbodies[2].pose.position.y,0.6534580107382657
41.292986096,1709142511.975968240,1709142511.975646534,/rigid_bodies.rigidbodies[2].pose.position.y,0.6534588900351722
41.30314021,1709142511.986122354,1709142511.985794201,/rigid_bodies.rigidbodies[2].pose.position.y,0.653416979721528
41.313201995,1709142511.996184139,1709142511.995806676,/rigid_bodies.rigidbodies[2].pose.position.y,0.6534928005431321
41.323182344,1709142512.006164488,1709142512.005862520,/rigid_bodies.rigidbodies[2].pose.position.y,0.653515069621112
41.333353685,1709142512.016335829,1709142512.015984778,/rigid_bodies.rigidbodies[2].pose.position.y,0.6534575979984604
41.343260621,1709142512.026242765,1709142512.025942013,/rigid_bodies.rigidbodies[2].pose.position.y,0.6535083771818017
41.353114466,1709142512.036096610,1709142512.035735218,/rigid_bodies.rigidbodies[2].pose.position.y,0.6534753670249078
41.363048495,1709142512.046030639,1709142512.045685465,/rigid_bodies.rigidbodies[2].pose.position.y,0.6533978045201174
41.372787997,1709142512.055770141,1709142512.055543806,/rigid_bodies.rigidbodies[2].pose.position.y,0.6534821542464297
41.383148431,1709142512.066130575,1709142512.065785626,/rigid_bodies.rigidbodies[2].pose.position.y,0.6535172486821101
41.393048816,1709142512.076030960,1709142512.075636889,/rigid_bodies.rigidbodies[2].pose.position.y,0.6534978303678937
41.403008711,1709142512.085990855,1709142512.085665826,/rigid_bodies.rigidbodies[2].pose.position.y,0.6534698908407126
41.412818693,1709142512.095800837,1709142512.095593406,/rigid_bodies.rigidbodies[2].pose.position.y,0.6534608843347416
41.422907108,1709142512.105889252,1709142512.105677660,/rigid_bodies.rigidbodies[2].pose.position.y,0.6534728787422466
41.43329979,1709142512.116281934,1709142512.115874768,/rigid_bodies.rigidbodies[2].pose.position.y,0.6535266023113925
41.443683559,1709142512.126665703,1709142512.125928049,/rigid_bodies.rigidbodies[2].pose.position.y,0.6535337072504861
41.453509109,1709142512.136491253,1709142512.136038690,/rigid_bodies.rigidbodies[2].pose.position.y,0.6534646264344804
41.462895889,1709142512.145878033,1709142512.145662122,/rigid_bodies.rigidbodies[2].pose.position.y,0.6534378901263151
41.473086017,1709142512.156068161,1709142512.155761361,/rigid_bodies.rigidbodies[2].pose.position.y,0.6534072914808767
41.483390487,1709142512.166372631,1709142512.165931498,/rigid_bodies.rigidbodies[2].pose.position.y,0.6534174987344353
41.493052119,1709142512.176034263,1709142512.175708353,/rigid_bodies.rigidbodies[2].pose.position.y,0.6534530319676137
41.50338806,1709142512.186370204,1709142512.185938419,/rigid_bodies.rigidbodies[2].pose.position.y,0.6534999979324911
41.513125896,1709142512.196108040,1709142512.195807269,/rigid_bodies.rigidbodies[2].pose.position.y,0.6535109527598557
41.523015782,1709142512.205997926,1709142512.205754921,/rigid_bodies.rigidbodies[2].pose.position.y,0.6535535529608948
41.533308927,1709142512.216291071,1709142512.215918119,/rigid_bodies.rigidbodies[2].pose.position.y,0.6535228927227289
41.54323766,1709142512.226219804,1709142512.225959363,/rigid_bodies.rigidbodies[2].pose.position.y,0.6534748598858857
41.553292979,1709142512.236275123,1709142512.235944043,/rigid_bodies.rigidbodies[2].pose.position.y,0.6535091592924914
41.563049005,1709142512.246031149,1709142512.245733756,/rigid_bodies.rigidbodies[2].pose.position.y,0.6535120313296726
41.573538353000004,1709142512.256520497,1709142512.256097690,/rigid_bodies.rigidbodies[2].pose.position.y,0.6535191638731844
41.58346052,1709142512.266442664,1709142512.265964707,/rigid_bodies.rigidbodies[2].pose.position.y,0.6535225847472299
41.59301151,1709142512.275993654,1709142512.275692025,/rigid_bodies.rigidbodies[2].pose.position.y,0.6533943701393222
41.603379236,1709142512.286361380,1709142512.285955585,/rigid_bodies.rigidbodies[2].pose.position.y,0.6533735318380592
41.613263544,1709142512.296245688,1709142512.295916691,/rigid_bodies.rigidbodies[2].pose.position.y,0.6534679444789643
41.623201657,1709142512.306183801,1709142512.305893456,/rigid_bodies.rigidbodies[2].pose.position.y,0.6534854321934578
41.633303931,1709142512.316286075,1709142512.315896497,/rigid_bodies.rigidbodies[2].pose.position.y,0.653527440575577
41.643015778,1709142512.325997922,1709142512.325702849,/rigid_bodies.rigidbodies[2].pose.position.y,0.6534880942081296
41.652910055,1709142512.335892199,1709142512.335582148,/rigid_bodies.rigidbodies[2].pose.position.y,0.6534213900473166
41.662954383,1709142512.345936527,1709142512.345735533,/rigid_bodies.rigidbodies[2].pose.position.y,0.6534628720040956
41.672973831,1709142512.355955975,1709142512.355624521,/rigid_bodies.rigidbodies[2].pose.position.y,0.6535305165327068
41.683147581,1709142512.366129725,1709142512.365734384,/rigid_bodies.rigidbodies[2].pose.position.y,0.653508812241583
41.693155838,1709142512.376137982,1709142512.375756671,/rigid_bodies.rigidbodies[2].pose.position.y,0.6535132921809199
41.703446959,1709142512.386429103,1709142512.385912435,/rigid_bodies.rigidbodies[2].pose.position.y,0.6534976314121151
41.713170319,1709142512.396152463,1709142512.395727018,/rigid_bodies.rigidbodies[2].pose.position.y,0.653439101775608
41.723053209,1709142512.406035353,1709142512.405686620,/rigid_bodies.rigidbodies[2].pose.position.y,0.6534677592940584
41.733343602,1709142512.416325746,1709142512.415892626,/rigid_bodies.rigidbodies[2].pose.position.y,0.6534733297189552
41.743214747,1709142512.426196891,1709142512.425817981,/rigid_bodies.rigidbodies[2].pose.position.y,0.6534494944199252
41.753101334,1709142512.436083478,1709142512.435707147,/rigid_bodies.rigidbodies[2].pose.position.y,0.6534740906046101
41.762977954,1709142512.445960098,1709142512.445578493,/rigid_bodies.rigidbodies[2].pose.position.y,0.6534647390778198
41.773283854,1709142512.456265998,1709142512.455876905,/rigid_bodies.rigidbodies[2].pose.position.y,0.6534586617453538
41.783249268,1709142512.466231412,1709142512.465813031,/rigid_bodies.rigidbodies[2].pose.position.y,0.6534706485082306
41.793572458,1709142512.476554602,1709142512.475931525,/rigid_bodies.rigidbodies[2].pose.position.y,0.6534654937099759
41.803322473,1709142512.486304617,1709142512.485762412,/rigid_bodies.rigidbodies[2].pose.position.y,0.6534329045044176
41.813042006,1709142512.496024150,1709142512.495737898,/rigid_bodies.rigidbodies[2].pose.position.y,0.6535110436799425
41.823210875,1709142512.506193019,1709142512.505725240,/rigid_bodies.rigidbodies[2].pose.position.y,0.6534783610137829
41.833542462,1709142512.516524606,1709142512.515880714,/rigid_bodies.rigidbodies[2].pose.position.y,0.6534345283488022
41.843113459,1709142512.526095603,1709142512.525692203,/rigid_bodies.rigidbodies[2].pose.position.y,0.6534746384656045
41.853370984,1709142512.536353128,1709142512.535845583,/rigid_bodies.rigidbodies[2].pose.position.y,0.653440669881284
41.863062293,1709142512.546044437,1709142512.545601083,/rigid_bodies.rigidbodies[2].pose.position.y,0.6534599911575324
41.873132624,1709142512.556114768,1709142512.555712072,/rigid_bodies.rigidbodies[2].pose.position.y,0.6535550324008196
41.883007657,1709142512.565989801,1709142512.565651644,/rigid_bodies.rigidbodies[2].pose.position.y,0.6534592493634594
41.893269604,1709142512.576251748,1709142512.575904104,/rigid_bodies.rigidbodies[2].pose.position.y,0.6534571505223801
41.903205346,1709142512.586187490,1709142512.585847701,/rigid_bodies.rigidbodies[2].pose.position.y,0.6534629245934606
41.913074533,1709142512.596056677,1709142512.595802023,/rigid_bodies.rigidbodies[2].pose.position.y,0.653429767475127
41.923656731,1709142512.606638875,1709142512.606139977,/rigid_bodies.rigidbodies[2].pose.position.y,0.6534642805155403
41.933107151,1709142512.616089295,1709142512.615859151,/rigid_bodies.rigidbodies[2].pose.position.y,0.6534982625415827
41.943029222,1709142512.626011366,1709142512.625683099,/rigid_bodies.rigidbodies[2].pose.position.y,0.6534871803240303
41.953708491,1709142512.636690635,1709142512.636219583,/rigid_bodies.rigidbodies[2].pose.position.y,0.6534947402605499
41.962960269,1709142512.645942413,1709142512.645699353,/rigid_bodies.rigidbodies[2].pose.position.y,0.653511542421535
41.973113258,1709142512.656095402,1709142512.655838926,/rigid_bodies.rigidbodies[2].pose.position.y,0.6534526370411246
41.983534516,1709142512.666516660,1709142512.666057115,/rigid_bodies.rigidbodies[2].pose.position.y,0.6535266101818992
41.993143571,1709142512.676125715,1709142512.675739186,/rigid_bodies.rigidbodies[2].pose.position.y,0.6535675681042906
42.003117219,1709142512.686099363,1709142512.685801963,/rigid_bodies.rigidbodies[2].pose.position.y,0.6534949427182907
42.013266134,1709142512.696248278,1709142512.695878997,/rigid_bodies.rigidbodies[2].pose.position.y,0.6534716709010746
42.023280596,1709142512.706262740,1709142512.705866583,/rigid_bodies.rigidbodies[2].pose.position.y,0.6534508328424338
42.033245679,1709142512.716227823,1709142512.715840003,/rigid_bodies.rigidbodies[2].pose.position.y,0.6534425651111897
42.043335977,1709142512.726318121,1709142512.725923910,/rigid_bodies.rigidbodies[2].pose.position.y,0.6534965713339208
42.053281613,1709142512.736263757,1709142512.735886944,/rigid_bodies.rigidbodies[2].pose.position.y,0.6535206556868933
42.063177318,1709142512.746159462,1709142512.745720142,/rigid_bodies.rigidbodies[2].pose.position.y,0.6534402353458779
42.073687012,1709142512.756669156,1709142512.756055765,/rigid_bodies.rigidbodies[2].pose.position.y,0.6534888951870014
42.083122252,1709142512.766104396,1709142512.765762806,/rigid_bodies.rigidbodies[2].pose.position.y,0.6534699802890518
42.093199222,1709142512.776181366,1709142512.775764499,/rigid_bodies.rigidbodies[2].pose.position.y,0.6534657488514427
42.103268278,1709142512.786250422,1709142512.785839495,/rigid_bodies.rigidbodies[2].pose.position.y,0.6535881889522168
42.113525181,1709142512.796507325,1709142512.795855461,/rigid_bodies.rigidbodies[2].pose.position.y,0.6535577120085404
42.123665229,1709142512.806647373,1709142512.805947331,/rigid_bodies.rigidbodies[2].pose.position.y,0.6536100700437811
42.133410581,1709142512.816392725,1709142512.815773331,/rigid_bodies.rigidbodies[2].pose.position.y,0.6536156945229814
42.143257323,1709142512.826239467,1709142512.825771887,/rigid_bodies.rigidbodies[2].pose.position.y,0.6534205543809477
42.153461119,1709142512.836443263,1709142512.835811901,/rigid_bodies.rigidbodies[2].pose.position.y,0.6535289343747691
42.163132951,1709142512.846115095,1709142512.845647641,/rigid_bodies.rigidbodies[2].pose.position.y,0.6535282015295415
42.173642219,1709142512.856624363,1709142512.855959268,/rigid_bodies.rigidbodies[2].pose.position.y,0.6533989595998815
42.18335485,1709142512.866336994,1709142512.865843782,/rigid_bodies.rigidbodies[2].pose.position.y,0.6533937668517362
42.193581877,1709142512.876564021,1709142512.875983726,/rigid_bodies.rigidbodies[2].pose.position.y,0.6534776949350969
42.203369854,1709142512.886351998,1709142512.885859461,/rigid_bodies.rigidbodies[2].pose.position.y,0.6534518343354687
42.213278765,1709142512.896260909,1709142512.895808690,/rigid_bodies.rigidbodies[2].pose.position.y,0.6534732547450816
42.223836988,1709142512.906819132,1709142512.906076821,/rigid_bodies.rigidbodies[2].pose.position.y,0.6535284203670477
42.233685627,1709142512.916667771,1709142512.916092369,/rigid_bodies.rigidbodies[2].pose.position.y,0.6534745399857799
42.243222398,1709142512.926204542,1709142512.925768495,/rigid_bodies.rigidbodies[2].pose.position.y,0.6535012432872854
42.253628268,1709142512.936610412,1709142512.935977733,/rigid_bodies.rigidbodies[2].pose.position.y,0.6534770564308094
42.263157719,1709142512.946139863,1709142512.945807472,/rigid_bodies.rigidbodies[2].pose.position.y,0.6534115197937147
42.273567326,1709142512.956549470,1709142512.955916279,/rigid_bodies.rigidbodies[2].pose.position.y,0.653470540751536
42.283844808,1709142512.966826952,1709142512.966081502,/rigid_bodies.rigidbodies[2].pose.position.y,0.6534826757171972
42.293191864,1709142512.976174008,1709142512.975798523,/rigid_bodies.rigidbodies[2].pose.position.y,0.6534655454281096
42.303180944,1709142512.986163088,1709142512.985709782,/rigid_bodies.rigidbodies[2].pose.position.y,0.6535105527931122
42.313434936,1709142512.996417080,1709142512.995923307,/rigid_bodies.rigidbodies[2].pose.position.y,0.6534492110819987
42.32335976,1709142513.006341904,1709142513.005881946,/rigid_bodies.rigidbodies[2].pose.position.y,0.6534530817269836
42.33344076,1709142513.016422904,1709142513.015912555,/rigid_bodies.rigidbodies[2].pose.position.y,0.6535168801258135
42.343428699,1709142513.026410843,1709142513.025939334,/rigid_bodies.rigidbodies[2].pose.position.y,0.6535261581537871
42.353475214,1709142513.036457358,1709142513.036023296,/rigid_bodies.rigidbodies[2].pose.position.y,0.6535053494210747
42.363185046,1709142513.046167190,1709142513.045873645,/rigid_bodies.rigidbodies[2].pose.position.y,0.6535359520166766
42.373738705,1709142513.056720849,1709142513.056125583,/rigid_bodies.rigidbodies[2].pose.position.y,0.6534198462107124
42.383756087,1709142513.066738231,1709142513.066089900,/rigid_bodies.rigidbodies[2].pose.position.y,0.6533667908122863
42.393386824,1709142513.076368968,1709142513.075868729,/rigid_bodies.rigidbodies[2].pose.position.y,0.6535005083698799
42.40376623,1709142513.086748374,1709142513.086069811,/rigid_bodies.rigidbodies[2].pose.position.y,0.6534583673569724
42.413554411,1709142513.096536555,1709142513.095986607,/rigid_bodies.rigidbodies[2].pose.position.y,0.6534624258777215
42.423371759,1709142513.106353903,1709142513.105861730,/rigid_bodies.rigidbodies[2].pose.position.y,0.6535125915860258
42.434185131,1709142513.117167275,1709142513.116435900,/rigid_bodies.rigidbodies[2].pose.position.y,0.6534815681819796
42.443924782,1709142513.126906926,1709142513.126128134,/rigid_bodies.rigidbodies[2].pose.position.y,0.6534511074056916
42.453425811,1709142513.136407955,1709142513.135960841,/rigid_bodies.rigidbodies[2].pose.position.y,0.6534727090860787
42.463331684,1709142513.146313828,1709142513.145850558,/rigid_bodies.rigidbodies[2].pose.position.y,0.6535043762070596
42.473630696,1709142513.156612840,1709142513.156141073,/rigid_bodies.rigidbodies[2].pose.position.y,0.6535571414055222
42.48354277,1709142513.166524914,1709142513.165969309,/rigid_bodies.rigidbodies[2].pose.position.y,0.6535754954343262
42.493716317,1709142513.176698461,1709142513.176077043,/rigid_bodies.rigidbodies[2].pose.position.y,0.6534409290213193
42.503156726,1709142513.186138870,1709142513.185846992,/rigid_bodies.rigidbodies[2].pose.position.y,0.6534219791682849
42.513115865,1709142513.196098009,1709142513.195746677,/rigid_bodies.rigidbodies[2].pose.position.y,0.6534785242257054
42.523855343,1709142513.206837487,1709142513.206032819,/rigid_bodies.rigidbodies[2].pose.position.y,0.653442007980617
42.533597931,1709142513.216580075,1709142513.216000176,/rigid_bodies.rigidbodies[2].pose.position.y,0.6534989794768706
42.543284045,1709142513.226266189,1709142513.225904279,/rigid_bodies.rigidbodies[2].pose.position.y,0.653494788202591
42.553632355,1709142513.236614499,1709142513.236052997,/rigid_bodies.rigidbodies[2].pose.position.y,0.6534869305237603
42.563119478,1709142513.246101622,1709142513.245725716,/rigid_bodies.rigidbodies[2].pose.position.y,0.6534636450684321
42.573332559,1709142513.256314703,1709142513.255794909,/rigid_bodies.rigidbodies[2].pose.position.y,0.6534716175381262
42.583303193,1709142513.266285337,1709142513.265779335,/rigid_bodies.rigidbodies[2].pose.position.y,0.6534513017601358
42.593695728,1709142513.276677872,1709142513.276018229,/rigid_bodies.rigidbodies[2].pose.position.y,0.653527863819679
42.603369885,1709142513.286352029,1709142513.285847246,/rigid_bodies.rigidbodies[2].pose.position.y,0.6535106048861367
42.613236039,1709142513.296218183,1709142513.295759402,/rigid_bodies.rigidbodies[2].pose.position.y,0.6534501040563262
42.623618146,1709142513.306600290,1709142513.305947371,/rigid_bodies.rigidbodies[2].pose.position.y,0.6535385957852545
42.633318632,1709142513.316300776,1709142513.315805486,/rigid_bodies.rigidbodies[2].pose.position.y,0.6535066580716182
42.643323721,1709142513.326305865,1709142513.325817677,/rigid_bodies.rigidbodies[2].pose.position.y,0.6534505221549811
42.65384075,1709142513.336822894,1709142513.336120413,/rigid_bodies.rigidbodies[2].pose.position.y,0.6534712779776535
42.663048933,1709142513.346031077,1709142513.345743514,/rigid_bodies.rigidbodies[2].pose.position.y,0.6534650277726392
42.673344071,1709142513.356326215,1709142513.355878275,/rigid_bodies.rigidbodies[2].pose.position.y,0.653470525608784
42.683729502,1709142513.366711646,1709142513.366046368,/rigid_bodies.rigidbodies[2].pose.position.y,0.6534605291812567
42.693617405,1709142513.376599549,1709142513.375987783,/rigid_bodies.rigidbodies[2].pose.position.y,0.6534372525688211
42.703399327,1709142513.386381471,1709142513.385899077,/rigid_bodies.rigidbodies[2].pose.position.y,0.6534377881196884
42.713222659,1709142513.396204803,1709142513.395786048,/rigid_bodies.rigidbodies[2].pose.position.y,0.653508022809069
42.723043405,1709142513.406025549,1709142513.405760801,/rigid_bodies.rigidbodies[2].pose.position.y,0.6535157043498554
42.733505257,1709142513.416487401,1709142513.416003048,/rigid_bodies.rigidbodies[2].pose.position.y,0.6534476306374686
42.743432136,1709142513.426414280,1709142513.425927330,/rigid_bodies.rigidbodies[2].pose.position.y,0.6534936418035566
42.753874771,1709142513.436856915,1709142513.436097876,/rigid_bodies.rigidbodies[2].pose.position.y,0.6534666686522193
42.763130364,1709142513.446112508,1709142513.445801397,/rigid_bodies.rigidbodies[2].pose.position.y,0.6534809123318421
42.773070944,1709142513.456053088,1709142513.455751474,/rigid_bodies.rigidbodies[2].pose.position.y,0.6535164381523784
42.7838124,1709142513.466794544,1709142513.466264487,/rigid_bodies.rigidbodies[2].pose.position.y,0.6534191600859129
42.793294018,1709142513.476276162,1709142513.475853923,/rigid_bodies.rigidbodies[2].pose.position.y,0.6534472152116048
42.803337466,1709142513.486319610,1709142513.485997527,/rigid_bodies.rigidbodies[2].pose.position.y,0.6534867427645655
42.813273357,1709142513.496255501,1709142513.495855309,/rigid_bodies.rigidbodies[2].pose.position.y,0.653473783236111
42.823150297,1709142513.506132441,1709142513.505756971,/rigid_bodies.rigidbodies[2].pose.position.y,0.6534757374981168
42.833501069,1709142513.516483213,1709142513.515901416,/rigid_bodies.rigidbodies[2].pose.position.y,0.6534696409819586
42.843505128,1709142513.526487272,1709142513.525982380,/rigid_bodies.rigidbodies[2].pose.position.y,0.6534295374955319
42.853409692,1709142513.536391836,1709142513.535821003,/rigid_bodies.rigidbodies[2].pose.position.y,0.6534337265603377
42.863190535,1709142513.546172679,1709142513.545828885,/rigid_bodies.rigidbodies[2].pose.position.y,0.6534761750349828
42.873701436,1709142513.556683580,1709142513.556031494,/rigid_bodies.rigidbodies[2].pose.position.y,0.653488355363356
42.883244875,1709142513.566227019,1709142513.565815863,/rigid_bodies.rigidbodies[2].pose.position.y,0.6535058741193789
42.893678141,1709142513.576660285,1709142513.576018118,/rigid_bodies.rigidbodies[2].pose.position.y,0.6534682352969282
42.903356927,1709142513.586339071,1709142513.585883035,/rigid_bodies.rigidbodies[2].pose.position.y,0.6534808520176096
42.913325368,1709142513.596307512,1709142513.595865677,/rigid_bodies.rigidbodies[2].pose.position.y,0.6535343708333768
42.922971033,1709142513.605953177,1709142513.605641163,/rigid_bodies.rigidbodies[2].pose.position.y,0.6535205383088267
42.933312276,1709142513.616294420,1709142513.615846242,/rigid_bodies.rigidbodies[2].pose.position.y,0.6534903527998813
42.943189624,1709142513.626171768,1709142513.625761164,/rigid_bodies.rigidbodies[2].pose.position.y,0.6534211646034829
42.953645728,1709142513.636627872,1709142513.635963462,/rigid_bodies.rigidbodies[2].pose.position.y,0.6534431542846252
42.962914107,1709142513.645896251,1709142513.645651230,/rigid_bodies.rigidbodies[2].pose.position.y,0.6534625069261074
42.973329712,1709142513.656311856,1709142513.655942100,/rigid_bodies.rigidbodies[2].pose.position.y,0.6534246064871922
42.983250655,1709142513.666232799,1709142513.665851938,/rigid_bodies.rigidbodies[2].pose.position.y,0.653458556757545
42.993380734,1709142513.676362878,1709142513.675920548,/rigid_bodies.rigidbodies[2].pose.position.y,0.6534299806883028
43.003301274,1709142513.686283418,1709142513.685892462,/rigid_bodies.rigidbodies[2].pose.position.y,0.6535246203407515
43.013303748,1709142513.696285892,1709142513.695801314,/rigid_bodies.rigidbodies[2].pose.position.y,0.6535116600590359
43.023261208,1709142513.706243352,1709142513.705825256,/rigid_bodies.rigidbodies[2].pose.position.y,0.6534575548548748
43.033351864,1709142513.716334008,1709142513.715897687,/rigid_bodies.rigidbodies[2].pose.position.y,0.6535337452596253
43.043500592,1709142513.726482736,1709142513.725897343,/rigid_bodies.rigidbodies[2].pose.position.y,0.6535097389840681
43.05322791,1709142513.736210054,1709142513.735781633,/rigid_bodies.rigidbodies[2].pose.position.y,0.6534579718452371
43.063163491,1709142513.746145635,1709142513.745821836,/rigid_bodies.rigidbodies[2].pose.position.y,0.6534693820227265
43.072822031,1709142513.755804175,1709142513.755572795,/rigid_bodies.rigidbodies[2].pose.position.y,0.6534820408928931
43.082827483,1709142513.765809627,1709142513.765606251,/rigid_bodies.rigidbodies[2].pose.position.y,0.6535075783101149
43.093375913,1709142513.776358057,1709142513.775963646,/rigid_bodies.rigidbodies[2].pose.position.y,0.6535100008096164
43.103419695,1709142513.786401839,1709142513.785862802,/rigid_bodies.rigidbodies[2].pose.position.y,0.6534875520987771
43.113633782,1709142513.796615926,1709142513.796001452,/rigid_bodies.rigidbodies[2].pose.position.y,0.653435294302323
43.123135721,1709142513.806117865,1709142513.805680520,/rigid_bodies.rigidbodies[2].pose.position.y,0.6534414980384577
43.1332581,1709142513.816240244,1709142513.815805412,/rigid_bodies.rigidbodies[2].pose.position.y,0.6534299538070921
43.143022403,1709142513.826004547,1709142513.825687650,/rigid_bodies.rigidbodies[2].pose.position.y,0.6534169182176626
43.153398382,1709142513.836380526,1709142513.835853341,/rigid_bodies.rigidbodies[2].pose.position.y,0.6534699240404619
43.163229698,1709142513.846211842,1709142513.845813885,/rigid_bodies.rigidbodies[2].pose.position.y,0.6534835081315368
43.173582732,1709142513.856564876,1709142513.855961821,/rigid_bodies.rigidbodies[2].pose.position.y,0.6535144463321223
43.183578141,1709142513.866560285,1709142513.866007779,/rigid_bodies.rigidbodies[2].pose.position.y,0.6535591016308891
43.193403822,1709142513.876385966,1709142513.875870217,/rigid_bodies.rigidbodies[2].pose.position.y,0.6535063094843117
43.20378462,1709142513.886766764,1709142513.886100541,/rigid_bodies.rigidbodies[2].pose.position.y,0.6534586184748876
43.213738594,1709142513.896720738,1709142513.896040349,/rigid_bodies.rigidbodies[2].pose.position.y,0.6534754991161448
43.223216528,1709142513.906198672,1709142513.905834018,/rigid_bodies.rigidbodies[2].pose.position.y,0.6534610988924795
43.233767557,1709142513.916749701,1709142513.916064655,/rigid_bodies.rigidbodies[2].pose.position.y,0.653416177601405
43.243796369,1709142513.926778513,1709142513.926006922,/rigid_bodies.rigidbodies[2].pose.position.y,0.6534826255752275
43.253265021,1709142513.936247165,1709142513.935751708,/rigid_bodies.rigidbodies[2].pose.position.y,0.6534308638651518
43.263254314,1709142513.946236458,1709142513.945781863,/rigid_bodies.rigidbodies[2].pose.position.y,0.6534405603380614
43.273295892,1709142513.956278036,1709142513.955795084,/rigid_bodies.rigidbodies[2].pose.position.y,0.6535306156762275
43.283345746,1709142513.966327890,1709142513.965808386,/rigid_bodies.rigidbodies[2].pose.position.y,0.653503749145091
43.293454707,1709142513.976436851,1709142513.975884837,/rigid_bodies.rigidbodies[2].pose.position.y,0.6535020506635013
43.303470632,1709142513.986452776,1709142513.985899838,/rigid_bodies.rigidbodies[2].pose.position.y,0.6534731791929256
43.313299693,1709142513.996281837,1709142513.995882536,/rigid_bodies.rigidbodies[2].pose.position.y,0.6534144010080356
43.32324378,1709142514.006225924,1709142514.005801693,/rigid_bodies.rigidbodies[2].pose.position.y,0.6534569283223993
43.333513041,1709142514.016495185,1709142514.015883327,/rigid_bodies.rigidbodies[2].pose.position.y,0.6535402522646901
43.343267913,1709142514.026250057,1709142514.025805066,/rigid_bodies.rigidbodies[2].pose.position.y,0.6535081375226351
43.352864701,1709142514.035846845,1709142514.035567593,/rigid_bodies.rigidbodies[2].pose.position.y,0.6534262390410172
43.362822901,1709142514.045805045,1709142514.045597805,/rigid_bodies.rigidbodies[2].pose.position.y,0.6534591427707387
43.373211548,1709142514.056193692,1709142514.055798218,/rigid_bodies.rigidbodies[2].pose.position.y,0.6534106994004178
43.382845997,1709142514.065828141,1709142514.065590515,/rigid_bodies.rigidbodies[2].pose.position.y,0.6534639454330983
43.39281723,1709142514.075799374,1709142514.075517711,/rigid_bodies.rigidbodies[2].pose.position.y,0.6535068922975427
43.402950726,1709142514.085932870,1709142514.085603035,/rigid_bodies.rigidbodies[2].pose.position.y,0.6535048437284688
43.412805065,1709142514.095787209,1709142514.095580171,/rigid_bodies.rigidbodies[2].pose.position.y,0.6535594125869146
43.422721905,1709142514.105704049,1709142514.105482095,/rigid_bodies.rigidbodies[2].pose.position.y,0.6535000436109327
43.433203192,1709142514.116185336,1709142514.115764516,/rigid_bodies.rigidbodies[2].pose.position.y,0.6534015876238771
43.443204851,1709142514.126186995,1709142514.125802564,/rigid_bodies.rigidbodies[2].pose.position.y,0.6534637778367254
43.453410341,1709142514.136392485,1709142514.135879629,/rigid_bodies.rigidbodies[2].pose.position.y,0.653491079905231
43.463070404,1709142514.146052548,1709142514.145726407,/rigid_bodies.rigidbodies[2].pose.position.y,0.6534359963443033
43.47322411,1709142514.156206254,1709142514.155790888,/rigid_bodies.rigidbodies[2].pose.position.y,0.6534866126658195
43.483678433,1709142514.166660577,1709142514.166094280,/rigid_bodies.rigidbodies[2].pose.position.y,0.6534949709220285
43.493102747,1709142514.176084891,1709142514.175697480,/rigid_bodies.rigidbodies[2].pose.position.y,0.6533981225558073
43.503411398,1709142514.186393542,1709142514.185869916,/rigid_bodies.rigidbodies[2].pose.position.y,0.6534746852410693
43.513006082,1709142514.195988226,1709142514.195688184,/rigid_bodies.rigidbodies[2].pose.position.y,0.6535238401863825
43.523185073,1709142514.206167217,1709142514.205800845,/rigid_bodies.rigidbodies[2].pose.position.y,0.653552633649841
43.533343793,1709142514.216325937,1709142514.215897606,/rigid_bodies.rigidbodies[2].pose.position.y,0.6536056031268315
43.543624070999996,1709142514.226606215,1709142514.226015824,/rigid_bodies.rigidbodies[2].pose.position.y,0.6534404021387111
43.553158129,1709142514.236140273,1709142514.235729189,/rigid_bodies.rigidbodies[2].pose.position.y,0.6533725463184807
43.563159763,1709142514.246141907,1709142514.245875936,/rigid_bodies.rigidbodies[2].pose.position.y,0.6533730548843332
43.573327372,1709142514.256309516,1709142514.255834536,/rigid_bodies.rigidbodies[2].pose.position.y,0.653374617793186
43.584067841,1709142514.267049985,1709142514.266384604,/rigid_bodies.rigidbodies[2].pose.position.y,0.6534655651883429
43.593497765,1709142514.276479909,1709142514.275901923,/rigid_bodies.rigidbodies[2].pose.position.y,0.6535535957165126
43.603273246,1709142514.286255390,1709142514.285884927,/rigid_bodies.rigidbodies[2].pose.position.y,0.6535300607918809
43.613668732,1709142514.296650876,1709142514.296071110,/rigid_bodies.rigidbodies[2].pose.position.y,0.6535083951027069
43.623356761,1709142514.306338905,1709142514.305899889,/rigid_bodies.rigidbodies[2].pose.position.y,0.6535223808176475
43.633415395,1709142514.316397539,1709142514.315861703,/rigid_bodies.rigidbodies[2].pose.position.y,0.6534296511658472
43.643404354,1709142514.326386498,1709142514.325958080,/rigid_bodies.rigidbodies[2].pose.position.y,0.6534702368101101
43.653340407,1709142514.336322551,1709142514.335871654,/rigid_bodies.rigidbodies[2].pose.position.y,0.6535221450940993
43.662959614,1709142514.345941758,1709142514.345764644,/rigid_bodies.rigidbodies[2].pose.position.y,0.6534468001877373
43.673248541,1709142514.356230685,1709142514.355866630,/rigid_bodies.rigidbodies[2].pose.position.y,0.653492961859339
43.68292687,1709142514.365909014,1709142514.365674527,/rigid_bodies.rigidbodies[2].pose.position.y,0.6538644997713076
43.693359075000004,1709142514.376341219,1709142514.375885935,/rigid_bodies.rigidbodies[2].pose.position.y,0.6534005146609573
43.703617804,1709142514.386599948,1709142514.385983149,/rigid_bodies.rigidbodies[2].pose.position.y,0.6534944430168214
43.713441846,1709142514.396423990,1709142514.396068501,/rigid_bodies.rigidbodies[2].pose.position.y,0.6536050681154041
43.723673664,1709142514.406655808,1709142514.406082051,/rigid_bodies.rigidbodies[2].pose.position.y,0.6536376097623652
43.733387863,1709142514.416370007,1709142514.415910512,/rigid_bodies.rigidbodies[2].pose.position.y,0.6530056645957327
43.743376571,1709142514.426358715,1709142514.426000029,/rigid_bodies.rigidbodies[2].pose.position.y,0.6534482106594247
43.753652964,1709142514.436635108,1709142514.436101224,/rigid_bodies.rigidbodies[2].pose.position.y,0.6533734553654049
43.763155312,1709142514.446137456,1709142514.445786002,/rigid_bodies.rigidbodies[2].pose.position.y,0.6534473315619005
43.77350491,1709142514.456487054,1709142514.455908636,/rigid_bodies.rigidbodies[2].pose.position.y,0.6534066243856442
43.783847473,1709142514.466829617,1709142514.466057998,/rigid_bodies.rigidbodies[2].pose.position.y,0.6533497941596075
43.793478515,1709142514.476460659,1709142514.475964150,/rigid_bodies.rigidbodies[2].pose.position.y,0.6534251098299559
43.803534385,1709142514.486516529,1709142514.485919311,/rigid_bodies.rigidbodies[2].pose.position.y,0.6533914199576542
43.81353138,1709142514.496513524,1709142514.495864698,/rigid_bodies.rigidbodies[2].pose.position.y,0.6534530505090742
43.823916598,1709142514.506898742,1709142514.506172995,/rigid_bodies.rigidbodies[2].pose.position.y,0.6535111624401374
43.833002755,1709142514.515984899,1709142514.515743834,/rigid_bodies.rigidbodies[2].pose.position.y,0.653485341774243
43.842954756,1709142514.525936900,1709142514.525608165,/rigid_bodies.rigidbodies[2].pose.position.y,0.6535219874994806
43.853103308,1709142514.536085452,1709142514.535782917,/rigid_bodies.rigidbodies[2].pose.position.y,0.65358002474465
43.862761296,1709142514.545743440,1709142514.545553505,/rigid_bodies.rigidbodies[2].pose.position.y,0.653525319348783
43.872778565,1709142514.555760709,1709142514.555552599,/rigid_bodies.rigidbodies[2].pose.position.y,0.6534700068743476
43.883541809,1709142514.566523953,1709142514.565960913,/rigid_bodies.rigidbodies[2].pose.position.y,0.6534713067288006
43.89333056,1709142514.576312704,1709142514.575796383,/rigid_bodies.rigidbodies[2].pose.position.y,0.6533702252485769
43.9036851,1709142514.586667244,1709142514.586022280,/rigid_bodies.rigidbodies[2].pose.position.y,0.6533532965388479
43.91344283,1709142514.596424974,1709142514.595826337,/rigid_bodies.rigidbodies[2].pose.position.y,0.6534234521625009
43.923501201,1709142514.606483345,1709142514.605997974,/rigid_bodies.rigidbodies[2].pose.position.y,0.6534239034471004
43.93346999,1709142514.616452134,1709142514.615937677,/rigid_bodies.rigidbodies[2].pose.position.y,0.6535135789487108
43.94349241,1709142514.626474554,1709142514.625946640,/rigid_bodies.rigidbodies[2].pose.position.y,0.6535817891150266
43.953437942,1709142514.636420086,1709142514.635956209,/rigid_bodies.rigidbodies[2].pose.position.y,0.6535402047654324
43.963185239,1709142514.646167383,1709142514.645772749,/rigid_bodies.rigidbodies[2].pose.position.y,0.6534898936755887
43.973246948,1709142514.656229092,1709142514.655796432,/rigid_bodies.rigidbodies[2].pose.position.y,0.6535388176315667
43.983617164,1709142514.666599308,1709142514.665984564,/rigid_bodies.rigidbodies[2].pose.position.y,0.6536741453323122
43.993466473,1709142514.676448617,1709142514.675872173,/rigid_bodies.rigidbodies[2].pose.position.y,0.6534901454892869
44.003801609,1709142514.686783753,1709142514.686114022,/rigid_bodies.rigidbodies[2].pose.position.y,0.6535334072622363
44.013426956,1709142514.696409100,1709142514.695861084,/rigid_bodies.rigidbodies[2].pose.position.y,0.6534526314024336
44.023317565,1709142514.706299709,1709142514.705718316,/rigid_bodies.rigidbodies[2].pose.position.y,0.6534289728248096
44.033748762,1709142514.716730906,1709142514.716063530,/rigid_bodies.rigidbodies[2].pose.position.y,0.6534447641678287
44.043312334,1709142514.726294478,1709142514.725799762,/rigid_bodies.rigidbodies[2].pose.position.y,0.653075075105018
44.053303883,1709142514.736286027,1709142514.735778813,/rigid_bodies.rigidbodies[2].pose.position.y,0.6535482781282358
44.063181362,1709142514.746163506,1709142514.745822316,/rigid_bodies.rigidbodies[2].pose.position.y,0.6536211148125187
44.073322199,1709142514.756304343,1709142514.755898393,/rigid_bodies.rigidbodies[2].pose.position.y,0.6536574377256642
44.083332882,1709142514.766315026,1709142514.765878478,/rigid_bodies.rigidbodies[2].pose.position.y,0.6535429161929203
44.093543844,1709142514.776525988,1709142514.775998996,/rigid_bodies.rigidbodies[2].pose.position.y,0.6534687835507588
44.103767415,1709142514.786749559,1709142514.786129630,/rigid_bodies.rigidbodies[2].pose.position.y,0.6533636120632241
44.113260947,1709142514.796243091,1709142514.795884346,/rigid_bodies.rigidbodies[2].pose.position.y,0.6534262673593617
44.123521916,1709142514.806504060,1709142514.805971811,/rigid_bodies.rigidbodies[2].pose.position.y,0.6535159189355503
44.133528908,1709142514.816511052,1709142514.816026920,/rigid_bodies.rigidbodies[2].pose.position.y,0.6535133472379184
44.143340992,1709142514.826323136,1709142514.825998994,/rigid_bodies.rigidbodies[2].pose.position.y,0.6531300320972009
44.153675743,1709142514.836657887,1709142514.836119327,/rigid_bodies.rigidbodies[2].pose.position.y,0.6534353539478411
44.163070638,1709142514.846052782,1709142514.845759164,/rigid_bodies.rigidbodies[2].pose.position.y,0.6533701635877567
44.173329517,1709142514.856311661,1709142514.855918603,/rigid_bodies.rigidbodies[2].pose.position.y,0.6534279833565948
44.18326608,1709142514.866248224,1709142514.865923165,/rigid_bodies.rigidbodies[2].pose.position.y,0.6535279269128161
44.193426939,1709142514.876409083,1709142514.875968144,/rigid_bodies.rigidbodies[2].pose.position.y,0.6535561838377412
44.203233867,1709142514.886216011,1709142514.885859809,/rigid_bodies.rigidbodies[2].pose.position.y,0.6535287753247834
44.213499339,1709142514.896481483,1709142514.896032216,/rigid_bodies.rigidbodies[2].pose.position.y,0.6534579250150474
44.223611315,1709142514.906593459,1709142514.906046151,/rigid_bodies.rigidbodies[2].pose.position.y,0.6533819780887501
44.233247159,1709142514.916229303,1709142514.915890931,/rigid_bodies.rigidbodies[2].pose.position.y,0.6534163176321516
44.243282474,1709142514.926264618,1709142514.925916966,/rigid_bodies.rigidbodies[2].pose.position.y,0.6534683844616767
44.253652765,1709142514.936634909,1709142514.936149062,/rigid_bodies.rigidbodies[2].pose.position.y,0.6534228476546786
44.26315642,1709142514.946138564,1709142514.945799333,/rigid_bodies.rigidbodies[2].pose.position.y,0.6535334425821759
44.273431755,1709142514.956413899,1709142514.955991805,/rigid_bodies.rigidbodies[2].pose.position.y,0.6535057894900697
44.283445243,1709142514.966427387,1709142514.965983685,/rigid_bodies.rigidbodies[2].pose.position.y,0.65346302986744
44.293266777,1709142514.976248921,1709142514.975866144,/rigid_bodies.rigidbodies[2].pose.position.y,0.6535140046186942
44.303461471,1709142514.986443615,1709142514.985984064,/rigid_bodies.rigidbodies[2].pose.position.y,0.6534397756016672
44.313213427,1709142514.996195571,1709142514.995847342,/rigid_bodies.rigidbodies[2].pose.position.y,0.6535021162902784
44.323181901,1709142515.006164045,1709142515.005815245,/rigid_bodies.rigidbodies[2].pose.position.y,0.6535672122618382
44.333314412,1709142515.016296556,1709142515.015909864,/rigid_bodies.rigidbodies[2].pose.position.y,0.6534795329842444
44.343059421,1709142515.026041565,1709142515.025720012,/rigid_bodies.rigidbodies[2].pose.position.y,0.6534158005568502
44.353375392,1709142515.036357536,1709142515.035938452,/rigid_bodies.rigidbodies[2].pose.position.y,0.6534205162850721
44.363077261,1709142515.046059405,1709142515.045762910,/rigid_bodies.rigidbodies[2].pose.position.y,0.6533416428713427
44.373109715,1709142515.056091859,1709142515.055796648,/rigid_bodies.rigidbodies[2].pose.position.y,0.6533850590634405
44.383273841,1709142515.066255985,1709142515.065890871,/rigid_bodies.rigidbodies[2].pose.position.y,0.6535251212033485
44.39301345,1709142515.075995594,1709142515.075730097,/rigid_bodies.rigidbodies[2].pose.position.y,0.653519472889705
44.403324733,1709142515.086306877,1709142515.085939644,/rigid_bodies.rigidbodies[2].pose.position.y,0.6535571897641331
44.413223166,1709142515.096205310,1709142515.095839673,/rigid_bodies.rigidbodies[2].pose.position.y,0.6535261810133135
44.423248408,1709142515.106230552,1709142515.105851561,/rigid_bodies.rigidbodies[2].pose.position.y,0.6534468760784771
44.43335241,1709142515.116334554,1709142515.115924995,/rigid_bodies.rigidbodies[2].pose.position.y,0.6535159824564186
44.4433973,1709142515.126379444,1709142515.125902318,/rigid_bodies.rigidbodies[2].pose.position.y,0.6534938790995141
44.453527852,1709142515.136509996,1709142515.136038359,/rigid_bodies.rigidbodies[2].pose.position.y,0.6534797228206201
44.463020285,1709142515.146002429,1709142515.145750350,/rigid_bodies.rigidbodies[2].pose.position.y,0.6534827062730109
44.473722063,1709142515.156704207,1709142515.156008283,/rigid_bodies.rigidbodies[2].pose.position.y,0.6534602736232664
44.483510065,1709142515.166492209,1709142515.165949859,/rigid_bodies.rigidbodies[2].pose.position.y,0.6533924304820126
44.493964815,1709142515.176946959,1709142515.176248267,/rigid_bodies.rigidbodies[2].pose.position.y,0.6534076553680362
44.503492173,1709142515.186474317,1709142515.185912868,/rigid_bodies.rigidbodies[2].pose.position.y,0.6534573511199987
44.513605779,1709142515.196587923,1709142515.196087797,/rigid_bodies.rigidbodies[2].pose.position.y,0.6534633686140594
44.523955502,1709142515.206937646,1709142515.206247533,/rigid_bodies.rigidbodies[2].pose.position.y,0.6535267862840497
44.533438562,1709142515.216420706,1709142515.215908096,/rigid_bodies.rigidbodies[2].pose.position.y,0.653544615681897
44.54363816,1709142515.226620304,1709142515.225994342,/rigid_bodies.rigidbodies[2].pose.position.y,0.6534841134167934
44.553710876,1709142515.236693020,1709142515.236061196,/rigid_bodies.rigidbodies[2].pose.position.y,0.6535230085407123
44.563317433,1709142515.246299577,1709142515.245811026,/rigid_bodies.rigidbodies[2].pose.position.y,0.6534866470354187
44.573626093,1709142515.256608237,1709142515.255995598,/rigid_bodies.rigidbodies[2].pose.position.y,0.6534326034371013
44.583951393,1709142515.266933537,1709142515.266226385,/rigid_bodies.rigidbodies[2].pose.position.y,0.653461946908238
44.59379617,1709142515.276778314,1709142515.276134459,/rigid_bodies.rigidbodies[2].pose.position.y,0.6534442611842577
44.603366674,1709142515.286348818,1709142515.285922179,/rigid_bodies.rigidbodies[2].pose.position.y,0.6534683836243036
44.613300565,1709142515.296282709,1709142515.295928043,/rigid_bodies.rigidbodies[2].pose.position.y,0.6535255689758925
44.623825525,1709142515.306807669,1709142515.306195510,/rigid_bodies.rigidbodies[2].pose.position.y,0.653467569682406
44.633471074,1709142515.316453218,1709142515.315987793,/rigid_bodies.rigidbodies[2].pose.position.y,0.6534102980938962
44.643618189,1709142515.326600333,1709142515.326017675,/rigid_bodies.rigidbodies[2].pose.position.y,0.653500530923507
44.653638901,1709142515.336621045,1709142515.336036231,/rigid_bodies.rigidbodies[2].pose.position.y,0.6534910916031863
44.663460454,1709142515.346442598,1709142515.345990654,/rigid_bodies.rigidbodies[2].pose.position.y,0.6535426422885574
44.67373512,1709142515.356717264,1709142515.356080154,/rigid_bodies.rigidbodies[2].pose.position.y,0.6535223106122656
44.683952649,1709142515.366934793,1709142515.366156279,/rigid_bodies.rigidbodies[2].pose.position.y,0.6534125301831983
44.693293887,1709142515.376276031,1709142515.375789692,/rigid_bodies.rigidbodies[2].pose.position.y,0.6534382346691281
44.703728942,1709142515.386711086,1709142515.386027897,/rigid_bodies.rigidbodies[2].pose.position.y,0.6534263790859857
44.713416864,1709142515.396399008,1709142515.395833248,/rigid_bodies.rigidbodies[2].pose.position.y,0.6534228476546786
44.723103954,1709142515.406086098,1709142515.405720809,/rigid_bodies.rigidbodies[2].pose.position.y,0.6535131558679607
44.733555703,1709142515.416537847,1709142515.415877454,/rigid_bodies.rigidbodies[2].pose.position.y,0.6535577788653744
44.74312054,1709142515.426102684,1709142515.425715612,/rigid_bodies.rigidbodies[2].pose.position.y,0.6535085595173326
44.753276996,1709142515.436259140,1709142515.435773237,/rigid_bodies.rigidbodies[2].pose.position.y,0.6534890146140327
44.762939422,1709142515.445921566,1709142515.445680240,/rigid_bodies.rigidbodies[2].pose.position.y,0.6534838569633459
44.773345347,1709142515.456327491,1709142515.455866442,/rigid_bodies.rigidbodies[2].pose.position.y,0.6533965255315057
44.783247916,1709142515.466230060,1709142515.465773427,/rigid_bodies.rigidbodies[2].pose.position.y,0.6534362764611416
44.793200107,1709142515.476182251,1709142515.475695489,/rigid_bodies.rigidbodies[2].pose.position.y,0.6534809282199996
44.803668488,1709142515.486650632,1709142515.485988559,/rigid_bodies.rigidbodies[2].pose.position.y,0.6534624587037909
44.813164707,1709142515.496146851,1709142515.495679365,/rigid_bodies.rigidbodies[2].pose.position.y,0.6535060624021505
44.823254649,1709142515.506236793,1709142515.505754100,/rigid_bodies.rigidbodies[2].pose.position.y,0.6534849199355234
44.833628294,1709142515.516610438,1709142515.515969878,/rigid_bodies.rigidbodies[2].pose.position.y,0.6534447443917292
44.843091757,1709142515.526073901,1709142515.525696119,/rigid_bodies.rigidbodies[2].pose.position.y,0.6534963091987924
44.853310824,1709142515.536292968,1709142515.535797093,/rigid_bodies.rigidbodies[2].pose.position.y,0.653552340652047
44.863245799,1709142515.546227943,1709142515.545747654,/rigid_bodies.rigidbodies[2].pose.position.y,0.6535240926537055
44.873420541,1709142515.556402685,1709142515.555923281,/rigid_bodies.rigidbodies[2].pose.position.y,0.6535541220684229
44.88343918,1709142515.566421324,1709142515.565948005,/rigid_bodies.rigidbodies[2].pose.position.y,0.6534965833361962
44.893891829,1709142515.576873973,1709142515.576214250,/rigid_bodies.rigidbodies[2].pose.position.y,0.6534242836276383
44.903590494,1709142515.586572638,1709142515.586050676,/rigid_bodies.rigidbodies[2].pose.position.y,0.6534204601789837
44.913458189,1709142515.596440333,1709142515.595943755,/rigid_bodies.rigidbodies[2].pose.position.y,0.6533984032314136
44.923610725,1709142515.606592869,1709142515.605990730,/rigid_bodies.rigidbodies[2].pose.position.y,0.6534423209184915
44.933708933,1709142515.616691077,1709142515.616070290,/rigid_bodies.rigidbodies[2].pose.position.y,0.653518905112609
44.943285058,1709142515.626267202,1709142515.625854868,/rigid_bodies.rigidbodies[2].pose.position.y,0.6534464378782749
44.953219379000004,1709142515.636201523,1709142515.635778534,/rigid_bodies.rigidbodies[2].pose.position.y,0.6534095417316512
44.963091192,1709142515.646073336,1709142515.645655379,/rigid_bodies.rigidbodies[2].pose.position.y,0.6534919536905814
44.973294455,1709142515.656276599,1709142515.655745527,/rigid_bodies.rigidbodies[2].pose.position.y,0.6535341336263575
44.98352607,1709142515.666508214,1709142515.665858867,/rigid_bodies.rigidbodies[2].pose.position.y,0.6535705250642576
44.993681933,1709142515.676664077,1709142515.675964870,/rigid_bodies.rigidbodies[2].pose.position.y,0.6536118465588978
45.00327252,1709142515.686254664,1709142515.685748236,/rigid_bodies.rigidbodies[2].pose.position.y,0.6535061141680925
45.013333586,1709142515.696315730,1709142515.695723444,/rigid_bodies.rigidbodies[2].pose.position.y,0.6534018462861296
45.023042665,1709142515.706024809,1709142515.705711259,/rigid_bodies.rigidbodies[2].pose.position.y,0.653425095042858
45.033287629,1709142515.716269773,1709142515.715704550,/rigid_bodies.rigidbodies[2].pose.position.y,0.65336939147804
45.043358183,1709142515.726340327,1709142515.725808889,/rigid_bodies.rigidbodies[2].pose.position.y,0.6534353311449377
45.05358386,1709142515.736566004,1709142515.736035884,/rigid_bodies.rigidbodies[2].pose.position.y,0.6535045483335998
45.063522128,1709142515.746504272,1709142515.746170126,/rigid_bodies.rigidbodies[2].pose.position.y,0.6534540792221991
45.073555658,1709142515.756537802,1709142515.756089796,/rigid_bodies.rigidbodies[2].pose.position.y,0.6534748802727552
45.083167565,1709142515.766149709,1709142515.765853470,/rigid_bodies.rigidbodies[2].pose.position.y,0.6535092791867517
45.093221864,1709142515.776204008,1709142515.775846590,/rigid_bodies.rigidbodies[2].pose.position.y,0.653494434605045
45.102850757,1709142515.785832901,1709142515.785672980,/rigid_bodies.rigidbodies[2].pose.position.y,0.6535159689917222
45.112921307,1709142515.795903451,1709142515.795715966,/rigid_bodies.rigidbodies[2].pose.position.y,0.6535172658147508
45.123421661,1709142515.806403805,1709142515.805992059,/rigid_bodies.rigidbodies[2].pose.position.y,0.6534623055393816
45.133832106,1709142515.816814250,1709142515.816165969,/rigid_bodies.rigidbodies[2].pose.position.y,0.6534820152794989
45.143215733,1709142515.826197877,1709142515.825875900,/rigid_bodies.rigidbodies[2].pose.position.y,0.6534648844032586
45.153297186,1709142515.836279330,1709142515.835881869,/rigid_bodies.rigidbodies[2].pose.position.y,0.6533531813582908
45.163332819,1709142515.846314963,1709142515.845987129,/rigid_bodies.rigidbodies[2].pose.position.y,0.6534734315489333
45.173347764,1709142515.856329908,1709142515.855939243,/rigid_bodies.rigidbodies[2].pose.position.y,0.6535138737435824
45.183127286,1709142515.866109430,1709142515.865755231,/rigid_bodies.rigidbodies[2].pose.position.y,0.6534705325200079
45.193166713,1709142515.876148857,1709142515.875790581,/rigid_bodies.rigidbodies[2].pose.position.y,0.6534801570323087
45.20293793,1709142515.885920074,1709142515.885683874,/rigid_bodies.rigidbodies[2].pose.position.y,0.6534569864030514
45.213169156,1709142515.896151300,1709142515.895852137,/rigid_bodies.rigidbodies[2].pose.position.y,0.6534340879953546
45.223599103,1709142515.906581247,1709142515.906078891,/rigid_bodies.rigidbodies[2].pose.position.y,0.6534319407522001
45.233102395,1709142515.916084539,1709142515.915805513,/rigid_bodies.rigidbodies[2].pose.position.y,0.6534884513356461
45.243283919,1709142515.926266063,1709142515.925952237,/rigid_bodies.rigidbodies[2].pose.position.y,0.6534851400526085
45.253720612,1709142515.936702756,1709142515.936158487,/rigid_bodies.rigidbodies[2].pose.position.y,0.6535029262307889
45.263197134,1709142515.946179278,1709142515.945904043,/rigid_bodies.rigidbodies[2].pose.position.y,0.653512922778636
45.273726998,1709142515.956709142,1709142515.956203805,/rigid_bodies.rigidbodies[2].pose.position.y,0.6534270649114496
45.283882456,1709142515.966864600,1709142515.966213911,/rigid_bodies.rigidbodies[2].pose.position.y,0.6534527344776625
45.293602583,1709142515.976584727,1709142515.976009494,/rigid_bodies.rigidbodies[2].pose.position.y,0.6534598162523971
45.3036166,1709142515.986598744,1709142515.985964392,/rigid_bodies.rigidbodies[2].pose.position.y,0.6534323189500092
45.313668117,1709142515.996650261,1709142515.996016813,/rigid_bodies.rigidbodies[2].pose.position.y,0.6535297893878614
45.323716965,1709142516.006699109,1709142516.006058988,/rigid_bodies.rigidbodies[2].pose.position.y,0.6535325610595879
45.333741317,1709142516.016723461,1709142516.016039983,/rigid_bodies.rigidbodies[2].pose.position.y,0.6535248782443258
45.343989892,1709142516.026972036,1709142516.026075182,/rigid_bodies.rigidbodies[2].pose.position.y,0.6534655615534453
45.352914558,1709142516.035896702,1709142516.035694854,/rigid_bodies.rigidbodies[2].pose.position.y,0.6534101078716105
45.363208472,1709142516.046190616,1709142516.045931078,/rigid_bodies.rigidbodies[2].pose.position.y,0.6534109689580547
45.372935024,1709142516.055917168,1709142516.055604265,/rigid_bodies.rigidbodies[2].pose.position.y,0.6534569233999419
45.383072172,1709142516.066054316,1709142516.065664043,/rigid_bodies.rigidbodies[2].pose.position.y,0.6534251634429444
45.393035458,1709142516.076017602,1709142516.075657049,/rigid_bodies.rigidbodies[2].pose.position.y,0.6534222902476438
45.402929462,1709142516.085911606,1709142516.085617784,/rigid_bodies.rigidbodies[2].pose.position.y,0.6535135754368321
45.413242576,1709142516.096224720,1709142516.095866775,/rigid_bodies.rigidbodies[2].pose.position.y,0.6535203829342405
45.422894465,1709142516.105876609,1709142516.105546826,/rigid_bodies.rigidbodies[2].pose.position.y,0.6534970797746862
45.433270744,1709142516.116252888,1709142516.115775734,/rigid_bodies.rigidbodies[2].pose.position.y,0.6535149312436129
45.443125308,1709142516.126107452,1709142516.125753317,/rigid_bodies.rigidbodies[2].pose.position.y,0.6534792716889203
45.453378609,1709142516.136360753,1709142516.135954096,/rigid_bodies.rigidbodies[2].pose.position.y,0.6534839064323696
45.4631101,1709142516.146092244,1709142516.145763258,/rigid_bodies.rigidbodies[2].pose.position.y,0.6534754795237843
45.473429567,1709142516.156411711,1709142516.155904958,/rigid_bodies.rigidbodies[2].pose.position.y,0.6534227512898714
45.483270165,1709142516.166252309,1709142516.165822480,/rigid_bodies.rigidbodies[2].pose.position.y,0.6533747447717311
45.493291899,1709142516.176274043,1709142516.175793831,/rigid_bodies.rigidbodies[2].pose.position.y,0.6534127956835436
45.50372377,1709142516.186705914,1709142516.186159484,/rigid_bodies.rigidbodies[2].pose.position.y,0.6534762342581185
45.51317042,1709142516.196152564,1709142516.195760427,/rigid_bodies.rigidbodies[2].pose.position.y,0.6535121628573304
45.523314616,1709142516.206296760,1709142516.205767353,/rigid_bodies.rigidbodies[2].pose.position.y,0.6535568694930116
45.533798902,1709142516.216781046,1709142516.216151186,/rigid_bodies.rigidbodies[2].pose.position.y,0.6534657772951818
45.543343768,1709142516.226325912,1709142516.225910334,/rigid_bodies.rigidbodies[2].pose.position.y,0.6534508011208868
45.553306522,1709142516.236288666,1709142516.235928262,/rigid_bodies.rigidbodies[2].pose.position.y,0.6534505603188435
45.563390644,1709142516.246372788,1709142516.245852284,/rigid_bodies.rigidbodies[2].pose.position.y,0.6534620101564272
45.573449065,1709142516.256431209,1709142516.255902454,/rigid_bodies.rigidbodies[2].pose.position.y,0.6535593538409191
45.583252454,1709142516.266234598,1709142516.265787898,/rigid_bodies.rigidbodies[2].pose.position.y,0.6535611358570496
45.593261207,1709142516.276243351,1709142516.275662114,/rigid_bodies.rigidbodies[2].pose.position.y,0.6534729174935342
45.60343488,1709142516.286417024,1709142516.285793593,/rigid_bodies.rigidbodies[2].pose.position.y,0.653469040369642
45.613224805,1709142516.296206949,1709142516.295738138,/rigid_bodies.rigidbodies[2].pose.position.y,0.653418395745217
45.623360858,1709142516.306343002,1709142516.305747002,/rigid_bodies.rigidbodies[2].pose.position.y,0.6533589217090305
45.633714172,1709142516.316696316,1709142516.315941290,/rigid_bodies.rigidbodies[2].pose.position.y,0.6534282786980151
45.643213652,1709142516.326195796,1709142516.325670925,/rigid_bodies.rigidbodies[2].pose.position.y,0.6534741947092777
45.653108867,1709142516.336091011,1709142516.335671904,/rigid_bodies.rigidbodies[2].pose.position.y,0.6534758896199703
45.663370214,1709142516.346352358,1709142516.345702044,/rigid_bodies.rigidbodies[2].pose.position.y,0.6535264262011153
45.673142418,1709142516.356124562,1709142516.355744274,/rigid_bodies.rigidbodies[2].pose.position.y,0.6534680826635131
45.6832986,1709142516.366280744,1709142516.365901866,/rigid_bodies.rigidbodies[2].pose.position.y,0.6534346433326954
45.693038599,1709142516.376020743,1709142516.375664867,/rigid_bodies.rigidbodies[2].pose.position.y,0.6535041834817955
45.70311984,1709142516.386101984,1709142516.385746449,/rigid_bodies.rigidbodies[2].pose.position.y,0.6534713533520748
45.712948888,1709142516.395931032,1709142516.395665458,/rigid_bodies.rigidbodies[2].pose.position.y,0.6534347973385345
45.723435902,1709142516.406418046,1709142516.405840834,/rigid_bodies.rigidbodies[2].pose.position.y,0.6534754115305307
45.733461583,1709142516.416443727,1709142516.415858920,/rigid_bodies.rigidbodies[2].pose.position.y,0.6534558329747127
45.743341797,1709142516.426323941,1709142516.425861470,/rigid_bodies.rigidbodies[2].pose.position.y,0.653432021047551
45.753765579,1709142516.436747723,1709142516.436059458,/rigid_bodies.rigidbodies[2].pose.position.y,0.6534670219152962
45.763300527,1709142516.446282671,1709142516.445808877,/rigid_bodies.rigidbodies[2].pose.position.y,0.6534709276973331
45.773610045,1709142516.456592189,1709142516.456026501,/rigid_bodies.rigidbodies[2].pose.position.y,0.653519367395036
45.783592489,1709142516.466574633,1709142516.466022972,/rigid_bodies.rigidbodies[2].pose.position.y,0.653572391187416
45.79344413,1709142516.476426274,1709142516.475916450,/rigid_bodies.rigidbodies[2].pose.position.y,0.6534575989411311
45.803771211,1709142516.486753355,1709142516.486182866,/rigid_bodies.rigidbodies[2].pose.position.y,0.6534242306456113
45.813390238,1709142516.496372382,1709142516.496005764,/rigid_bodies.rigidbodies[2].pose.position.y,0.653430701090519
45.823741943,1709142516.506724087,1709142516.506119693,/rigid_bodies.rigidbodies[2].pose.position.y,0.6533452642171651
45.833780877,1709142516.516763021,1709142516.516118598,/rigid_bodies.rigidbodies[2].pose.position.y,0.6534148270832901
45.843370604,1709142516.526352748,1709142516.525893782,/rigid_bodies.rigidbodies[2].pose.position.y,0.653516013761514
45.8534497,1709142516.536431844,1709142516.535897669,/rigid_bodies.rigidbodies[2].pose.position.y,0.6535086121023025
45.863042024,1709142516.546024168,1709142516.545762207,/rigid_bodies.rigidbodies[2].pose.position.y,0.6535083264207828
45.873179476,1709142516.556161620,1709142516.555713468,/rigid_bodies.rigidbodies[2].pose.position.y,0.6534688973726344
45.883451017,1709142516.566433161,1709142516.565844390,/rigid_bodies.rigidbodies[2].pose.position.y,0.6534187730290343
45.893412652,1709142516.576394796,1709142516.575813310,/rigid_bodies.rigidbodies[2].pose.position.y,0.6534959655229338
45.903426879,1709142516.586409023,1709142516.585868554,/rigid_bodies.rigidbodies[2].pose.position.y,0.6535481692224936
45.913328901,1709142516.596311045,1709142516.595763186,/rigid_bodies.rigidbodies[2].pose.position.y,0.6534655474265314
45.923314076,1709142516.606296220,1709142516.605785973,/rigid_bodies.rigidbodies[2].pose.position.y,0.6535026913948007
45.933610366,1709142516.616592510,1709142516.615941164,/rigid_bodies.rigidbodies[2].pose.position.y,0.6535104745868641
45.943109035,1709142516.626091179,1709142516.625660727,/rigid_bodies.rigidbodies[2].pose.position.y,0.6534123847789894
45.953286124,1709142516.636268268,1709142516.635801675,/rigid_bodies.rigidbodies[2].pose.position.y,0.6534070277577695
45.963217149,1709142516.646199293,1709142516.645718410,/rigid_bodies.rigidbodies[2].pose.position.y,0.6533656780128467
45.973068923,1709142516.656051067,1709142516.655719501,/rigid_bodies.rigidbodies[2].pose.position.y,0.6534055709964702
45.983333626,1709142516.666315770,1709142516.665810381,/rigid_bodies.rigidbodies[2].pose.position.y,0.6535290362498261
45.993676934,1709142516.676659078,1709142516.675973459,/rigid_bodies.rigidbodies[2].pose.position.y,0.6535048214397514
46.003390536,1709142516.686372680,1709142516.685935500,/rigid_bodies.rigidbodies[2].pose.position.y,0.6534733289293326
46.013375404,1709142516.696357548,1709142516.695867337,/rigid_bodies.rigidbodies[2].pose.position.y,0.653498633486645
46.023578929,1709142516.706561073,1709142516.705993033,/rigid_bodies.rigidbodies[2].pose.position.y,0.6534859692769929
46.033498511,1709142516.716480655,1709142516.715907302,/rigid_bodies.rigidbodies[2].pose.position.y,0.6534764532437694
46.043279125,1709142516.726261269,1709142516.725782726,/rigid_bodies.rigidbodies[2].pose.position.y,0.6535213473311255
46.053657196,1709142516.736639340,1709142516.736024987,/rigid_bodies.rigidbodies[2].pose.position.y,0.6534694797022744
46.063176604,1709142516.746158748,1709142516.745786623,/rigid_bodies.rigidbodies[2].pose.position.y,0.6533605358082425
46.073306254,1709142516.756288398,1709142516.755809117,/rigid_bodies.rigidbodies[2].pose.position.y,0.6533790869133276
46.084213045,1709142516.767195189,1709142516.766151690,/rigid_bodies.rigidbodies[2].pose.position.y,0.6533908453766007
46.093624932,1709142516.776607076,1709142516.776058291,/rigid_bodies.rigidbodies[2].pose.position.y,0.6534238132062502
46.103343532,1709142516.786325676,1709142516.785882230,/rigid_bodies.rigidbodies[2].pose.position.y,0.6535196803712108
46.113777181,1709142516.796759325,1709142516.796215745,/rigid_bodies.rigidbodies[2].pose.position.y,0.6534777831349518
46.123597643,1709142516.806579787,1709142516.806083052,/rigid_bodies.rigidbodies[2].pose.position.y,0.6534789196854676
46.133253854,1709142516.816235998,1709142516.815904137,/rigid_bodies.rigidbodies[2].pose.position.y,0.6535204850403359
46.143406642,1709142516.826388786,1709142516.825987344,/rigid_bodies.rigidbodies[2].pose.position.y,0.6534493949671051
46.153525441,1709142516.836507585,1709142516.835990074,/rigid_bodies.rigidbodies[2].pose.position.y,0.653431247985879
46.16333031,1709142516.846312454,1709142516.845965760,/rigid_bodies.rigidbodies[2].pose.position.y,0.6534643565992655
46.173452414,1709142516.856434558,1709142516.855973053,/rigid_bodies.rigidbodies[2].pose.position.y,0.6534742783202179
46.183308925,1709142516.866291069,1709142516.865829998,/rigid_bodies.rigidbodies[2].pose.position.y,0.6535286228451016
46.1934366,1709142516.876418744,1709142516.875963981,/rigid_bodies.rigidbodies[2].pose.position.y,0.6534974552968654
46.203692861,1709142516.886675005,1709142516.885962614,/rigid_bodies.rigidbodies[2].pose.position.y,0.6533785738828278
46.213648515,1709142516.896630659,1709142516.896041866,/rigid_bodies.rigidbodies[2].pose.position.y,0.6534412578620354
46.223185261,1709142516.906167405,1709142516.905720245,/rigid_bodies.rigidbodies[2].pose.position.y,0.6534901677951092
46.233526135,1709142516.916508279,1709142516.915952609,/rigid_bodies.rigidbodies[2].pose.position.y,0.6534594046634821
46.243346921,1709142516.926329065,1709142516.925866092,/rigid_bodies.rigidbodies[2].pose.position.y,0.6535018901339191
46.253187095,1709142516.936169239,1709142516.935800277,/rigid_bodies.rigidbodies[2].pose.position.y,0.6534715905443971
46.263361574,1709142516.946343718,1709142516.945992256,/rigid_bodies.rigidbodies[2].pose.position.y,0.653453130846118
46.273553234,1709142516.956535378,1709142516.956054786,/rigid_bodies.rigidbodies[2].pose.position.y,0.6535059093767009
46.283123055,1709142516.966105199,1709142516.965680364,/rigid_bodies.rigidbodies[2].pose.position.y,0.6534782045385498
46.293098071,1709142516.976080215,1709142516.975711008,/rigid_bodies.rigidbodies[2].pose.position.y,0.6534336992809522
46.303403857,1709142516.986386001,1709142516.985825431,/rigid_bodies.rigidbodies[2].pose.position.y,0.6534563862257716
46.313516963,1709142516.996499107,1709142516.996035711,/rigid_bodies.rigidbodies[2].pose.position.y,0.6534871818205286
46.323377828,1709142517.006359972,1709142517.005883910,/rigid_bodies.rigidbodies[2].pose.position.y,0.6534805355703465
46.333677214,1709142517.016659358,1709142517.016072999,/rigid_bodies.rigidbodies[2].pose.position.y,0.6535148802891202
46.343324948,1709142517.026307092,1709142517.025874418,/rigid_bodies.rigidbodies[2].pose.position.y,0.653501131202427
46.353335586,1709142517.036317730,1709142517.035872342,/rigid_bodies.rigidbodies[2].pose.position.y,0.6534446576290666
46.363681017,1709142517.046663161,1709142517.046152818,/rigid_bodies.rigidbodies[2].pose.position.y,0.6535196638115034
46.373721977,1709142517.056704121,1709142517.056124493,/rigid_bodies.rigidbodies[2].pose.position.y,0.6535095615313672
46.38342633,1709142517.066408474,1709142517.065917725,/rigid_bodies.rigidbodies[2].pose.position.y,0.6535152374505068
46.393504674,1709142517.076486818,1709142517.075953979,/rigid_bodies.rigidbodies[2].pose.position.y,0.653511001874619
46.403596261,1709142517.086578405,1709142517.086011246,/rigid_bodies.rigidbodies[2].pose.position.y,0.6534232628328372
46.413571216,1709142517.096553360,1709142517.096084842,/rigid_bodies.rigidbodies[2].pose.position.y,0.653451831759911
46.423300405,1709142517.106282549,1709142517.105900989,/rigid_bodies.rigidbodies[2].pose.position.y,0.6534315390046551
46.433866804,1709142517.116848948,1709142517.116220059,/rigid_bodies.rigidbodies[2].pose.position.y,0.6533994367938109
46.443172056,1709142517.126154200,1709142517.125771674,/rigid_bodies.rigidbodies[2].pose.position.y,0.6534166419420478
46.453126899,1709142517.136109043,1709142517.135722122,/rigid_bodies.rigidbodies[2].pose.position.y,0.6535010658156126
46.463275681,1709142517.146257825,1709142517.145867690,/rigid_bodies.rigidbodies[2].pose.position.y,0.6535245104609106
46.473433366,1709142517.156415510,1709142517.155976420,/rigid_bodies.rigidbodies[2].pose.position.y,0.6534738441698562
46.483337039,1709142517.166319183,1709142517.165911328,/rigid_bodies.rigidbodies[2].pose.position.y,0.653479020492462
46.493117998,1709142517.176100142,1709142517.175727855,/rigid_bodies.rigidbodies[2].pose.position.y,0.6534682371496378
46.503222974,1709142517.186205118,1709142517.185806174,/rigid_bodies.rigidbodies[2].pose.position.y,0.6535092186010006
46.513307201,1709142517.196289345,1709142517.195767866,/rigid_bodies.rigidbodies[2].pose.position.y,0.6535348331036474
46.523336913,1709142517.206319057,1709142517.205857988,/rigid_bodies.rigidbodies[2].pose.position.y,0.6534754206384403
46.533310306,1709142517.216292450,1709142517.215785070,/rigid_bodies.rigidbodies[2].pose.position.y,0.6534284628583411
46.543555559,1709142517.226537703,1709142517.225888871,/rigid_bodies.rigidbodies[2].pose.position.y,0.6533911173917255
46.553375927,1709142517.236358071,1709142517.235798671,/rigid_bodies.rigidbodies[2].pose.position.y,0.6534375163247658
46.563397991,1709142517.246380135,1709142517.245958995,/rigid_bodies.rigidbodies[2].pose.position.y,0.6534424932053599
46.57342976,1709142517.256411904,1709142517.255874930,/rigid_bodies.rigidbodies[2].pose.position.y,0.6535047932753388
46.583256009,1709142517.266238153,1709142517.265844157,/rigid_bodies.rigidbodies[2].pose.position.y,0.6534567117286871
46.593456474,1709142517.276438618,1709142517.275993477,/rigid_bodies.rigidbodies[2].pose.position.y,0.6534599818151938
46.603522381,1709142517.286504525,1709142517.286007362,/rigid_bodies.rigidbodies[2].pose.position.y,0.653514164537313
46.613781196,1709142517.296763340,1709142517.296192122,/rigid_bodies.rigidbodies[2].pose.position.y,0.6535170596977297
46.623184504,1709142517.306166648,1709142517.305804940,/rigid_bodies.rigidbodies[2].pose.position.y,0.6535098386546006
46.633583183,1709142517.316565327,1709142517.316036943,/rigid_bodies.rigidbodies[2].pose.position.y,0.6534756356839259
46.643334866000004,1709142517.326317010,1709142517.325866254,/rigid_bodies.rigidbodies[2].pose.position.y,0.6534256528399887
46.653447982,1709142517.336430126,1709142517.335893160,/rigid_bodies.rigidbodies[2].pose.position.y,0.6534879246997455
46.663383346,1709142517.346365490,1709142517.345925999,/rigid_bodies.rigidbodies[2].pose.position.y,0.6535081437804241
46.673585713,1709142517.356567857,1709142517.355997125,/rigid_bodies.rigidbodies[2].pose.position.y,0.6534697505292827
46.683426621,1709142517.366408765,1709142517.365929249,/rigid_bodies.rigidbodies[2].pose.position.y,0.6534758746854473
46.693482236,1709142517.376464380,1709142517.375887592,/rigid_bodies.rigidbodies[2].pose.position.y,0.6535085251671486
46.703414899,1709142517.386397043,1709142517.385952491,/rigid_bodies.rigidbodies[2].pose.position.y,0.6535142206221249
46.7132814,1709142517.396263544,1709142517.395867272,/rigid_bodies.rigidbodies[2].pose.position.y,0.6535286508604513
46.723602295,1709142517.406584439,1709142517.405941495,/rigid_bodies.rigidbodies[2].pose.position.y,0.6535153071699815
46.733414902,1709142517.416397046,1709142517.415858499,/rigid_bodies.rigidbodies[2].pose.position.y,0.6534256463113559
46.743045947,1709142517.426028091,1709142517.425610507,/rigid_bodies.rigidbodies[2].pose.position.y,0.6534850092151128
46.753141324,1709142517.436123468,1709142517.435705189,/rigid_bodies.rigidbodies[2].pose.position.y,0.6535251831923865
46.763140736,1709142517.446122880,1709142517.445681859,/rigid_bodies.rigidbodies[2].pose.position.y,0.6534707957439423
46.773253989,1709142517.456236133,1709142517.455791801,/rigid_bodies.rigidbodies[2].pose.position.y,0.6535204044639802
46.783725502,1709142517.466707646,1709142517.465995958,/rigid_bodies.rigidbodies[2].pose.position.y,0.6535136966880098
46.793411251,1709142517.476393395,1709142517.475840642,/rigid_bodies.rigidbodies[2].pose.position.y,0.6534961105358228
46.803295512,1709142517.486277656,1709142517.485813641,/rigid_bodies.rigidbodies[2].pose.position.y,0.6535444072605229
46.813656798,1709142517.496638942,1709142517.496105429,/rigid_bodies.rigidbodies[2].pose.position.y,0.6535201589732064
46.823438208,1709142517.506420352,1709142517.505859399,/rigid_bodies.rigidbodies[2].pose.position.y,0.6534935575756255
46.833349332,1709142517.516331476,1709142517.515822060,/rigid_bodies.rigidbodies[2].pose.position.y,0.6534707488647636
46.843340203,1709142517.526322347,1709142517.525814871,/rigid_bodies.rigidbodies[2].pose.position.y,0.6534744800392329
46.853394944,1709142517.536377088,1709142517.535875422,/rigid_bodies.rigidbodies[2].pose.position.y,0.6534709485522374
46.863213977,1709142517.546196121,1709142517.545770186,/rigid_bodies.rigidbodies[2].pose.position.y,0.6535277764145448
46.873489014,1709142517.556471158,1709142517.555893833,/rigid_bodies.rigidbodies[2].pose.position.y,0.6534549623459239
46.883526257,1709142517.566508401,1709142517.565915046,/rigid_bodies.rigidbodies[2].pose.position.y,0.6534666627912132
46.893230194,1709142517.576212338,1709142517.575778204,/rigid_bodies.rigidbodies[2].pose.position.y,0.6535240997395833
46.90329876,1709142517.586280904,1709142517.585789968,/rigid_bodies.rigidbodies[2].pose.position.y,0.6534578899444858
46.913047565,1709142517.596029709,1709142517.595712532,/rigid_bodies.rigidbodies[2].pose.position.y,0.6534485952096948
46.922957153,1709142517.605939297,1709142517.605623813,/rigid_bodies.rigidbodies[2].pose.position.y,0.6533640303985775
46.933264653,1709142517.616246797,1709142517.615792538,/rigid_bodies.rigidbodies[2].pose.position.y,0.6535320585726435
46.943459273,1709142517.626441417,1709142517.625844298,/rigid_bodies.rigidbodies[2].pose.position.y,0.6535822254860926
46.953535898,1709142517.636518042,1709142517.635866770,/rigid_bodies.rigidbodies[2].pose.position.y,0.653553548954677
46.963416822,1709142517.646398966,1709142517.645994907,/rigid_bodies.rigidbodies[2].pose.position.y,0.6535040664529618
46.973387008,1709142517.656369152,1709142517.655863217,/rigid_bodies.rigidbodies[2].pose.position.y,0.6534923016886535
46.983438301,1709142517.666420445,1709142517.665880047,/rigid_bodies.rigidbodies[2].pose.position.y,0.6535169792890566
46.993214145,1709142517.676196289,1709142517.675749980,/rigid_bodies.rigidbodies[2].pose.position.y,0.653514505008606
47.003376594,1709142517.686358738,1709142517.685839555,/rigid_bodies.rigidbodies[2].pose.position.y,0.6536678736048155
47.01371375,1709142517.696695894,1709142517.696077205,/rigid_bodies.rigidbodies[2].pose.position.y,0.6536026197083435
47.023176038,1709142517.706158182,1709142517.705709630,/rigid_bodies.rigidbodies[2].pose.position.y,0.6534538573089047
47.033343762,1709142517.716325906,1709142517.715824025,/rigid_bodies.rigidbodies[2].pose.position.y,0.6535241711431498
47.043549642,1709142517.726531786,1709142517.725902810,/rigid_bodies.rigidbodies[2].pose.position.y,0.6535623311701398
47.053091386,1709142517.736073530,1709142517.735677641,/rigid_bodies.rigidbodies[2].pose.position.y,0.6534981804019813
47.063248093,1709142517.746230237,1709142517.745806434,/rigid_bodies.rigidbodies[2].pose.position.y,0.6534943930033906
47.073565379,1709142517.756547523,1709142517.755934377,/rigid_bodies.rigidbodies[2].pose.position.y,0.6532414251054706
47.083170396,1709142517.766152540,1709142517.765732345,/rigid_bodies.rigidbodies[2].pose.position.y,0.653486686611453
47.093185827,1709142517.776167971,1709142517.775719158,/rigid_bodies.rigidbodies[2].pose.position.y,0.6535280222452602
47.103564419,1709142517.786546563,1709142517.785933429,/rigid_bodies.rigidbodies[2].pose.position.y,0.6535205969759011
47.113208383,1709142517.796190527,1709142517.795856326,/rigid_bodies.rigidbodies[2].pose.position.y,0.6534614153666726
47.122924306,1709142517.805906450,1709142517.805660082,/rigid_bodies.rigidbodies[2].pose.position.y,0.6535300445431432
47.132714208,1709142517.815696352,1709142517.815506991,/rigid_bodies.rigidbodies[2].pose.position.y,0.6535068982406527
47.143016223,1709142517.825998367,1709142517.825828166,/rigid_bodies.rigidbodies[2].pose.position.y,0.6534851790565217
47.153125611,1709142517.836107755,1709142517.835824473,/rigid_bodies.rigidbodies[2].pose.position.y,0.6537724064415658
47.16333103,1709142517.846313174,1709142517.845956071,/rigid_bodies.rigidbodies[2].pose.position.y,0.6535243862456227
47.173459003,1709142517.856441147,1709142517.855940534,/rigid_bodies.rigidbodies[2].pose.position.y,0.6534703751002632
47.183438348,1709142517.866420492,1709142517.866024024,/rigid_bodies.rigidbodies[2].pose.position.y,0.6535157994396901
47.193262679,1709142517.876244823,1709142517.875860484,/rigid_bodies.rigidbodies[2].pose.position.y,0.653418116367648
47.203165005,1709142517.886147149,1709142517.885801274,/rigid_bodies.rigidbodies[2].pose.position.y,0.653460556157562
47.213499462,1709142517.896481606,1709142517.895968294,/rigid_bodies.rigidbodies[2].pose.position.y,0.6535087928395755
47.223200911,1709142517.906183055,1709142517.905854066,/rigid_bodies.rigidbodies[2].pose.position.y,0.6534810257993281
47.233635954,1709142517.916618098,1709142517.916160725,/rigid_bodies.rigidbodies[2].pose.position.y,0.6535238603581097
47.243190454,1709142517.926172598,1709142517.925896865,/rigid_bodies.rigidbodies[2].pose.position.y,0.6535187971666484
47.253305902,1709142517.936288046,1709142517.935953049,/rigid_bodies.rigidbodies[2].pose.position.y,0.653434344494426
47.263255544,1709142517.946237688,1709142517.945994958,/rigid_bodies.rigidbodies[2].pose.position.y,0.6534555824946112
47.273354794,1709142517.956336938,1709142517.956035299,/rigid_bodies.rigidbodies[2].pose.position.y,0.6535497583408432
47.283144529,1709142517.966126673,1709142517.965854177,/rigid_bodies.rigidbodies[2].pose.position.y,0.6535292999391236
47.293396883,1709142517.976379027,1709142517.976018193,/rigid_bodies.rigidbodies[2].pose.position.y,0.6534875671688617
47.303033797,1709142517.986015941,1709142517.985776906,/rigid_bodies.rigidbodies[2].pose.position.y,0.6534682342441365
47.31337874,1709142517.996360884,1709142517.996040653,/rigid_bodies.rigidbodies[2].pose.position.y,0.6533649438721424
47.323271493,1709142518.006253637,1709142518.005957697,/rigid_bodies.rigidbodies[2].pose.position.y,0.6534412606384603
47.333539624,1709142518.016521768,1709142518.016131778,/rigid_bodies.rigidbodies[2].pose.position.y,0.6534296357326566
47.342881725,1709142518.025863869,1709142518.025677013,/rigid_bodies.rigidbodies[2].pose.position.y,0.653408678275711
47.352835939,1709142518.035818083,1709142518.035641823,/rigid_bodies.rigidbodies[2].pose.position.y,0.6534598870742215
47.363063331,1709142518.046045475,1709142518.045854222,/rigid_bodies.rigidbodies[2].pose.position.y,0.6533221158074615
47.372771907,1709142518.055754051,1709142518.055608446,/rigid_bodies.rigidbodies[2].pose.position.y,0.6529644234114033
47.382946272,1709142518.065928416,1709142518.065786833,/rigid_bodies.rigidbodies[2].pose.position.y,0.6534708527356224
47.3929016,1709142518.075883744,1709142518.075701079,/rigid_bodies.rigidbodies[2].pose.position.y,0.653442440287462
47.403031308,1709142518.086013452,1709142518.085783064,/rigid_bodies.rigidbodies[2].pose.position.y,0.6534083713599622
47.41300024,1709142518.095982384,1709142518.095746926,/rigid_bodies.rigidbodies[2].pose.position.y,0.6535097306758849
47.422994344,1709142518.105976488,1709142518.105803209,/rigid_bodies.rigidbodies[2].pose.position.y,0.6535159647217337
47.433170122,1709142518.116152266,1709142518.115848604,/rigid_bodies.rigidbodies[2].pose.position.y,0.6537090319100102
47.443319308,1709142518.126301452,1709142518.125914182,/rigid_bodies.rigidbodies[2].pose.position.y,0.6534940358520499
47.453348103,1709142518.136330247,1709142518.135986442,/rigid_bodies.rigidbodies[2].pose.position.y,0.6533178995600825
47.463386374,1709142518.146368518,1709142518.145926185,/rigid_bodies.rigidbodies[2].pose.position.y,0.653424108106794
47.473530198,1709142518.156512342,1709142518.156019237,/rigid_bodies.rigidbodies[2].pose.position.y,0.6535365769559563
47.483268943,1709142518.166251087,1709142518.165987553,/rigid_bodies.rigidbodies[2].pose.position.y,0.6531049011866219
47.493646645,1709142518.176628789,1709142518.176184473,/rigid_bodies.rigidbodies[2].pose.position.y,0.6534612247490635
47.503345374,1709142518.186327518,1709142518.185965976,/rigid_bodies.rigidbodies[2].pose.position.y,0.6534209542421795
47.513234125,1709142518.196216269,1709142518.195939881,/rigid_bodies.rigidbodies[2].pose.position.y,0.6534205073206619
47.52375217,1709142518.206734314,1709142518.206211503,/rigid_bodies.rigidbodies[2].pose.position.y,0.653457070593545
47.533547099,1709142518.216529243,1709142518.216091337,/rigid_bodies.rigidbodies[2].pose.position.y,0.6539922371578909
47.543269409,1709142518.226251553,1709142518.225944710,/rigid_bodies.rigidbodies[2].pose.position.y,0.6535497966845841
47.553110859,1709142518.236093003,1709142518.235716061,/rigid_bodies.rigidbodies[2].pose.position.y,0.6534848741350635
47.563365523,1709142518.246347667,1709142518.246085786,/rigid_bodies.rigidbodies[2].pose.position.y,0.6535285445482436
47.573243614,1709142518.256225758,1709142518.255809100,/rigid_bodies.rigidbodies[2].pose.position.y,0.6534366401612549
47.583195947,1709142518.266178091,1709142518.265779519,/rigid_bodies.rigidbodies[2].pose.position.y,0.6534811930342608
47.593637375,1709142518.276619519,1709142518.275977037,/rigid_bodies.rigidbodies[2].pose.position.y,0.6534819033757373
47.603233219,1709142518.286215363,1709142518.285832247,/rigid_bodies.rigidbodies[2].pose.position.y,0.653408395941118
47.613541751,1709142518.296523895,1709142518.296045338,/rigid_bodies.rigidbodies[2].pose.position.y,0.6534818434527772
47.623693444,1709142518.306675588,1709142518.306042678,/rigid_bodies.rigidbodies[2].pose.position.y,0.6534502495144922
47.633390231999996,1709142518.316372376,1709142518.315921741,/rigid_bodies.rigidbodies[2].pose.position.y,0.6534192850749775
47.643389603,1709142518.326371747,1709142518.325842695,/rigid_bodies.rigidbodies[2].pose.position.y,0.6534695134455569
47.65374691,1709142518.336729054,1709142518.336001315,/rigid_bodies.rigidbodies[2].pose.position.y,0.6534664714025422
47.663140369,1709142518.346122513,1709142518.345800916,/rigid_bodies.rigidbodies[2].pose.position.y,0.653480517962786
47.673465254,1709142518.356447398,1709142518.355957638,/rigid_bodies.rigidbodies[2].pose.position.y,0.6535309815695496
47.68342063,1709142518.366402774,1709142518.365929171,/rigid_bodies.rigidbodies[2].pose.position.y,0.6534714383970096
47.693715587,1709142518.376697731,1709142518.376112534,/rigid_bodies.rigidbodies[2].pose.position.y,0.6534152296872544
47.703598955,1709142518.386581099,1709142518.386043537,/rigid_bodies.rigidbodies[2].pose.position.y,0.6535255271783017
47.713748463,1709142518.396730607,1709142518.396157504,/rigid_bodies.rigidbodies[2].pose.position.y,0.6535090633520605
47.72280186,1709142518.405784004,1709142518.405523839,/rigid_bodies.rigidbodies[2].pose.position.y,0.6534626162627184
47.732850058,1709142518.415832202,1709142518.415606182,/rigid_bodies.rigidbodies[2].pose.position.y,0.65346908072884
47.742749268,1709142518.425731412,1709142518.425507465,/rigid_bodies.rigidbodies[2].pose.position.y,0.6533792803902853
47.752882085,1709142518.435864229,1709142518.435588142,/rigid_bodies.rigidbodies[2].pose.position.y,0.6534010934717912
47.762942876,1709142518.445925020,1709142518.445750851,/rigid_bodies.rigidbodies[2].pose.position.y,0.6534785346627516
47.772967936,1709142518.455950080,1709142518.455642085,/rigid_bodies.rigidbodies[2].pose.position.y,0.6534214264470857
47.783336432,1709142518.466318576,1709142518.465850645,/rigid_bodies.rigidbodies[2].pose.position.y,0.6534612179412288
47.793194272,1709142518.476176416,1709142518.475779668,/rigid_bodies.rigidbodies[2].pose.position.y,0.6534804249606478
47.803383289,1709142518.486365433,1709142518.485818533,/rigid_bodies.rigidbodies[2].pose.position.y,0.6534628530064275
47.813336346,1709142518.496318490,1709142518.495881590,/rigid_bodies.rigidbodies[2].pose.position.y,0.6534609410280583
47.823118121,1709142518.506100265,1709142518.505724283,/rigid_bodies.rigidbodies[2].pose.position.y,0.6535098083991844
47.833604872,1709142518.516587016,1709142518.515953996,/rigid_bodies.rigidbodies[2].pose.position.y,0.6534590261420539
47.843202688,1709142518.526184832,1709142518.525745315,/rigid_bodies.rigidbodies[2].pose.position.y,0.6535162911302757
47.8531847,1709142518.536166844,1709142518.535796132,/rigid_bodies.rigidbodies[2].pose.position.y,0.6535171698882939
47.86338446,1709142518.546366604,1709142518.545956919,/rigid_bodies.rigidbodies[2].pose.position.y,0.653409981904522
47.873564371,1709142518.556546515,1709142518.555994563,/rigid_bodies.rigidbodies[2].pose.position.y,0.6534320839107518
47.883058831,1709142518.566040975,1709142518.565731267,/rigid_bodies.rigidbodies[2].pose.position.y,0.6534383521171196
47.893217993,1709142518.576200137,1709142518.575819110,/rigid_bodies.rigidbodies[2].pose.position.y,0.6534322383464825
47.903425488,1709142518.586407632,1709142518.585923583,/rigid_bodies.rigidbodies[2].pose.position.y,0.6535337634324057
47.913247751,1709142518.596229895,1709142518.595850572,/rigid_bodies.rigidbodies[2].pose.position.y,0.6534626974055524
47.923261092,1709142518.606243236,1709142518.605823235,/rigid_bodies.rigidbodies[2].pose.position.y,0.6533965712365384
47.933513482,1709142518.616495626,1709142518.615964161,/rigid_bodies.rigidbodies[2].pose.position.y,0.6534899187857834
47.943256275,1709142518.626238419,1709142518.625833808,/rigid_bodies.rigidbodies[2].pose.position.y,0.6535439303683886
47.953329988,1709142518.636312132,1709142518.635841033,/rigid_bodies.rigidbodies[2].pose.position.y,0.6535416595338245
47.963210263,1709142518.646192407,1709142518.645853697,/rigid_bodies.rigidbodies[2].pose.position.y,0.6535067173552805
47.973507312,1709142518.656489456,1709142518.655972600,/rigid_bodies.rigidbodies[2].pose.position.y,0.6534182149913395
47.983657959,1709142518.666640103,1709142518.666025141,/rigid_bodies.rigidbodies[2].pose.position.y,0.6533948686814861
47.993132413,1709142518.676114557,1709142518.675724087,/rigid_bodies.rigidbodies[2].pose.position.y,0.6535219207990075
48.003440538,1709142518.686422682,1709142518.685912601,/rigid_bodies.rigidbodies[2].pose.position.y,0.6534816324722209
48.013347931,1709142518.696330075,1709142518.695830178,/rigid_bodies.rigidbodies[2].pose.position.y,0.6534629530565523
48.02332084,1709142518.706302984,1709142518.705776946,/rigid_bodies.rigidbodies[2].pose.position.y,0.653501462054403
48.033412678,1709142518.716394822,1709142518.715919818,/rigid_bodies.rigidbodies[2].pose.position.y,0.6533690224089985
48.043205484,1709142518.726187628,1709142518.725761412,/rigid_bodies.rigidbodies[2].pose.position.y,0.6534598047785952
48.053137536,1709142518.736119680,1709142518.735766137,/rigid_bodies.rigidbodies[2].pose.position.y,0.6535054939958156
48.06315347,1709142518.746135614,1709142518.745835285,/rigid_bodies.rigidbodies[2].pose.position.y,0.6534427404465344
48.073410323,1709142518.756392467,1709142518.755869304,/rigid_bodies.rigidbodies[2].pose.position.y,0.6534957516965849
48.083144832,1709142518.766126976,1709142518.765724759,/rigid_bodies.rigidbodies[2].pose.position.y,0.6535456175902401
48.093415577,1709142518.776397721,1709142518.775916805,/rigid_bodies.rigidbodies[2].pose.position.y,0.6534659613208142
48.103186017,1709142518.786168161,1709142518.785801348,/rigid_bodies.rigidbodies[2].pose.position.y,0.653473859091647
48.113300624,1709142518.796282768,1709142518.795869144,/rigid_bodies.rigidbodies[2].pose.position.y,0.6534575150727189
48.123259448,1709142518.806241592,1709142518.805820558,/rigid_bodies.rigidbodies[2].pose.position.y,0.6533967058787001
48.133298059,1709142518.816280203,1709142518.815830620,/rigid_bodies.rigidbodies[2].pose.position.y,0.6535279403721244
48.143376512,1709142518.826358656,1709142518.825834783,/rigid_bodies.rigidbodies[2].pose.position.y,0.6535815759770909
48.153350307,1709142518.836332451,1709142518.835874529,/rigid_bodies.rigidbodies[2].pose.position.y,0.6534914619988772
48.16324713,1709142518.846229274,1709142518.845905034,/rigid_bodies.rigidbodies[2].pose.position.y,0.6534708162835148
48.173181922,1709142518.856164066,1709142518.855786014,/rigid_bodies.rigidbodies[2].pose.position.y,0.6533935301469855
48.183150512,1709142518.866132656,1709142518.865793530,/rigid_bodies.rigidbodies[2].pose.position.y,0.6534163276387174
48.193356568,1709142518.876338712,1709142518.875912406,/rigid_bodies.rigidbodies[2].pose.position.y,0.65351955845157
48.203515463,1709142518.886497607,1709142518.885923883,/rigid_bodies.rigidbodies[2].pose.position.y,0.6535045828446266
48.21331268,1709142518.896294824,1709142518.895859404,/rigid_bodies.rigidbodies[2].pose.position.y,0.6534958832027151
48.223441229,1709142518.906423373,1709142518.905903151,/rigid_bodies.rigidbodies[2].pose.position.y,0.6534539972534048
48.233589498,1709142518.916571642,1709142518.915931132,/rigid_bodies.rigidbodies[2].pose.position.y,0.6534080899179653
48.243301117,1709142518.926283261,1709142518.925893150,/rigid_bodies.rigidbodies[2].pose.position.y,0.6534359410525089
48.253618794,1709142518.936600938,1709142518.936025001,/rigid_bodies.rigidbodies[2].pose.position.y,0.6535452698050598
48.263383138,1709142518.946365282,1709142518.945928448,/rigid_bodies.rigidbodies[2].pose.position.y,0.6534624338382301
48.273508529,1709142518.956490673,1709142518.956097931,/rigid_bodies.rigidbodies[2].pose.position.y,0.6534662731882349
48.283433177,1709142518.966415321,1709142518.965977775,/rigid_bodies.rigidbodies[2].pose.position.y,0.65352591602031
48.293749969,1709142518.976732113,1709142518.976258175,/rigid_bodies.rigidbodies[2].pose.position.y,0.6534110946398706
48.303436457,1709142518.986418601,1709142518.986044332,/rigid_bodies.rigidbodies[2].pose.position.y,0.6534629771441837
48.313301607,1709142518.996283751,1709142518.995976194,/rigid_bodies.rigidbodies[2].pose.position.y,0.65350983677141
48.32358454,1709142519.006566684,1709142519.006099617,/rigid_bodies.rigidbodies[2].pose.position.y,0.6534326342117263
48.333612846,1709142519.016594990,1709142519.016163475,/rigid_bodies.rigidbodies[2].pose.position.y,0.6535273264109847
48.343286812,1709142519.026268956,1709142519.025925849,/rigid_bodies.rigidbodies[2].pose.position.y,0.6535046457769794
48.353734655,1709142519.036716799,1709142519.036284185,/rigid_bodies.rigidbodies[2].pose.position.y,0.6534055416390268
48.363170977,1709142519.046153121,1709142519.045849933,/rigid_bodies.rigidbodies[2].pose.position.y,0.6534567111916767
48.373521882,1709142519.056504026,1709142519.055974521,/rigid_bodies.rigidbodies[2].pose.position.y,0.653502279192451
48.383150302,1709142519.066132446,1709142519.065891837,/rigid_bodies.rigidbodies[2].pose.position.y,0.6534636309883533
48.393475508,1709142519.076457652,1709142519.076057480,/rigid_bodies.rigidbodies[2].pose.position.y,0.6534803235434237
48.403385093,1709142519.086367237,1709142519.085972877,/rigid_bodies.rigidbodies[2].pose.position.y,0.6534683110927899
48.413860471,1709142519.096842615,1709142519.096143306,/rigid_bodies.rigidbodies[2].pose.position.y,0.6534021577984255
48.423407568,1709142519.106389712,1709142519.105992567,/rigid_bodies.rigidbodies[2].pose.position.y,0.6535204534347409
48.433308227,1709142519.116290371,1709142519.115943357,/rigid_bodies.rigidbodies[2].pose.position.y,0.6534683832563238
48.443763216,1709142519.126745360,1709142519.126171756,/rigid_bodies.rigidbodies[2].pose.position.y,0.6534526651919504
48.453597678,1709142519.136579822,1709142519.136149421,/rigid_bodies.rigidbodies[2].pose.position.y,0.653499808036928
48.463520809,1709142519.146502953,1709142519.145999938,/rigid_bodies.rigidbodies[2].pose.position.y,0.6533993184817799
48.473609116,1709142519.156591260,1709142519.156069930,/rigid_bodies.rigidbodies[2].pose.position.y,0.6534510645725407
48.483787037,1709142519.166769181,1709142519.166116046,/rigid_bodies.rigidbodies[2].pose.position.y,0.6536084695691448
48.493335752,1709142519.176317896,1709142519.175935320,/rigid_bodies.rigidbodies[2].pose.position.y,0.6534580430816707
48.503630321,1709142519.186612465,1709142519.186101160,/rigid_bodies.rigidbodies[2].pose.position.y,0.6534143484545661
48.513646103,1709142519.196628247,1709142519.196041672,/rigid_bodies.rigidbodies[2].pose.position.y,0.6534744121519509
48.523412415,1709142519.206394559,1709142519.205920865,/rigid_bodies.rigidbodies[2].pose.position.y,0.653442557253517
48.533665934,1709142519.216648078,1709142519.216077640,/rigid_bodies.rigidbodies[2].pose.position.y,0.6534361528662921
48.543428001,1709142519.226410145,1709142519.225915586,/rigid_bodies.rigidbodies[2].pose.position.y,0.6534887987120019
48.553515574,1709142519.236497718,1709142519.236007626,/rigid_bodies.rigidbodies[2].pose.position.y,0.6534137719200452
48.563190679,1709142519.246172823,1709142519.245872363,/rigid_bodies.rigidbodies[2].pose.position.y,0.6534645039796605
48.573482271,1709142519.256464415,1709142519.256068630,/rigid_bodies.rigidbodies[2].pose.position.y,0.6535654017701787
48.58345875,1709142519.266440894,1709142519.266024404,/rigid_bodies.rigidbodies[2].pose.position.y,0.6534515891977444
48.593268659,1709142519.276250803,1709142519.275962384,/rigid_bodies.rigidbodies[2].pose.position.y,0.6534612294511111
48.603441229,1709142519.286423373,1709142519.286013369,/rigid_bodies.rigidbodies[2].pose.position.y,0.6534455652119516
48.613303328,1709142519.296285472,1709142519.295933593,/rigid_bodies.rigidbodies[2].pose.position.y,0.6534252384994309
48.623318056,1709142519.306300200,1709142519.305978041,/rigid_bodies.rigidbodies[2].pose.position.y,0.6535363157441572
48.633467311,1709142519.316449455,1709142519.316055395,/rigid_bodies.rigidbodies[2].pose.position.y,0.6534587021828789
48.643329162,1709142519.326311306,1709142519.325938148,/rigid_bodies.rigidbodies[2].pose.position.y,0.6533483343096482
48.653440038,1709142519.336422182,1709142519.336017189,/rigid_bodies.rigidbodies[2].pose.position.y,0.6534325326712848
48.66333804,1709142519.346320184,1709142519.345833642,/rigid_bodies.rigidbodies[2].pose.position.y,0.6534764003256881
48.67343841,1709142519.356420554,1709142519.355976400,/rigid_bodies.rigidbodies[2].pose.position.y,0.6534680668229337
48.683312256,1709142519.366294400,1709142519.365962095,/rigid_bodies.rigidbodies[2].pose.position.y,0.6535602025261142
48.6932708,1709142519.376252944,1709142519.375915246,/rigid_bodies.rigidbodies[2].pose.position.y,0.6534559640318423
48.703714526,1709142519.386696670,1709142519.386161394,/rigid_bodies.rigidbodies[2].pose.position.y,0.653432438021479
48.713253052,1709142519.396235196,1709142519.395847621,/rigid_bodies.rigidbodies[2].pose.position.y,0.653531425823149
48.723326185,1709142519.406308329,1709142519.405905782,/rigid_bodies.rigidbodies[2].pose.position.y,0.6534646660643529
48.733572467,1709142519.416554611,1709142519.416053866,/rigid_bodies.rigidbodies[2].pose.position.y,0.6534407728709659
48.743404815,1709142519.426386959,1709142519.426018674,/rigid_bodies.rigidbodies[2].pose.position.y,0.6534564518298407
48.753461279,1709142519.436443423,1709142519.436004357,/rigid_bodies.rigidbodies[2].pose.position.y,0.6533998795227374
48.76324475,1709142519.446226894,1709142519.445935561,/rigid_bodies.rigidbodies[2].pose.position.y,0.6534761890520463
48.77332848,1709142519.456310624,1709142519.456006256,/rigid_bodies.rigidbodies[2].pose.position.y,0.6535070850483633
48.783730889,1709142519.466713033,1709142519.466290539,/rigid_bodies.rigidbodies[2].pose.position.y,0.6534613210930263
48.79330639,1709142519.476288534,1709142519.475911102,/rigid_bodies.rigidbodies[2].pose.position.y,0.6534388926346874
48.803609923,1709142519.486592067,1709142519.486035703,/rigid_bodies.rigidbodies[2].pose.position.y,0.6534727925499665
48.813259548,1709142519.496241692,1709142519.495880866,/rigid_bodies.rigidbodies[2].pose.position.y,0.6534824050817827
48.823270766,1709142519.506252910,1709142519.505918142,/rigid_bodies.rigidbodies[2].pose.position.y,0.6534598416326741
48.833298279,1709142519.516280423,1709142519.515927000,/rigid_bodies.rigidbodies[2].pose.position.y,0.6534849159304066
48.843275187,1709142519.526257331,1709142519.525981643,/rigid_bodies.rigidbodies[2].pose.position.y,0.6534044164870421
48.853359049,1709142519.536341193,1709142519.535943012,/rigid_bodies.rigidbodies[2].pose.position.y,0.653514750599726
48.863193734,1709142519.546175878,1709142519.545833963,/rigid_bodies.rigidbodies[2].pose.position.y,0.6535271930441922
48.873425524,1709142519.556407668,1709142519.555997140,/rigid_bodies.rigidbodies[2].pose.position.y,0.653395011983916
48.883193987,1709142519.566176131,1709142519.565819132,/rigid_bodies.rigidbodies[2].pose.position.y,0.6534552452085624
48.893291581,1709142519.576273725,1709142519.575880269,/rigid_bodies.rigidbodies[2].pose.position.y,0.6534680294251033
48.903779004,1709142519.586761148,1709142519.586224656,/rigid_bodies.rigidbodies[2].pose.position.y,0.6534134298085508
48.913297517,1709142519.596279661,1709142519.595982721,/rigid_bodies.rigidbodies[2].pose.position.y,0.6535254603876391
48.923337687,1709142519.606319831,1709142519.606028221,/rigid_bodies.rigidbodies[2].pose.position.y,0.6535103524813657
48.933249735,1709142519.616231879,1709142519.615961386,/rigid_bodies.rigidbodies[2].pose.position.y,0.6534457691899018
48.943419251,1709142519.626401395,1709142519.626078250,/rigid_bodies.rigidbodies[2].pose.position.y,0.6535012648824948
48.953229012,1709142519.636211156,1709142519.635910154,/rigid_bodies.rigidbodies[2].pose.position.y,0.6534728827432529
48.963048479,1709142519.646030623,1709142519.645785542,/rigid_bodies.rigidbodies[2].pose.position.y,0.6534658520389919
48.973618795,1709142519.656600939,1709142519.656194156,/rigid_bodies.rigidbodies[2].pose.position.y,0.6535475097144942
48.98317242,1709142519.666154564,1709142519.665875187,/rigid_bodies.rigidbodies[2].pose.position.y,0.6534288884393734
48.993591107,1709142519.676573251,1709142519.676064878,/rigid_bodies.rigidbodies[2].pose.position.y,0.653415751980983
49.003331369,1709142519.686313513,1709142519.685872141,/rigid_bodies.rigidbodies[2].pose.position.y,0.6535012740319176
49.013218032,1709142519.696200176,1709142519.695810729,/rigid_bodies.rigidbodies[2].pose.position.y,0.6534301258231162
49.023230131,1709142519.706212275,1709142519.705793544,/rigid_bodies.rigidbodies[2].pose.position.y,0.6534188784467655
49.033301182,1709142519.716283326,1709142519.715864766,/rigid_bodies.rigidbodies[2].pose.position.y,0.6534705223803088
49.043383855,1709142519.726365999,1709142519.725923574,/rigid_bodies.rigidbodies[2].pose.position.y,0.6534600672345118
49.053387983,1709142519.736370127,1709142519.735875324,/rigid_bodies.rigidbodies[2].pose.position.y,0.6535251948257613
49.063026502,1709142519.746008646,1709142519.745728290,/rigid_bodies.rigidbodies[2].pose.position.y,0.6535064768993525
49.073537845,1709142519.756519989,1709142519.756078483,/rigid_bodies.rigidbodies[2].pose.position.y,0.6533929865204723
49.083588895,1709142519.766571039,1709142519.766148186,/rigid_bodies.rigidbodies[2].pose.position.y,0.6534120134627962
49.093319027,1709142519.776301171,1709142519.775982962,/rigid_bodies.rigidbodies[2].pose.position.y,0.6535147489191333
49.103509712,1709142519.786491856,1709142519.786009365,/rigid_bodies.rigidbodies[2].pose.position.y,0.6534851361875089
49.113287829,1709142519.796269973,1709142519.795942424,/rigid_bodies.rigidbodies[2].pose.position.y,0.6534657985890656
49.123383323,1709142519.806365467,1709142519.806004212,/rigid_bodies.rigidbodies[2].pose.position.y,0.653445198285433
49.133585413,1709142519.816567557,1709142519.816022653,/rigid_bodies.rigidbodies[2].pose.position.y,0.6533670206796065
49.143145799,1709142519.826127943,1709142519.825903646,/rigid_bodies.rigidbodies[2].pose.position.y,0.6534514995073548
49.153015252,1709142519.835997396,1709142519.835613277,/rigid_bodies.rigidbodies[2].pose.position.y,0.6535211964532254
49.162812402,1709142519.845794546,1709142519.845650393,/rigid_bodies.rigidbodies[2].pose.position.y,0.6534524739922851
49.172884543,1709142519.855866687,1709142519.855700464,/rigid_bodies.rigidbodies[2].pose.position.y,0.6534994975375307
49.18317726,1709142519.866159404,1709142519.865829087,/rigid_bodies.rigidbodies[2].pose.position.y,0.6534545260467344
49.193785503,1709142519.876767647,1709142519.876087436,/rigid_bodies.rigidbodies[2].pose.position.y,0.6534468799486612
49.203182353,1709142519.886164497,1709142519.885836887,/rigid_bodies.rigidbodies[2].pose.position.y,0.6535147998445211
49.213373547,1709142519.896355691,1709142519.895878346,/rigid_bodies.rigidbodies[2].pose.position.y,0.6534579711458528
49.223120774,1709142519.906102918,1709142519.905716160,/rigid_bodies.rigidbodies[2].pose.position.y,0.6533635307974511
49.233206177,1709142519.916188321,1709142519.915806348,/rigid_bodies.rigidbodies[2].pose.position.y,0.6534898734016746
49.243506967,1709142519.926489111,1709142519.925964603,/rigid_bodies.rigidbodies[2].pose.position.y,0.6535036980018366
49.253495094,1709142519.936477238,1709142519.935902662,/rigid_bodies.rigidbodies[2].pose.position.y,0.6534655796080757
49.263273847,1709142519.946255991,1709142519.945847065,/rigid_bodies.rigidbodies[2].pose.position.y,0.6534922647373437
49.273511405,1709142519.956493549,1709142519.955945953,/rigid_bodies.rigidbodies[2].pose.position.y,0.6533928924672259
49.283515441,1709142519.966497585,1709142519.965966852,/rigid_bodies.rigidbodies[2].pose.position.y,0.6534559193573167
49.293247742,1709142519.976229886,1709142519.975779783,/rigid_bodies.rigidbodies[2].pose.position.y,0.653572381635081
49.303248189,1709142519.986230333,1709142519.985815453,/rigid_bodies.rigidbodies[2].pose.position.y,0.6534966416043919
49.31323251,1709142519.996214654,1709142519.995837285,/rigid_bodies.rigidbodies[2].pose.position.y,0.6534743611889365
49.323192283,1709142520.006174427,1709142520.005775499,/rigid_bodies.rigidbodies[2].pose.position.y,0.6534648826364935
49.333336248,1709142520.016318392,1709142520.015810910,/rigid_bodies.rigidbodies[2].pose.position.y,0.6533756019575845
49.343364512,1709142520.026346656,1709142520.025786774,/rigid_bodies.rigidbodies[2].pose.position.y,0.6534262190658217
49.35309563,1709142520.036077774,1709142520.035670456,/rigid_bodies.rigidbodies[2].pose.position.y,0.6534703880453806
49.362923508,1709142520.045905652,1709142520.045580483,/rigid_bodies.rigidbodies[2].pose.position.y,0.6534177839736319
49.372968553,1709142520.055950697,1709142520.055599437,/rigid_bodies.rigidbodies[2].pose.position.y,0.6534508783532595
49.382920629,1709142520.065902773,1709142520.065577180,/rigid_bodies.rigidbodies[2].pose.position.y,0.6534828383109744
49.392913372,1709142520.075895516,1709142520.075631595,/rigid_bodies.rigidbodies[2].pose.position.y,0.6534633236137022
49.402887782,1709142520.085869926,1709142520.085580850,/rigid_bodies.rigidbodies[2].pose.position.y,0.6534996117676447
49.412863761,1709142520.095845905,1709142520.095561114,/rigid_bodies.rigidbodies[2].pose.position.y,0.6534854863553473
49.422998269,1709142520.105980413,1709142520.105722057,/rigid_bodies.rigidbodies[2].pose.position.y,0.653404616974877
49.432962132,1709142520.115944276,1709142520.115628310,/rigid_bodies.rigidbodies[2].pose.position.y,0.6535003825729729
49.443070955,1709142520.126053099,1709142520.125686087,/rigid_bodies.rigidbodies[2].pose.position.y,0.6534807582965636
49.453215212,1709142520.136197356,1709142520.135767905,/rigid_bodies.rigidbodies[2].pose.position.y,0.653418846792286
49.463154229,1709142520.146136373,1709142520.145728385,/rigid_bodies.rigidbodies[2].pose.position.y,0.6534476918650463
49.473123836,1709142520.156105980,1709142520.155672498,/rigid_bodies.rigidbodies[2].pose.position.y,0.6534557966468961
49.483422353,1709142520.166404497,1709142520.165850368,/rigid_bodies.rigidbodies[2].pose.position.y,0.6534772801060186
49.493408335,1709142520.176390479,1709142520.175803556,/rigid_bodies.rigidbodies[2].pose.position.y,0.6535466733199489
49.50332523,1709142520.186307374,1709142520.185841594,/rigid_bodies.rigidbodies[2].pose.position.y,0.6535403316324324
49.513608081,1709142520.196590225,1709142520.195944774,/rigid_bodies.rigidbodies[2].pose.position.y,0.6534487709339561
49.523279077,1709142520.206261221,1709142520.205792467,/rigid_bodies.rigidbodies[2].pose.position.y,0.6534737953774216
49.533197156,1709142520.216179300,1709142520.215756911,/rigid_bodies.rigidbodies[2].pose.position.y,0.653419241556131
49.543191164,1709142520.226173308,1709142520.225770341,/rigid_bodies.rigidbodies[2].pose.position.y,0.653351024657746
49.553280691,1709142520.236262835,1709142520.235799638,/rigid_bodies.rigidbodies[2].pose.position.y,0.6534924420146561
49.563095659,1709142520.246077803,1709142520.245716545,/rigid_bodies.rigidbodies[2].pose.position.y,0.6534774577366923
49.573445954,1709142520.256428098,1709142520.255891798,/rigid_bodies.rigidbodies[2].pose.position.y,0.6535062520997418
49.583649425,1709142520.266631569,1709142520.265887372,/rigid_bodies.rigidbodies[2].pose.position.y,0.653544822395952
49.593313586,1709142520.276295730,1709142520.275803572,/rigid_bodies.rigidbodies[2].pose.position.y,0.6534219264793366
49.603695171,1709142520.286677315,1709142520.285989862,/rigid_bodies.rigidbodies[2].pose.position.y,0.6534256282088763
49.613313119,1709142520.296295263,1709142520.295862729,/rigid_bodies.rigidbodies[2].pose.position.y,0.6534628866822769
49.623087743,1709142520.306069887,1709142520.305767645,/rigid_bodies.rigidbodies[2].pose.position.y,0.653470136720594
49.633121279,1709142520.316103423,1709142520.315692062,/rigid_bodies.rigidbodies[2].pose.position.y,0.6535355175895972
49.643029305,1709142520.326011449,1709142520.325596923,/rigid_bodies.rigidbodies[2].pose.position.y,0.6535057964594762
49.653153625,1709142520.336135769,1709142520.335716239,/rigid_bodies.rigidbodies[2].pose.position.y,0.6534111727918962
49.66316648,1709142520.346148624,1709142520.345770330,/rigid_bodies.rigidbodies[2].pose.position.y,0.6534413973405744
49.673540068,1709142520.356522212,1709142520.356019850,/rigid_bodies.rigidbodies[2].pose.position.y,0.6534682492111216
49.68345521,1709142520.366437354,1709142520.365914392,/rigid_bodies.rigidbodies[2].pose.position.y,0.6534240576938968
49.693311559,1709142520.376293703,1709142520.375856224,/rigid_bodies.rigidbodies[2].pose.position.y,0.653465747330599
49.703508549,1709142520.386490693,1709142520.385984797,/rigid_bodies.rigidbodies[2].pose.position.y,0.6534688429852052
49.713206237,1709142520.396188381,1709142520.395850567,/rigid_bodies.rigidbodies[2].pose.position.y,0.6534135074790037
49.7231993,1709142520.406181444,1709142520.405805365,/rigid_bodies.rigidbodies[2].pose.position.y,0.6534859314699677
49.733551489,1709142520.416533633,1709142520.416033565,/rigid_bodies.rigidbodies[2].pose.position.y,0.6534803658168937
49.743331928,1709142520.426314072,1709142520.425795944,/rigid_bodies.rigidbodies[2].pose.position.y,0.653450192386036
49.753331994,1709142520.436314138,1709142520.435791762,/rigid_bodies.rigidbodies[2].pose.position.y,0.6535049364107212
49.762977562,1709142520.445959706,1709142520.445704401,/rigid_bodies.rigidbodies[2].pose.position.y,0.6535675248203654
49.772890964,1709142520.455873108,1709142520.455602484,/rigid_bodies.rigidbodies[2].pose.position.y,0.6535228243167286
49.783275153,1709142520.466257297,1709142520.465821605,/rigid_bodies.rigidbodies[2].pose.position.y,0.6534716847474383
49.79356499,1709142520.476547134,1709142520.475956802,/rigid_bodies.rigidbodies[2].pose.position.y,0.6534180404921959
49.80356632,1709142520.486548464,1709142520.485941845,/rigid_bodies.rigidbodies[2].pose.position.y,0.6533150750723451
49.813205034,1709142520.496187178,1709142520.495730637,/rigid_bodies.rigidbodies[2].pose.position.y,0.6534712204394877
49.823636483,1709142520.506618627,1709142520.506026638,/rigid_bodies.rigidbodies[2].pose.position.y,0.653525102526782
49.833682536,1709142520.516664680,1709142520.516054835,/rigid_bodies.rigidbodies[2].pose.position.y,0.6534988782125655
49.843184552,1709142520.526166696,1709142520.525738525,/rigid_bodies.rigidbodies[2].pose.position.y,0.653526449600879
49.853463714,1709142520.536445858,1709142520.535897428,/rigid_bodies.rigidbodies[2].pose.position.y,0.6534586886053074
49.863217379,1709142520.546199523,1709142520.545738429,/rigid_bodies.rigidbodies[2].pose.position.y,0.6534610599380107
49.873281378,1709142520.556263522,1709142520.555822071,/rigid_bodies.rigidbodies[2].pose.position.y,0.6535174453901192
49.883530887,1709142520.566513031,1709142520.565868629,/rigid_bodies.rigidbodies[2].pose.position.y,0.6534569574133242
49.893525336,1709142520.576507480,1709142520.575833722,/rigid_bodies.rigidbodies[2].pose.position.y,0.6534597193474071
49.903153078,1709142520.586135222,1709142520.585677849,/rigid_bodies.rigidbodies[2].pose.position.y,0.653479651094917
49.913580396,1709142520.596562540,1709142520.595917863,/rigid_bodies.rigidbodies[2].pose.position.y,0.6534709209284383
49.92372634,1709142520.606708484,1709142520.605979182,/rigid_bodies.rigidbodies[2].pose.position.y,0.6535271173677814
49.933277781,1709142520.616259925,1709142520.615755622,/rigid_bodies.rigidbodies[2].pose.position.y,0.6535120638122117
49.943413476,1709142520.626395620,1709142520.625818566,/rigid_bodies.rigidbodies[2].pose.position.y,0.6534077939362916
49.953301334,1709142520.636283478,1709142520.635790283,/rigid_bodies.rigidbodies[2].pose.position.y,0.6534413683612976
49.963196954,1709142520.646179098,1709142520.645738772,/rigid_bodies.rigidbodies[2].pose.position.y,0.6534809209681407
49.973293133,1709142520.656275277,1709142520.655789701,/rigid_bodies.rigidbodies[2].pose.position.y,0.6534676743442428
49.983752105,1709142520.666734249,1709142520.666017986,/rigid_bodies.rigidbodies[2].pose.position.y,0.6535060108121457
49.993143171,1709142520.676125315,1709142520.675703024,/rigid_bodies.rigidbodies[2].pose.position.y,0.6535078527832455
50.003285907,1709142520.686268051,1709142520.685864107,/rigid_bodies.rigidbodies[2].pose.position.y,0.6534585496143077
50.013903652,1709142520.696885796,1709142520.696198693,/rigid_bodies.rigidbodies[2].pose.position.y,0.6535027551402944
50.023335194,1709142520.706317338,1709142520.705859592,/rigid_bodies.rigidbodies[2].pose.position.y,0.6534821631971103
50.033402808,1709142520.716384952,1709142520.715937625,/rigid_bodies.rigidbodies[2].pose.position.y,0.6534502507413995
50.043868141,1709142520.726850285,1709142520.725990453,/rigid_bodies.rigidbodies[2].pose.position.y,0.6534783352280376
50.053348213,1709142520.736330357,1709142520.735859510,/rigid_bodies.rigidbodies[2].pose.position.y,0.6535114545352096
50.063207237,1709142520.746189381,1709142520.745774408,/rigid_bodies.rigidbodies[2].pose.position.y,0.6534772054810974
50.073340405,1709142520.756322549,1709142520.755835874,/rigid_bodies.rigidbodies[2].pose.position.y,0.6535058985463432
50.083185326,1709142520.766167470,1709142520.765788775,/rigid_bodies.rigidbodies[2].pose.position.y,0.6534847143180194
50.093281942,1709142520.776264086,1709142520.775804937,/rigid_bodies.rigidbodies[2].pose.position.y,0.653460300385239
50.103339912,1709142520.786322056,1709142520.785855859,/rigid_bodies.rigidbodies[2].pose.position.y,0.6535784847241743
50.113268676,1709142520.796250820,1709142520.795896409,/rigid_bodies.rigidbodies[2].pose.position.y,0.6535216480083993
50.123645829,1709142520.806627973,1709142520.806115062,/rigid_bodies.rigidbodies[2].pose.position.y,0.6533931075525314
50.133483528,1709142520.816465672,1709142520.815964160,/rigid_bodies.rigidbodies[2].pose.position.y,0.6534096303813054
50.143275419,1709142520.826257563,1709142520.825907570,/rigid_bodies.rigidbodies[2].pose.position.y,0.6533628586193261
50.153532397,1709142520.836514541,1709142520.836006605,/rigid_bodies.rigidbodies[2].pose.position.y,0.6534741578491744
50.163235557,1709142520.846217701,1709142520.845858023,/rigid_bodies.rigidbodies[2].pose.position.y,0.6535756084447466
50.173794581,1709142520.856776725,1709142520.856158812,/rigid_bodies.rigidbodies[2].pose.position.y,0.6535212546825925
50.183391826,1709142520.866373970,1709142520.865924438,/rigid_bodies.rigidbodies[2].pose.position.y,0.6534702560234577
50.19362479,1709142520.876606934,1709142520.876054271,/rigid_bodies.rigidbodies[2].pose.position.y,0.6534609089497198
50.203719421,1709142520.886701565,1709142520.886106883,/rigid_bodies.rigidbodies[2].pose.position.y,0.653440156666546
50.213008903,1709142520.895991047,1709142520.895685702,/rigid_bodies.rigidbodies[2].pose.position.y,0.6534110867524485
50.222855813,1709142520.905837957,1709142520.905550147,/rigid_bodies.rigidbodies[2].pose.position.y,0.6534647954656058
50.232864995,1709142520.915847139,1709142520.915577868,/rigid_bodies.rigidbodies[2].pose.position.y,0.6534561313497657
50.242910613,1709142520.925892757,1709142520.925584982,/rigid_bodies.rigidbodies[2].pose.position.y,0.6534921255074809
50.253230556,1709142520.936212700,1709142520.935842519,/rigid_bodies.rigidbodies[2].pose.position.y,0.6534917501899116
50.262849729,1709142520.945831873,1709142520.945570933,/rigid_bodies.rigidbodies[2].pose.position.y,0.6534511935152542
50.273157939,1709142520.956140083,1709142520.955744431,/rigid_bodies.rigidbodies[2].pose.position.y,0.6534154393512499
50.283515695,1709142520.966497839,1709142520.965960138,/rigid_bodies.rigidbodies[2].pose.position.y,0.6534078479408673
50.293202806,1709142520.976184950,1709142520.975730088,/rigid_bodies.rigidbodies[2].pose.position.y,0.6534886963543111
50.303362121,1709142520.986344265,1709142520.985861530,/rigid_bodies.rigidbodies[2].pose.position.y,0.6535441019089261
50.31340887,1709142520.996391014,1709142520.995915894,/rigid_bodies.rigidbodies[2].pose.position.y,0.653487296479983
50.323090249,1709142521.006072393,1709142521.005702862,/rigid_bodies.rigidbodies[2].pose.position.y,0.653403106961191
50.333164104,1709142521.016146248,1709142521.015755507,/rigid_bodies.rigidbodies[2].pose.position.y,0.6534055684907966
50.343358671,1709142521.026340815,1709142521.025888007,/rigid_bodies.rigidbodies[2].pose.position.y,0.6535173099859434
50.353387185,1709142521.036369329,1709142521.035911455,/rigid_bodies.rigidbodies[2].pose.position.y,0.6535238606955897
50.363241398,1709142521.046223542,1709142521.045802952,/rigid_bodies.rigidbodies[2].pose.position.y,0.6535296128836179
50.37346955,1709142521.056451694,1709142521.055930184,/rigid_bodies.rigidbodies[2].pose.position.y,0.6534575466048405
50.383167282,1709142521.066149426,1709142521.065758286,/rigid_bodies.rigidbodies[2].pose.position.y,0.6533628838973764
50.393149343,1709142521.076131487,1709142521.075716557,/rigid_bodies.rigidbodies[2].pose.position.y,0.6534281997188619
50.403577264,1709142521.086559408,1709142521.085921859,/rigid_bodies.rigidbodies[2].pose.position.y,0.653466549004505
50.413555466,1709142521.096537610,1709142521.095930044,/rigid_bodies.rigidbodies[2].pose.position.y,0.6534982489000688
50.423200545,1709142521.106182689,1709142521.105746117,/rigid_bodies.rigidbodies[2].pose.position.y,0.6535151808010103
50.433758582,1709142521.116740726,1709142521.116042580,/rigid_bodies.rigidbodies[2].pose.position.y,0.6534636749741225
50.44345735,1709142521.126439494,1709142521.125903318,/rigid_bodies.rigidbodies[2].pose.position.y,0.6534678097641434
50.453237808,1709142521.136219952,1709142521.135765587,/rigid_bodies.rigidbodies[2].pose.position.y,0.6534496219554624
50.463279586,1709142521.146261730,1709142521.145801894,/rigid_bodies.rigidbodies[2].pose.position.y,0.6534316596434047
50.472934046,1709142521.155916190,1709142521.155613990,/rigid_bodies.rigidbodies[2].pose.position.y,0.6534559832653376
50.483197076,1709142521.166179220,1709142521.165753547,/rigid_bodies.rigidbodies[2].pose.position.y,0.6534807909147269
50.493565747,1709142521.176547891,1709142521.175896334,/rigid_bodies.rigidbodies[2].pose.position.y,0.6535430012893763
50.503950018,1709142521.186932162,1709142521.186073165,/rigid_bodies.rigidbodies[2].pose.position.y,0.6534946447878224
50.513477549,1709142521.196459693,1709142521.195939260,/rigid_bodies.rigidbodies[2].pose.position.y,0.6534607338019456
50.523438662,1709142521.206420806,1709142521.205883179,/rigid_bodies.rigidbodies[2].pose.position.y,0.6534495930965861
50.533832917,1709142521.216815061,1709142521.216074119,/rigid_bodies.rigidbodies[2].pose.position.y,0.6534734910535223
50.543502758,1709142521.226484902,1709142521.225963329,/rigid_bodies.rigidbodies[2].pose.position.y,0.6534803436699388
50.553404691,1709142521.236386835,1709142521.235947746,/rigid_bodies.rigidbodies[2].pose.position.y,0.6534510173147582
50.563166116,1709142521.246148260,1709142521.245748157,/rigid_bodies.rigidbodies[2].pose.position.y,0.6534588182938956
50.573425697,1709142521.256407841,1709142521.255895496,/rigid_bodies.rigidbodies[2].pose.position.y,0.6534630999594766
50.583530813,1709142521.266512957,1709142521.265922239,/rigid_bodies.rigidbodies[2].pose.position.y,0.6534845673574762
50.59344381,1709142521.276425954,1709142521.275865414,/rigid_bodies.rigidbodies[2].pose.position.y,0.6534661562402541
50.603359855,1709142521.286341999,1709142521.285922080,/rigid_bodies.rigidbodies[2].pose.position.y,0.653450441288108
50.613449251,1709142521.296431395,1709142521.295917873,/rigid_bodies.rigidbodies[2].pose.position.y,0.6534969937481546
50.623461107,1709142521.306443251,1709142521.305892204,/rigid_bodies.rigidbodies[2].pose.position.y,0.6534641097520962
50.633563519,1709142521.316545663,1709142521.315972781,/rigid_bodies.rigidbodies[2].pose.position.y,0.6535363592255192
50.643182022,1709142521.326164166,1709142521.325857498,/rigid_bodies.rigidbodies[2].pose.position.y,0.6534719797981065
50.65356041,1709142521.336542554,1709142521.335967788,/rigid_bodies.rigidbodies[2].pose.position.y,0.65339738523628
50.663135217,1709142521.346117361,1709142521.345769200,/rigid_bodies.rigidbodies[2].pose.position.y,0.653416388180724
50.673526842,1709142521.356508986,1709142521.355967417,/rigid_bodies.rigidbodies[2].pose.position.y,0.6535060183106477
50.682900082,1709142521.365882226,1709142521.365621326,/rigid_bodies.rigidbodies[2].pose.position.y,0.6535416421886459
50.692934382,1709142521.375916526,1709142521.375645324,/rigid_bodies.rigidbodies[2].pose.position.y,0.6535154952341243
50.702926852,1709142521.385908996,1709142521.385690998,/rigid_bodies.rigidbodies[2].pose.position.y,0.6534763688271079
50.712994577,1709142521.395976721,1709142521.395766044,/rigid_bodies.rigidbodies[2].pose.position.y,0.6534210000031605
50.723179252,1709142521.406161396,1709142521.405855129,/rigid_bodies.rigidbodies[2].pose.position.y,0.6534094965169487
50.733029698,1709142521.416011842,1709142521.415640875,/rigid_bodies.rigidbodies[2].pose.position.y,0.6534784862713432
50.742720572,1709142521.425702716,1709142521.425528614,/rigid_bodies.rigidbodies[2].pose.position.y,0.6534252955261348
50.752819636,1709142521.435801780,1709142521.435560659,/rigid_bodies.rigidbodies[2].pose.position.y,0.6534635258342867
50.762902085,1709142521.445884229,1709142521.445741594,/rigid_bodies.rigidbodies[2].pose.position.y,0.6535050157659611
50.772826333,1709142521.455808477,1709142521.455556602,/rigid_bodies.rigidbodies[2].pose.position.y,0.653482507329911
50.783155738,1709142521.466137882,1709142521.465705828,/rigid_bodies.rigidbodies[2].pose.position.y,0.6535401249830897
50.793357618,1709142521.476339762,1709142521.475835173,/rigid_bodies.rigidbodies[2].pose.position.y,0.653417432884776
50.803425329,1709142521.486407473,1709142521.485917044,/rigid_bodies.rigidbodies[2].pose.position.y,0.6533241393422984
50.813744982,1709142521.496727126,1709142521.496112087,/rigid_bodies.rigidbodies[2].pose.position.y,0.6534018096877351
50.823428369,1709142521.506410513,1709142521.505907868,/rigid_bodies.rigidbodies[2].pose.position.y,0.6535119366557425
50.833468986,1709142521.516451130,1709142521.515963738,/rigid_bodies.rigidbodies[2].pose.position.y,0.653574439687881
50.843580911000004,1709142521.526563055,1709142521.526008856,/rigid_bodies.rigidbodies[2].pose.position.y,0.6535553823116222
50.853471501,1709142521.536453645,1709142521.536032982,/rigid_bodies.rigidbodies[2].pose.position.y,0.6534051612315654
50.863317491000004,1709142521.546299635,1709142521.545837608,/rigid_bodies.rigidbodies[2].pose.position.y,0.6533401574403259
50.873374161,1709142521.556356305,1709142521.555832744,/rigid_bodies.rigidbodies[2].pose.position.y,0.653468237482087
50.88348936,1709142521.566471504,1709142521.565957932,/rigid_bodies.rigidbodies[2].pose.position.y,0.6534859029317769
50.893271048,1709142521.576253192,1709142521.575915854,/rigid_bodies.rigidbodies[2].pose.position.y,0.6534859074387156
50.903603877,1709142521.586586021,1709142521.586023906,/rigid_bodies.rigidbodies[2].pose.position.y,0.6534731400947674
50.913427126,1709142521.596409270,1709142521.595879116,/rigid_bodies.rigidbodies[2].pose.position.y,0.653349955396511
50.923291627,1709142521.606273771,1709142521.605863114,/rigid_bodies.rigidbodies[2].pose.position.y,0.653377829789467
50.933472457,1709142521.616454601,1709142521.616004941,/rigid_bodies.rigidbodies[2].pose.position.y,0.6535249518672377
50.943286009,1709142521.626268153,1709142521.625787822,/rigid_bodies.rigidbodies[2].pose.position.y,0.6535422552201128
50.953623024,1709142521.636605168,1709142521.636019229,/rigid_bodies.rigidbodies[2].pose.position.y,0.6535380101181958
50.963452798,1709142521.646434942,1709142521.645964441,/rigid_bodies.rigidbodies[2].pose.position.y,0.6534811977022562
50.973407273,1709142521.656389417,1709142521.655861672,/rigid_bodies.rigidbodies[2].pose.position.y,0.6534554473456251
50.983936646000004,1709142521.666918790,1709142521.666197824,/rigid_bodies.rigidbodies[2].pose.position.y,0.6534658649065422
50.993607318,1709142521.676589462,1709142521.676001533,/rigid_bodies.rigidbodies[2].pose.position.y,0.6534633867603056
51.003351657,1709142521.686333801,1709142521.685746032,/rigid_bodies.rigidbodies[2].pose.position.y,0.6533956119475084
51.013356481,1709142521.696338625,1709142521.695867651,/rigid_bodies.rigidbodies[2].pose.position.y,0.6534873693648324
51.023633064,1709142521.706615208,1709142521.706038628,/rigid_bodies.rigidbodies[2].pose.position.y,0.6535402960128865
51.033202217,1709142521.716184361,1709142521.715792859,/rigid_bodies.rigidbodies[2].pose.position.y,0.6534603373779242
51.044012617,1709142521.726994761,1709142521.726356049,/rigid_bodies.rigidbodies[2].pose.position.y,0.6534792534588212
51.053621714,1709142521.736603858,1709142521.736011193,/rigid_bodies.rigidbodies[2].pose.position.y,0.6534173326353611
51.063285528,1709142521.746267672,1709142521.745887221,/rigid_bodies.rigidbodies[2].pose.position.y,0.6533958912695323
51.073330006,1709142521.756312150,1709142521.755880657,/rigid_bodies.rigidbodies[2].pose.position.y,0.6534756651509751
51.083699088,1709142521.766681232,1709142521.766089138,/rigid_bodies.rigidbodies[2].pose.position.y,0.6535130656391
51.093420386,1709142521.776402530,1709142521.775982284,/rigid_bodies.rigidbodies[2].pose.position.y,0.6535463154079353
51.103108931,1709142521.786091075,1709142521.785717075,/rigid_bodies.rigidbodies[2].pose.position.y,0.6535193849767474
51.113534223,1709142521.796516367,1709142521.795910268,/rigid_bodies.rigidbodies[2].pose.position.y,0.6534788480472792
51.123370734,1709142521.806352878,1709142521.805930365,/rigid_bodies.rigidbodies[2].pose.position.y,0.6534203205662948
51.133539461,1709142521.816521605,1709142521.815972795,/rigid_bodies.rigidbodies[2].pose.position.y,0.6534429025208582
51.143629418,1709142521.826611562,1709142521.826011951,/rigid_bodies.rigidbodies[2].pose.position.y,0.6535148780368096
51.153728717,1709142521.836710861,1709142521.836151476,/rigid_bodies.rigidbodies[2].pose.position.y,0.6534807203356062
51.16335598,1709142521.846338124,1709142521.845915909,/rigid_bodies.rigidbodies[2].pose.position.y,0.6535018091337813
51.173060086,1709142521.856042230,1709142521.855613420,/rigid_bodies.rigidbodies[2].pose.position.y,0.6534824993678201
51.183144396,1709142521.866126540,1709142521.865837940,/rigid_bodies.rigidbodies[2].pose.position.y,0.653413142514771
51.193134377,1709142521.876116521,1709142521.875740261,/rigid_bodies.rigidbodies[2].pose.position.y,0.6534925179769141
51.203154315,1709142521.886136459,1709142521.885647287,/rigid_bodies.rigidbodies[2].pose.position.y,0.6535065827578748
51.213961548,1709142521.896943692,1709142521.896141133,/rigid_bodies.rigidbodies[2].pose.position.y,0.6535395308602298
51.223394915,1709142521.906377059,1709142521.905805180,/rigid_bodies.rigidbodies[2].pose.position.y,0.653531836390043
51.233921082,1709142521.916903226,1709142521.916071260,/rigid_bodies.rigidbodies[2].pose.position.y,0.6534168275964303
51.243437505,1709142521.926419649,1709142521.925887025,/rigid_bodies.rigidbodies[2].pose.position.y,0.6534656227615501
51.253341382,1709142521.936323526,1709142521.935818496,/rigid_bodies.rigidbodies[2].pose.position.y,0.6535045379854381
51.263265454,1709142521.946247598,1709142521.945862391,/rigid_bodies.rigidbodies[2].pose.position.y,0.653457963678752
51.273311037,1709142521.956293181,1709142521.955855054,/rigid_bodies.rigidbodies[2].pose.position.y,0.6534473874095024
51.28328472,1709142521.966266864,1709142521.965923855,/rigid_bodies.rigidbodies[2].pose.position.y,0.6534646188224239
51.293669944,1709142521.976652088,1709142521.976092266,/rigid_bodies.rigidbodies[2].pose.position.y,0.6534662360341017
51.303432677,1709142521.986414821,1709142521.985920061,/rigid_bodies.rigidbodies[2].pose.position.y,0.6535259766192753
51.313269009,1709142521.996251153,1709142521.995812037,/rigid_bodies.rigidbodies[2].pose.position.y,0.6535374215039264
51.323407748,1709142522.006389892,1709142522.005952967,/rigid_bodies.rigidbodies[2].pose.position.y,0.6534209932764012
51.333680169,1709142522.016662313,1709142522.016062449,/rigid_bodies.rigidbodies[2].pose.position.y,0.6533964019013215
51.343342161,1709142522.026324305,1709142522.026012685,/rigid_bodies.rigidbodies[2].pose.position.y,0.6533956359246023
51.353059286,1709142522.036041430,1709142522.035744049,/rigid_bodies.rigidbodies[2].pose.position.y,0.6534673890467834
51.362916443,1709142522.045898587,1709142522.045720938,/rigid_bodies.rigidbodies[2].pose.position.y,0.6535427268372173
51.373157085,1709142522.056139229,1709142522.055805476,/rigid_bodies.rigidbodies[2].pose.position.y,0.6535206719453613
51.382946888,1709142522.065929032,1709142522.065657062,/rigid_bodies.rigidbodies[2].pose.position.y,0.6534667995504676
51.392858409,1709142522.075840553,1709142522.075648821,/rigid_bodies.rigidbodies[2].pose.position.y,0.653437861156099
51.402921561,1709142522.085903705,1709142522.085663547,/rigid_bodies.rigidbodies[2].pose.position.y,0.6534522000304468
51.4130691,1709142522.096051244,1709142522.095741899,/rigid_bodies.rigidbodies[2].pose.position.y,0.6535246131583033
51.422952543,1709142522.105934687,1709142522.105595286,/rigid_bodies.rigidbodies[2].pose.position.y,0.6535532654241876
51.433163764,1709142522.116145908,1709142522.115781088,/rigid_bodies.rigidbodies[2].pose.position.y,0.653515919862404
51.443157249,1709142522.126139393,1709142522.125722164,/rigid_bodies.rigidbodies[2].pose.position.y,0.6533951379034345
51.453740706,1709142522.136722850,1709142522.136140554,/rigid_bodies.rigidbodies[2].pose.position.y,0.6534485812211226
51.463320613,1709142522.146302757,1709142522.145889788,/rigid_bodies.rigidbodies[2].pose.position.y,0.653485634670892
51.473644916,1709142522.156627060,1709142522.156100038,/rigid_bodies.rigidbodies[2].pose.position.y,0.6534177755392975
51.483453583,1709142522.166435727,1709142522.165989346,/rigid_bodies.rigidbodies[2].pose.position.y,0.6534827345580653
51.493578139,1709142522.176560283,1709142522.176071897,/rigid_bodies.rigidbodies[2].pose.position.y,0.6534636181115909
51.503363631,1709142522.186345775,1709142522.186033529,/rigid_bodies.rigidbodies[2].pose.position.y,0.6534319091185055
51.513084369,1709142522.196066513,1709142522.195764892,/rigid_bodies.rigidbodies[2].pose.position.y,0.6534739495346581
51.523282353,1709142522.206264497,1709142522.205852940,/rigid_bodies.rigidbodies[2].pose.position.y,0.6534528860700265
51.533510919,1709142522.216493063,1709142522.216020455,/rigid_bodies.rigidbodies[2].pose.position.y,0.6534639553117031
51.542969912,1709142522.225952056,1709142522.225691430,/rigid_bodies.rigidbodies[2].pose.position.y,0.6535194321305341
51.553794031,1709142522.236776175,1709142522.236243514,/rigid_bodies.rigidbodies[2].pose.position.y,0.6535245094381039
51.563324808,1709142522.246306952,1709142522.245868639,/rigid_bodies.rigidbodies[2].pose.position.y,0.6534624887660848
51.573487723,1709142522.256469867,1709142522.255952712,/rigid_bodies.rigidbodies[2].pose.position.y,0.6534524523302302
51.583682729,1709142522.266664873,1709142522.266062623,/rigid_bodies.rigidbodies[2].pose.position.y,0.6534316519444936
51.593722407,1709142522.276704551,1709142522.276116989,/rigid_bodies.rigidbodies[2].pose.position.y,0.6533901692766716
51.603310568,1709142522.286292712,1709142522.285776273,/rigid_bodies.rigidbodies[2].pose.position.y,0.6534688482968792
51.613646391,1709142522.296628535,1709142522.296091807,/rigid_bodies.rigidbodies[2].pose.position.y,0.6534805919619529
51.623326596,1709142522.306308740,1709142522.305907930,/rigid_bodies.rigidbodies[2].pose.position.y,0.6534778892507617
51.633814565,1709142522.316796709,1709142522.316222050,/rigid_bodies.rigidbodies[2].pose.position.y,0.6535068130887719
51.643647264,1709142522.326629408,1709142522.326079819,/rigid_bodies.rigidbodies[2].pose.position.y,0.6534190654813294
51.65339368,1709142522.336375824,1709142522.335967844,/rigid_bodies.rigidbodies[2].pose.position.y,0.6534756959770374
51.663346994,1709142522.346329138,1709142522.345925203,/rigid_bodies.rigidbodies[2].pose.position.y,0.6534963912231578
51.673691863,1709142522.356674007,1709142522.356104469,/rigid_bodies.rigidbodies[2].pose.position.y,0.6534694544358598
51.683247999,1709142522.366230143,1709142522.365910574,/rigid_bodies.rigidbodies[2].pose.position.y,0.6535213921253622
51.69353737,1709142522.376519514,1709142522.376123674,/rigid_bodies.rigidbodies[2].pose.position.y,0.6535276224057109
51.70330177,1709142522.386283914,1709142522.385952648,/rigid_bodies.rigidbodies[2].pose.position.y,0.6534378782529872
51.713285499,1709142522.396267643,1709142522.395969174,/rigid_bodies.rigidbodies[2].pose.position.y,0.6534009948193388
51.723511211,1709142522.406493355,1709142522.406030916,/rigid_bodies.rigidbodies[2].pose.position.y,0.6534636194389375
51.733369849,1709142522.416351993,1709142522.415991794,/rigid_bodies.rigidbodies[2].pose.position.y,0.6534662247753225
51.743175883,1709142522.426158027,1709142522.425919932,/rigid_bodies.rigidbodies[2].pose.position.y,0.6535409799577658
51.753626246,1709142522.436608390,1709142522.436125855,/rigid_bodies.rigidbodies[2].pose.position.y,0.6535711499479226
51.763308867,1709142522.446291011,1709142522.445894342,/rigid_bodies.rigidbodies[2].pose.position.y,0.6534525152397874
51.773481771,1709142522.456463915,1709142522.455999285,/rigid_bodies.rigidbodies[2].pose.position.y,0.6534424281216231
51.783314149,1709142522.466296293,1709142522.465987227,/rigid_bodies.rigidbodies[2].pose.position.y,0.6534177059226141
51.793010828,1709142522.475992972,1709142522.475720499,/rigid_bodies.rigidbodies[2].pose.position.y,0.653440171355615
51.80313876,1709142522.486120904,1709142522.485762305,/rigid_bodies.rigidbodies[2].pose.position.y,0.6535143866231503
51.813538543,1709142522.496520687,1709142522.496024896,/rigid_bodies.rigidbodies[2].pose.position.y,0.653477891007193
51.823802696,1709142522.506784840,1709142522.506080703,/rigid_bodies.rigidbodies[2].pose.position.y,0.6534542316519122
51.833797302,1709142522.516779446,1709142522.516081465,/rigid_bodies.rigidbodies[2].pose.position.y,0.6534786685406148
51.843787559,1709142522.526769703,1709142522.526026941,/rigid_bodies.rigidbodies[2].pose.position.y,0.653497725243806
51.853853338,1709142522.536835482,1709142522.536214881,/rigid_bodies.rigidbodies[2].pose.position.y,0.6535087117700799
51.863355364,1709142522.546337508,1709142522.545981758,/rigid_bodies.rigidbodies[2].pose.position.y,0.6535435633780924
51.873842182,1709142522.556824326,1709142522.556191283,/rigid_bodies.rigidbodies[2].pose.position.y,0.6534896024228213
51.883681587,1709142522.566663731,1709142522.566211335,/rigid_bodies.rigidbodies[2].pose.position.y,0.6534097327042574
51.893332215,1709142522.576314359,1709142522.575947888,/rigid_bodies.rigidbodies[2].pose.position.y,0.653470914250136
51.903851401,1709142522.586833545,1709142522.586305246,/rigid_bodies.rigidbodies[2].pose.position.y,0.6534012339302597
51.913731345,1709142522.596713489,1709142522.596112211,/rigid_bodies.rigidbodies[2].pose.position.y,0.6534160140412333
51.923371873,1709142522.606354017,1709142522.605907819,/rigid_bodies.rigidbodies[2].pose.position.y,0.6534969569639772
51.933854992,1709142522.616837136,1709142522.616181308,/rigid_bodies.rigidbodies[2].pose.position.y,0.6534620121771235
51.943617533,1709142522.626599677,1709142522.626049634,/rigid_bodies.rigidbodies[2].pose.position.y,0.6535224744436534
51.953364931,1709142522.636347075,1709142522.635885223,/rigid_bodies.rigidbodies[2].pose.position.y,0.6535262665493895
51.963304381,1709142522.646286525,1709142522.645807536,/rigid_bodies.rigidbodies[2].pose.position.y,0.6534485724766681
51.973653589,1709142522.656635733,1709142522.656005523,/rigid_bodies.rigidbodies[2].pose.position.y,0.6534504764908063
51.983594991,1709142522.666577135,1709142522.666004461,/rigid_bodies.rigidbodies[2].pose.position.y,0.6534805828004377
51.99351048,1709142522.676492624,1709142522.675906237,/rigid_bodies.rigidbodies[2].pose.position.y,0.6535121476436591
52.004178592,1709142522.687160736,1709142522.686229676,/rigid_bodies.rigidbodies[2].pose.position.y,0.6535182247435014
52.013599964,1709142522.696582108,1709142522.696014479,/rigid_bodies.rigidbodies[2].pose.position.y,0.6535227726825454
52.023439784,1709142522.706421928,1709142522.705911490,/rigid_bodies.rigidbodies[2].pose.position.y,0.6534620100020505
52.034024164,1709142522.717006308,1709142522.716294314,/rigid_bodies.rigidbodies[2].pose.position.y,0.6534640118614689
52.043667535,1709142522.726649679,1709142522.726058440,/rigid_bodies.rigidbodies[2].pose.position.y,0.6534661220907727
52.053312735,1709142522.736294879,1709142522.735929919,/rigid_bodies.rigidbodies[2].pose.position.y,0.6534099038089153
52.063539689,1709142522.746521833,1709142522.746028304,/rigid_bodies.rigidbodies[2].pose.position.y,0.6535014669949872
52.0738202,1709142522.756802344,1709142522.756229508,/rigid_bodies.rigidbodies[2].pose.position.y,0.6534751371042323
52.083358241,1709142522.766340385,1709142522.765922228,/rigid_bodies.rigidbodies[2].pose.position.y,0.6534617594397525
52.09291476,1709142522.775896904,1709142522.775647331,/rigid_bodies.rigidbodies[2].pose.position.y,0.6535173661044912
52.102988039,1709142522.785970183,1709142522.785706809,/rigid_bodies.rigidbodies[2].pose.position.y,0.6534852246645302
52.112883175,1709142522.795865319,1709142522.795643380,/rigid_bodies.rigidbodies[2].pose.position.y,0.6534484580424373
52.123250212,1709142522.806232356,1709142522.805869537,/rigid_bodies.rigidbodies[2].pose.position.y,0.6534536973848929
52.133725076,1709142522.816707220,1709142522.816158396,/rigid_bodies.rigidbodies[2].pose.position.y,0.6534858020451849
52.143637551,1709142522.826619695,1709142522.826075880,/rigid_bodies.rigidbodies[2].pose.position.y,0.6534662148370263
52.153647265,1709142522.836629409,1709142522.836094819,/rigid_bodies.rigidbodies[2].pose.position.y,0.6535019481949222
52.163050024,1709142522.846032168,1709142522.845688109,/rigid_bodies.rigidbodies[2].pose.position.y,0.6535117679055495
52.173496091,1709142522.856478235,1709142522.855938185,/rigid_bodies.rigidbodies[2].pose.position.y,0.653447978989511
52.183770367,1709142522.866752511,1709142522.866155205,/rigid_bodies.rigidbodies[2].pose.position.y,0.6534831320968704
52.193763456,1709142522.876745600,1709142522.876129873,/rigid_bodies.rigidbodies[2].pose.position.y,0.6534613023826442
52.203595313,1709142522.886577457,1709142522.886025806,/rigid_bodies.rigidbodies[2].pose.position.y,0.6534497705062674
52.213513337,1709142522.896495481,1709142522.896049769,/rigid_bodies.rigidbodies[2].pose.position.y,0.6534915410597213
52.223691869,1709142522.906674013,1709142522.905937486,/rigid_bodies.rigidbodies[2].pose.position.y,0.6534856109752866
52.233544152,1709142522.916526296,1709142522.915965407,/rigid_bodies.rigidbodies[2].pose.position.y,0.6535044420530927
52.24325551,1709142522.926237654,1709142522.925848609,/rigid_bodies.rigidbodies[2].pose.position.y,0.6534885503679555
52.253812439,1709142522.936794583,1709142522.936147676,/rigid_bodies.rigidbodies[2].pose.position.y,0.6534278357519051
52.263313892,1709142522.946296036,1709142522.945867251,/rigid_bodies.rigidbodies[2].pose.position.y,0.653463802757353
52.273810085,1709142522.956792229,1709142522.956092224,/rigid_bodies.rigidbodies[2].pose.position.y,0.6535459497443803
52.283705565,1709142522.966687709,1709142522.966082098,/rigid_bodies.rigidbodies[2].pose.position.y,0.6535712353632163
52.293303058,1709142522.976285202,1709142522.975883064,/rigid_bodies.rigidbodies[2].pose.position.y,0.6535630913482482
52.303720325,1709142522.986702469,1709142522.986185403,/rigid_bodies.rigidbodies[2].pose.position.y,0.6534812140782947
52.313246322,1709142522.996228466,1709142522.995927766,/rigid_bodies.rigidbodies[2].pose.position.y,0.6533735668107384
52.32337787,1709142523.006360014,1709142523.005959153,/rigid_bodies.rigidbodies[2].pose.position.y,0.6533732445122391
52.334037813,1709142523.017019957,1709142523.016332692,/rigid_bodies.rigidbodies[2].pose.position.y,0.6534608083595991
52.343246658,1709142523.026228802,1709142523.025845870,/rigid_bodies.rigidbodies[2].pose.position.y,0.6534747466493117
52.353491612,1709142523.036473756,1709142523.035980200,/rigid_bodies.rigidbodies[2].pose.position.y,0.6534947548980046
52.36332448,1709142523.046306624,1709142523.045912116,/rigid_bodies.rigidbodies[2].pose.position.y,0.6534759185755854
52.37320127,1709142523.056183414,1709142523.055887314,/rigid_bodies.rigidbodies[2].pose.position.y,0.6533916585675212
52.383099024,1709142523.066081168,1709142523.065846195,/rigid_bodies.rigidbodies[2].pose.position.y,0.6534036077771376
52.393286029,1709142523.076268173,1709142523.075937664,/rigid_bodies.rigidbodies[2].pose.position.y,0.6534481970350803
52.403416806,1709142523.086398950,1709142523.085992475,/rigid_bodies.rigidbodies[2].pose.position.y,0.6535135336461667
52.413293775,1709142523.096275919,1709142523.095831151,/rigid_bodies.rigidbodies[2].pose.position.y,0.6535037411091513
52.423393411,1709142523.106375555,1709142523.105868190,/rigid_bodies.rigidbodies[2].pose.position.y,0.6535233259803485
52.433794731,1709142523.116776875,1709142523.116082273,/rigid_bodies.rigidbodies[2].pose.position.y,0.653488921261917
52.44339579,1709142523.126377934,1709142523.125989320,/rigid_bodies.rigidbodies[2].pose.position.y,0.6534138371499045
52.453801138,1709142523.136783282,1709142523.136155457,/rigid_bodies.rigidbodies[2].pose.position.y,0.6534680075980921
52.463412226,1709142523.146394370,1709142523.145866490,/rigid_bodies.rigidbodies[2].pose.position.y,0.653453640880704
52.473495245,1709142523.156477389,1709142523.155975875,/rigid_bodies.rigidbodies[2].pose.position.y,0.6535200075759388
52.48363039,1709142523.166612534,1709142523.166028767,/rigid_bodies.rigidbodies[2].pose.position.y,0.6535353206329069
52.4937413,1709142523.176723444,1709142523.176062264,/rigid_bodies.rigidbodies[2].pose.position.y,0.6534238220031612
52.503410285,1709142523.186392429,1709142523.185888049,/rigid_bodies.rigidbodies[2].pose.position.y,0.6534559843140864
52.513346493,1709142523.196328637,1709142523.195874537,/rigid_bodies.rigidbodies[2].pose.position.y,0.6534214812899299
52.523506181,1709142523.206488325,1709142523.205964442,/rigid_bodies.rigidbodies[2].pose.position.y,0.6534342823258705
52.533342679,1709142523.216324823,1709142523.215879637,/rigid_bodies.rigidbodies[2].pose.position.y,0.6535234590556255
52.54349172,1709142523.226473864,1709142523.225927830,/rigid_bodies.rigidbodies[2].pose.position.y,0.6534963786687724
52.553945509,1709142523.236927653,1709142523.236182504,/rigid_bodies.rigidbodies[2].pose.position.y,0.653462635979589
52.563234292,1709142523.246216436,1709142523.245841876,/rigid_bodies.rigidbodies[2].pose.position.y,0.6534726622604868
52.57368351,1709142523.256665654,1709142523.256003036,/rigid_bodies.rigidbodies[2].pose.position.y,0.6534818840119075
52.583360944,1709142523.266343088,1709142523.265840495,/rigid_bodies.rigidbodies[2].pose.position.y,0.6534823846722503
52.593640686,1709142523.276622830,1709142523.275921233,/rigid_bodies.rigidbodies[2].pose.position.y,0.6535237939043019
52.603299016,1709142523.286281160,1709142523.285774949,/rigid_bodies.rigidbodies[2].pose.position.y,0.6535053182174322
52.613217697,1709142523.296199841,1709142523.295715551,/rigid_bodies.rigidbodies[2].pose.position.y,0.653485672304494
52.623817507,1709142523.306799651,1709142523.305958658,/rigid_bodies.rigidbodies[2].pose.position.y,0.653483455606961
52.633210506,1709142523.316192650,1709142523.315851533,/rigid_bodies.rigidbodies[2].pose.position.y,0.6534741190609228
52.643327218,1709142523.326309362,1709142523.325906490,/rigid_bodies.rigidbodies[2].pose.position.y,0.6534392950039721
52.653658893,1709142523.336641037,1709142523.336015203,/rigid_bodies.rigidbodies[2].pose.position.y,0.6534272079572979
52.663254646,1709142523.346236790,1709142523.345824828,/rigid_bodies.rigidbodies[2].pose.position.y,0.6534553898976607
52.673331714,1709142523.356313858,1709142523.355855376,/rigid_bodies.rigidbodies[2].pose.position.y,0.6534852023915485
52.683298844,1709142523.366280988,1709142523.365929205,/rigid_bodies.rigidbodies[2].pose.position.y,0.6535194530189418
52.693234457,1709142523.376216601,1709142523.375864930,/rigid_bodies.rigidbodies[2].pose.position.y,0.6535189915385268
52.703102428,1709142523.386084572,1709142523.385817774,/rigid_bodies.rigidbodies[2].pose.position.y,0.6534528812900916
52.713385472,1709142523.396367616,1709142523.395816836,/rigid_bodies.rigidbodies[2].pose.position.y,0.653450887379214
52.723381309,1709142523.406363453,1709142523.405801935,/rigid_bodies.rigidbodies[2].pose.position.y,0.6534619786863921
52.733732762,1709142523.416714906,1709142523.415946292,/rigid_bodies.rigidbodies[2].pose.position.y,0.6534742767783581
52.743409656,1709142523.426391800,1709142523.425810009,/rigid_bodies.rigidbodies[2].pose.position.y,0.653553096152129
52.753448256,1709142523.436430400,1709142523.435890749,/rigid_bodies.rigidbodies[2].pose.position.y,0.6534477485275874
52.763574218,1709142523.446556362,1709142523.445956895,/rigid_bodies.rigidbodies[2].pose.position.y,0.6534863709116839
52.773852595,1709142523.456834739,1709142523.455981901,/rigid_bodies.rigidbodies[2].pose.position.y,0.6535345888827523
52.783241801,1709142523.466223945,1709142523.465772144,/rigid_bodies.rigidbodies[2].pose.position.y,0.6534444034190567
52.793017786,1709142523.475999930,1709142523.475643102,/rigid_bodies.rigidbodies[2].pose.position.y,0.6534555931418816
52.803442603,1709142523.486424747,1709142523.485929491,/rigid_bodies.rigidbodies[2].pose.position.y,0.653460300961992
52.813334622,1709142523.496316766,1709142523.495891400,/rigid_bodies.rigidbodies[2].pose.position.y,0.6534149080438179
52.823243043,1709142523.506225187,1709142523.505809083,/rigid_bodies.rigidbodies[2].pose.position.y,0.653501968925193
52.83371148,1709142523.516693624,1709142523.516063041,/rigid_bodies.rigidbodies[2].pose.position.y,0.653523139747993
52.843338748,1709142523.526320892,1709142523.525874470,/rigid_bodies.rigidbodies[2].pose.position.y,0.6534723147396602
52.853329713,1709142523.536311857,1709142523.535766394,/rigid_bodies.rigidbodies[2].pose.position.y,0.6534478016062388
52.863195995,1709142523.546178139,1709142523.545778690,/rigid_bodies.rigidbodies[2].pose.position.y,0.653466211365228
52.873363427,1709142523.556345571,1709142523.555851939,/rigid_bodies.rigidbodies[2].pose.position.y,0.6534855447313557
52.883630442,1709142523.566612586,1709142523.566088023,/rigid_bodies.rigidbodies[2].pose.position.y,0.6535500885314502
52.893338085,1709142523.576320229,1709142523.575842488,/rigid_bodies.rigidbodies[2].pose.position.y,0.6535631730700876
52.903267446,1709142523.586249590,1709142523.585902426,/rigid_bodies.rigidbodies[2].pose.position.y,0.6534506014512774
52.9134485,1709142523.596430644,1709142523.595902509,/rigid_bodies.rigidbodies[2].pose.position.y,0.6534249601312061
52.923427903,1709142523.606410047,1709142523.605923700,/rigid_bodies.rigidbodies[2].pose.position.y,0.6534142081678914
52.933414912,1709142523.616397056,1709142523.615906269,/rigid_bodies.rigidbodies[2].pose.position.y,0.6534571695399776
52.943624936,1709142523.626607080,1709142523.625992322,/rigid_bodies.rigidbodies[2].pose.position.y,0.6535190185575472
52.953649019,1709142523.636631163,1709142523.636031825,/rigid_bodies.rigidbodies[2].pose.position.y,0.6534973881384673
52.963130364,1709142523.646112508,1709142523.645741531,/rigid_bodies.rigidbodies[2].pose.position.y,0.6534161600439038
52.973555314,1709142523.656537458,1709142523.655934898,/rigid_bodies.rigidbodies[2].pose.position.y,0.6533882498401864
52.983246603,1709142523.666228747,1709142523.665757680,/rigid_bodies.rigidbodies[2].pose.position.y,0.6533867700765085
52.993238866,1709142523.676221010,1709142523.675743924,/rigid_bodies.rigidbodies[2].pose.position.y,0.6534284679903565
53.003286927,1709142523.686269071,1709142523.685785657,/rigid_bodies.rigidbodies[2].pose.position.y,0.6535369575223845
53.013585454,1709142523.696567598,1709142523.695967317,/rigid_bodies.rigidbodies[2].pose.position.y,0.6535141568731049
53.023357816,1709142523.706339960,1709142523.705874625,/rigid_bodies.rigidbodies[2].pose.position.y,0.6534449581723278
53.033210178,1709142523.716192322,1709142523.715739298,/rigid_bodies.rigidbodies[2].pose.position.y,0.6534579026400985
53.043340205,1709142523.726322349,1709142523.725892828,/rigid_bodies.rigidbodies[2].pose.position.y,0.65340788101567
53.053499153,1709142523.736481297,1709142523.735917568,/rigid_bodies.rigidbodies[2].pose.position.y,0.6534732794703068
53.063325976,1709142523.746308120,1709142523.745814327,/rigid_bodies.rigidbodies[2].pose.position.y,0.6533911028855205
53.073639518,1709142523.756621662,1709142523.756027423,/rigid_bodies.rigidbodies[2].pose.position.y,0.6534262443473681
53.083442635,1709142523.766424779,1709142523.765946254,/rigid_bodies.rigidbodies[2].pose.position.y,0.6534816900522579
53.093238047,1709142523.776220191,1709142523.775800857,/rigid_bodies.rigidbodies[2].pose.position.y,0.6534514484577125
53.103409412,1709142523.786391556,1709142523.785928248,/rigid_bodies.rigidbodies[2].pose.position.y,0.6534258738650557
53.113282769,1709142523.796264913,1709142523.795779661,/rigid_bodies.rigidbodies[2].pose.position.y,0.6534647481707623
53.123249911,1709142523.806232055,1709142523.805750238,/rigid_bodies.rigidbodies[2].pose.position.y,0.6534648306068523
53.133547358,1709142523.816529502,1709142523.815963196,/rigid_bodies.rigidbodies[2].pose.position.y,0.6534510961798816
53.143356623,1709142523.826338767,1709142523.825888392,/rigid_bodies.rigidbodies[2].pose.position.y,0.6534979244126732
53.153503382,1709142523.836485526,1709142523.835951404,/rigid_bodies.rigidbodies[2].pose.position.y,0.6535077206259667
53.163362086,1709142523.846344230,1709142523.845881020,/rigid_bodies.rigidbodies[2].pose.position.y,0.6534602979293144
53.173454108,1709142523.856436252,1709142523.855975373,/rigid_bodies.rigidbodies[2].pose.position.y,0.6534592153116631
53.183221661,1709142523.866203805,1709142523.865847648,/rigid_bodies.rigidbodies[2].pose.position.y,0.6534825978825638
53.193180169,1709142523.876162313,1709142523.875760509,/rigid_bodies.rigidbodies[2].pose.position.y,0.6534598487642198
53.202825802,1709142523.885807946,1709142523.885592161,/rigid_bodies.rigidbodies[2].pose.position.y,0.6535456343603113
53.21274242,1709142523.895724564,1709142523.895581372,/rigid_bodies.rigidbodies[2].pose.position.y,0.6535166824891432
53.222687483,1709142523.905669627,1709142523.905487166,/rigid_bodies.rigidbodies[2].pose.position.y,0.6534043197388819
53.23294562,1709142523.915927764,1709142523.915673454,/rigid_bodies.rigidbodies[2].pose.position.y,0.6534200062431011
53.243354457,1709142523.926336601,1709142523.925990983,/rigid_bodies.rigidbodies[2].pose.position.y,0.6533975324825682
53.253625659,1709142523.936607803,1709142523.936065646,/rigid_bodies.rigidbodies[2].pose.position.y,0.6534250843388781
53.263221515,1709142523.946203659,1709142523.945766773,/rigid_bodies.rigidbodies[2].pose.position.y,0.6535317538971585
53.273396498,1709142523.956378642,1709142523.955784029,/rigid_bodies.rigidbodies[2].pose.position.y,0.6534869642695453
53.283515391,1709142523.966497535,1709142523.965860176,/rigid_bodies.rigidbodies[2].pose.position.y,0.6534529521296556
53.293774112,1709142523.976756256,1709142523.976031605,/rigid_bodies.rigidbodies[2].pose.position.y,0.6534524065326197
53.303326831,1709142523.986308975,1709142523.985805108,/rigid_bodies.rigidbodies[2].pose.position.y,0.6534941821126317
53.313139316,1709142523.996121460,1709142523.995749549,/rigid_bodies.rigidbodies[2].pose.position.y,0.6534546462003715
53.323680608,1709142524.006662752,1709142524.006002791,/rigid_bodies.rigidbodies[2].pose.position.y,0.6534723880663847
53.333277488,1709142524.016259632,1709142524.015833012,/rigid_bodies.rigidbodies[2].pose.position.y,0.6533969534471907
53.34322733,1709142524.026209474,1709142524.025825443,/rigid_bodies.rigidbodies[2].pose.position.y,0.6534096325311652
53.353157882,1709142524.036140026,1709142524.035743997,/rigid_bodies.rigidbodies[2].pose.position.y,0.6535284449534381
53.363196566,1709142524.046178710,1709142524.045791028,/rigid_bodies.rigidbodies[2].pose.position.y,0.653436670814875
53.373205808,1709142524.056187952,1709142524.055791199,/rigid_bodies.rigidbodies[2].pose.position.y,0.6534756461843682
53.383061324,1709142524.066043468,1709142524.065772377,/rigid_bodies.rigidbodies[2].pose.position.y,0.6534801098651614
53.393140861,1709142524.076123005,1709142524.075786148,/rigid_bodies.rigidbodies[2].pose.position.y,0.6533997645765831
53.403134668,1709142524.086116812,1709142524.085765901,/rigid_bodies.rigidbodies[2].pose.position.y,0.6534889921377943
53.413179836,1709142524.096161980,1709142524.095854695,/rigid_bodies.rigidbodies[2].pose.position.y,0.6535240895300466
53.423304849,1709142524.106286993,1709142524.105978346,/rigid_bodies.rigidbodies[2].pose.position.y,0.6534559800084814
53.43310139,1709142524.116083534,1709142524.115752726,/rigid_bodies.rigidbodies[2].pose.position.y,0.6534709433533046
53.443313519,1709142524.126295663,1709142524.125895646,/rigid_bodies.rigidbodies[2].pose.position.y,0.6534692785227997
53.453939511,1709142524.136921655,1709142524.136264229,/rigid_bodies.rigidbodies[2].pose.position.y,0.6534212008566993
53.463923651,1709142524.146905795,1709142524.146158177,/rigid_bodies.rigidbodies[2].pose.position.y,0.6534581208642842
53.47406809,1709142524.157050234,1709142524.156536973,/rigid_bodies.rigidbodies[2].pose.position.y,0.653500111508181
53.483919053,1709142524.166901197,1709142524.166402123,/rigid_bodies.rigidbodies[2].pose.position.y,0.653434437457419
53.493736599,1709142524.176718743,1709142524.176286864,/rigid_bodies.rigidbodies[2].pose.position.y,0.6534378079377213
53.504157389,1709142524.187139533,1709142524.186556541,/rigid_bodies.rigidbodies[2].pose.position.y,0.6534236233140549
53.513553145,1709142524.196535289,1709142524.196163950,/rigid_bodies.rigidbodies[2].pose.position.y,0.6534096090926984
53.523343051,1709142524.206325195,1709142524.205932006,/rigid_bodies.rigidbodies[2].pose.position.y,0.6535093719281695
53.533391615,1709142524.216373759,1709142524.215960606,/rigid_bodies.rigidbodies[2].pose.position.y,0.6535215401847518
53.543306435,1709142524.226288579,1709142524.225945981,/rigid_bodies.rigidbodies[2].pose.position.y,0.6535274820520186
53.553348246,1709142524.236330390,1709142524.235935329,/rigid_bodies.rigidbodies[2].pose.position.y,0.6535464530347971
53.563239111,1709142524.246221255,1709142524.245913241,/rigid_bodies.rigidbodies[2].pose.position.y,0.6534502476687533
53.573644025,1709142524.256626169,1709142524.256070007,/rigid_bodies.rigidbodies[2].pose.position.y,0.653414405781483
53.583294385,1709142524.266276529,1709142524.265844214,/rigid_bodies.rigidbodies[2].pose.position.y,0.65340972119531
53.593325709,1709142524.276307853,1709142524.275918723,/rigid_bodies.rigidbodies[2].pose.position.y,0.6535656078692637
53.603564704,1709142524.286546848,1709142524.286088694,/rigid_bodies.rigidbodies[2].pose.position.y,0.6534572600731366
53.613200952,1709142524.296183096,1709142524.295852220,/rigid_bodies.rigidbodies[2].pose.position.y,0.6535095964508946
53.623142042,1709142524.306124186,1709142524.305757702,/rigid_bodies.rigidbodies[2].pose.position.y,0.6534494734938946
53.63348878,1709142524.316470924,1709142524.316087311,/rigid_bodies.rigidbodies[2].pose.position.y,0.6533986459037104
53.643126438,1709142524.326108582,1709142524.325774654,/rigid_bodies.rigidbodies[2].pose.position.y,0.6531675430670532
53.653282314,1709142524.336264458,1709142524.335899226,/rigid_bodies.rigidbodies[2].pose.position.y,0.6534383152053199
53.663094649,1709142524.346076793,1709142524.345799282,/rigid_bodies.rigidbodies[2].pose.position.y,0.6535155143117883
53.673394177,1709142524.356376321,1709142524.355943264,/rigid_bodies.rigidbodies[2].pose.position.y,0.6539803322706677
53.683324913,1709142524.366307057,1709142524.365912111,/rigid_bodies.rigidbodies[2].pose.position.y,0.6534127727727178
53.694022725,1709142524.377004869,1709142524.376347364,/rigid_bodies.rigidbodies[2].pose.position.y,0.6534321932982725
53.703429835,1709142524.386411979,1709142524.385915414,/rigid_bodies.rigidbodies[2].pose.position.y,0.6534482611887814
53.713514921,1709142524.396497065,1709142524.396047477,/rigid_bodies.rigidbodies[2].pose.position.y,0.6533909868022295
53.72358138,1709142524.406563524,1709142524.406052694,/rigid_bodies.rigidbodies[2].pose.position.y,0.653217900386945
53.733321982,1709142524.416304126,1709142524.415908867,/rigid_bodies.rigidbodies[2].pose.position.y,0.6534775243571941
53.743346133,1709142524.426328277,1709142524.426029491,/rigid_bodies.rigidbodies[2].pose.position.y,0.6534651266825711
53.753705947,1709142524.436688091,1709142524.436227699,/rigid_bodies.rigidbodies[2].pose.position.y,0.653463095454676
53.76327754,1709142524.446259684,1709142524.445798175,/rigid_bodies.rigidbodies[2].pose.position.y,0.653406471519087
53.773863682,1709142524.456845826,1709142524.456209699,/rigid_bodies.rigidbodies[2].pose.position.y,0.6534203672090364
53.783416477,1709142524.466398621,1709142524.465857370,/rigid_bodies.rigidbodies[2].pose.position.y,0.6535174688387019
53.793377605,1709142524.476359749,1709142524.475908389,/rigid_bodies.rigidbodies[2].pose.position.y,0.6535589820219263
53.80333288,1709142524.486315024,1709142524.485977886,/rigid_bodies.rigidbodies[2].pose.position.y,0.6535241542780886
53.812950068,1709142524.495932212,1709142524.495741488,/rigid_bodies.rigidbodies[2].pose.position.y,0.6535116842510426
53.823159544,1709142524.506141688,1709142524.505897361,/rigid_bodies.rigidbodies[2].pose.position.y,0.653415492046179
53.833106618,1709142524.516088762,1709142524.515820178,/rigid_bodies.rigidbodies[2].pose.position.y,0.6533936111086988
53.843230435,1709142524.526212579,1709142524.525889164,/rigid_bodies.rigidbodies[2].pose.position.y,0.6534724252221022
53.853567205,1709142524.536549349,1709142524.536131731,/rigid_bodies.rigidbodies[2].pose.position.y,0.6534855471867395
53.863561939,1709142524.546544083,1709142524.546031180,/rigid_bodies.rigidbodies[2].pose.position.y,0.6534835277031085
53.873842819000004,1709142524.556824963,1709142524.556143334,/rigid_bodies.rigidbodies[2].pose.position.y,0.6534800182014691
53.883771998,1709142524.566754142,1709142524.566140678,/rigid_bodies.rigidbodies[2].pose.position.y,0.653545160974393
53.893573119,1709142524.576555263,1709142524.576084730,/rigid_bodies.rigidbodies[2].pose.position.y,0.6541384893277331
53.903591234,1709142524.586573378,1709142524.586104133,/rigid_bodies.rigidbodies[2].pose.position.y,0.6534929091171205
53.91331481,1709142524.596296954,1709142524.595868175,/rigid_bodies.rigidbodies[2].pose.position.y,0.6534982560796652
53.923513247,1709142524.606495391,1709142524.605957004,/rigid_bodies.rigidbodies[2].pose.position.y,0.6534329264997591
53.933938842,1709142524.616920986,1709142524.616244145,/rigid_bodies.rigidbodies[2].pose.position.y,0.6535226405133303
53.943273757,1709142524.626255901,1709142524.625878650,/rigid_bodies.rigidbodies[2].pose.position.y,0.6533868474356929
53.953837938,1709142524.636820082,1709142524.636246791,/rigid_bodies.rigidbodies[2].pose.position.y,0.6534696592789632
53.963273594,1709142524.646255738,1709142524.645829016,/rigid_bodies.rigidbodies[2].pose.position.y,0.653510986749782
53.973553947,1709142524.656536091,1709142524.656058215,/rigid_bodies.rigidbodies[2].pose.position.y,0.6534761829086153
53.983550495,1709142524.666532639,1709142524.666079792,/rigid_bodies.rigidbodies[2].pose.position.y,0.653807925867104
53.993621644,1709142524.676603788,1709142524.676170783,/rigid_bodies.rigidbodies[2].pose.position.y,0.6535184324234777
54.003313457,1709142524.686295601,1709142524.685944416,/rigid_bodies.rigidbodies[2].pose.position.y,0.6534652034543676
54.013304303,1709142524.696286447,1709142524.695925038,/rigid_bodies.rigidbodies[2].pose.position.y,0.653512701793048
54.023555725,1709142524.706537869,1709142524.706112933,/rigid_bodies.rigidbodies[2].pose.position.y,0.6535107311577677
54.03354069,1709142524.716522834,1709142524.716062952,/rigid_bodies.rigidbodies[2].pose.position.y,0.6530417902077613
54.04318944,1709142524.726171584,1709142524.725876093,/rigid_bodies.rigidbodies[2].pose.position.y,0.653411937887388
54.053433941,1709142524.736416085,1709142524.736057231,/rigid_bodies.rigidbodies[2].pose.position.y,0.6534840304970376
54.063534602,1709142524.746516746,1709142524.746002644,/rigid_bodies.rigidbodies[2].pose.position.y,0.6534624844812706
54.07360664,1709142524.756588784,1709142524.756074433,/rigid_bodies.rigidbodies[2].pose.position.y,0.6535014115786699
54.083929005,1709142524.766911149,1709142524.766317361,/rigid_bodies.rigidbodies[2].pose.position.y,0.6534979862703371
54.093976701,1709142524.776958845,1709142524.776281802,/rigid_bodies.rigidbodies[2].pose.position.y,0.6534333072979754
54.103519582,1709142524.786501726,1709142524.785925274,/rigid_bodies.rigidbodies[2].pose.position.y,0.6534784454344188
54.113553329,1709142524.796535473,1709142524.796017026,/rigid_bodies.rigidbodies[2].pose.position.y,0.653478029529005
54.124010204,1709142524.806992348,1709142524.806243947,/rigid_bodies.rigidbodies[2].pose.position.y,0.6534710645589289
54.133311295,1709142524.816293439,1709142524.815889522,/rigid_bodies.rigidbodies[2].pose.position.y,0.6535339383699604
54.143520303,1709142524.826502447,1709142524.826120600,/rigid_bodies.rigidbodies[2].pose.position.y,0.6535094182526252
54.15369715,1709142524.836679294,1709142524.836186886,/rigid_bodies.rigidbodies[2].pose.position.y,0.6534704713754699
54.163381107,1709142524.846363251,1709142524.845894647,/rigid_bodies.rigidbodies[2].pose.position.y,0.6534601598113814
54.173481842,1709142524.856463986,1709142524.856098994,/rigid_bodies.rigidbodies[2].pose.position.y,0.6534229127945176
54.18348484,1709142524.866466984,1709142524.866146692,/rigid_bodies.rigidbodies[2].pose.position.y,0.6533978381112162
54.193474884,1709142524.876457028,1709142524.875938708,/rigid_bodies.rigidbodies[2].pose.position.y,0.6534896246634666
54.203532653,1709142524.886514797,1709142524.886027178,/rigid_bodies.rigidbodies[2].pose.position.y,0.653524233172166
54.213465154,1709142524.896447298,1709142524.895894570,/rigid_bodies.rigidbodies[2].pose.position.y,0.6534958618545276
54.223440835,1709142524.906422979,1709142524.905961688,/rigid_bodies.rigidbodies[2].pose.position.y,0.6535332890320152
54.233445449,1709142524.916427593,1709142524.915903000,/rigid_bodies.rigidbodies[2].pose.position.y,0.6534883103624889
54.243395147,1709142524.926377291,1709142524.925851386,/rigid_bodies.rigidbodies[2].pose.position.y,0.6534205265145571
54.253181314,1709142524.936163458,1709142524.935766488,/rigid_bodies.rigidbodies[2].pose.position.y,0.6534650037238537
54.263213324,1709142524.946195468,1709142524.945797962,/rigid_bodies.rigidbodies[2].pose.position.y,0.6534578891219308
54.273677713,1709142524.956659857,1709142524.956054988,/rigid_bodies.rigidbodies[2].pose.position.y,0.653480183447987
54.283221929,1709142524.966204073,1709142524.965819126,/rigid_bodies.rigidbodies[2].pose.position.y,0.6535348940614101
54.293191073,1709142524.976173217,1709142524.975817610,/rigid_bodies.rigidbodies[2].pose.position.y,0.653440638753498
54.303818194,1709142524.986800338,1709142524.986188119,/rigid_bodies.rigidbodies[2].pose.position.y,0.6534011333068
54.313089802,1709142524.996071946,1709142524.995734320,/rigid_bodies.rigidbodies[2].pose.position.y,0.6534559912148793
54.323292834,1709142525.006274978,1709142525.005883577,/rigid_bodies.rigidbodies[2].pose.position.y,0.6534964917580528
54.333467137,1709142525.016449281,1709142525.016065289,/rigid_bodies.rigidbodies[2].pose.position.y,0.6534938298648633
54.343412818,1709142525.026394962,1709142525.025956562,/rigid_bodies.rigidbodies[2].pose.position.y,0.6534852867853372
54.353564827,1709142525.036546971,1709142525.035978794,/rigid_bodies.rigidbodies[2].pose.position.y,0.6533976291485412
54.363403986,1709142525.046386130,1709142525.045895273,/rigid_bodies.rigidbodies[2].pose.position.y,0.6534261481354904
54.373642002,1709142525.056624146,1709142525.056027027,/rigid_bodies.rigidbodies[2].pose.position.y,0.65347677154724
54.383485465,1709142525.066467609,1709142525.065847360,/rigid_bodies.rigidbodies[2].pose.position.y,0.6534648425212152
54.393500791,1709142525.076482935,1709142525.075876469,/rigid_bodies.rigidbodies[2].pose.position.y,0.6535484835149235
54.403731091,1709142525.086713235,1709142525.086117780,/rigid_bodies.rigidbodies[2].pose.position.y,0.6535528797949455
54.413485231,1709142525.096467375,1709142525.095961094,/rigid_bodies.rigidbodies[2].pose.position.y,0.6534566271021638
54.423636183,1709142525.106618327,1709142525.106044075,/rigid_bodies.rigidbodies[2].pose.position.y,0.6534778244541347
54.433709727,1709142525.116691871,1709142525.116106345,/rigid_bodies.rigidbodies[2].pose.position.y,0.6534182588346877
54.443305881,1709142525.126288025,1709142525.125796568,/rigid_bodies.rigidbodies[2].pose.position.y,0.6534078347839232
54.453274459,1709142525.136256603,1709142525.135818021,/rigid_bodies.rigidbodies[2].pose.position.y,0.6534607103990869
54.463256862,1709142525.146239006,1709142525.145856603,/rigid_bodies.rigidbodies[2].pose.position.y,0.6534760464665712
54.473351049,1709142525.156333193,1709142525.155902092,/rigid_bodies.rigidbodies[2].pose.position.y,0.6535233384778173
54.483713226,1709142525.166695370,1709142525.166163023,/rigid_bodies.rigidbodies[2].pose.position.y,0.6534689566842963
54.493580974,1709142525.176563118,1709142525.176074773,/rigid_bodies.rigidbodies[2].pose.position.y,0.6534411540318152
54.503276911,1709142525.186259055,1709142525.185972668,/rigid_bodies.rigidbodies[2].pose.position.y,0.6533723652002068
54.513288514,1709142525.196270658,1709142525.196001113,/rigid_bodies.rigidbodies[2].pose.position.y,0.6534616074565616
54.523665446,1709142525.206647590,1709142525.206222133,/rigid_bodies.rigidbodies[2].pose.position.y,0.6535403324648552
54.533502201,1709142525.216484345,1709142525.215994464,/rigid_bodies.rigidbodies[2].pose.position.y,0.6534992792083887
54.543643557,1709142525.226625701,1709142525.226017703,/rigid_bodies.rigidbodies[2].pose.position.y,0.6535028313751413
54.553724099,1709142525.236706243,1709142525.236035811,/rigid_bodies.rigidbodies[2].pose.position.y,0.6534162410616358
54.563440523,1709142525.246422667,1709142525.245998144,/rigid_bodies.rigidbodies[2].pose.position.y,0.6534146116571637
54.573873703,1709142525.256855847,1709142525.256182508,/rigid_bodies.rigidbodies[2].pose.position.y,0.6535127854622717
54.583594065,1709142525.266576209,1709142525.266068889,/rigid_bodies.rigidbodies[2].pose.position.y,0.6534733947417339
54.59360346,1709142525.276585604,1709142525.276106259,/rigid_bodies.rigidbodies[2].pose.position.y,0.6534491665122265
54.603769635,1709142525.286751779,1709142525.286122000,/rigid_bodies.rigidbodies[2].pose.position.y,0.6534493314226728
54.613204308,1709142525.296186452,1709142525.295866624,/rigid_bodies.rigidbodies[2].pose.position.y,0.6534130164389872
54.623229931,1709142525.306212075,1709142525.305809338,/rigid_bodies.rigidbodies[2].pose.position.y,0.6534176293734585
54.633747163,1709142525.316729307,1709142525.316079232,/rigid_bodies.rigidbodies[2].pose.position.y,0.6535022956930996
54.643208299,1709142525.326190443,1709142525.325779588,/rigid_bodies.rigidbodies[2].pose.position.y,0.6535021529777483
54.653014803,1709142525.335996947,1709142525.335736379,/rigid_bodies.rigidbodies[2].pose.position.y,0.6535215945822483
54.663200854,1709142525.346182998,1709142525.345833672,/rigid_bodies.rigidbodies[2].pose.position.y,0.6535622161865939
54.673145155,1709142525.356127299,1709142525.355700077,/rigid_bodies.rigidbodies[2].pose.position.y,0.6534540423498933
54.683376977,1709142525.366359121,1709142525.365810518,/rigid_bodies.rigidbodies[2].pose.position.y,0.6534579658316786
54.693504333,1709142525.376486477,1709142525.375856215,/rigid_bodies.rigidbodies[2].pose.position.y,0.6534736983062989
54.703737255,1709142525.386719399,1709142525.386013540,/rigid_bodies.rigidbodies[2].pose.position.y,0.6534097276457899
54.713262172,1709142525.396244316,1709142525.395888345,/rigid_bodies.rigidbodies[2].pose.position.y,0.6534900924404746
54.723503969,1709142525.406486113,1709142525.406008742,/rigid_bodies.rigidbodies[2].pose.position.y,0.653525160568514
54.733274173,1709142525.416256317,1709142525.415906871,/rigid_bodies.rigidbodies[2].pose.position.y,0.6534748785980544
54.743116521,1709142525.426098665,1709142525.425777117,/rigid_bodies.rigidbodies[2].pose.position.y,0.653507474879882
54.753324476,1709142525.436306620,1709142525.435905590,/rigid_bodies.rigidbodies[2].pose.position.y,0.6535039730168556
54.763200027,1709142525.446182171,1709142525.445831196,/rigid_bodies.rigidbodies[2].pose.position.y,0.6534893335342862
54.773245678,1709142525.456227822,1709142525.455824908,/rigid_bodies.rigidbodies[2].pose.position.y,0.6534617872416679
54.78324192,1709142525.466224064,1709142525.465795794,/rigid_bodies.rigidbodies[2].pose.position.y,0.6534350836795726
54.793542057,1709142525.476524201,1709142525.475969475,/rigid_bodies.rigidbodies[2].pose.position.y,0.6534200506942793
54.803143625,1709142525.486125769,1709142525.485823528,/rigid_bodies.rigidbodies[2].pose.position.y,0.6534957755479464
54.813163302,1709142525.496145446,1709142525.495805523,/rigid_bodies.rigidbodies[2].pose.position.y,0.6535154682820836
54.82337141,1709142525.506353554,1709142525.505903708,/rigid_bodies.rigidbodies[2].pose.position.y,0.6534677434442576
54.833521206,1709142525.516503350,1709142525.516011639,/rigid_bodies.rigidbodies[2].pose.position.y,0.6535167703453065
54.843357034,1709142525.526339178,1709142525.525963236,/rigid_bodies.rigidbodies[2].pose.position.y,0.6534460529467615
54.853433199,1709142525.536415343,1709142525.536014448,/rigid_bodies.rigidbodies[2].pose.position.y,0.6534088999108065
54.86322761,1709142525.546209754,1709142525.545915781,/rigid_bodies.rigidbodies[2].pose.position.y,0.6534885787117748
54.873701877,1709142525.556684021,1709142525.556115646,/rigid_bodies.rigidbodies[2].pose.position.y,0.6534690295767098
54.883181393,1709142525.566163537,1709142525.565788023,/rigid_bodies.rigidbodies[2].pose.position.y,0.6534820854622958
54.893504318,1709142525.576486462,1709142525.575982559,/rigid_bodies.rigidbodies[2].pose.position.y,0.6535281086821249
54.903738945,1709142525.586721089,1709142525.586139035,/rigid_bodies.rigidbodies[2].pose.position.y,0.6534743250459725
54.913468675,1709142525.596450819,1709142525.596022617,/rigid_bodies.rigidbodies[2].pose.position.y,0.653474570457887
54.923920449,1709142525.606902593,1709142525.606294868,/rigid_bodies.rigidbodies[2].pose.position.y,0.6535155331826908
54.933570179,1709142525.616552323,1709142525.616085639,/rigid_bodies.rigidbodies[2].pose.position.y,0.6534646054602067
54.943607454,1709142525.626589598,1709142525.626164695,/rigid_bodies.rigidbodies[2].pose.position.y,0.6534596535146681
54.953612743,1709142525.636594887,1709142525.636142655,/rigid_bodies.rigidbodies[2].pose.position.y,0.6535175421555264
54.963625379,1709142525.646607523,1709142525.646050065,/rigid_bodies.rigidbodies[2].pose.position.y,0.6534294983400956
54.973704256,1709142525.656686400,1709142525.656050899,/rigid_bodies.rigidbodies[2].pose.position.y,0.6534217356790593
54.983509322,1709142525.666491466,1709142525.665944086,/rigid_bodies.rigidbodies[2].pose.position.y,0.6534165456392326
54.99340747,1709142525.676389614,1709142525.675866354,/rigid_bodies.rigidbodies[2].pose.position.y,0.653412779648008
55.003823037,1709142525.686805181,1709142525.686038872,/rigid_bodies.rigidbodies[2].pose.position.y,0.6535526647595903
55.013274956,1709142525.696257100,1709142525.695814726,/rigid_bodies.rigidbodies[2].pose.position.y,0.6535546931507996
55.023315048,1709142525.706297192,1709142525.705904111,/rigid_bodies.rigidbodies[2].pose.position.y,0.6534600497776637
55.03377852,1709142525.716760664,1709142525.716167994,/rigid_bodies.rigidbodies[2].pose.position.y,0.6534647539611067
55.043583698,1709142525.726565842,1709142525.726019084,/rigid_bodies.rigidbodies[2].pose.position.y,0.6534429456235036
55.053342842,1709142525.736324986,1709142525.735919437,/rigid_bodies.rigidbodies[2].pose.position.y,0.6534407524866933
55.063571207,1709142525.746553351,1709142525.746030867,/rigid_bodies.rigidbodies[2].pose.position.y,0.6535509374399012
55.074122098,1709142525.757104242,1709142525.756329824,/rigid_bodies.rigidbodies[2].pose.position.y,0.653563119394879
55.083307478,1709142525.766289622,1709142525.765970276,/rigid_bodies.rigidbodies[2].pose.position.y,0.6534768248698942
55.093269708,1709142525.776251852,1709142525.775826939,/rigid_bodies.rigidbodies[2].pose.position.y,0.6535130984365808
55.103470732,1709142525.786452876,1709142525.785915000,/rigid_bodies.rigidbodies[2].pose.position.y,0.6534699190803053
55.113432532,1709142525.796414676,1709142525.795898780,/rigid_bodies.rigidbodies[2].pose.position.y,0.653456290656172
55.123658965,1709142525.806641109,1709142525.806101334,/rigid_bodies.rigidbodies[2].pose.position.y,0.6535615133982929
55.133970275,1709142525.816952419,1709142525.816323754,/rigid_bodies.rigidbodies[2].pose.position.y,0.6534705715406504
55.143459481,1709142525.826441625,1709142525.826079419,/rigid_bodies.rigidbodies[2].pose.position.y,0.6534695054256836
55.153331876,1709142525.836314020,1709142525.835980997,/rigid_bodies.rigidbodies[2].pose.position.y,0.653520817446153
55.163382253,1709142525.846364397,1709142525.846071169,/rigid_bodies.rigidbodies[2].pose.position.y,0.6534666807762056
55.173298115,1709142525.856280259,1709142525.855856115,/rigid_bodies.rigidbodies[2].pose.position.y,0.6534912413680073
55.183612884,1709142525.866595028,1709142525.866070722,/rigid_bodies.rigidbodies[2].pose.position.y,0.6535250465315766
55.193525234,1709142525.876507378,1709142525.875985320,/rigid_bodies.rigidbodies[2].pose.position.y,0.6534885618320281
55.203685691,1709142525.886667835,1709142525.886089319,/rigid_bodies.rigidbodies[2].pose.position.y,0.6535335308911814
55.213488202,1709142525.896470346,1709142525.896020190,/rigid_bodies.rigidbodies[2].pose.position.y,0.653509320681214
55.222965387,1709142525.905947531,1709142525.905700809,/rigid_bodies.rigidbodies[2].pose.position.y,0.6534206372494142
55.23335639,1709142525.916338534,1709142525.915948799,/rigid_bodies.rigidbodies[2].pose.position.y,0.653445760042072
55.243049301,1709142525.926031445,1709142525.925772466,/rigid_bodies.rigidbodies[2].pose.position.y,0.6535167991282343
55.253239214,1709142525.936221358,1709142525.935977799,/rigid_bodies.rigidbodies[2].pose.position.y,0.6534730337762386
55.263720659,1709142525.946702803,1709142525.946146192,/rigid_bodies.rigidbodies[2].pose.position.y,0.653485658151466
55.27368013,1709142525.956662274,1709142525.956078983,/rigid_bodies.rigidbodies[2].pose.position.y,0.6535110036110375
55.28341382,1709142525.966395964,1709142525.965891744,/rigid_bodies.rigidbodies[2].pose.position.y,0.6534244481065079
55.293736199,1709142525.976718343,1709142525.976134367,/rigid_bodies.rigidbodies[2].pose.position.y,0.6534940739760409
55.303278085,1709142525.986260229,1709142525.985805305,/rigid_bodies.rigidbodies[2].pose.position.y,0.6534883673582421
55.313236845,1709142525.996218989,1709142525.995792245,/rigid_bodies.rigidbodies[2].pose.position.y,0.6534216428627105
55.323547357,1709142526.006529501,1709142526.005976227,/rigid_bodies.rigidbodies[2].pose.position.y,0.6534922728727821
55.33341067,1709142526.016392814,1709142526.015948042,/rigid_bodies.rigidbodies[2].pose.position.y,0.6534634617288713
55.343320875,1709142526.026303019,1709142526.025846466,/rigid_bodies.rigidbodies[2].pose.position.y,0.6534678169180435
55.353236342,1709142526.036218486,1709142526.035794078,/rigid_bodies.rigidbodies[2].pose.position.y,0.6535496459776572
55.363086435,1709142526.046068579,1709142526.045760011,/rigid_bodies.rigidbodies[2].pose.position.y,0.6535015491408896
55.372854754,1709142526.055836898,1709142526.055585045,/rigid_bodies.rigidbodies[2].pose.position.y,0.6534188566249105
55.383056843,1709142526.066038987,1709142526.065707033,/rigid_bodies.rigidbodies[2].pose.position.y,0.6534631636829459
55.39301754,1709142526.075999684,1709142526.075632194,/rigid_bodies.rigidbodies[2].pose.position.y,0.6534133715529774
55.402992508,1709142526.085974652,1709142526.085591215,/rigid_bodies.rigidbodies[2].pose.position.y,0.6534187309882444
55.413042419,1709142526.096024563,1709142526.095710160,/rigid_bodies.rigidbodies[2].pose.position.y,0.653513057190405
55.423148554,1709142526.106130698,1709142526.105813531,/rigid_bodies.rigidbodies[2].pose.position.y,0.6534788190797668
55.432948321,1709142526.115930465,1709142526.115589702,/rigid_bodies.rigidbodies[2].pose.position.y,0.6534642989755993
55.443124412,1709142526.126106556,1709142526.125769554,/rigid_bodies.rigidbodies[2].pose.position.y,0.6535172031197444
55.453418378,1709142526.136400522,1709142526.135909993,/rigid_bodies.rigidbodies[2].pose.position.y,0.6534615466361876
55.463287252,1709142526.146269396,1709142526.145808037,/rigid_bodies.rigidbodies[2].pose.position.y,0.6534418086527842
55.473343206,1709142526.156325350,1709142526.155840633,/rigid_bodies.rigidbodies[2].pose.position.y,0.6534639584100562
55.483528184,1709142526.166510328,1709142526.165919486,/rigid_bodies.rigidbodies[2].pose.position.y,0.65345463080563
55.493535601,1709142526.176517745,1709142526.175942323,/rigid_bodies.rigidbodies[2].pose.position.y,0.6534813131640393
55.503534104,1709142526.186516248,1709142526.185904918,/rigid_bodies.rigidbodies[2].pose.position.y,0.6534939043606934
55.513248217,1709142526.196230361,1709142526.195835556,/rigid_bodies.rigidbodies[2].pose.position.y,0.653467025696318
55.523337734,1709142526.206319878,1709142526.205831710,/rigid_bodies.rigidbodies[2].pose.position.y,0.6534377689983933
55.53366489,1709142526.216647034,1709142526.216031848,/rigid_bodies.rigidbodies[2].pose.position.y,0.6534788593496189
55.543308684,1709142526.226290828,1709142526.225926192,/rigid_bodies.rigidbodies[2].pose.position.y,0.6534937518210223
55.553692581,1709142526.236674725,1709142526.236041931,/rigid_bodies.rigidbodies[2].pose.position.y,0.6534942010708379
55.56328446,1709142526.246266604,1709142526.245831282,/rigid_bodies.rigidbodies[2].pose.position.y,0.6535231273597691
55.573478027,1709142526.256460171,1709142526.255945050,/rigid_bodies.rigidbodies[2].pose.position.y,0.6534596488360904
55.58385432,1709142526.266836464,1709142526.266193813,/rigid_bodies.rigidbodies[2].pose.position.y,0.6534657755433944
55.593540792,1709142526.276522936,1709142526.276033759,/rigid_bodies.rigidbodies[2].pose.position.y,0.6534668593099299
55.603357874,1709142526.286340018,1709142526.285844051,/rigid_bodies.rigidbodies[2].pose.position.y,0.6534478061294838
55.613319206,1709142526.296301350,1709142526.295844511,/rigid_bodies.rigidbodies[2].pose.position.y,0.6535170282857138
55.62377766,1709142526.306759804,1709142526.306116478,/rigid_bodies.rigidbodies[2].pose.position.y,0.6534682560159334
55.633500729,1709142526.316482873,1709142526.316031534,/rigid_bodies.rigidbodies[2].pose.position.y,0.6534467764543609
55.643537262,1709142526.326519406,1709142526.326009548,/rigid_bodies.rigidbodies[2].pose.position.y,0.653479020978624
55.653740732,1709142526.336722876,1709142526.336043588,/rigid_bodies.rigidbodies[2].pose.position.y,0.6534389557020905
55.663349783,1709142526.346331927,1709142526.345859512,/rigid_bodies.rigidbodies[2].pose.position.y,0.6534181692208417
55.673596651,1709142526.356578795,1709142526.355988172,/rigid_bodies.rigidbodies[2].pose.position.y,0.6534582356268477
55.683429043,1709142526.366411187,1709142526.365955060,/rigid_bodies.rigidbodies[2].pose.position.y,0.6534834057711458
55.693324444,1709142526.376306588,1709142526.375803029,/rigid_bodies.rigidbodies[2].pose.position.y,0.6534737788538179
55.703417741,1709142526.386399885,1709142526.385913124,/rigid_bodies.rigidbodies[2].pose.position.y,0.653455490921334
55.713504936,1709142526.396487080,1709142526.395941454,/rigid_bodies.rigidbodies[2].pose.position.y,0.6534642745567644
55.723213955,1709142526.406196099,1709142526.405834071,/rigid_bodies.rigidbodies[2].pose.position.y,0.653452730808005
55.733276799,1709142526.416258943,1709142526.415814188,/rigid_bodies.rigidbodies[2].pose.position.y,0.6535421065225364
55.743509444,1709142526.426491588,1709142526.425946478,/rigid_bodies.rigidbodies[2].pose.position.y,0.6534892716832901
55.75337746,1709142526.436359604,1709142526.435966415,/rigid_bodies.rigidbodies[2].pose.position.y,0.6534578424670476
55.763462394,1709142526.446444538,1709142526.446035093,/rigid_bodies.rigidbodies[2].pose.position.y,0.6534930518091411
55.773986084,1709142526.456968228,1709142526.456310058,/rigid_bodies.rigidbodies[2].pose.position.y,0.6534727549459937
55.783661212,1709142526.466643356,1709142526.466084866,/rigid_bodies.rigidbodies[2].pose.position.y,0.6534840295743479
55.793547434,1709142526.476529578,1709142526.475942829,/rigid_bodies.rigidbodies[2].pose.position.y,0.6534947949202772
55.803707832,1709142526.486689976,1709142526.486057346,/rigid_bodies.rigidbodies[2].pose.position.y,0.653475093932847
55.813404307,1709142526.496386451,1709142526.495921421,/rigid_bodies.rigidbodies[2].pose.position.y,0.6534676248756764
55.823306511,1709142526.506288655,1709142526.505824376,/rigid_bodies.rigidbodies[2].pose.position.y,0.6534612173548867
55.833022736,1709142526.516004880,1709142526.515680431,/rigid_bodies.rigidbodies[2].pose.position.y,0.6534686782149818
55.842742376,1709142526.525724520,1709142526.525583882,/rigid_bodies.rigidbodies[2].pose.position.y,0.6534909727391597
55.852881437,1709142526.535863581,1709142526.535693812,/rigid_bodies.rigidbodies[2].pose.position.y,0.6535118078985023
55.863266599,1709142526.546248743,1709142526.545831321,/rigid_bodies.rigidbodies[2].pose.position.y,0.6534605272030147
55.873581613,1709142526.556563757,1709142526.556012711,/rigid_bodies.rigidbodies[2].pose.position.y,0.6534384387868121
55.883365074,1709142526.566347218,1709142526.565873452,/rigid_bodies.rigidbodies[2].pose.position.y,0.6534944445981721
55.89366574,1709142526.576647884,1709142526.576083624,/rigid_bodies.rigidbodies[2].pose.position.y,0.6534717425224883
55.903428873,1709142526.586411017,1709142526.585911437,/rigid_bodies.rigidbodies[2].pose.position.y,0.6534575247988447
55.913330253,1709142526.596312397,1709142526.595880926,/rigid_bodies.rigidbodies[2].pose.position.y,0.6534412347804044
55.923503304,1709142526.606485448,1709142526.605950304,/rigid_bodies.rigidbodies[2].pose.position.y,0.6534088484393792
55.933187464,1709142526.616169608,1709142526.615808626,/rigid_bodies.rigidbodies[2].pose.position.y,0.6534904351487175
55.943326394,1709142526.626308538,1709142526.625911044,/rigid_bodies.rigidbodies[2].pose.position.y,0.6535135894893405
55.953552326,1709142526.636534470,1709142526.636015491,/rigid_bodies.rigidbodies[2].pose.position.y,0.6534636417764202
55.963187048,1709142526.646169192,1709142526.645784146,/rigid_bodies.rigidbodies[2].pose.position.y,0.6534735498096238
55.973423074,1709142526.656405218,1709142526.655923131,/rigid_bodies.rigidbodies[2].pose.position.y,0.6534839332337653
55.983349639,1709142526.666331783,1709142526.665883404,/rigid_bodies.rigidbodies[2].pose.position.y,0.6534619419770069
55.993366959,1709142526.676349103,1709142526.675821916,/rigid_bodies.rigidbodies[2].pose.position.y,0.6534472109816681
56.003366145,1709142526.686348289,1709142526.685871017,/rigid_bodies.rigidbodies[2].pose.position.y,0.6530589381065012
56.013798665,1709142526.696780809,1709142526.696135044,/rigid_bodies.rigidbodies[2].pose.position.y,0.6534610093576078
56.02328222,1709142526.706264364,1709142526.705825848,/rigid_bodies.rigidbodies[2].pose.position.y,0.6534677078150848
56.033369201,1709142526.716351345,1709142526.715859649,/rigid_bodies.rigidbodies[2].pose.position.y,0.6534734881773512
56.043231888,1709142526.726214032,1709142526.725867763,/rigid_bodies.rigidbodies[2].pose.position.y,0.6540866773896592
56.053111913,1709142526.736094057,1709142526.735774376,/rigid_bodies.rigidbodies[2].pose.position.y,0.6535994802733197
56.063338133,1709142526.746320277,1709142526.745953689,/rigid_bodies.rigidbodies[2].pose.position.y,0.6535170585722898
56.073679782,1709142526.756661926,1709142526.756056693,/rigid_bodies.rigidbodies[2].pose.position.y,0.6534017278781398
56.083374988,1709142526.766357132,1709142526.765883422,/rigid_bodies.rigidbodies[2].pose.position.y,0.6534510201914356
56.09341996,1709142526.776402104,1709142526.775950649,/rigid_bodies.rigidbodies[2].pose.position.y,0.6534429001403574
56.103745022,1709142526.786727166,1709142526.786096796,/rigid_bodies.rigidbodies[2].pose.position.y,0.6528722875920939
56.113403689,1709142526.796385833,1709142526.795908809,/rigid_bodies.rigidbodies[2].pose.position.y,0.6535195412436873
56.123306111,1709142526.806288255,1709142526.805907492,/rigid_bodies.rigidbodies[2].pose.position.y,0.6535194597728563
56.133542378,1709142526.816524522,1709142526.815975911,/rigid_bodies.rigidbodies[2].pose.position.y,0.6535294977767437
56.143252797,1709142526.826234941,1709142526.825827364,/rigid_bodies.rigidbodies[2].pose.position.y,0.6536398221150557
56.153344435,1709142526.836326579,1709142526.835901115,/rigid_bodies.rigidbodies[2].pose.position.y,0.6534682521774042
56.16345537,1709142526.846437514,1709142526.845924204,/rigid_bodies.rigidbodies[2].pose.position.y,0.653467318285492
56.173660234,1709142526.856642378,1709142526.855985069,/rigid_bodies.rigidbodies[2].pose.position.y,0.6534863611822929
56.183338511,1709142526.866320655,1709142526.865928118,/rigid_bodies.rigidbodies[2].pose.position.y,0.6534701803331993
56.193697569,1709142526.876679713,1709142526.876089372,/rigid_bodies.rigidbodies[2].pose.position.y,0.6534610664421917
56.203741247,1709142526.886723391,1709142526.886032805,/rigid_bodies.rigidbodies[2].pose.position.y,0.6534819672603773
56.213459398,1709142526.896441542,1709142526.895980368,/rigid_bodies.rigidbodies[2].pose.position.y,0.6534798085117125
56.223540723,1709142526.906522867,1709142526.905993369,/rigid_bodies.rigidbodies[2].pose.position.y,0.6534458743351647
56.233661167,1709142526.916643311,1709142526.916029710,/rigid_bodies.rigidbodies[2].pose.position.y,0.6534891996644064
56.243285001,1709142526.926267145,1709142526.925854734,/rigid_bodies.rigidbodies[2].pose.position.y,0.6534560858086071
56.253225844,1709142526.936207988,1709142526.935914009,/rigid_bodies.rigidbodies[2].pose.position.y,0.6535011861392678
56.263165151,1709142526.946147295,1709142526.945857203,/rigid_bodies.rigidbodies[2].pose.position.y,0.6534951691137303
56.273502075,1709142526.956484219,1709142526.956060555,/rigid_bodies.rigidbodies[2].pose.position.y,0.6531659523660772
56.28355538,1709142526.966537524,1709142526.966061073,/rigid_bodies.rigidbodies[2].pose.position.y,0.6534138382101985
56.294121999,1709142526.977104143,1709142526.976454089,/rigid_bodies.rigidbodies[2].pose.position.y,0.6535001418921618
56.303798426,1709142526.986780570,1709142526.986146231,/rigid_bodies.rigidbodies[2].pose.position.y,0.6534948939179083
56.313414092,1709142526.996396236,1709142526.995934820,/rigid_bodies.rigidbodies[2].pose.position.y,0.6539803320265726
56.324263122,1709142527.007245266,1709142527.006386237,/rigid_bodies.rigidbodies[2].pose.position.y,0.6535020143626652
56.334050304,1709142527.017032448,1709142527.016321220,/rigid_bodies.rigidbodies[2].pose.position.y,0.653456936285833
56.343485092,1709142527.026467236,1709142527.026005640,/rigid_bodies.rigidbodies[2].pose.position.y,0.6530674098192777
56.353317074,1709142527.036299218,1709142527.035847862,/rigid_bodies.rigidbodies[2].pose.position.y,0.6534526931784075
56.363319534,1709142527.046301678,1709142527.045927039,/rigid_bodies.rigidbodies[2].pose.position.y,0.6534471121653922
56.373564904,1709142527.056547048,1709142527.056010222,/rigid_bodies.rigidbodies[2].pose.position.y,0.6534828876061829
56.384202749,1709142527.067184893,1709142527.066451307,/rigid_bodies.rigidbodies[2].pose.position.y,0.6535193147598318
56.39390123,1709142527.076883374,1709142527.076165922,/rigid_bodies.rigidbodies[2].pose.position.y,0.653461981717597
56.403614076,1709142527.086596220,1709142527.086047149,/rigid_bodies.rigidbodies[2].pose.position.y,0.6535055950450889
56.413735226,1709142527.096717370,1709142527.096169262,/rigid_bodies.rigidbodies[2].pose.position.y,0.6535085992932305
56.423685783,1709142527.106667927,1709142527.106064373,/rigid_bodies.rigidbodies[2].pose.position.y,0.6534643671304657
56.43361943,1709142527.116601574,1709142527.116112581,/rigid_bodies.rigidbodies[2].pose.position.y,0.653488193057056
56.443736363,1709142527.126718507,1709142527.126159841,/rigid_bodies.rigidbodies[2].pose.position.y,0.6534859420512853
56.453661022,1709142527.136643166,1709142527.136142981,/rigid_bodies.rigidbodies[2].pose.position.y,0.6534643988068085
56.463369036,1709142527.146351180,1709142527.145884227,/rigid_bodies.rigidbodies[2].pose.position.y,0.6534594045956568
56.473539696,1709142527.156521840,1709142527.156069631,/rigid_bodies.rigidbodies[2].pose.position.y,0.653470953507282
56.483593986,1709142527.166576130,1709142527.166051955,/rigid_bodies.rigidbodies[2].pose.position.y,0.6534336436130354
56.493270904,1709142527.176253048,1709142527.175842607,/rigid_bodies.rigidbodies[2].pose.position.y,0.6534650348497489
56.503454724,1709142527.186436868,1709142527.185935415,/rigid_bodies.rigidbodies[2].pose.position.y,0.6534778869764749
56.513521933,1709142527.196504077,1709142527.195975280,/rigid_bodies.rigidbodies[2].pose.position.y,0.6534094391358628
56.52327838,1709142527.206260524,1709142527.205854212,/rigid_bodies.rigidbodies[2].pose.position.y,0.6534880233039769
56.533290942,1709142527.216273086,1709142527.215842415,/rigid_bodies.rigidbodies[2].pose.position.y,0.6534723036768182
56.543627831,1709142527.226609975,1709142527.226054838,/rigid_bodies.rigidbodies[2].pose.position.y,0.6534612261235185
56.55328579,1709142527.236267934,1709142527.235991623,/rigid_bodies.rigidbodies[2].pose.position.y,0.6535089085562773
56.563563884,1709142527.246546028,1709142527.246142486,/rigid_bodies.rigidbodies[2].pose.position.y,0.6534719921549039
56.573262108,1709142527.256244252,1709142527.255928447,/rigid_bodies.rigidbodies[2].pose.position.y,0.6535103104653953
56.583253659,1709142527.266235803,1709142527.265961080,/rigid_bodies.rigidbodies[2].pose.position.y,0.6535481988430126
56.59351112,1709142527.276493264,1709142527.276092975,/rigid_bodies.rigidbodies[2].pose.position.y,0.6535082030709758
56.604341039,1709142527.287323183,1709142527.286284708,/rigid_bodies.rigidbodies[2].pose.position.y,0.6534481055296815
56.613432931,1709142527.296415075,1709142527.295979148,/rigid_bodies.rigidbodies[2].pose.position.y,0.6534570555243475
56.623976224,1709142527.306958368,1709142527.306328303,/rigid_bodies.rigidbodies[2].pose.position.y,0.6534614536071913
56.633750603,1709142527.316732747,1709142527.316129314,/rigid_bodies.rigidbodies[2].pose.position.y,0.6534463389050341
56.643311839,1709142527.326293983,1709142527.325927488,/rigid_bodies.rigidbodies[2].pose.position.y,0.6534626919754792
56.653546341,1709142527.336528485,1709142527.336176757,/rigid_bodies.rigidbodies[2].pose.position.y,0.6534598344006051
56.663344896,1709142527.346327040,1709142527.345950965,/rigid_bodies.rigidbodies[2].pose.position.y,0.6534663826898203
56.673440595,1709142527.356422739,1709142527.355939387,/rigid_bodies.rigidbodies[2].pose.position.y,0.6535673999092062
56.683537535,1709142527.366519679,1709142527.365903707,/rigid_bodies.rigidbodies[2].pose.position.y,0.6534898075547172
56.693151604,1709142527.376133748,1709142527.375749771,/rigid_bodies.rigidbodies[2].pose.position.y,0.6534609900254408
56.703269872999996,1709142527.386252017,1709142527.385840743,/rigid_bodies.rigidbodies[2].pose.position.y,0.6534708625613248
56.713340627,1709142527.396322771,1709142527.395813591,/rigid_bodies.rigidbodies[2].pose.position.y,0.6534116896396361
56.723308777,1709142527.406290921,1709142527.405806478,/rigid_bodies.rigidbodies[2].pose.position.y,0.6535080541962083
56.733494722,1709142527.416476866,1709142527.415952301,/rigid_bodies.rigidbodies[2].pose.position.y,0.6535250180995962
56.743400293,1709142527.426382437,1709142527.425820106,/rigid_bodies.rigidbodies[2].pose.position.y,0.65342459070198
56.753553671,1709142527.436535815,1709142527.436044698,/rigid_bodies.rigidbodies[2].pose.position.y,0.6535165871692701
56.763368759,1709142527.446350903,1709142527.445908743,/rigid_bodies.rigidbodies[2].pose.position.y,0.6534074756491496
56.773201656,1709142527.456183800,1709142527.455802729,/rigid_bodies.rigidbodies[2].pose.position.y,0.6534597515048636
56.783449765,1709142527.466431909,1709142527.465947794,/rigid_bodies.rigidbodies[2].pose.position.y,0.6536387829377458
56.793357873,1709142527.476340017,1709142527.475892602,/rigid_bodies.rigidbodies[2].pose.position.y,0.653549924334585
56.803360324,1709142527.486342468,1709142527.485869403,/rigid_bodies.rigidbodies[2].pose.position.y,0.6534548548528504
56.813528182,1709142527.496510326,1709142527.495908706,/rigid_bodies.rigidbodies[2].pose.position.y,0.6534419222385762
56.823383627,1709142527.506365771,1709142527.505822230,/rigid_bodies.rigidbodies[2].pose.position.y,0.6534413366304002
56.833852392,1709142527.516834536,1709142527.516075789,/rigid_bodies.rigidbodies[2].pose.position.y,0.6534830202397802
56.843410839,1709142527.526392983,1709142527.525840765,/rigid_bodies.rigidbodies[2].pose.position.y,0.6535477093698254
56.85335066,1709142527.536332804,1709142527.535929732,/rigid_bodies.rigidbodies[2].pose.position.y,0.6534789173727534
56.863770614,1709142527.546752758,1709142527.546116284,/rigid_bodies.rigidbodies[2].pose.position.y,0.6534677376968173
56.874033465,1709142527.557015609,1709142527.556262926,/rigid_bodies.rigidbodies[2].pose.position.y,0.6534916203077111
56.883646521,1709142527.566628665,1709142527.566169316,/rigid_bodies.rigidbodies[2].pose.position.y,0.6534717123173924
56.893595669,1709142527.576577813,1709142527.576157190,/rigid_bodies.rigidbodies[2].pose.position.y,0.6534317571418956
56.90360517,1709142527.586587314,1709142527.586158324,/rigid_bodies.rigidbodies[2].pose.position.y,0.6534706515768083
56.913478191,1709142527.596460335,1709142527.596132585,/rigid_bodies.rigidbodies[2].pose.position.y,0.6535044611056768
56.923348464,1709142527.606330608,1709142527.605973342,/rigid_bodies.rigidbodies[2].pose.position.y,0.6535123077674458
56.933594776,1709142527.616576920,1709142527.616212776,/rigid_bodies.rigidbodies[2].pose.position.y,0.6535499985822346
56.943579239,1709142527.626561383,1709142527.626102367,/rigid_bodies.rigidbodies[2].pose.position.y,0.6534986907338197
56.953468276,1709142527.636450420,1709142527.636002992,/rigid_bodies.rigidbodies[2].pose.position.y,0.6533923047510526
56.963360879,1709142527.646343023,1709142527.645932252,/rigid_bodies.rigidbodies[2].pose.position.y,0.6534148051288193
56.973646591,1709142527.656628735,1709142527.656109019,/rigid_bodies.rigidbodies[2].pose.position.y,0.653436707599881
56.983271439,1709142527.666253583,1709142527.665921605,/rigid_bodies.rigidbodies[2].pose.position.y,0.6534749545299996
56.993406405,1709142527.676388549,1709142527.676031316,/rigid_bodies.rigidbodies[2].pose.position.y,0.6535545158231265
57.003840101,1709142527.686822245,1709142527.686270169,/rigid_bodies.rigidbodies[2].pose.position.y,0.6534687914557108
57.013333465,1709142527.696315609,1709142527.696027297,/rigid_bodies.rigidbodies[2].pose.position.y,0.6534249378432849
57.023585942,1709142527.706568086,1709142527.706073892,/rigid_bodies.rigidbodies[2].pose.position.y,0.6535045053060021
57.033755967,1709142527.716738111,1709142527.716208568,/rigid_bodies.rigidbodies[2].pose.position.y,0.6534896488477359
57.043416859,1709142527.726399003,1709142527.725982939,/rigid_bodies.rigidbodies[2].pose.position.y,0.6535005670691516
57.053826048,1709142527.736808192,1709142527.736174521,/rigid_bodies.rigidbodies[2].pose.position.y,0.6535005119487041
57.06357568,1709142527.746557824,1709142527.745989818,/rigid_bodies.rigidbodies[2].pose.position.y,0.6534523735319611
57.073474516,1709142527.756456660,1709142527.756016113,/rigid_bodies.rigidbodies[2].pose.position.y,0.6534739346116243
57.083636124,1709142527.766618268,1709142527.766198930,/rigid_bodies.rigidbodies[2].pose.position.y,0.6534608807294647
57.093623197,1709142527.776605341,1709142527.776214742,/rigid_bodies.rigidbodies[2].pose.position.y,0.6533923001880312
57.103383679,1709142527.786365823,1709142527.786069835,/rigid_bodies.rigidbodies[2].pose.position.y,0.6534669414993352
57.113942144,1709142527.796924288,1709142527.796316163,/rigid_bodies.rigidbodies[2].pose.position.y,0.6535220616105952
57.123841708,1709142527.806823852,1709142527.806215583,/rigid_bodies.rigidbodies[2].pose.position.y,0.6534838731821507
57.133433647,1709142527.816415791,1709142527.816010162,/rigid_bodies.rigidbodies[2].pose.position.y,0.6535107998072857
57.143627056,1709142527.826609200,1709142527.825993885,/rigid_bodies.rigidbodies[2].pose.position.y,0.6535089245731854
57.153771748,1709142527.836753892,1709142527.836173439,/rigid_bodies.rigidbodies[2].pose.position.y,0.653456369386106
57.163399181,1709142527.846381325,1709142527.846010378,/rigid_bodies.rigidbodies[2].pose.position.y,0.6534599998557308
57.173515669,1709142527.856497813,1709142527.855987545,/rigid_bodies.rigidbodies[2].pose.position.y,0.6534544439374363
57.183903627,1709142527.866885771,1709142527.866190086,/rigid_bodies.rigidbodies[2].pose.position.y,0.6534634181776312
57.193175437,1709142527.876157581,1709142527.875807975,/rigid_bodies.rigidbodies[2].pose.position.y,0.6535101010338603
57.203314407,1709142527.886296551,1709142527.885980989,/rigid_bodies.rigidbodies[2].pose.position.y,0.6535065096299174
57.213515676,1709142527.896497820,1709142527.896037841,/rigid_bodies.rigidbodies[2].pose.position.y,0.6534700684701679
57.223452664,1709142527.906434808,1709142527.906040682,/rigid_bodies.rigidbodies[2].pose.position.y,0.6534909788971879
57.233564353,1709142527.916546497,1709142527.916051846,/rigid_bodies.rigidbodies[2].pose.position.y,0.6534725392029703
57.243303724,1709142527.926285868,1709142527.925948844,/rigid_bodies.rigidbodies[2].pose.position.y,0.6534507263000279
57.253080369,1709142527.936062513,1709142527.935797530,/rigid_bodies.rigidbodies[2].pose.position.y,0.6535053587249624
57.263166196,1709142527.946148340,1709142527.945916757,/rigid_bodies.rigidbodies[2].pose.position.y,0.6535253599418624
57.272812197,1709142527.955794341,1709142527.955603254,/rigid_bodies.rigidbodies[2].pose.position.y,0.6534653690519562
57.282756741,1709142527.965738885,1709142527.965555385,/rigid_bodies.rigidbodies[2].pose.position.y,0.6534910689495416
57.293027044,1709142527.976009188,1709142527.975652761,/rigid_bodies.rigidbodies[2].pose.position.y,0.6534489408109229
57.303286962,1709142527.986269106,1709142527.985817854,/rigid_bodies.rigidbodies[2].pose.position.y,0.6534636092887685
57.313395461,1709142527.996377605,1709142527.995819457,/rigid_bodies.rigidbodies[2].pose.position.y,0.6535439394346166
57.32339747,1709142528.006379614,1709142528.005853445,/rigid_bodies.rigidbodies[2].pose.position.y,0.6535006144522195
57.33314744,1709142528.016129584,1709142528.015789622,/rigid_bodies.rigidbodies[2].pose.position.y,0.6534666468719521
57.343391874,1709142528.026374018,1709142528.025889421,/rigid_bodies.rigidbodies[2].pose.position.y,0.6534718679278476
57.353220895,1709142528.036203039,1709142528.035806008,/rigid_bodies.rigidbodies[2].pose.position.y,0.6534163827751049
57.363373415,1709142528.046355559,1709142528.045936733,/rigid_bodies.rigidbodies[2].pose.position.y,0.6534421134614475
57.37290422,1709142528.055886364,1709142528.055568854,/rigid_bodies.rigidbodies[2].pose.position.y,0.653511860264385
57.383035108,1709142528.066017252,1709142528.065664811,/rigid_bodies.rigidbodies[2].pose.position.y,0.6535101046076007
57.393215025,1709142528.076197169,1709142528.075922603,/rigid_bodies.rigidbodies[2].pose.position.y,0.6535271672977282
57.402915183,1709142528.085897327,1709142528.085658658,/rigid_bodies.rigidbodies[2].pose.position.y,0.6535068094627815
57.413205429,1709142528.096187573,1709142528.095895112,/rigid_bodies.rigidbodies[2].pose.position.y,0.65342204955678
57.422926494,1709142528.105908638,1709142528.105659594,/rigid_bodies.rigidbodies[2].pose.position.y,0.6534218980680303
57.43337615,1709142528.116358294,1709142528.115874489,/rigid_bodies.rigidbodies[2].pose.position.y,0.6534628100303166
57.443497912,1709142528.126480056,1709142528.125918910,/rigid_bodies.rigidbodies[2].pose.position.y,0.6534238208634057
57.453468798,1709142528.136450942,1709142528.135924919,/rigid_bodies.rigidbodies[2].pose.position.y,0.6534872586568924
57.463363887,1709142528.146346031,1709142528.145842735,/rigid_bodies.rigidbodies[2].pose.position.y,0.6535433391316813
57.473510074000004,1709142528.156492218,1709142528.155949465,/rigid_bodies.rigidbodies[2].pose.position.y,0.6534996735534944
57.483770746,1709142528.166752890,1709142528.166053259,/rigid_bodies.rigidbodies[2].pose.position.y,0.6534713212146757
57.493373316,1709142528.176355460,1709142528.175883317,/rigid_bodies.rigidbodies[2].pose.position.y,0.6534803076067955
57.503422864,1709142528.186405008,1709142528.185971364,/rigid_bodies.rigidbodies[2].pose.position.y,0.6534638052799049
57.513619408,1709142528.196601552,1709142528.196010569,/rigid_bodies.rigidbodies[2].pose.position.y,0.6535067156700518
57.523490035,1709142528.206472179,1709142528.205993681,/rigid_bodies.rigidbodies[2].pose.position.y,0.6534723977628083
57.533195732,1709142528.216177876,1709142528.215902545,/rigid_bodies.rigidbodies[2].pose.position.y,0.6534071273537578
57.543388237,1709142528.226370381,1709142528.226063436,/rigid_bodies.rigidbodies[2].pose.position.y,0.6534513560298051
57.553361234,1709142528.236343378,1709142528.235949214,/rigid_bodies.rigidbodies[2].pose.position.y,0.6535084093722214
57.563506409,1709142528.246488553,1709142528.245968407,/rigid_bodies.rigidbodies[2].pose.position.y,0.653459958320684
57.573995785,1709142528.256977929,1709142528.256257931,/rigid_bodies.rigidbodies[2].pose.position.y,0.6534919826278323
57.583906183,1709142528.266888327,1709142528.266251181,/rigid_bodies.rigidbodies[2].pose.position.y,0.6534778435345762
57.593500727,1709142528.276482871,1709142528.275955127,/rigid_bodies.rigidbodies[2].pose.position.y,0.6534066054785866
57.603613441,1709142528.286595585,1709142528.286023607,/rigid_bodies.rigidbodies[2].pose.position.y,0.6534653439118345
57.613528033,1709142528.296510177,1709142528.296015498,/rigid_bodies.rigidbodies[2].pose.position.y,0.653464351477577
57.623402056,1709142528.306384200,1709142528.305927673,/rigid_bodies.rigidbodies[2].pose.position.y,0.6534556372394044
57.633732499,1709142528.316714643,1709142528.316123719,/rigid_bodies.rigidbodies[2].pose.position.y,0.6535057097885506
57.64376175,1709142528.326743894,1709142528.326168579,/rigid_bodies.rigidbodies[2].pose.position.y,0.6534719298708977
57.653507676,1709142528.336489820,1709142528.335997926,/rigid_bodies.rigidbodies[2].pose.position.y,0.6534692599336003
57.663438896,1709142528.346421040,1709142528.345951558,/rigid_bodies.rigidbodies[2].pose.position.y,0.6535016359325507
57.673562477,1709142528.356544621,1709142528.356084656,/rigid_bodies.rigidbodies[2].pose.position.y,0.6534057786041422
57.683415269,1709142528.366397413,1709142528.365919831,/rigid_bodies.rigidbodies[2].pose.position.y,0.6534198317587118
57.69359991,1709142528.376582054,1709142528.376032887,/rigid_bodies.rigidbodies[2].pose.position.y,0.6534632057154685
57.703629559,1709142528.386611703,1709142528.385986884,/rigid_bodies.rigidbodies[2].pose.position.y,0.6535101989622705
57.713214249,1709142528.396196393,1709142528.395876585,/rigid_bodies.rigidbodies[2].pose.position.y,0.653511751311059
57.723259303,1709142528.406241447,1709142528.405884789,/rigid_bodies.rigidbodies[2].pose.position.y,0.6535068136963031
57.733614213,1709142528.416596357,1709142528.416087892,/rigid_bodies.rigidbodies[2].pose.position.y,0.653455788395536
57.743182119,1709142528.426164263,1709142528.425864739,/rigid_bodies.rigidbodies[2].pose.position.y,0.6534293017462941
57.75343327,1709142528.436415414,1709142528.436016601,/rigid_bodies.rigidbodies[2].pose.position.y,0.6534707319401555
57.763293783,1709142528.446275927,1709142528.445848082,/rigid_bodies.rigidbodies[2].pose.position.y,0.6534405132775948
57.773619901,1709142528.456602045,1709142528.456031423,/rigid_bodies.rigidbodies[2].pose.position.y,0.6534118149076888
57.783636248,1709142528.466618392,1709142528.466031527,/rigid_bodies.rigidbodies[2].pose.position.y,0.6534622938255447
57.793961563,1709142528.476943707,1709142528.476264559,/rigid_bodies.rigidbodies[2].pose.position.y,0.6534593455003348
57.803495787,1709142528.486477931,1709142528.485985861,/rigid_bodies.rigidbodies[2].pose.position.y,0.6534829899150169
57.813356043,1709142528.496338187,1709142528.495886627,/rigid_bodies.rigidbodies[2].pose.position.y,0.6535084096349016
57.82301593,1709142528.505998074,1709142528.505671565,/rigid_bodies.rigidbodies[2].pose.position.y,0.653463967048593
57.833375145,1709142528.516357289,1709142528.515907514,/rigid_bodies.rigidbodies[2].pose.position.y,0.6535036182012836
57.843441967,1709142528.526424111,1709142528.526054465,/rigid_bodies.rigidbodies[2].pose.position.y,0.6535045999185632
57.853503482,1709142528.536485626,1709142528.535973417,/rigid_bodies.rigidbodies[2].pose.position.y,0.6534302922460008
57.863087083,1709142528.546069227,1709142528.545707657,/rigid_bodies.rigidbodies[2].pose.position.y,0.6534249765833592
57.873007514,1709142528.555989658,1709142528.555686771,/rigid_bodies.rigidbodies[2].pose.position.y,0.6534133161772673
57.883038806,1709142528.566020950,1709142528.565689193,/rigid_bodies.rigidbodies[2].pose.position.y,0.6534141845201845
57.893364143,1709142528.576346287,1709142528.575808738,/rigid_bodies.rigidbodies[2].pose.position.y,0.6534771576197441
57.903510248,1709142528.586492392,1709142528.586016523,/rigid_bodies.rigidbodies[2].pose.position.y,0.6534939490168734
57.913417936,1709142528.596400080,1709142528.595954708,/rigid_bodies.rigidbodies[2].pose.position.y,0.6534750864709075
57.923559974,1709142528.606542118,1709142528.606024102,/rigid_bodies.rigidbodies[2].pose.position.y,0.6535212503148401
57.933412169,1709142528.616394313,1709142528.615940532,/rigid_bodies.rigidbodies[2].pose.position.y,0.6534432779265746
57.943341109,1709142528.626323253,1709142528.625952849,/rigid_bodies.rigidbodies[2].pose.position.y,0.6533902633912301
57.953496096,1709142528.636478240,1709142528.636021237,/rigid_bodies.rigidbodies[2].pose.position.y,0.653461360524108
57.963343632,1709142528.646325776,1709142528.645839502,/rigid_bodies.rigidbodies[2].pose.position.y,0.6534978547689534
57.973256288,1709142528.656238432,1709142528.655808140,/rigid_bodies.rigidbodies[2].pose.position.y,0.6535151286413495
57.983339528,1709142528.666321672,1709142528.665878907,/rigid_bodies.rigidbodies[2].pose.position.y,0.6535202706405779
57.993133102,1709142528.676115246,1709142528.675745900,/rigid_bodies.rigidbodies[2].pose.position.y,0.6534666130180596
58.003375189,1709142528.686357333,1709142528.685866108,/rigid_bodies.rigidbodies[2].pose.position.y,0.6534224694033788
58.013382482,1709142528.696364626,1709142528.695856210,/rigid_bodies.rigidbodies[2].pose.position.y,0.6534435882201173
58.023262015,1709142528.706244159,1709142528.705844510,/rigid_bodies.rigidbodies[2].pose.position.y,0.6534592501691259
58.033204998,1709142528.716187142,1709142528.715765048,/rigid_bodies.rigidbodies[2].pose.position.y,0.6534623287186615
58.043554608,1709142528.726536752,1709142528.725962507,/rigid_bodies.rigidbodies[2].pose.position.y,0.6534867192574745
58.053303943,1709142528.736286087,1709142528.735844852,/rigid_bodies.rigidbodies[2].pose.position.y,0.6534604050495081
58.063374254,1709142528.746356398,1709142528.745915035,/rigid_bodies.rigidbodies[2].pose.position.y,0.6534239065193783
58.073851468,1709142528.756833612,1709142528.756168413,/rigid_bodies.rigidbodies[2].pose.position.y,0.6534484411421687
58.083237445,1709142528.766219589,1709142528.765872044,/rigid_bodies.rigidbodies[2].pose.position.y,0.6534388518930687
58.093657764,1709142528.776639908,1709142528.776140222,/rigid_bodies.rigidbodies[2].pose.position.y,0.6534921548367788
58.103547341,1709142528.786529485,1709142528.786011359,/rigid_bodies.rigidbodies[2].pose.position.y,0.6535266185564509
58.113518896,1709142528.796501040,1709142528.796067020,/rigid_bodies.rigidbodies[2].pose.position.y,0.6534472812320031
58.123719549,1709142528.806701693,1709142528.806110564,/rigid_bodies.rigidbodies[2].pose.position.y,0.6534323421678292
58.133940466,1709142528.816922610,1709142528.816214252,/rigid_bodies.rigidbodies[2].pose.position.y,0.653448061955584
58.143634713,1709142528.826616857,1709142528.826131680,/rigid_bodies.rigidbodies[2].pose.position.y,0.6534666782708612
58.153542997,1709142528.836525141,1709142528.835933607,/rigid_bodies.rigidbodies[2].pose.position.y,0.6535128106020321
58.163236219,1709142528.846218363,1709142528.845808977,/rigid_bodies.rigidbodies[2].pose.position.y,0.6535224883023207
58.173417757,1709142528.856399901,1709142528.855903024,/rigid_bodies.rigidbodies[2].pose.position.y,0.6534570070803256
58.183787579,1709142528.866769723,1709142528.866088554,/rigid_bodies.rigidbodies[2].pose.position.y,0.6534406209854059
58.193350937,1709142528.876333081,1709142528.875817945,/rigid_bodies.rigidbodies[2].pose.position.y,0.6534336539965728
58.203405912,1709142528.886388056,1709142528.885865601,/rigid_bodies.rigidbodies[2].pose.position.y,0.6534169491214585
58.21323889,1709142528.896221034,1709142528.895816861,/rigid_bodies.rigidbodies[2].pose.position.y,0.6534117279605176
58.223598781,1709142528.906580925,1709142528.905994132,/rigid_bodies.rigidbodies[2].pose.position.y,0.6534589181247168
58.23350106,1709142528.916483204,1709142528.915966623,/rigid_bodies.rigidbodies[2].pose.position.y,0.6534229181027573
58.243241874,1709142528.926224018,1709142528.925855939,/rigid_bodies.rigidbodies[2].pose.position.y,0.6534998191549236
58.253477991,1709142528.936460135,1709142528.936013951,/rigid_bodies.rigidbodies[2].pose.position.y,0.6535223756288524
58.263272626,1709142528.946254770,1709142528.945858784,/rigid_bodies.rigidbodies[2].pose.position.y,0.6534585510823582
58.273633885,1709142528.956616029,1709142528.955962881,/rigid_bodies.rigidbodies[2].pose.position.y,0.6534627363631187
58.283890162,1709142528.966872306,1709142528.966096132,/rigid_bodies.rigidbodies[2].pose.position.y,0.6534617986041186
58.293402871,1709142528.976385015,1709142528.976015165,/rigid_bodies.rigidbodies[2].pose.position.y,0.6534943787412414
58.303546376,1709142528.986528520,1709142528.986035294,/rigid_bodies.rigidbodies[2].pose.position.y,0.6535523397393602
58.313424234,1709142528.996406378,1709142528.995937538,/rigid_bodies.rigidbodies[2].pose.position.y,0.6534643088667109
58.323331618,1709142529.006313762,1709142529.005926101,/rigid_bodies.rigidbodies[2].pose.position.y,0.6534186234452842
58.333904663,1709142529.016886807,1709142529.016360384,/rigid_bodies.rigidbodies[2].pose.position.y,0.6534022983238229
58.343713517,1709142529.026695661,1709142529.026167737,/rigid_bodies.rigidbodies[2].pose.position.y,0.6533881924600003
58.353411163,1709142529.036393307,1709142529.035977943,/rigid_bodies.rigidbodies[2].pose.position.y,0.6534500960551916
58.363497483,1709142529.046479627,1709142529.045931134,/rigid_bodies.rigidbodies[2].pose.position.y,0.6534852718414805
58.373742384,1709142529.056724528,1709142529.056070157,/rigid_bodies.rigidbodies[2].pose.position.y,0.6534748315860742
58.38355736,1709142529.066539504,1709142529.066017416,/rigid_bodies.rigidbodies[2].pose.position.y,0.6534593964729369
58.393614648,1709142529.076596792,1709142529.075972738,/rigid_bodies.rigidbodies[2].pose.position.y,0.653474177906869
58.403695087,1709142529.086677231,1709142529.086025601,/rigid_bodies.rigidbodies[2].pose.position.y,0.6535025292018807
58.413292349,1709142529.096274493,1709142529.095812795,/rigid_bodies.rigidbodies[2].pose.position.y,0.6534900235519808
58.423435468,1709142529.106417612,1709142529.105905688,/rigid_bodies.rigidbodies[2].pose.position.y,0.6535201675200042
58.433493151,1709142529.116475295,1709142529.115955189,/rigid_bodies.rigidbodies[2].pose.position.y,0.6534725899047227
58.443414458,1709142529.126396602,1709142529.125914048,/rigid_bodies.rigidbodies[2].pose.position.y,0.6534687914580186
58.453187186,1709142529.136169330,1709142529.135830759,/rigid_bodies.rigidbodies[2].pose.position.y,0.6534681568673681
58.463528793,1709142529.146510937,1709142529.145961776,/rigid_bodies.rigidbodies[2].pose.position.y,0.6534268751175184
58.473750404,1709142529.156732548,1709142529.156100517,/rigid_bodies.rigidbodies[2].pose.position.y,0.653387599893456
58.483381833,1709142529.166363977,1709142529.165899993,/rigid_bodies.rigidbodies[2].pose.position.y,0.6533998267740965
58.493697259,1709142529.176679403,1709142529.176074140,/rigid_bodies.rigidbodies[2].pose.position.y,0.6534479127978073
58.503640426,1709142529.186622570,1709142529.186085620,/rigid_bodies.rigidbodies[2].pose.position.y,0.653518497857132
58.513368253,1709142529.196350397,1709142529.195883524,/rigid_bodies.rigidbodies[2].pose.position.y,0.6535385667406829
58.523529004,1709142529.206511148,1709142529.205973235,/rigid_bodies.rigidbodies[2].pose.position.y,0.6534515475080619
58.533724923,1709142529.216707067,1709142529.216051352,/rigid_bodies.rigidbodies[2].pose.position.y,0.6534144096556791
58.543325248,1709142529.226307392,1709142529.225900277,/rigid_bodies.rigidbodies[2].pose.position.y,0.6534637759938229
58.553675508,1709142529.236657652,1709142529.236095604,/rigid_bodies.rigidbodies[2].pose.position.y,0.6534708149818395
58.563416139,1709142529.246398283,1709142529.245990583,/rigid_bodies.rigidbodies[2].pose.position.y,0.6535178145389722
58.573581166,1709142529.256563310,1709142529.256064813,/rigid_bodies.rigidbodies[2].pose.position.y,0.6535064444409954
58.583678289,1709142529.266660433,1709142529.266202956,/rigid_bodies.rigidbodies[2].pose.position.y,0.6534647954561815
58.594131145,1709142529.277113289,1709142529.276543207,/rigid_bodies.rigidbodies[2].pose.position.y,0.653474679548219
58.603394076,1709142529.286376220,1709142529.285959205,/rigid_bodies.rigidbodies[2].pose.position.y,0.6534768175179247
58.613435387,1709142529.296417531,1709142529.296003526,/rigid_bodies.rigidbodies[2].pose.position.y,0.6534001758892105
58.623911441,1709142529.306893585,1709142529.306303956,/rigid_bodies.rigidbodies[2].pose.position.y,0.6534339016644317
58.633517224,1709142529.316499368,1709142529.316115161,/rigid_bodies.rigidbodies[2].pose.position.y,0.6534842747127679
58.643671258,1709142529.326653402,1709142529.326194106,/rigid_bodies.rigidbodies[2].pose.position.y,0.6534946124873922
58.653183177,1709142529.336165321,1709142529.335857210,/rigid_bodies.rigidbodies[2].pose.position.y,0.6535064824667893
58.663358722,1709142529.346340866,1709142529.345947736,/rigid_bodies.rigidbodies[2].pose.position.y,0.6534556236655807
58.673437337,1709142529.356419481,1709142529.355968597,/rigid_bodies.rigidbodies[2].pose.position.y,0.6533573730603792
58.683549295,1709142529.366531439,1709142529.365952660,/rigid_bodies.rigidbodies[2].pose.position.y,0.653447517676441
58.693339042,1709142529.376321186,1709142529.375847997,/rigid_bodies.rigidbodies[2].pose.position.y,0.6534998622844882
58.703941847,1709142529.386923991,1709142529.386114003,/rigid_bodies.rigidbodies[2].pose.position.y,0.6534990321865591
58.713303872,1709142529.396286016,1709142529.395865798,/rigid_bodies.rigidbodies[2].pose.position.y,0.6535059982305953
58.723317793,1709142529.406299937,1709142529.405835683,/rigid_bodies.rigidbodies[2].pose.position.y,0.6534569435171518
58.733749747,1709142529.416731891,1709142529.416081408,/rigid_bodies.rigidbodies[2].pose.position.y,0.6534341742275755
58.743370422,1709142529.426352566,1709142529.425900617,/rigid_bodies.rigidbodies[2].pose.position.y,0.653490183525528
58.753237769,1709142529.436219913,1709142529.435864211,/rigid_bodies.rigidbodies[2].pose.position.y,0.6534560260886808
58.763227698,1709142529.446209842,1709142529.445883212,/rigid_bodies.rigidbodies[2].pose.position.y,0.6534785695383274
58.773359024,1709142529.456341168,1709142529.455982171,/rigid_bodies.rigidbodies[2].pose.position.y,0.6534738609004968
58.783361481,1709142529.466343625,1709142529.465931058,/rigid_bodies.rigidbodies[2].pose.position.y,0.6534518711186729
58.793682086,1709142529.476664230,1709142529.476208762,/rigid_bodies.rigidbodies[2].pose.position.y,0.653421135472726
58.803327073,1709142529.486309217,1709142529.486014498,/rigid_bodies.rigidbodies[2].pose.position.y,0.6534537918990345
58.813368718,1709142529.496350862,1709142529.495993838,/rigid_bodies.rigidbodies[2].pose.position.y,0.6534594362351849
58.823503217,1709142529.506485361,1709142529.506088025,/rigid_bodies.rigidbodies[2].pose.position.y,0.6534603486982111
58.833637991,1709142529.516620135,1709142529.516165356,/rigid_bodies.rigidbodies[2].pose.position.y,0.6535334131432349
58.843499297,1709142529.526481441,1709142529.526063290,/rigid_bodies.rigidbodies[2].pose.position.y,0.653568368004351
58.853473432,1709142529.536455576,1709142529.536097739,/rigid_bodies.rigidbodies[2].pose.position.y,0.6535064131177244
58.863258865,1709142529.546241009,1709142529.545936777,/rigid_bodies.rigidbodies[2].pose.position.y,0.6534985232087733
58.873581789,1709142529.556563933,1709142529.556189183,/rigid_bodies.rigidbodies[2].pose.position.y,0.6534084021335229
58.884015756,1709142529.566997900,1709142529.566321563,/rigid_bodies.rigidbodies[2].pose.position.y,0.653422596951377
58.893818133,1709142529.576800277,1709142529.576221133,/rigid_bodies.rigidbodies[2].pose.position.y,0.6534896099371255
58.903446704,1709142529.586428848,1709142529.585951997,/rigid_bodies.rigidbodies[2].pose.position.y,0.6535182290731757
58.913469334,1709142529.596451478,1709142529.596000968,/rigid_bodies.rigidbodies[2].pose.position.y,0.653497848877713
58.923284116,1709142529.606266260,1709142529.605888781,/rigid_bodies.rigidbodies[2].pose.position.y,0.6534226956657883
58.933646362,1709142529.616628506,1709142529.616215280,/rigid_bodies.rigidbodies[2].pose.position.y,0.6533878069478092
58.94378207,1709142529.626764214,1709142529.626217366,/rigid_bodies.rigidbodies[2].pose.position.y,0.6534382205330589
58.953797749,1709142529.636779893,1709142529.636302420,/rigid_bodies.rigidbodies[2].pose.position.y,0.6534622957311115
58.9635722,1709142529.646554344,1709142529.646088827,/rigid_bodies.rigidbodies[2].pose.position.y,0.6534197531781825
58.974053177,1709142529.657035321,1709142529.656427656,/rigid_bodies.rigidbodies[2].pose.position.y,0.6534411828895645
58.983755692,1709142529.666737836,1709142529.666115481,/rigid_bodies.rigidbodies[2].pose.position.y,0.6534562012842623
58.993588993,1709142529.676571137,1709142529.676016356,/rigid_bodies.rigidbodies[2].pose.position.y,0.653413961876201
59.003466382,1709142529.686448526,1709142529.685942124,/rigid_bodies.rigidbodies[2].pose.position.y,0.6534489752880801
59.013580653,1709142529.696562797,1709142529.696006593,/rigid_bodies.rigidbodies[2].pose.position.y,0.6534552140044446
59.023385579,1709142529.706367723,1709142529.705884568,/rigid_bodies.rigidbodies[2].pose.position.y,0.6534579258428715
59.033573321,1709142529.716555465,1709142529.715925685,/rigid_bodies.rigidbodies[2].pose.position.y,0.6534874747552247
59.043496992,1709142529.726479136,1709142529.725944440,/rigid_bodies.rigidbodies[2].pose.position.y,0.6534918196681019
59.053792082,1709142529.736774226,1709142529.736346219,/rigid_bodies.rigidbodies[2].pose.position.y,0.6534584440899674
59.063876541,1709142529.746858685,1709142529.746447303,/rigid_bodies.rigidbodies[2].pose.position.y,0.653453441494411
59.073295848,1709142529.756277992,1709142529.755932463,/rigid_bodies.rigidbodies[2].pose.position.y,0.6534567147920849
59.083231767,1709142529.766213911,1709142529.765849616,/rigid_bodies.rigidbodies[2].pose.position.y,0.6534135599803917
59.093370729,1709142529.776352873,1709142529.775879776,/rigid_bodies.rigidbodies[2].pose.position.y,0.6534300289528117
59.103777407,1709142529.786759551,1709142529.786120632,/rigid_bodies.rigidbodies[2].pose.position.y,0.6535156840519601
59.113459514,1709142529.796441658,1709142529.795927871,/rigid_bodies.rigidbodies[2].pose.position.y,0.6534999993704589
59.123219102,1709142529.806201246,1709142529.805816561,/rigid_bodies.rigidbodies[2].pose.position.y,0.653499964601513
59.133627755,1709142529.816609899,1709142529.816026048,/rigid_bodies.rigidbodies[2].pose.position.y,0.6534561431801398
59.14350666,1709142529.826488804,1709142529.825950875,/rigid_bodies.rigidbodies[2].pose.position.y,0.6534201253534665
59.15330665,1709142529.836288794,1709142529.835820041,/rigid_bodies.rigidbodies[2].pose.position.y,0.6534392816911164
59.163404053,1709142529.846386197,1709142529.845900215,/rigid_bodies.rigidbodies[2].pose.position.y,0.6534563639327372
59.173702212,1709142529.856684356,1709142529.856142391,/rigid_bodies.rigidbodies[2].pose.position.y,0.6534973429036052
59.183412984,1709142529.866395128,1709142529.865920629,/rigid_bodies.rigidbodies[2].pose.position.y,0.6535741740130362
59.193420889,1709142529.876403033,1709142529.875878082,/rigid_bodies.rigidbodies[2].pose.position.y,0.6534972289588579
59.203732052,1709142529.886714196,1709142529.886076919,/rigid_bodies.rigidbodies[2].pose.position.y,0.6534415264137998
59.21322632,1709142529.896208464,1709142529.895837736,/rigid_bodies.rigidbodies[2].pose.position.y,0.6534696288892681
59.223432254,1709142529.906414398,1709142529.905961993,/rigid_bodies.rigidbodies[2].pose.position.y,0.6534522545340858
59.233555039,1709142529.916537183,1709142529.915999113,/rigid_bodies.rigidbodies[2].pose.position.y,0.6534710469950111
59.243157559,1709142529.926139703,1709142529.925835227,/rigid_bodies.rigidbodies[2].pose.position.y,0.6535035987275312
59.253266154,1709142529.936248298,1709142529.935937962,/rigid_bodies.rigidbodies[2].pose.position.y,0.6534644923854134
59.263238813,1709142529.946220957,1709142529.945845225,/rigid_bodies.rigidbodies[2].pose.position.y,0.6534526553063427
59.273353274,1709142529.956335418,1709142529.955870407,/rigid_bodies.rigidbodies[2].pose.position.y,0.6534896919845643
59.283172789,1709142529.966154933,1709142529.965824260,/rigid_bodies.rigidbodies[2].pose.position.y,0.6534472075247031
59.292982978,1709142529.975965122,1709142529.975623771,/rigid_bodies.rigidbodies[2].pose.position.y,0.653452401738668
59.303106248,1709142529.986088392,1709142529.985728291,/rigid_bodies.rigidbodies[2].pose.position.y,0.6535160207350319
59.312947406,1709142529.995929550,1709142529.995611131,/rigid_bodies.rigidbodies[2].pose.position.y,0.6534849768100333
59.323137156,1709142530.006119300,1709142530.005790529,/rigid_bodies.rigidbodies[2].pose.position.y,0.6534910051617434
59.333469938,1709142530.016452082,1709142530.016014907,/rigid_bodies.rigidbodies[2].pose.position.y,0.653480623742814
59.343426889,1709142530.026409033,1709142530.025976036,/rigid_bodies.rigidbodies[2].pose.position.y,0.653413248935731
59.353377646,1709142530.036359790,1709142530.035965016,/rigid_bodies.rigidbodies[2].pose.position.y,0.6534390419070161
59.363251381,1709142530.046233525,1709142530.045909396,/rigid_bodies.rigidbodies[2].pose.position.y,0.6534709179793671
59.373218285,1709142530.056200429,1709142530.055990674,/rigid_bodies.rigidbodies[2].pose.position.y,0.6534895455618549
59.383321909,1709142530.066304053,1709142530.065991268,/rigid_bodies.rigidbodies[2].pose.position.y,0.6535699910881654
59.393167556,1709142530.076149700,1709142530.075805074,/rigid_bodies.rigidbodies[2].pose.position.y,0.6534710608423542
59.403109406,1709142530.086091550,1709142530.085864442,/rigid_bodies.rigidbodies[2].pose.position.y,0.65339306496128
59.413206806,1709142530.096188950,1709142530.095880168,/rigid_bodies.rigidbodies[2].pose.position.y,0.6534146347837956
59.423156746,1709142530.106138890,1709142530.105810030,/rigid_bodies.rigidbodies[2].pose.position.y,0.6535103122344529
59.433193215,1709142530.116175359,1709142530.115840819,/rigid_bodies.rigidbodies[2].pose.position.y,0.65353372072145
59.443374897,1709142530.126357041,1709142530.125880499,/rigid_bodies.rigidbodies[2].pose.position.y,0.6535301238646983
59.453004649,1709142530.135986793,1709142530.135759973,/rigid_bodies.rigidbodies[2].pose.position.y,0.6534605939374021
59.463348545,1709142530.146330689,1709142530.145964667,/rigid_bodies.rigidbodies[2].pose.position.y,0.6533972669462914
59.473888978,1709142530.156871122,1709142530.156269278,/rigid_bodies.rigidbodies[2].pose.position.y,0.6534730553576062
59.483833063,1709142530.166815207,1709142530.166177094,/rigid_bodies.rigidbodies[2].pose.position.y,0.6535040160469738
59.493545379,1709142530.176527523,1709142530.176016593,/rigid_bodies.rigidbodies[2].pose.position.y,0.6534386781866977
59.503844265,1709142530.186826409,1709142530.186214909,/rigid_bodies.rigidbodies[2].pose.position.y,0.6534661011882049
59.513208949,1709142530.196191093,1709142530.195770486,/rigid_bodies.rigidbodies[2].pose.position.y,0.6534689289598661
59.523552677,1709142530.206534821,1709142530.205946443,/rigid_bodies.rigidbodies[2].pose.position.y,0.6534626384907417
59.533395387,1709142530.216377531,1709142530.215857962,/rigid_bodies.rigidbodies[2].pose.position.y,0.6535100440018035
59.543453232,1709142530.226435376,1709142530.225921675,/rigid_bodies.rigidbodies[2].pose.position.y,0.6534643316186178
59.553331862,1709142530.236314006,1709142530.235901897,/rigid_bodies.rigidbodies[2].pose.position.y,0.6534232632109176
59.563555812,1709142530.246537956,1709142530.246096651,/rigid_bodies.rigidbodies[2].pose.position.y,0.6534624349311786
59.573422142,1709142530.256404286,1709142530.256002113,/rigid_bodies.rigidbodies[2].pose.position.y,0.6534743212627253
59.583362203,1709142530.266344347,1709142530.265939657,/rigid_bodies.rigidbodies[2].pose.position.y,0.6534732629107122
59.593798589,1709142530.276780733,1709142530.276245007,/rigid_bodies.rigidbodies[2].pose.position.y,0.6535132076295987
59.603295857,1709142530.286278001,1709142530.285948561,/rigid_bodies.rigidbodies[2].pose.position.y,0.6534143243435249
59.613133558,1709142530.296115702,1709142530.295758836,/rigid_bodies.rigidbodies[2].pose.position.y,0.6533937450617613
59.623738533,1709142530.306720677,1709142530.305976029,/rigid_bodies.rigidbodies[2].pose.position.y,0.6534945301549373
59.633473688,1709142530.316455832,1709142530.315966982,/rigid_bodies.rigidbodies[2].pose.position.y,0.6535067217179874
59.643322364,1709142530.326304508,1709142530.325884672,/rigid_bodies.rigidbodies[2].pose.position.y,0.6534787842735169
59.657610536,1709142530.340592680,1709142530.340231440,/rigid_bodies.rigidbodies[2].pose.position.y,0.6534117911167121
59.668225301,1709142530.351207445,1709142530.350629701,/rigid_bodies.rigidbodies[2].pose.position.y,0.6534199899579298
59.677694103,1709142530.360676247,1709142530.360327472,/rigid_bodies.rigidbodies[2].pose.position.y,0.6534649974381619
59.68838553,1709142530.371367674,1709142530.370906703,/rigid_bodies.rigidbodies[2].pose.position.y,0.6534616685099813
59.698961635,1709142530.381943779,1709142530.381431016,/rigid_bodies.rigidbodies[2].pose.position.y,0.6534611377307928
59.707928082,1709142530.390910226,1709142530.390514226,/rigid_bodies.rigidbodies[2].pose.position.y,0.6534886992395846
59.718199001,1709142530.401181145,1709142530.400765396,/rigid_bodies.rigidbodies[2].pose.position.y,0.6534673432139363
59.727931707,1709142530.410913851,1709142530.410409727,/rigid_bodies.rigidbodies[2].pose.position.y,0.653461820938677
59.737933688,1709142530.420915832,1709142530.420442796,/rigid_bodies.rigidbodies[2].pose.position.y,0.6534791896217949
59.748465387,1709142530.431447531,1709142530.430782909,/rigid_bodies.rigidbodies[2].pose.position.y,0.6534236604238849
59.758292201,1709142530.441274345,1709142530.440871056,/rigid_bodies.rigidbodies[2].pose.position.y,0.6534775033208168
59.768060008,1709142530.451042152,1709142530.450684868,/rigid_bodies.rigidbodies[2].pose.position.y,0.653508435817858
59.778197219,1709142530.461179363,1709142530.460809151,/rigid_bodies.rigidbodies[2].pose.position.y,0.653498245683695
59.787918006,1709142530.470900150,1709142530.470401251,/rigid_bodies.rigidbodies[2].pose.position.y,0.6535304551681237
59.798016295,1709142530.480998439,1709142530.480605145,/rigid_bodies.rigidbodies[2].pose.position.y,0.6534823526874318
59.808035432,1709142530.491017576,1709142530.490625785,/rigid_bodies.rigidbodies[2].pose.position.y,0.6534231098033534
59.818127284,1709142530.501109428,1709142530.500633587,/rigid_bodies.rigidbodies[2].pose.position.y,0.6534822087055492
59.827688443,1709142530.510670587,1709142530.510140805,/rigid_bodies.rigidbodies[2].pose.position.y,0.6534732069063728
59.838302977,1709142530.521285121,1709142530.520816614,/rigid_bodies.rigidbodies[2].pose.position.y,0.6535139817150922
59.848324387,1709142530.531306531,1709142530.530769878,/rigid_bodies.rigidbodies[2].pose.position.y,0.6534838267180136
59.858039524,1709142530.541021668,1709142530.540699492,/rigid_bodies.rigidbodies[2].pose.position.y,0.6534269251241872
59.868441593,1709142530.551423737,1709142530.551026956,/rigid_bodies.rigidbodies[2].pose.position.y,0.6534237211805639
59.877772527,1709142530.560754671,1709142530.560446995,/rigid_bodies.rigidbodies[2].pose.position.y,0.6535141201023629
59.887695664,1709142530.570677808,1709142530.570481401,/rigid_bodies.rigidbodies[2].pose.position.y,0.6535201391973893
59.897852005,1709142530.580834149,1709142530.580592247,/rigid_bodies.rigidbodies[2].pose.position.y,0.6534627181248066
59.907742017,1709142530.590724161,1709142530.590564064,/rigid_bodies.rigidbodies[2].pose.position.y,0.6535249204869052
59.9175393,1709142530.600521444,1709142530.600103310,/rigid_bodies.rigidbodies[2].pose.position.y,0.6534723729989336
59.927761227,1709142530.610743371,1709142530.610410492,/rigid_bodies.rigidbodies[2].pose.position.y,0.6534238389344666
59.938186035,1709142530.621168179,1709142530.620738608,/rigid_bodies.rigidbodies[2].pose.position.y,0.6534263457251424
59.948211944,1709142530.631194088,1709142530.630782113,/rigid_bodies.rigidbodies[2].pose.position.y,0.6534334604812279
59.957191463,1709142530.640173607,1709142530.639832853,/rigid_bodies.rigidbodies[2].pose.position.y,0.6534545724185195
59.96827682,1709142530.651258964,1709142530.650854751,/rigid_bodies.rigidbodies[2].pose.position.y,0.6534849201241535
59.977207131,1709142530.660189275,1709142530.659781629,/rigid_bodies.rigidbodies[2].pose.position.y,0.6534720978351237
59.987916552,1709142530.670898696,1709142530.670450784,/rigid_bodies.rigidbodies[2].pose.position.y,0.6534640505481972
59.998202854,1709142530.681184998,1709142530.680670384,/rigid_bodies.rigidbodies[2].pose.position.y,0.6534759195319897
60.008015953,1709142530.690998097,1709142530.690517755,/rigid_bodies.rigidbodies[2].pose.position.y,0.6534707943512299
60.017935929,1709142530.700918073,1709142530.700549113,/rigid_bodies.rigidbodies[2].pose.position.y,0.6534711845561438
60.02847574,1709142530.711457884,1709142530.710890716,/rigid_bodies.rigidbodies[2].pose.position.y,0.6534947911515588
60.038146762,1709142530.721128906,1709142530.720615345,/rigid_bodies.rigidbodies[2].pose.position.y,0.6534132609125384
60.048170851,1709142530.731152995,1709142530.730767550,/rigid_bodies.rigidbodies[2].pose.position.y,0.6533978440467937
60.058099166,1709142530.741081310,1709142530.740723873,/rigid_bodies.rigidbodies[2].pose.position.y,0.6534075170961491
60.067861513,1709142530.750843657,1709142530.750270647,/rigid_bodies.rigidbodies[2].pose.position.y,0.6534276521729139
60.077450316,1709142530.760432460,1709142530.760040594,/rigid_bodies.rigidbodies[2].pose.position.y,0.6535156490775332
60.08673797,1709142530.769720114,1709142530.769391556,/rigid_bodies.rigidbodies[2].pose.position.y,0.65351382713244
60.098239368,1709142530.781221512,1709142530.780792797,/rigid_bodies.rigidbodies[2].pose.position.y,0.6534187697024025
60.107488386,1709142530.790470530,1709142530.790135040,/rigid_bodies.rigidbodies[2].pose.position.y,0.6534550978324595
60.118343297,1709142530.801325441,1709142530.800957296,/rigid_bodies.rigidbodies[2].pose.position.y,0.6535038942913042
60.128055107,1709142530.811037251,1709142530.810114003,/rigid_bodies.rigidbodies[2].pose.position.y,0.6534511407153533
60.137871673,1709142530.820853817,1709142530.820552323,/rigid_bodies.rigidbodies[2].pose.position.y,0.6534523750924378
60.147555657,1709142530.830537801,1709142530.830104304,/rigid_bodies.rigidbodies[2].pose.position.y,0.6534855111919903
60.157945874,1709142530.840928018,1709142530.840587606,/rigid_bodies.rigidbodies[2].pose.position.y,0.6534871712817484
60.167957561,1709142530.850939705,1709142530.850543989,/rigid_bodies.rigidbodies[2].pose.position.y,0.6534686705590186
60.177895266,1709142530.860877410,1709142530.860421317,/rigid_bodies.rigidbodies[2].pose.position.y,0.6534377987651238
60.188453727,1709142530.871435871,1709142530.870735166,/rigid_bodies.rigidbodies[2].pose.position.y,0.6534006740823967
60.198107636,1709142530.881089780,1709142530.880711710,/rigid_bodies.rigidbodies[2].pose.position.y,0.653440712831796
60.20812993,1709142530.891112074,1709142530.890548838,/rigid_bodies.rigidbodies[2].pose.position.y,0.653462175670117
60.218214776,1709142530.901196920,1709142530.900651344,/rigid_bodies.rigidbodies[2].pose.position.y,0.6534573242513545
60.22760104,1709142530.910583184,1709142530.910232060,/rigid_bodies.rigidbodies[2].pose.position.y,0.6534951442968355
60.238331806,1709142530.921313950,1709142530.920762579,/rigid_bodies.rigidbodies[2].pose.position.y,0.6535208152648081
60.247944835,1709142530.930926979,1709142530.930582353,/rigid_bodies.rigidbodies[2].pose.position.y,0.6534827552314958
60.258089408000004,1709142530.941071552,1709142530.940738594,/rigid_bodies.rigidbodies[2].pose.position.y,0.6535072570209436
60.268223088,1709142530.951205232,1709142530.950730880,/rigid_bodies.rigidbodies[2].pose.position.y,0.6534686091482687
60.278440562,1709142530.961422706,1709142530.960949617,/rigid_bodies.rigidbodies[2].pose.position.y,0.6534693892349821
60.287457159,1709142530.970439303,1709142530.969939532,/rigid_bodies.rigidbodies[2].pose.position.y,0.6534830077827685
60.298746759,1709142530.981728903,1709142530.981289049,/rigid_bodies.rigidbodies[2].pose.position.y,0.6534276629276455
60.308066026,1709142530.991048170,1709142530.990519543,/rigid_bodies.rigidbodies[2].pose.position.y,0.6534231350240959
60.318356043,1709142531.001338187,1709142531.000887768,/rigid_bodies.rigidbodies[2].pose.position.y,0.6535033544957168
60.328348193,1709142531.011330337,1709142531.010718693,/rigid_bodies.rigidbodies[2].pose.position.y,0.6534334178522115
60.338814713,1709142531.021796857,1709142531.021313338,/rigid_bodies.rigidbodies[2].pose.position.y,0.6534035749792861
60.348129384,1709142531.031111528,1709142531.030729176,/rigid_bodies.rigidbodies[2].pose.position.y,0.6534710136860988
60.358856038,1709142531.041838182,1709142531.041457314,/rigid_bodies.rigidbodies[2].pose.position.y,0.6534835381802957
60.36850147,1709142531.051483614,1709142531.050951678,/rigid_bodies.rigidbodies[2].pose.position.y,0.6534798066411134
60.378626339,1709142531.061608483,1709142531.060942402,/rigid_bodies.rigidbodies[2].pose.position.y,0.6534786247000556
60.388141547000004,1709142531.071123691,1709142531.070319418,/rigid_bodies.rigidbodies[2].pose.position.y,0.6534443402808265
60.398541156,1709142531.081523300,1709142531.080854659,/rigid_bodies.rigidbodies[2].pose.position.y,0.6534908210432185
60.408312888,1709142531.091295032,1709142531.090845799,/rigid_bodies.rigidbodies[2].pose.position.y,0.6535129839371021
60.418532001,1709142531.101514145,1709142531.100947714,/rigid_bodies.rigidbodies[2].pose.position.y,0.6534520279814264
60.427591329,1709142531.110573473,1709142531.109941843,/rigid_bodies.rigidbodies[2].pose.position.y,0.6534756276609575
60.438222425,1709142531.121204569,1709142531.120781007,/rigid_bodies.rigidbodies[2].pose.position.y,0.6534519604271477
60.448605261,1709142531.131587405,1709142531.131115543,/rigid_bodies.rigidbodies[2].pose.position.y,0.6533897830597291
60.457904784,1709142531.140886928,1709142531.140446890,/rigid_bodies.rigidbodies[2].pose.position.y,0.6533815198920038
60.468742624,1709142531.151724768,1709142531.151180543,/rigid_bodies.rigidbodies[2].pose.position.y,0.6534185959780642
60.476677033,1709142531.159659177,1709142531.159232189,/rigid_bodies.rigidbodies[2].pose.position.y,0.6534287627783146
60.488046504,1709142531.171028648,1709142531.170488589,/rigid_bodies.rigidbodies[2].pose.position.y,0.6534662534093993
60.498577131,1709142531.181559275,1709142531.180881665,/rigid_bodies.rigidbodies[2].pose.position.y,0.6534619822352178
60.507525249,1709142531.190507393,1709142531.190051469,/rigid_bodies.rigidbodies[2].pose.position.y,0.653425951737515
60.518555203,1709142531.201537347,1709142531.200866610,/rigid_bodies.rigidbodies[2].pose.position.y,0.6534928401764342
60.5278782,1709142531.210860344,1709142531.210382341,/rigid_bodies.rigidbodies[2].pose.position.y,0.6534762931888971
60.53785892,1709142531.220841064,1709142531.220445943,/rigid_bodies.rigidbodies[2].pose.position.y,0.6534071567122564
60.548700102,1709142531.231682246,1709142531.231008933,/rigid_bodies.rigidbodies[2].pose.position.y,0.6534854202985344
60.558009,1709142531.240991144,1709142531.240626277,/rigid_bodies.rigidbodies[2].pose.position.y,0.6535315335002272
60.568136462,1709142531.251118606,1709142531.250730006,/rigid_bodies.rigidbodies[2].pose.position.y,0.6535031332921488
60.577766597,1709142531.260748741,1709142531.260404340,/rigid_bodies.rigidbodies[2].pose.position.y,0.653494253299845
60.588528424,1709142531.271510568,1709142531.270971673,/rigid_bodies.rigidbodies[2].pose.position.y,0.6534673348280631
60.59805626,1709142531.281038404,1709142531.280695573,/rigid_bodies.rigidbodies[2].pose.position.y,0.6534561743203003
60.607537658,1709142531.290519802,1709142531.290094466,/rigid_bodies.rigidbodies[2].pose.position.y,0.6534918781770394
60.61791143,1709142531.300893574,1709142531.300577252,/rigid_bodies.rigidbodies[2].pose.position.y,0.6534755595062135
60.627811685,1709142531.310793829,1709142531.310416627,/rigid_bodies.rigidbodies[2].pose.position.y,0.6534480187030317
60.638243675,1709142531.321225819,1709142531.320829644,/rigid_bodies.rigidbodies[2].pose.position.y,0.6535184486390112
60.647977578,1709142531.330959722,1709142531.330588260,/rigid_bodies.rigidbodies[2].pose.position.y,0.6534892697863871
60.657924763,1709142531.340906907,1709142531.340388426,/rigid_bodies.rigidbodies[2].pose.position.y,0.6534859526697866
60.668295058,1709142531.351277202,1709142531.350681818,/rigid_bodies.rigidbodies[2].pose.position.y,0.6534876937051052
60.677592255,1709142531.360574399,1709142531.360160317,/rigid_bodies.rigidbodies[2].pose.position.y,0.6534500003795463
60.687531846,1709142531.370513990,1709142531.370220383,/rigid_bodies.rigidbodies[2].pose.position.y,0.6534261243808817
60.698306373,1709142531.381288517,1709142531.380832984,/rigid_bodies.rigidbodies[2].pose.position.y,0.6534339993872468
60.708263822,1709142531.391245966,1709142531.390770716,/rigid_bodies.rigidbodies[2].pose.position.y,0.6534317523013722
60.718424998,1709142531.401407142,1709142531.400953720,/rigid_bodies.rigidbodies[2].pose.position.y,0.6534535982152982
60.727767554,1709142531.410749698,1709142531.410291557,/rigid_bodies.rigidbodies[2].pose.position.y,0.6534805027052559
60.738448142,1709142531.421430286,1709142531.420939064,/rigid_bodies.rigidbodies[2].pose.position.y,0.6533926908248364
60.74809389,1709142531.431076034,1709142531.430752156,/rigid_bodies.rigidbodies[2].pose.position.y,0.6534199441014638
60.757569132,1709142531.440551276,1709142531.440245199,/rigid_bodies.rigidbodies[2].pose.position.y,0.6535011822944986
60.767708283,1709142531.450690427,1709142531.450468363,/rigid_bodies.rigidbodies[2].pose.position.y,0.6534636181667625
60.777492936,1709142531.460475080,1709142531.460268585,/rigid_bodies.rigidbodies[2].pose.position.y,0.6534181712928788
60.78790273,1709142531.470884874,1709142531.470600187,/rigid_bodies.rigidbodies[2].pose.position.y,0.6534305509318313
60.797545757,1709142531.480527901,1709142531.480361667,/rigid_bodies.rigidbodies[2].pose.position.y,0.6534462568285153
60.807604615,1709142531.490586759,1709142531.490377793,/rigid_bodies.rigidbodies[2].pose.position.y,0.6534848349823076
60.817662948,1709142531.500645092,1709142531.500421059,/rigid_bodies.rigidbodies[2].pose.position.y,0.6534743056780524
60.827071611,1709142531.510053755,1709142531.509840327,/rigid_bodies.rigidbodies[2].pose.position.y,0.653420428179994
60.837577439,1709142531.520559583,1709142531.520381942,/rigid_bodies.rigidbodies[2].pose.position.y,0.6534548480482372
60.847343892,1709142531.530326036,1709142531.530231892,/rigid_bodies.rigidbodies[2].pose.position.y,0.653488669007685
60.8581571,1709142531.541139244,1709142531.540963270,/rigid_bodies.rigidbodies[2].pose.position.y,0.6534611440477196
60.867815033,1709142531.550797177,1709142531.550520751,/rigid_bodies.rigidbodies[2].pose.position.y,0.6534359692484825
60.878049335,1709142531.561031479,1709142531.560681974,/rigid_bodies.rigidbodies[2].pose.position.y,0.653440987924337
60.887572341,1709142531.570554485,1709142531.570130041,/rigid_bodies.rigidbodies[2].pose.position.y,0.6534117245885603
60.898409047,1709142531.581391191,1709142531.581002456,/rigid_bodies.rigidbodies[2].pose.position.y,0.6534486314951599
60.908377545,1709142531.591359689,1709142531.590898784,/rigid_bodies.rigidbodies[2].pose.position.y,0.6535012365912938
60.918183888,1709142531.601166032,1709142531.600727767,/rigid_bodies.rigidbodies[2].pose.position.y,0.6535439872111668
60.927878235,1709142531.610860379,1709142531.610261135,/rigid_bodies.rigidbodies[2].pose.position.y,0.6535139283648385
60.937963602,1709142531.620945746,1709142531.620613635,/rigid_bodies.rigidbodies[2].pose.position.y,0.6533948129270342
60.948159097,1709142531.631141241,1709142531.630671761,/rigid_bodies.rigidbodies[2].pose.position.y,0.6533622404134873
60.957762344,1709142531.640744488,1709142531.640371079,/rigid_bodies.rigidbodies[2].pose.position.y,0.6534902757651179
60.967739519,1709142531.650721663,1709142531.650326644,/rigid_bodies.rigidbodies[2].pose.position.y,0.653518759920087
60.977144167,1709142531.660126311,1709142531.659799292,/rigid_bodies.rigidbodies[2].pose.position.y,0.6534510436118363
60.987810832,1709142531.670792976,1709142531.670478315,/rigid_bodies.rigidbodies[2].pose.position.y,0.6534365820112535
60.998244582,1709142531.681226726,1709142531.680893807,/rigid_bodies.rigidbodies[2].pose.position.y,0.6534367997467946
61.00832863,1709142531.691310774,1709142531.690822133,/rigid_bodies.rigidbodies[2].pose.position.y,0.65345257232126
61.018298339,1709142531.701280483,1709142531.700766910,/rigid_bodies.rigidbodies[2].pose.position.y,0.6535030507294562
61.027754561,1709142531.710736705,1709142531.710423600,/rigid_bodies.rigidbodies[2].pose.position.y,0.6534754232897211
61.038213068,1709142531.721195212,1709142531.720689746,/rigid_bodies.rigidbodies[2].pose.position.y,0.6534579865029839
61.048201458,1709142531.731183602,1709142531.730810217,/rigid_bodies.rigidbodies[2].pose.position.y,0.653495072790137
61.057925076,1709142531.740907220,1709142531.740551472,/rigid_bodies.rigidbodies[2].pose.position.y,0.6534327051062627
61.068313874,1709142531.751296018,1709142531.750765810,/rigid_bodies.rigidbodies[2].pose.position.y,0.6534264555423452
61.077696504,1709142531.760678648,1709142531.760301184,/rigid_bodies.rigidbodies[2].pose.position.y,0.6534696554526247
61.088397805,1709142531.771379949,1709142531.771004575,/rigid_bodies.rigidbodies[2].pose.position.y,0.6534712638322899
61.098397517,1709142531.781379661,1709142531.780860223,/rigid_bodies.rigidbodies[2].pose.position.y,0.6534793803779779
61.107953086,1709142531.790935230,1709142531.790492349,/rigid_bodies.rigidbodies[2].pose.position.y,0.6535044422320031
61.117903698,1709142531.800885842,1709142531.800480721,/rigid_bodies.rigidbodies[2].pose.position.y,0.653483814153576
61.128150493,1709142531.811132637,1709142531.810290715,/rigid_bodies.rigidbodies[2].pose.position.y,0.653435774580479
61.138972228,1709142531.821954372,1709142531.821174395,/rigid_bodies.rigidbodies[2].pose.position.y,0.6533817852736269
61.148551174,1709142531.831533318,1709142531.830922142,/rigid_bodies.rigidbodies[2].pose.position.y,0.6533865246455677
61.158451236,1709142531.841433380,1709142531.840919942,/rigid_bodies.rigidbodies[2].pose.position.y,0.6534689302177903
61.168067851,1709142531.851049995,1709142531.850622801,/rigid_bodies.rigidbodies[2].pose.position.y,0.6535583215902683
61.177891008,1709142531.860873152,1709142531.860410338,/rigid_bodies.rigidbodies[2].pose.position.y,0.653505027289403
61.188217215,1709142531.871199359,1709142531.870777265,/rigid_bodies.rigidbodies[2].pose.position.y,0.6534219774930168
61.19841437,1709142531.881396514,1709142531.880851606,/rigid_bodies.rigidbodies[2].pose.position.y,0.653475507464391
61.208091581,1709142531.891073725,1709142531.890654733,/rigid_bodies.rigidbodies[2].pose.position.y,0.6534138116136406
61.217896589,1709142531.900878733,1709142531.900243597,/rigid_bodies.rigidbodies[2].pose.position.y,0.6534124629785505
61.228815079,1709142531.911797223,1709142531.911089070,/rigid_bodies.rigidbodies[2].pose.position.y,0.6534673099231743
61.238129112,1709142531.921111256,1709142531.920608146,/rigid_bodies.rigidbodies[2].pose.position.y,0.6534396515907956
61.248594934,1709142531.931577078,1709142531.931051208,/rigid_bodies.rigidbodies[2].pose.position.y,0.6534647021215584
61.257466561,1709142531.940448705,1709142531.939967668,/rigid_bodies.rigidbodies[2].pose.position.y,0.6534656595206246
61.268335916,1709142531.951318060,1709142531.950843976,/rigid_bodies.rigidbodies[2].pose.position.y,0.6534322622341026
61.278017686,1709142531.960999830,1709142531.960594711,/rigid_bodies.rigidbodies[2].pose.position.y,0.6534897438888698
61.287977105,1709142531.970959249,1709142531.970439851,/rigid_bodies.rigidbodies[2].pose.position.y,0.6535062443677411
61.298281604,1709142531.981263748,1709142531.980885572,/rigid_bodies.rigidbodies[2].pose.position.y,0.6534801892893515
61.307731575,1709142531.990713719,1709142531.990451726,/rigid_bodies.rigidbodies[2].pose.position.y,0.6534580327691729
61.31723935,1709142532.000221494,1709142531.999987708,/rigid_bodies.rigidbodies[2].pose.position.y,0.6534275625085915
61.328062443,1709142532.011044587,1709142532.010634498,/rigid_bodies.rigidbodies[2].pose.position.y,0.6533858087551996
61.338001076,1709142532.020983220,1709142532.020582710,/rigid_bodies.rigidbodies[2].pose.position.y,0.6534091789111962
61.34870246,1709142532.031684604,1709142532.031207891,/rigid_bodies.rigidbodies[2].pose.position.y,0.6534781010740829
61.35785024,1709142532.040832384,1709142532.040482413,/rigid_bodies.rigidbodies[2].pose.position.y,0.6535180075067424
61.367854513,1709142532.050836657,1709142532.050466198,/rigid_bodies.rigidbodies[2].pose.position.y,0.6535625641169498
61.377676769,1709142532.060658913,1709142532.060451557,/rigid_bodies.rigidbodies[2].pose.position.y,0.6535174223984326
61.388034995,1709142532.071017139,1709142532.070688120,/rigid_bodies.rigidbodies[2].pose.position.y,0.6534578339948561
61.397922976,1709142532.080905120,1709142532.080565974,/rigid_bodies.rigidbodies[2].pose.position.y,0.6535148341427327
61.407341895,1709142532.090324039,1709142532.090116721,/rigid_bodies.rigidbodies[2].pose.position.y,0.6535534018224279
61.41326318,1709142532.096245324,1709142532.095900663,/rigid_bodies.rigidbodies[2].pose.position.y,0.653452461342534
61.428038507,1709142532.111020651,1709142532.110691483,/rigid_bodies.rigidbodies[2].pose.position.y,0.6534252778687545
61.438464036,1709142532.121446180,1709142532.120900184,/rigid_bodies.rigidbodies[2].pose.position.y,0.6534119638827721
61.447951995,1709142532.130934139,1709142532.130293702,/rigid_bodies.rigidbodies[2].pose.position.y,0.6534463352943684
61.457802532,1709142532.140784676,1709142532.140309359,/rigid_bodies.rigidbodies[2].pose.position.y,0.6535220235944579
61.468401894,1709142532.151384038,1709142532.150862866,/rigid_bodies.rigidbodies[2].pose.position.y,0.6534677282198285
61.47806781,1709142532.161049954,1709142532.160412291,/rigid_bodies.rigidbodies[2].pose.position.y,0.6534496677863445
61.488000017,1709142532.170982161,1709142532.170536741,/rigid_bodies.rigidbodies[2].pose.position.y,0.6534720931989756
61.498193027,1709142532.181175171,1709142532.180549650,/rigid_bodies.rigidbodies[2].pose.position.y,0.65350290061836
61.508116951,1709142532.191099095,1709142532.190549293,/rigid_bodies.rigidbodies[2].pose.position.y,0.6535157199639252
61.518347062,1709142532.201329206,1709142532.200785758,/rigid_bodies.rigidbodies[2].pose.position.y,0.6535643043633075
61.527772039,1709142532.210754183,1709142532.210102213,/rigid_bodies.rigidbodies[2].pose.position.y,0.653483465024592
61.538194007,1709142532.221176151,1709142532.220582833,/rigid_bodies.rigidbodies[2].pose.position.y,0.6534195294301637
61.547821414,1709142532.230803558,1709142532.230502346,/rigid_bodies.rigidbodies[2].pose.position.y,0.6534140355344494
61.557877128,1709142532.240859272,1709142532.240388270,/rigid_bodies.rigidbodies[2].pose.position.y,0.6534419105534858
61.567845367,1709142532.250827511,1709142532.250336558,/rigid_bodies.rigidbodies[2].pose.position.y,0.6534946287552574
61.577976149,1709142532.260958293,1709142532.260464729,/rigid_bodies.rigidbodies[2].pose.position.y,0.6534715753313245
61.587750214,1709142532.270732358,1709142532.270273592,/rigid_bodies.rigidbodies[2].pose.position.y,0.6533780784434927
61.598117729,1709142532.281099873,1709142532.280733588,/rigid_bodies.rigidbodies[2].pose.position.y,0.6534195209368076
61.607632692,1709142532.290614836,1709142532.290400034,/rigid_bodies.rigidbodies[2].pose.position.y,0.6535182965587522
61.618046308,1709142532.301028452,1709142532.300425011,/rigid_bodies.rigidbodies[2].pose.position.y,0.6535022506860396
61.628471628,1709142532.311453772,1709142532.310773659,/rigid_bodies.rigidbodies[2].pose.position.y,0.653465083962984
61.637428632,1709142532.320410776,1709142532.319993110,/rigid_bodies.rigidbodies[2].pose.position.y,0.6534715124648257
61.648813839,1709142532.331795983,1709142532.331280465,/rigid_bodies.rigidbodies[2].pose.position.y,0.6534650975645993
61.657541915,1709142532.340524059,1709142532.340106656,/rigid_bodies.rigidbodies[2].pose.position.y,0.653471854137825
61.668151714,1709142532.351133858,1709142532.350702391,/rigid_bodies.rigidbodies[2].pose.position.y,0.6534775268505152
61.677929089,1709142532.360911233,1709142532.360534602,/rigid_bodies.rigidbodies[2].pose.position.y,0.6534315626186838
61.68814575,1709142532.371127894,1709142532.370694682,/rigid_bodies.rigidbodies[2].pose.position.y,0.653445123945564
61.697858421,1709142532.380840565,1709142532.380558269,/rigid_bodies.rigidbodies[2].pose.position.y,0.6534661719801614
61.708035382,1709142532.391017526,1709142532.390599802,/rigid_bodies.rigidbodies[2].pose.position.y,0.653472291586953
61.718124861,1709142532.401107005,1709142532.400635827,/rigid_bodies.rigidbodies[2].pose.position.y,0.6535550021266064
61.727590139,1709142532.410572283,1709142532.410252063,/rigid_bodies.rigidbodies[2].pose.position.y,0.6534855168283806
61.738280851,1709142532.421262995,1709142532.420793131,/rigid_bodies.rigidbodies[2].pose.position.y,0.6533917753557523
61.74842588,1709142532.431408024,1709142532.430908817,/rigid_bodies.rigidbodies[2].pose.position.y,0.6534186633293443
61.758033832,1709142532.441015976,1709142532.440646016,/rigid_bodies.rigidbodies[2].pose.position.y,0.6534806048953031
61.767861396,1709142532.450843540,1709142532.450449519,/rigid_bodies.rigidbodies[2].pose.position.y,0.6535249556660965
61.777747557,1709142532.460729701,1709142532.460350249,/rigid_bodies.rigidbodies[2].pose.position.y,0.6534935132131036
61.787931451,1709142532.470913595,1709142532.470618066,/rigid_bodies.rigidbodies[2].pose.position.y,0.6534273017238452
61.798638732,1709142532.481620876,1709142532.481209257,/rigid_bodies.rigidbodies[2].pose.position.y,0.6534210300713982
61.807963694,1709142532.490945838,1709142532.490575847,/rigid_bodies.rigidbodies[2].pose.position.y,0.6534610215481578
61.817936448,1709142532.500918592,1709142532.500573187,/rigid_bodies.rigidbodies[2].pose.position.y,0.6534711705361627
61.82929844,1709142532.512280584,1709142532.511532617,/rigid_bodies.rigidbodies[2].pose.position.y,0.6534647494900693
61.838603634,1709142532.521585778,1709142532.520791763,/rigid_bodies.rigidbodies[2].pose.position.y,0.6535108155476089
61.848415814,1709142532.531397958,1709142532.530829599,/rigid_bodies.rigidbodies[2].pose.position.y,0.6534558293572111
61.857883315,1709142532.540865459,1709142532.540312440,/rigid_bodies.rigidbodies[2].pose.position.y,0.6534009894393313
61.868067348,1709142532.551049492,1709142532.550434106,/rigid_bodies.rigidbodies[2].pose.position.y,0.6534321072371979
61.873382191,1709142532.556364335,1709142532.555794837,/rigid_bodies.rigidbodies[2].pose.position.y,0.6534329000165212
61.888891403,1709142532.571873547,1709142532.571062559,/rigid_bodies.rigidbodies[2].pose.position.y,0.653433172098357
61.898564697,1709142532.581546841,1709142532.581019514,/rigid_bodies.rigidbodies[2].pose.position.y,0.6534634592519278
61.908256184,1709142532.591238328,1709142532.590683333,/rigid_bodies.rigidbodies[2].pose.position.y,0.6534270686447584
61.917905243,1709142532.600887387,1709142532.600508489,/rigid_bodies.rigidbodies[2].pose.position.y,0.6534127560296362
61.927409581,1709142532.610391725,1709142532.610187687,/rigid_bodies.rigidbodies[2].pose.position.y,0.6534493740538292
61.937349716,1709142532.620331860,1709142532.620047607,/rigid_bodies.rigidbodies[2].pose.position.y,0.6534567183032898
61.948341229,1709142532.631323373,1709142532.630825124,/rigid_bodies.rigidbodies[2].pose.position.y,0.6535018088849512
61.958206347,1709142532.641188491,1709142532.640899457,/rigid_bodies.rigidbodies[2].pose.position.y,0.65356666953084
61.967993576,1709142532.650975720,1709142532.650503837,/rigid_bodies.rigidbodies[2].pose.position.y,0.6535176659418277
61.978177298,1709142532.661159442,1709142532.660469816,/rigid_bodies.rigidbodies[2].pose.position.y,0.6534402191448132
61.988584934,1709142532.671567078,1709142532.670954608,/rigid_bodies.rigidbodies[2].pose.position.y,0.6534459583005842
61.998288835,1709142532.681270979,1709142532.680684596,/rigid_bodies.rigidbodies[2].pose.position.y,0.6534615628680059
62.008515737,1709142532.691497881,1709142532.690940235,/rigid_bodies.rigidbodies[2].pose.position.y,0.6534500928660875
62.01807481,1709142532.701056954,1709142532.700603890,/rigid_bodies.rigidbodies[2].pose.position.y,0.6534533720557429
62.027809569,1709142532.710791713,1709142532.710311562,/rigid_bodies.rigidbodies[2].pose.position.y,0.6534169491282689
62.03759828,1709142532.720580424,1709142532.720094375,/rigid_bodies.rigidbodies[2].pose.position.y,0.6534223977666054
62.048759662,1709142532.731741806,1709142532.731045218,/rigid_bodies.rigidbodies[2].pose.position.y,0.6534808384055907
62.057964294,1709142532.740946438,1709142532.740564558,/rigid_bodies.rigidbodies[2].pose.position.y,0.653489058245463
62.068341572,1709142532.751323716,1709142532.750833771,/rigid_bodies.rigidbodies[2].pose.position.y,0.6535290091378789
62.077890933,1709142532.760873077,1709142532.760461119,/rigid_bodies.rigidbodies[2].pose.position.y,0.6535288605214549
62.088539226,1709142532.771521370,1709142532.770978095,/rigid_bodies.rigidbodies[2].pose.position.y,0.6534496205019781
62.098596838,1709142532.781578982,1709142532.781175431,/rigid_bodies.rigidbodies[2].pose.position.y,0.6534693000120299
62.108040663,1709142532.791022807,1709142532.790410423,/rigid_bodies.rigidbodies[2].pose.position.y,0.6534830267143044
62.117511913,1709142532.800494057,1709142532.799844481,/rigid_bodies.rigidbodies[2].pose.position.y,0.6534172414512827
62.128197133,1709142532.811179277,1709142532.810732763,/rigid_bodies.rigidbodies[2].pose.position.y,0.6534534729737482
62.137933721,1709142532.820915865,1709142532.820398486,/rigid_bodies.rigidbodies[2].pose.position.y,0.6534807794863414
62.148464983,1709142532.831447127,1709142532.830986770,/rigid_bodies.rigidbodies[2].pose.position.y,0.6535189679894213
62.157996404,1709142532.840978548,1709142532.840625973,/rigid_bodies.rigidbodies[2].pose.position.y,0.6535446707022385
62.167637747,1709142532.850619891,1709142532.850157197,/rigid_bodies.rigidbodies[2].pose.position.y,0.6534931512495591
62.177957693,1709142532.860939837,1709142532.860523905,/rigid_bodies.rigidbodies[2].pose.position.y,0.653419672475656
62.188483792,1709142532.871465936,1709142532.871093644,/rigid_bodies.rigidbodies[2].pose.position.y,0.6534855653997096
62.197965303,1709142532.880947447,1709142532.880622428,/rigid_bodies.rigidbodies[2].pose.position.y,0.6535625187703658
62.208496331,1709142532.891478475,1709142532.891025183,/rigid_bodies.rigidbodies[2].pose.position.y,0.65350126011399
62.217839079,1709142532.900821223,1709142532.900429516,/rigid_bodies.rigidbodies[2].pose.position.y,0.6534672837899612
62.227752635,1709142532.910734779,1709142532.910363709,/rigid_bodies.rigidbodies[2].pose.position.y,0.6534183816742064
62.237171605,1709142532.920153749,1709142532.919892434,/rigid_bodies.rigidbodies[2].pose.position.y,0.6533873401562147
62.248416182,1709142532.931398326,1709142532.931002245,/rigid_bodies.rigidbodies[2].pose.position.y,0.6534591325883005
62.257413611,1709142532.940395755,1709142532.939940301,/rigid_bodies.rigidbodies[2].pose.position.y,0.653507645136521
62.267749539,1709142532.950731683,1709142532.950125585,/rigid_bodies.rigidbodies[2].pose.position.y,0.6534843247831684
62.277859341,1709142532.960841485,1709142532.960408591,/rigid_bodies.rigidbodies[2].pose.position.y,0.6535292904327861
62.288151058,1709142532.971133202,1709142532.970725473,/rigid_bodies.rigidbodies[2].pose.position.y,0.6535023136780098
62.298644926,1709142532.981627070,1709142532.980924867,/rigid_bodies.rigidbodies[2].pose.position.y,0.6534595572347067
62.307538975,1709142532.990521119,1709142532.990117430,/rigid_bodies.rigidbodies[2].pose.position.y,0.6535258703418177
62.317760738,1709142533.000742882,1709142533.000400195,/rigid_bodies.rigidbodies[2].pose.position.y,0.6534732835487307
62.327417804,1709142533.010399948,1709142533.010022383,/rigid_bodies.rigidbodies[2].pose.position.y,0.6534540009522471
62.338145785,1709142533.021127929,1709142533.020749460,/rigid_bodies.rigidbodies[2].pose.position.y,0.6534716773669101
62.34848152,1709142533.031463664,1709142533.030964800,/rigid_bodies.rigidbodies[2].pose.position.y,0.6534295284474778
62.357925944,1709142533.040908088,1709142533.040436769,/rigid_bodies.rigidbodies[2].pose.position.y,0.6534319313424694
62.36841207,1709142533.051394214,1709142533.050905509,/rigid_bodies.rigidbodies[2].pose.position.y,0.6534977907630135
62.377495901,1709142533.060478045,1709142533.060029183,/rigid_bodies.rigidbodies[2].pose.position.y,0.6534831050823352
62.388436697,1709142533.071418841,1709142533.071016353,/rigid_bodies.rigidbodies[2].pose.position.y,0.6534780357237139
62.398427729,1709142533.081409873,1709142533.080916813,/rigid_bodies.rigidbodies[2].pose.position.y,0.6535372380490875
62.407984607,1709142533.090966751,1709142533.090402665,/rigid_bodies.rigidbodies[2].pose.position.y,0.6535490880899968
62.418053456,1709142533.101035600,1709142533.100312906,/rigid_bodies.rigidbodies[2].pose.position.y,0.6535652271032887
62.427927736,1709142533.110909880,1709142533.110233165,/rigid_bodies.rigidbodies[2].pose.position.y,0.6535346320171116
62.438214565,1709142533.121196709,1709142533.120734630,/rigid_bodies.rigidbodies[2].pose.position.y,0.6534678574470119
62.448361005,1709142533.131343149,1709142533.130818717,/rigid_bodies.rigidbodies[2].pose.position.y,0.653475986303375
62.458171042000004,1709142533.141153186,1709142533.140646293,/rigid_bodies.rigidbodies[2].pose.position.y,0.6534675594883756
62.468279722,1709142533.151261866,1709142533.150792141,/rigid_bodies.rigidbodies[2].pose.position.y,0.653387402913835
62.478277621,1709142533.161259765,1709142533.160696880,/rigid_bodies.rigidbodies[2].pose.position.y,0.6534361989021688
62.488384233,1709142533.171366377,1709142533.170693425,/rigid_bodies.rigidbodies[2].pose.position.y,0.6534304080092562
62.498670987,1709142533.181653131,1709142533.181098975,/rigid_bodies.rigidbodies[2].pose.position.y,0.6534224410492075
62.508300549,1709142533.191282693,1709142533.190645001,/rigid_bodies.rigidbodies[2].pose.position.y,0.6535192168193065
62.517806456,1709142533.200788600,1709142533.200289503,/rigid_bodies.rigidbodies[2].pose.position.y,0.6535216778359136
62.528190437,1709142533.211172581,1709142533.210637403,/rigid_bodies.rigidbodies[2].pose.position.y,0.6534438101331588
62.538078214,1709142533.221060358,1709142533.220454928,/rigid_bodies.rigidbodies[2].pose.position.y,0.6534568677409495
62.548515211,1709142533.231497355,1709142533.231032860,/rigid_bodies.rigidbodies[2].pose.position.y,0.6535184021231946
62.558398425,1709142533.241380569,1709142533.240859260,/rigid_bodies.rigidbodies[2].pose.position.y,0.6535327189433674
62.56820211,1709142533.251184254,1709142533.250729761,/rigid_bodies.rigidbodies[2].pose.position.y,0.6535332129132712
62.577474092,1709142533.260456236,1709142533.259997909,/rigid_bodies.rigidbodies[2].pose.position.y,0.6534250429535384
62.588439312,1709142533.271421456,1709142533.270927814,/rigid_bodies.rigidbodies[2].pose.position.y,0.6533878828784022
62.598178192,1709142533.281160336,1709142533.280692296,/rigid_bodies.rigidbodies[2].pose.position.y,0.6534817308154329
62.607898159,1709142533.290880303,1709142533.290297997,/rigid_bodies.rigidbodies[2].pose.position.y,0.6534364537423314
62.618156489,1709142533.301138633,1709142533.300676413,/rigid_bodies.rigidbodies[2].pose.position.y,0.6534701997716869
62.628483201,1709142533.311465345,1709142533.310862336,/rigid_bodies.rigidbodies[2].pose.position.y,0.6534795492658843
62.638377484,1709142533.321359628,1709142533.320790969,/rigid_bodies.rigidbodies[2].pose.position.y,0.6533723448999782
62.648002854,1709142533.330984998,1709142533.330540411,/rigid_bodies.rigidbodies[2].pose.position.y,0.6534162756655726
62.658145555,1709142533.341127699,1709142533.340688090,/rigid_bodies.rigidbodies[2].pose.position.y,0.6534325225192433
62.668413656,1709142533.351395800,1709142533.350832801,/rigid_bodies.rigidbodies[2].pose.position.y,0.6534204238898645
62.677772675,1709142533.360754819,1709142533.360285951,/rigid_bodies.rigidbodies[2].pose.position.y,0.6534948590484422
62.688906925,1709142533.371889069,1709142533.371158105,/rigid_bodies.rigidbodies[2].pose.position.y,0.653502891069139
62.69834678,1709142533.381328924,1709142533.380896211,/rigid_bodies.rigidbodies[2].pose.position.y,0.653435864369098
62.707827017,1709142533.390809161,1709142533.390413048,/rigid_bodies.rigidbodies[2].pose.position.y,0.6534295573185541
62.717781995,1709142533.400764139,1709142533.400181279,/rigid_bodies.rigidbodies[2].pose.position.y,0.6534322963134919
62.728252344,1709142533.411234488,1709142533.410579073,/rigid_bodies.rigidbodies[2].pose.position.y,0.6534046862278765
62.738135769,1709142533.421117913,1709142533.420688655,/rigid_bodies.rigidbodies[2].pose.position.y,0.6535217694195646
62.74828568,1709142533.431267824,1709142533.430716551,/rigid_bodies.rigidbodies[2].pose.position.y,0.6535704027173305
62.757892072,1709142533.440874216,1709142533.440339532,/rigid_bodies.rigidbodies[2].pose.position.y,0.6534746893983842
62.767411864,1709142533.450394008,1709142533.450007163,/rigid_bodies.rigidbodies[2].pose.position.y,0.6534269961532814
62.778390902,1709142533.461373046,1709142533.460822007,/rigid_bodies.rigidbodies[2].pose.position.y,0.6533828770246026
62.787991199,1709142533.470973343,1709142533.470315234,/rigid_bodies.rigidbodies[2].pose.position.y,0.6533468419559137
62.798403162,1709142533.481385306,1709142533.480872447,/rigid_bodies.rigidbodies[2].pose.position.y,0.6534375379575299
62.807944406,1709142533.490926550,1709142533.490550647,/rigid_bodies.rigidbodies[2].pose.position.y,0.6534461604390285
62.818407362,1709142533.501389506,1709142533.500789460,/rigid_bodies.rigidbodies[2].pose.position.y,0.6533880300107452
62.827770172,1709142533.510752316,1709142533.509882993,/rigid_bodies.rigidbodies[2].pose.position.y,0.6534033146426769
62.838184469,1709142533.521166613,1709142533.520761204,/rigid_bodies.rigidbodies[2].pose.position.y,0.65340015677724
62.848719148,1709142533.531701292,1709142533.531101170,/rigid_bodies.rigidbodies[2].pose.position.y,0.6534125685535161
62.858045489,1709142533.541027633,1709142533.540615083,/rigid_bodies.rigidbodies[2].pose.position.y,0.6535242528701964
62.868267046,1709142533.551249190,1709142533.550712222,/rigid_bodies.rigidbodies[2].pose.position.y,0.6535121008130091
62.878293996,1709142533.561276140,1709142533.560776569,/rigid_bodies.rigidbodies[2].pose.position.y,0.6534603248909575
62.888328631,1709142533.571310775,1709142533.570699030,/rigid_bodies.rigidbodies[2].pose.position.y,0.6534718990430136
62.898556035,1709142533.581538179,1709142533.581028880,/rigid_bodies.rigidbodies[2].pose.position.y,0.6533836442272539
62.90821902,1709142533.591201164,1709142533.590691505,/rigid_bodies.rigidbodies[2].pose.position.y,0.653370690504302
62.917940005,1709142533.600922149,1709142533.600342333,/rigid_bodies.rigidbodies[2].pose.position.y,0.6534375691162769
62.928284288,1709142533.611266432,1709142533.610766617,/rigid_bodies.rigidbodies[2].pose.position.y,0.6534392150943173
62.938404173,1709142533.621386317,1709142533.620886778,/rigid_bodies.rigidbodies[2].pose.position.y,0.6534586570249874
62.948371072,1709142533.631353216,1709142533.630870244,/rigid_bodies.rigidbodies[2].pose.position.y,0.6535145190030774
62.958242025,1709142533.641224169,1709142533.640758039,/rigid_bodies.rigidbodies[2].pose.position.y,0.653426395470813
62.968178734,1709142533.651160878,1709142533.650752553,/rigid_bodies.rigidbodies[2].pose.position.y,0.6534387121390303
62.977931231,1709142533.660913375,1709142533.660415932,/rigid_bodies.rigidbodies[2].pose.position.y,0.6534885313102019
62.988394351,1709142533.671376495,1709142533.670818855,/rigid_bodies.rigidbodies[2].pose.position.y,0.6534992902287118
62.998107361,1709142533.681089505,1709142533.680655874,/rigid_bodies.rigidbodies[2].pose.position.y,0.6535565727812381
63.008505636,1709142533.691487780,1709142533.690939960,/rigid_bodies.rigidbodies[2].pose.position.y,0.6535133514231968
63.01789373,1709142533.700875874,1709142533.700405913,/rigid_bodies.rigidbodies[2].pose.position.y,0.6533678699041034
63.027879157,1709142533.710861301,1709142533.710568436,/rigid_bodies.rigidbodies[2].pose.position.y,0.6533923969154157
63.038602752,1709142533.721584896,1709142533.721082129,/rigid_bodies.rigidbodies[2].pose.position.y,0.6534655082243336
63.048418822,1709142533.731400966,1709142533.730858266,/rigid_bodies.rigidbodies[2].pose.position.y,0.6535054572568164
63.058122512,1709142533.741104656,1709142533.740656629,/rigid_bodies.rigidbodies[2].pose.position.y,0.653505473398008
63.068305211,1709142533.751287355,1709142533.750833741,/rigid_bodies.rigidbodies[2].pose.position.y,0.6534544897041538
63.077619923,1709142533.760602067,1709142533.760069094,/rigid_bodies.rigidbodies[2].pose.position.y,0.6534103648190277
63.087822889,1709142533.770805033,1709142533.770195479,/rigid_bodies.rigidbodies[2].pose.position.y,0.6535016543165268
63.098748339,1709142533.781730483,1709142533.781197840,/rigid_bodies.rigidbodies[2].pose.position.y,0.6535247376024185
63.10819396,1709142533.791176104,1709142533.790704583,/rigid_bodies.rigidbodies[2].pose.position.y,0.6534706406841014
63.11846916,1709142533.801451304,1709142533.800854933,/rigid_bodies.rigidbodies[2].pose.position.y,0.6535287776525992
63.127905887,1709142533.810888031,1709142533.810295470,/rigid_bodies.rigidbodies[2].pose.position.y,0.6534591800679873
63.138323967,1709142533.821306111,1709142533.820877866,/rigid_bodies.rigidbodies[2].pose.position.y,0.6533905354524528
63.148815988,1709142533.831798132,1709142533.831322383,/rigid_bodies.rigidbodies[2].pose.position.y,0.6534633465339382
63.157619572,1709142533.840601716,1709142533.840176412,/rigid_bodies.rigidbodies[2].pose.position.y,0.653470844616691
63.167424439,1709142533.850406583,1709142533.849985501,/rigid_bodies.rigidbodies[2].pose.position.y,0.6534278161378737
63.177889431,1709142533.860871575,1709142533.860371805,/rigid_bodies.rigidbodies[2].pose.position.y,0.6534307613283129
63.188154407,1709142533.871136551,1709142533.870577246,/rigid_bodies.rigidbodies[2].pose.position.y,0.6534248023148509
63.19856117,1709142533.881543314,1709142533.881055900,/rigid_bodies.rigidbodies[2].pose.position.y,0.6535101851312624
63.207794272,1709142533.890776416,1709142533.890385452,/rigid_bodies.rigidbodies[2].pose.position.y,0.6535589374933085
63.217999895,1709142533.900982039,1709142533.900457510,/rigid_bodies.rigidbodies[2].pose.position.y,0.653477089624309
63.228010362,1709142533.910992506,1709142533.910449690,/rigid_bodies.rigidbodies[2].pose.position.y,0.6534739353074098
63.23849199,1709142533.921474134,1709142533.920938951,/rigid_bodies.rigidbodies[2].pose.position.y,0.6534972297840899
63.248449931,1709142533.931432075,1709142533.930894930,/rigid_bodies.rigidbodies[2].pose.position.y,0.6534143459190688
63.258114106,1709142533.941096250,1709142533.940711146,/rigid_bodies.rigidbodies[2].pose.position.y,0.6534043124249779
63.268389228,1709142533.951371372,1709142533.950745429,/rigid_bodies.rigidbodies[2].pose.position.y,0.6534293516834045
63.277857724,1709142533.960839868,1709142533.960499505,/rigid_bodies.rigidbodies[2].pose.position.y,0.6534486618849399
63.287754776,1709142533.970736920,1709142533.970242122,/rigid_bodies.rigidbodies[2].pose.position.y,0.6535208790641241
63.29803641,1709142533.981018554,1709142533.980579493,/rigid_bodies.rigidbodies[2].pose.position.y,0.653510726864424
63.307823067,1709142533.990805211,1709142533.990506744,/rigid_bodies.rigidbodies[2].pose.position.y,0.6534547982665845
63.3183106,1709142534.001292744,1709142534.000880825,/rigid_bodies.rigidbodies[2].pose.position.y,0.653459719279814
63.328354384,1709142534.011336528,1709142534.010753536,/rigid_bodies.rigidbodies[2].pose.position.y,0.6534430869298815
63.338315095,1709142534.021297239,1709142534.020877278,/rigid_bodies.rigidbodies[2].pose.position.y,0.6534743520605681
63.347738645,1709142534.030720789,1709142534.030503872,/rigid_bodies.rigidbodies[2].pose.position.y,0.6535736717217384
63.357481369,1709142534.040463513,1709142534.040271453,/rigid_bodies.rigidbodies[2].pose.position.y,0.6535755725610234
63.367941024,1709142534.050923168,1709142534.050740513,/rigid_bodies.rigidbodies[2].pose.position.y,0.6534319008383417
63.377703849,1709142534.060685993,1709142534.060453157,/rigid_bodies.rigidbodies[2].pose.position.y,0.6533976747664086
63.387255756,1709142534.070237900,1709142534.070074016,/rigid_bodies.rigidbodies[2].pose.position.y,0.6534288606563391
63.398001878,1709142534.080984022,1709142534.080784459,/rigid_bodies.rigidbodies[2].pose.position.y,0.6534833234852319
63.407178709,1709142534.090160853,1709142534.090025552,/rigid_bodies.rigidbodies[2].pose.position.y,0.6535600941808358
63.417384862,1709142534.100367006,1709142534.100032695,/rigid_bodies.rigidbodies[2].pose.position.y,0.6535118724559141
63.428483724,1709142534.111465868,1709142534.110866662,/rigid_bodies.rigidbodies[2].pose.position.y,0.6534231233631277
63.438241748,1709142534.121223892,1709142534.120660561,/rigid_bodies.rigidbodies[2].pose.position.y,0.6534411611092179
63.448387117,1709142534.131369261,1709142534.131051244,/rigid_bodies.rigidbodies[2].pose.position.y,0.6534112004784954
63.458153085,1709142534.141135229,1709142534.140714311,/rigid_bodies.rigidbodies[2].pose.position.y,0.6534663859040296
63.468120232,1709142534.151102376,1709142534.150710282,/rigid_bodies.rigidbodies[2].pose.position.y,0.6535564896154297
63.478090673,1709142534.161072817,1709142534.160652780,/rigid_bodies.rigidbodies[2].pose.position.y,0.6535190845996809
63.488158493,1709142534.171140637,1709142534.170797348,/rigid_bodies.rigidbodies[2].pose.position.y,0.6534611404824051
63.498206718,1709142534.181188862,1709142534.180774138,/rigid_bodies.rigidbodies[2].pose.position.y,0.6534650168375387
63.507663854,1709142534.190645998,1709142534.190358966,/rigid_bodies.rigidbodies[2].pose.position.y,0.6534188804985015
63.51836432,1709142534.201346464,1709142534.200819890,/rigid_bodies.rigidbodies[2].pose.position.y,0.653453235919256
63.528385312,1709142534.211367456,1709142534.210761339,/rigid_bodies.rigidbodies[2].pose.position.y,0.6535320809763748
63.538038611,1709142534.221020755,1709142534.220662517,/rigid_bodies.rigidbodies[2].pose.position.y,0.6535193484386332
63.548432472,1709142534.231414616,1709142534.230911956,/rigid_bodies.rigidbodies[2].pose.position.y,0.6535001890575529
63.557934697,1709142534.240916841,1709142534.240466960,/rigid_bodies.rigidbodies[2].pose.position.y,0.6534906064744674
63.567933487,1709142534.250915631,1709142534.250435664,/rigid_bodies.rigidbodies[2].pose.position.y,0.6533728769557168
63.577529516,1709142534.260511660,1709142534.260014731,/rigid_bodies.rigidbodies[2].pose.position.y,0.6533692514466841
63.588371465,1709142534.271353609,1709142534.270710709,/rigid_bodies.rigidbodies[2].pose.position.y,0.6534810673772223
63.59780751,1709142534.280789654,1709142534.280330574,/rigid_bodies.rigidbodies[2].pose.position.y,0.6535035944634758
63.608115248,1709142534.291097392,1709142534.290657815,/rigid_bodies.rigidbodies[2].pose.position.y,0.6535186312387746
63.618486669,1709142534.301468813,1709142534.301028322,/rigid_bodies.rigidbodies[2].pose.position.y,0.6534681172376712
63.628162358,1709142534.311144502,1709142534.310654205,/rigid_bodies.rigidbodies[2].pose.position.y,0.6534221812152043
63.637867145,1709142534.320849289,1709142534.320479645,/rigid_bodies.rigidbodies[2].pose.position.y,0.653532399968817
63.648823313,1709142534.331805457,1709142534.331293781,/rigid_bodies.rigidbodies[2].pose.position.y,0.653549001568677
63.658138053,1709142534.341120197,1709142534.340744058,/rigid_bodies.rigidbodies[2].pose.position.y,0.6534869133646616
63.66787225,1709142534.350854394,1709142534.350519085,/rigid_bodies.rigidbodies[2].pose.position.y,0.6534866104354726
63.678057656,1709142534.361039800,1709142534.360562998,/rigid_bodies.rigidbodies[2].pose.position.y,0.6534828987654284
63.688389907,1709142534.371372051,1709142534.370915339,/rigid_bodies.rigidbodies[2].pose.position.y,0.6533974533713243
63.698451125,1709142534.381433269,1709142534.381056709,/rigid_bodies.rigidbodies[2].pose.position.y,0.6534310934618853
63.707826388,1709142534.390808532,1709142534.390430042,/rigid_bodies.rigidbodies[2].pose.position.y,0.6534324683165448
63.718375228,1709142534.401357372,1709142534.400892303,/rigid_bodies.rigidbodies[2].pose.position.y,0.653426665508447
63.728145449,1709142534.411127593,1709142534.410656653,/rigid_bodies.rigidbodies[2].pose.position.y,0.653497663562915
63.73837304,1709142534.421355184,1709142534.420785468,/rigid_bodies.rigidbodies[2].pose.position.y,0.6534825762252481
63.748652475,1709142534.431634619,1709142534.431128419,/rigid_bodies.rigidbodies[2].pose.position.y,0.6534647071400428
63.758097629,1709142534.441079773,1709142534.440676872,/rigid_bodies.rigidbodies[2].pose.position.y,0.653485859717206
63.768103237,1709142534.451085381,1709142534.450689880,/rigid_bodies.rigidbodies[2].pose.position.y,0.6534678790450198
63.77795428,1709142534.460936424,1709142534.460444272,/rigid_bodies.rigidbodies[2].pose.position.y,0.6534644728023857
63.788698533,1709142534.471680677,1709142534.471215236,/rigid_bodies.rigidbodies[2].pose.position.y,0.6535130052043993
63.798239583,1709142534.481221727,1709142534.480877956,/rigid_bodies.rigidbodies[2].pose.position.y,0.6534951632780102
63.808515908,1709142534.491498052,1709142534.491001012,/rigid_bodies.rigidbodies[2].pose.position.y,0.6534652560763017
63.818311222,1709142534.501293366,1709142534.500810220,/rigid_bodies.rigidbodies[2].pose.position.y,0.6534684143543052
63.828212314,1709142534.511194458,1709142534.510760211,/rigid_bodies.rigidbodies[2].pose.position.y,0.6534638881555486
63.838289247,1709142534.521271391,1709142534.520652184,/rigid_bodies.rigidbodies[2].pose.position.y,0.6534920439507562
63.847662914,1709142534.530645058,1709142534.530184161,/rigid_bodies.rigidbodies[2].pose.position.y,0.6535015748999313
63.85688432,1709142534.539866464,1709142534.539435463,/rigid_bodies.rigidbodies[2].pose.position.y,0.6534055917167138
63.868106781,1709142534.551088925,1709142534.550647756,/rigid_bodies.rigidbodies[2].pose.position.y,0.6534639013105304
63.878077315,1709142534.561059459,1709142534.560756148,/rigid_bodies.rigidbodies[2].pose.position.y,0.6535199315160775
63.888378968,1709142534.571361112,1709142534.570886611,/rigid_bodies.rigidbodies[2].pose.position.y,0.6534789984155317
63.898418002,1709142534.581400146,1709142534.581018961,/rigid_bodies.rigidbodies[2].pose.position.y,0.6534889574747484
63.907480539,1709142534.590462683,1709142534.590219555,/rigid_bodies.rigidbodies[2].pose.position.y,0.6535149390731935
63.918047617,1709142534.601029761,1709142534.600666171,/rigid_bodies.rigidbodies[2].pose.position.y,0.6534175031117455
63.928018842,1709142534.611000986,1709142534.610620218,/rigid_bodies.rigidbodies[2].pose.position.y,0.6534246683648998
63.938136044,1709142534.621118188,1709142534.620804489,/rigid_bodies.rigidbodies[2].pose.position.y,0.6534867875745195
63.948216581,1709142534.631198725,1709142534.631068574,/rigid_bodies.rigidbodies[2].pose.position.y,0.6535223193349682
63.957353877,1709142534.640336021,1709142534.640075261,/rigid_bodies.rigidbodies[2].pose.position.y,0.6535167916595679
63.967601309,1709142534.650583453,1709142534.650225280,/rigid_bodies.rigidbodies[2].pose.position.y,0.6534456838292012
63.97821972,1709142534.661201864,1709142534.660736123,/rigid_bodies.rigidbodies[2].pose.position.y,0.6533964966921472
63.988119256,1709142534.671101400,1709142534.670755636,/rigid_bodies.rigidbodies[2].pose.position.y,0.6535008781882655
63.998025836,1709142534.681007980,1709142534.680621440,/rigid_bodies.rigidbodies[2].pose.position.y,0.6535145843325428
64.007695143,1709142534.690677287,1709142534.690237379,/rigid_bodies.rigidbodies[2].pose.position.y,0.6534406812257852
64.018334411,1709142534.701316555,1709142534.700907984,/rigid_bodies.rigidbodies[2].pose.position.y,0.6534627719312208
64.02788237,1709142534.710864514,1709142534.710552572,/rigid_bodies.rigidbodies[2].pose.position.y,0.653434534695273
64.037786305,1709142534.720768449,1709142534.720281391,/rigid_bodies.rigidbodies[2].pose.position.y,0.6534515354164273
64.048661598,1709142534.731643742,1709142534.730903203,/rigid_bodies.rigidbodies[2].pose.position.y,0.6534677044295991
64.057888783,1709142534.740870927,1709142534.740455266,/rigid_bodies.rigidbodies[2].pose.position.y,0.6534111414521468
64.068088053,1709142534.751070197,1709142534.750580249,/rigid_bodies.rigidbodies[2].pose.position.y,0.6534520073589396
64.078508031,1709142534.761490175,1709142534.760812894,/rigid_bodies.rigidbodies[2].pose.position.y,0.6535725424008545
64.087295811,1709142534.770277955,1709142534.769813164,/rigid_bodies.rigidbodies[2].pose.position.y,0.6535279284076287
64.098153375,1709142534.781135519,1709142534.780521907,/rigid_bodies.rigidbodies[2].pose.position.y,0.6534769917917653
64.108867194,1709142534.791849338,1709142534.791145977,/rigid_bodies.rigidbodies[2].pose.position.y,0.6534743298335048
64.118389517,1709142534.801371661,1709142534.800887816,/rigid_bodies.rigidbodies[2].pose.position.y,0.6534128571249769
64.127742607,1709142534.810724751,1709142534.810323224,/rigid_bodies.rigidbodies[2].pose.position.y,0.6534514493991986
64.138403893,1709142534.821386037,1709142534.820871516,/rigid_bodies.rigidbodies[2].pose.position.y,0.6535496256890807
64.148240042,1709142534.831222186,1709142534.830825506,/rigid_bodies.rigidbodies[2].pose.position.y,0.6535192910770737
64.158179232,1709142534.841161376,1709142534.840600832,/rigid_bodies.rigidbodies[2].pose.position.y,0.6534740260794631
64.167812109,1709142534.850794253,1709142534.850322139,/rigid_bodies.rigidbodies[2].pose.position.y,0.6534083610143401
64.177678572,1709142534.860660716,1709142534.860207263,/rigid_bodies.rigidbodies[2].pose.position.y,0.6533521257918403
64.188679852,1709142534.871661996,1709142534.871021859,/rigid_bodies.rigidbodies[2].pose.position.y,0.6534662078318747
64.19855967,1709142534.881541814,1709142534.880952625,/rigid_bodies.rigidbodies[2].pose.position.y,0.6535743242603678
64.207659394,1709142534.890641538,1709142534.890205678,/rigid_bodies.rigidbodies[2].pose.position.y,0.6535165329667516
64.218199487,1709142534.901181631,1709142534.900710410,/rigid_bodies.rigidbodies[2].pose.position.y,0.6534722640010697
64.228072357,1709142534.911054501,1709142534.910581880,/rigid_bodies.rigidbodies[2].pose.position.y,0.6534658479306066
64.238223979,1709142534.921206123,1709142534.920674282,/rigid_bodies.rigidbodies[2].pose.position.y,0.653440302581937
64.248144731,1709142534.931126875,1709142534.930823377,/rigid_bodies.rigidbodies[2].pose.position.y,0.6534701913250615
64.258336427,1709142534.941318571,1709142534.941004440,/rigid_bodies.rigidbodies[2].pose.position.y,0.6534747093650202
64.267934821,1709142534.950916965,1709142534.950421274,/rigid_bodies.rigidbodies[2].pose.position.y,0.6534789984130399
64.27816684,1709142534.961148984,1709142534.960675903,/rigid_bodies.rigidbodies[2].pose.position.y,0.6534863755033978
64.288619403,1709142534.971601547,1709142534.970930336,/rigid_bodies.rigidbodies[2].pose.position.y,0.6534299662522904
64.298701895,1709142534.981684039,1709142534.981086844,/rigid_bodies.rigidbodies[2].pose.position.y,0.653390498550088
64.307403148,1709142534.990385292,1709142534.990139767,/rigid_bodies.rigidbodies[2].pose.position.y,0.6534725023549508
64.31833878,1709142535.001320924,1709142535.000795216,/rigid_bodies.rigidbodies[2].pose.position.y,0.6534648488281662
64.327696862,1709142535.010679006,1709142535.010359609,/rigid_bodies.rigidbodies[2].pose.position.y,0.6534465693536547
64.337306008,1709142535.020288152,1709142535.019790526,/rigid_bodies.rigidbodies[2].pose.position.y,0.6534833517058202
64.348375673,1709142535.031357817,1709142535.030859120,/rigid_bodies.rigidbodies[2].pose.position.y,0.6534745415771681
64.358080365,1709142535.041062509,1709142535.040615555,/rigid_bodies.rigidbodies[2].pose.position.y,0.6534413153991523
64.368248443,1709142535.051230587,1709142535.050811688,/rigid_bodies.rigidbodies[2].pose.position.y,0.6534287655786537
64.378127444,1709142535.061109588,1709142535.060570691,/rigid_bodies.rigidbodies[2].pose.position.y,0.6534052709212799
64.38883211,1709142535.071814254,1709142535.071147358,/rigid_bodies.rigidbodies[2].pose.position.y,0.653421908561718
64.398070967,1709142535.081053111,1709142535.080658862,/rigid_bodies.rigidbodies[2].pose.position.y,0.6534814394873847
64.40810774,1709142535.091089884,1709142535.090510888,/rigid_bodies.rigidbodies[2].pose.position.y,0.6534298062875643
64.418376688,1709142535.101358832,1709142535.100775035,/rigid_bodies.rigidbodies[2].pose.position.y,0.653383502645334
64.428124491,1709142535.111106635,1709142535.110594604,/rigid_bodies.rigidbodies[2].pose.position.y,0.6534119316527641
64.438283112,1709142535.121265256,1709142535.120782658,/rigid_bodies.rigidbodies[2].pose.position.y,0.6534853985494694
64.448597231,1709142535.131579375,1709142535.131038996,/rigid_bodies.rigidbodies[2].pose.position.y,0.6535193290803274
64.458132782,1709142535.141114926,1709142535.140683483,/rigid_bodies.rigidbodies[2].pose.position.y,0.6535085118202162
64.468202264,1709142535.151184408,1709142535.150654966,/rigid_bodies.rigidbodies[2].pose.position.y,0.653446500606213
64.477486501,1709142535.160468645,1709142535.160130266,/rigid_bodies.rigidbodies[2].pose.position.y,0.6534177447048908
64.487990101,1709142535.170972245,1709142535.170548171,/rigid_bodies.rigidbodies[2].pose.position.y,0.6534426029503286
64.498598935,1709142535.181581079,1709142535.181134657,/rigid_bodies.rigidbodies[2].pose.position.y,0.6534395516870225
64.507902727,1709142535.190884871,1709142535.190203972,/rigid_bodies.rigidbodies[2].pose.position.y,0.6534809057182357
64.518272727,1709142535.201254871,1709142535.200743913,/rigid_bodies.rigidbodies[2].pose.position.y,0.6534696020995935
64.52821418,1709142535.211196324,1709142535.210480839,/rigid_bodies.rigidbodies[2].pose.position.y,0.6534309474693104
64.538565553,1709142535.221547697,1709142535.221092348,/rigid_bodies.rigidbodies[2].pose.position.y,0.6534082334964915
64.548093209,1709142535.231075353,1709142535.230695886,/rigid_bodies.rigidbodies[2].pose.position.y,0.6534587739283378
64.558345767,1709142535.241327911,1709142535.240905368,/rigid_bodies.rigidbodies[2].pose.position.y,0.6534914258728354
64.567964132,1709142535.250946276,1709142535.250678384,/rigid_bodies.rigidbodies[2].pose.position.y,0.6535122587947996
64.577911067,1709142535.260893211,1709142535.260464488,/rigid_bodies.rigidbodies[2].pose.position.y,0.6535315883466484
64.587746372,1709142535.270728516,1709142535.270305124,/rigid_bodies.rigidbodies[2].pose.position.y,0.653486479247994
64.598079715,1709142535.281061859,1709142535.280715751,/rigid_bodies.rigidbodies[2].pose.position.y,0.6534395659995315
64.60810211,1709142535.291084254,1709142535.290524920,/rigid_bodies.rigidbodies[2].pose.position.y,0.6534364537151993
64.618924864,1709142535.301907008,1709142535.301266020,/rigid_bodies.rigidbodies[2].pose.position.y,0.6534164667519045
64.627685207,1709142535.310667351,1709142535.310227835,/rigid_bodies.rigidbodies[2].pose.position.y,0.6534245586601228
64.637897657,1709142535.320879801,1709142535.320241842,/rigid_bodies.rigidbodies[2].pose.position.y,0.6534565398773948
64.648084545,1709142535.331066689,1709142535.330806551,/rigid_bodies.rigidbodies[2].pose.position.y,0.6534593933383177
64.658062655,1709142535.341044799,1709142535.340602807,/rigid_bodies.rigidbodies[2].pose.position.y,0.653419871254774
64.668178286,1709142535.351160430,1709142535.350641819,/rigid_bodies.rigidbodies[2].pose.position.y,0.6534759720595062
64.677911472,1709142535.360893616,1709142535.360463529,/rigid_bodies.rigidbodies[2].pose.position.y,0.6535572856461
64.68852453,1709142535.371506674,1709142535.370964407,/rigid_bodies.rigidbodies[2].pose.position.y,0.6535618964758371
64.698475728,1709142535.381457872,1709142535.380996253,/rigid_bodies.rigidbodies[2].pose.position.y,0.653503944252188
64.70785742,1709142535.390839564,1709142535.390508293,/rigid_bodies.rigidbodies[2].pose.position.y,0.6534229181081695
64.718687679,1709142535.401669823,1709142535.401206767,/rigid_bodies.rigidbodies[2].pose.position.y,0.6534616778861659
64.727946443,1709142535.410928587,1709142535.410436796,/rigid_bodies.rigidbodies[2].pose.position.y,0.653477903995784
64.738536799,1709142535.421518943,1709142535.421056676,/rigid_bodies.rigidbodies[2].pose.position.y,0.6534645201493039
64.748562737,1709142535.431544881,1709142535.431175423,/rigid_bodies.rigidbodies[2].pose.position.y,0.6534584509417098
64.758421858,1709142535.441404002,1709142535.440963586,/rigid_bodies.rigidbodies[2].pose.position.y,0.6534856814369117
64.768279999,1709142535.451262143,1709142535.450782093,/rigid_bodies.rigidbodies[2].pose.position.y,0.6534604225569115
64.777862488,1709142535.460844632,1709142535.460289124,/rigid_bodies.rigidbodies[2].pose.position.y,0.6534615354137997
64.788490945,1709142535.471473089,1709142535.470812953,/rigid_bodies.rigidbodies[2].pose.position.y,0.6535234876529319
64.798596732,1709142535.481578876,1709142535.481144805,/rigid_bodies.rigidbodies[2].pose.position.y,0.6534744308236139
64.808690983,1709142535.491673127,1709142535.490991604,/rigid_bodies.rigidbodies[2].pose.position.y,0.6534702050546227
64.818342424,1709142535.501324568,1709142535.500830496,/rigid_bodies.rigidbodies[2].pose.position.y,0.6534658479332448
64.827972929,1709142535.510955073,1709142535.510408498,/rigid_bodies.rigidbodies[2].pose.position.y,0.6534066011849228
64.838114959,1709142535.521097103,1709142535.520734196,/rigid_bodies.rigidbodies[2].pose.position.y,0.6534747991891926
64.848339896,1709142535.531322040,1709142535.530893289,/rigid_bodies.rigidbodies[2].pose.position.y,0.6535280738368235
64.858160314,1709142535.541142458,1709142535.540683150,/rigid_bodies.rigidbodies[2].pose.position.y,0.6534574256384083
64.868197814,1709142535.551179958,1709142535.550709741,/rigid_bodies.rigidbodies[2].pose.position.y,0.6534695390417294
64.878538046,1709142535.561520190,1709142535.560954650,/rigid_bodies.rigidbodies[2].pose.position.y,0.6535513575181404
64.888114499,1709142535.571096643,1709142535.570658014,/rigid_bodies.rigidbodies[2].pose.position.y,0.6535156456307134
64.898607643,1709142535.581589787,1709142535.581049637,/rigid_bodies.rigidbodies[2].pose.position.y,0.6534573596317015
64.907401031,1709142535.590383175,1709142535.590016976,/rigid_bodies.rigidbodies[2].pose.position.y,0.6534121579519698
64.917940221,1709142535.600922365,1709142535.600570793,/rigid_bodies.rigidbodies[2].pose.position.y,0.6534543114679068
64.927925756,1709142535.610907900,1709142535.610501183,/rigid_bodies.rigidbodies[2].pose.position.y,0.6535602629248811
64.938227428,1709142535.621209572,1709142535.620771270,/rigid_bodies.rigidbodies[2].pose.position.y,0.6535264776200503
64.948162447,1709142535.631144591,1709142535.630809602,/rigid_bodies.rigidbodies[2].pose.position.y,0.6534445523284267
64.95780254,1709142535.640784684,1709142535.640430410,/rigid_bodies.rigidbodies[2].pose.position.y,0.6534224520820758
64.968367673,1709142535.651349817,1709142535.650893530,/rigid_bodies.rigidbodies[2].pose.position.y,0.653422726411589
64.97767927,1709142535.660661414,1709142535.660219237,/rigid_bodies.rigidbodies[2].pose.position.y,0.653454117697332
64.988537868,1709142535.671520012,1709142535.670999297,/rigid_bodies.rigidbodies[2].pose.position.y,0.653502259551669
64.998141343,1709142535.681123487,1709142535.680583777,/rigid_bodies.rigidbodies[2].pose.position.y,0.6535119553019548
65.008376478,1709142535.691358622,1709142535.690852379,/rigid_bodies.rigidbodies[2].pose.position.y,0.6534824099461911
65.017866697,1709142535.700848841,1709142535.700474686,/rigid_bodies.rigidbodies[2].pose.position.y,0.6535135548514024
65.027752348,1709142535.710734492,1709142535.710245789,/rigid_bodies.rigidbodies[2].pose.position.y,0.6534718131642028
65.03776844,1709142535.720750584,1709142535.720343275,/rigid_bodies.rigidbodies[2].pose.position.y,0.6535212490301305
65.047726178,1709142535.730708322,1709142535.730343214,/rigid_bodies.rigidbodies[2].pose.position.y,0.6535763650429046
65.058253483,1709142535.741235627,1709142535.740715159,/rigid_bodies.rigidbodies[2].pose.position.y,0.653415629680619
65.06805882,1709142535.751040964,1709142535.750491709,/rigid_bodies.rigidbodies[2].pose.position.y,0.6533366256444579
65.077985677,1709142535.760967821,1709142535.760514722,/rigid_bodies.rigidbodies[2].pose.position.y,0.6534005488614777
65.088190645,1709142535.771172789,1709142535.770521135,/rigid_bodies.rigidbodies[2].pose.position.y,0.6534138890070271
65.097938177,1709142535.780920321,1709142535.780437155,/rigid_bodies.rigidbodies[2].pose.position.y,0.6534672129276059
65.108068476,1709142535.791050620,1709142535.790572449,/rigid_bodies.rigidbodies[2].pose.position.y,0.6535097027580065
65.118217048,1709142535.801199192,1709142535.800551137,/rigid_bodies.rigidbodies[2].pose.position.y,0.6535040966588122
65.128203546,1709142535.811185690,1709142535.810545087,/rigid_bodies.rigidbodies[2].pose.position.y,0.6535084352738514
65.138183502,1709142535.821165646,1709142535.820811178,/rigid_bodies.rigidbodies[2].pose.position.y,0.6534765658904563
65.147973302,1709142535.830955446,1709142535.830625498,/rigid_bodies.rigidbodies[2].pose.position.y,0.6533407789778631
65.158224568,1709142535.841206712,1709142535.840687265,/rigid_bodies.rigidbodies[2].pose.position.y,0.6533752090469319
65.168165582,1709142535.851147726,1709142535.850721758,/rigid_bodies.rigidbodies[2].pose.position.y,0.6534549409744554
65.177638328,1709142535.860620472,1709142535.860141721,/rigid_bodies.rigidbodies[2].pose.position.y,0.6534760210069762
65.187580366,1709142535.870562510,1709142535.869932975,/rigid_bodies.rigidbodies[2].pose.position.y,0.6535080466680884
65.198275556,1709142535.881257700,1709142535.880781280,/rigid_bodies.rigidbodies[2].pose.position.y,0.6534643429447733
65.207807793,1709142535.890789937,1709142535.890154348,/rigid_bodies.rigidbodies[2].pose.position.y,0.6533828453605475
65.218377214,1709142535.901359358,1709142535.900830137,/rigid_bodies.rigidbodies[2].pose.position.y,0.6534249761240292
65.227700907,1709142535.910683051,1709142535.910360569,/rigid_bodies.rigidbodies[2].pose.position.y,0.6534515718603533
65.238233758,1709142535.921215902,1709142535.920732758,/rigid_bodies.rigidbodies[2].pose.position.y,0.6534575748268933
65.247470667,1709142535.930452811,1709142535.930118387,/rigid_bodies.rigidbodies[2].pose.position.y,0.6535311742534159
65.258017661,1709142535.940999805,1709142535.940624165,/rigid_bodies.rigidbodies[2].pose.position.y,0.6534541039347095
65.267905931,1709142535.950888075,1709142535.950565172,/rigid_bodies.rigidbodies[2].pose.position.y,0.6533881541214949
65.277988826,1709142535.960970970,1709142535.960542429,/rigid_bodies.rigidbodies[2].pose.position.y,0.6534997592669597
65.2876797,1709142535.970661844,1709142535.970354145,/rigid_bodies.rigidbodies[2].pose.position.y,0.6535484107400851
65.298419353,1709142535.981401497,1709142535.981003783,/rigid_bodies.rigidbodies[2].pose.position.y,0.6535218240672467
65.308369957,1709142535.991352101,1709142535.990628638,/rigid_bodies.rigidbodies[2].pose.position.y,0.653479925686013
65.318024805,1709142536.001006949,1709142536.000630841,/rigid_bodies.rigidbodies[2].pose.position.y,0.653409907460229
65.327959409,1709142536.010941553,1709142536.010340044,/rigid_bodies.rigidbodies[2].pose.position.y,0.6534630998569978
65.337558086,1709142536.020540230,1709142536.020137045,/rigid_bodies.rigidbodies[2].pose.position.y,0.6535264886581876
65.347403563,1709142536.030385707,1709142536.030000858,/rigid_bodies.rigidbodies[2].pose.position.y,0.6534685520336193
65.35782549,1709142536.040807634,1709142536.040496558,/rigid_bodies.rigidbodies[2].pose.position.y,0.6534617367534908
65.367817483,1709142536.050799627,1709142536.050545057,/rigid_bodies.rigidbodies[2].pose.position.y,0.653513207647333
65.377727837,1709142536.060709981,1709142536.060441291,/rigid_bodies.rigidbodies[2].pose.position.y,0.6534709556253908
65.387783257,1709142536.070765401,1709142536.070531985,/rigid_bodies.rigidbodies[2].pose.position.y,0.6534571421321316
65.398120377,1709142536.081102521,1709142536.080869961,/rigid_bodies.rigidbodies[2].pose.position.y,0.6534408164403922
65.407557536,1709142536.090539680,1709142536.090269942,/rigid_bodies.rigidbodies[2].pose.position.y,0.6533892476312149
65.418074004,1709142536.101056148,1709142536.100677813,/rigid_bodies.rigidbodies[2].pose.position.y,0.653442815682566
65.427740757,1709142536.110722901,1709142536.110298639,/rigid_bodies.rigidbodies[2].pose.position.y,0.6534684124917433
65.437956364,1709142536.120938508,1709142536.120599798,/rigid_bodies.rigidbodies[2].pose.position.y,0.6534069889160983
65.448000602,1709142536.130982746,1709142536.130609079,/rigid_bodies.rigidbodies[2].pose.position.y,0.6535527353945012
65.458440789,1709142536.141422933,1709142536.141005182,/rigid_bodies.rigidbodies[2].pose.position.y,0.653579303983713
65.468449128,1709142536.151431272,1709142536.150982757,/rigid_bodies.rigidbodies[2].pose.position.y,0.6534548592373516
65.47825871,1709142536.161240854,1709142536.160579393,/rigid_bodies.rigidbodies[2].pose.position.y,0.6535150719609595
65.488124228,1709142536.171106372,1709142536.170626766,/rigid_bodies.rigidbodies[2].pose.position.y,0.6535052379204233
65.497988139,1709142536.180970283,1709142536.180411335,/rigid_bodies.rigidbodies[2].pose.position.y,0.6534003683205667
65.507988923,1709142536.190971067,1709142536.190577111,/rigid_bodies.rigidbodies[2].pose.position.y,0.653418697362615
65.518238816,1709142536.201220960,1709142536.200817030,/rigid_bodies.rigidbodies[2].pose.position.y,0.6533892894440134
65.52827694,1709142536.211259084,1709142536.210665325,/rigid_bodies.rigidbodies[2].pose.position.y,0.6534240186305026
65.53802923,1709142536.221011374,1709142536.220445944,/rigid_bodies.rigidbodies[2].pose.position.y,0.65355669879401
65.548466661,1709142536.231448805,1709142536.230906700,/rigid_bodies.rigidbodies[2].pose.position.y,0.6534952385967361
65.557969867,1709142536.240952011,1709142536.240403179,/rigid_bodies.rigidbodies[2].pose.position.y,0.6534253492031765
65.567548043,1709142536.250530187,1709142536.250023957,/rigid_bodies.rigidbodies[2].pose.position.y,0.6534572229686295
65.57780374,1709142536.260785884,1709142536.260296239,/rigid_bodies.rigidbodies[2].pose.position.y,0.6534479572483447
65.587811695,1709142536.270793839,1709142536.270447138,/rigid_bodies.rigidbodies[2].pose.position.y,0.6534957908076392
65.59787594,1709142536.280858084,1709142536.280322804,/rigid_bodies.rigidbodies[2].pose.position.y,0.653555065135512
65.608083261,1709142536.291065405,1709142536.290386458,/rigid_bodies.rigidbodies[2].pose.position.y,0.6534844904301103
65.618130182,1709142536.301112326,1709142536.300647277,/rigid_bodies.rigidbodies[2].pose.position.y,0.6534696868006817
65.628536005,1709142536.311518149,1709142536.310943470,/rigid_bodies.rigidbodies[2].pose.position.y,0.653529132435225
65.636477399,1709142536.319459543,1709142536.318938448,/rigid_bodies.rigidbodies[2].pose.position.y,0.6534596511289835
65.647610985,1709142536.330593129,1709142536.330084005,/rigid_bodies.rigidbodies[2].pose.position.y,0.653472678611568
65.658217109,1709142536.341199253,1709142536.340804421,/rigid_bodies.rigidbodies[2].pose.position.y,0.6534893637534503
65.668406807,1709142536.351388951,1709142536.350830866,/rigid_bodies.rigidbodies[2].pose.position.y,0.6533807306953976
65.678304551,1709142536.361286695,1709142536.360642597,/rigid_bodies.rigidbodies[2].pose.position.y,0.653393943872349
65.688474967,1709142536.371457111,1709142536.370934015,/rigid_bodies.rigidbodies[2].pose.position.y,0.6534874058274975
65.698691105,1709142536.381673249,1709142536.381005337,/rigid_bodies.rigidbodies[2].pose.position.y,0.6534631254544094
65.70863971200001,1709142536.391621856,1709142536.391015663,/rigid_bodies.rigidbodies[2].pose.position.y,0.6535359531127418
65.717948284,1709142536.400930428,1709142536.400426424,/rigid_bodies.rigidbodies[2].pose.position.y,0.6535617359618502
65.728188613,1709142536.411170757,1709142536.410547023,/rigid_bodies.rigidbodies[2].pose.position.y,0.6534689730525314
65.738387206,1709142536.421369350,1709142536.420734010,/rigid_bodies.rigidbodies[2].pose.position.y,0.6534796141706163
65.748455197,1709142536.431437341,1709142536.431050801,/rigid_bodies.rigidbodies[2].pose.position.y,0.6534445009533117
65.758255688,1709142536.441237832,1709142536.440835594,/rigid_bodies.rigidbodies[2].pose.position.y,0.6533874991111349
65.768618818,1709142536.451600962,1709142536.451044428,/rigid_bodies.rigidbodies[2].pose.position.y,0.653481517608709
65.777951431,1709142536.460933575,1709142536.460541816,/rigid_bodies.rigidbodies[2].pose.position.y,0.6534786481106097
65.788414731,1709142536.471396875,1709142536.470786784,/rigid_bodies.rigidbodies[2].pose.position.y,0.6534460948503474
65.797244083,1709142536.480226227,1709142536.479841760,/rigid_bodies.rigidbodies[2].pose.position.y,0.6535134902546165
65.807757029,1709142536.490739173,1709142536.490278019,/rigid_bodies.rigidbodies[2].pose.position.y,0.6534726896598809
65.81843877,1709142536.501420914,1709142536.500965649,/rigid_bodies.rigidbodies[2].pose.position.y,0.6534425657111883
65.828573854,1709142536.511555998,1709142536.510926117,/rigid_bodies.rigidbodies[2].pose.position.y,0.653517171716658
65.837285195,1709142536.520267339,1709142536.519871428,/rigid_bodies.rigidbodies[2].pose.position.y,0.6534370809145937
65.848132234,1709142536.531114378,1709142536.530727685,/rigid_bodies.rigidbodies[2].pose.position.y,0.6534200688173782
65.857596409,1709142536.540578553,1709142536.540176027,/rigid_bodies.rigidbodies[2].pose.position.y,0.6534749153507857
65.868334306,1709142536.551316450,1709142536.550822851,/rigid_bodies.rigidbodies[2].pose.position.y,0.6534587854756827
65.877926036,1709142536.560908180,1709142536.560528494,/rigid_bodies.rigidbodies[2].pose.position.y,0.6534712302959054
65.888149508,1709142536.571131652,1709142536.570681769,/rigid_bodies.rigidbodies[2].pose.position.y,0.6535410486029927
65.89779034,1709142536.580772484,1709142536.580405929,/rigid_bodies.rigidbodies[2].pose.position.y,0.6534634341559412
65.907887399,1709142536.590869543,1709142536.590561608,/rigid_bodies.rigidbodies[2].pose.position.y,0.6534136987804877
65.91846391,1709142536.601446054,1709142536.600958817,/rigid_bodies.rigidbodies[2].pose.position.y,0.6534181408515722
65.927685695,1709142536.610667839,1709142536.610349928,/rigid_bodies.rigidbodies[2].pose.position.y,0.6533735695172509
65.938013121,1709142536.620995265,1709142536.620429677,/rigid_bodies.rigidbodies[2].pose.position.y,0.6534896588028271
65.948060445,1709142536.631042589,1709142536.630622395,/rigid_bodies.rigidbodies[2].pose.position.y,0.65352660516961
65.957986003,1709142536.640968147,1709142536.640541944,/rigid_bodies.rigidbodies[2].pose.position.y,0.6534674263882486
65.968001415,1709142536.650983559,1709142536.650531661,/rigid_bodies.rigidbodies[2].pose.position.y,0.6535226772818397
65.977815677,1709142536.660797821,1709142536.660498379,/rigid_bodies.rigidbodies[2].pose.position.y,0.6535088963245806
65.987852848,1709142536.670834992,1709142536.670513277,/rigid_bodies.rigidbodies[2].pose.position.y,0.6534478173497925
65.998132366,1709142536.681114510,1709142536.680615061,/rigid_bodies.rigidbodies[2].pose.position.y,0.6534755822908137
66.007943754,1709142536.690925898,1709142536.690514188,/rigid_bodies.rigidbodies[2].pose.position.y,0.6533943426043475
66.017982054,1709142536.700964198,1709142536.700556742,/rigid_bodies.rigidbodies[2].pose.position.y,0.6533881913690831
66.028075162,1709142536.711057306,1709142536.710500791,/rigid_bodies.rigidbodies[2].pose.position.y,0.6535353092855181
66.038145952,1709142536.721128096,1709142536.720644826,/rigid_bodies.rigidbodies[2].pose.position.y,0.6535198347335954
66.047913701,1709142536.730895845,1709142536.730430931,/rigid_bodies.rigidbodies[2].pose.position.y,0.6534999755132418
66.0580985,1709142536.741080644,1709142536.740615372,/rigid_bodies.rigidbodies[2].pose.position.y,0.6535118212750756
66.068225292,1709142536.751207436,1709142536.750661771,/rigid_bodies.rigidbodies[2].pose.position.y,0.653510984399978
66.078260988,1709142536.761243132,1709142536.760726355,/rigid_bodies.rigidbodies[2].pose.position.y,0.6534995046746941
66.088127409,1709142536.771109553,1709142536.770646361,/rigid_bodies.rigidbodies[2].pose.position.y,0.6535391460093319
66.09806105,1709142536.781043194,1709142536.780594266,/rigid_bodies.rigidbodies[2].pose.position.y,0.653465078015507
66.107707202,1709142536.790689346,1709142536.790130550,/rigid_bodies.rigidbodies[2].pose.position.y,0.653369837821569
66.118651813,1709142536.801633957,1709142536.801045894,/rigid_bodies.rigidbodies[2].pose.position.y,0.6534157757358405
66.12822305,1709142536.811205194,1709142536.810580374,/rigid_bodies.rigidbodies[2].pose.position.y,0.6534458320308936
66.138562849,1709142536.821544993,1709142536.820811094,/rigid_bodies.rigidbodies[2].pose.position.y,0.653547685599471
66.148527438,1709142536.831509582,1709142536.831063736,/rigid_bodies.rigidbodies[2].pose.position.y,0.6535990512019004
66.157640982,1709142536.840623126,1709142536.840162664,/rigid_bodies.rigidbodies[2].pose.position.y,0.6534626972316132
66.16815783,1709142536.851139974,1709142536.850711148,/rigid_bodies.rigidbodies[2].pose.position.y,0.6534255013693323
66.178004172,1709142536.860986316,1709142536.860530861,/rigid_bodies.rigidbodies[2].pose.position.y,0.6534490210543826
66.188368157,1709142536.871350301,1709142536.870736909,/rigid_bodies.rigidbodies[2].pose.position.y,0.6534437570734967
66.198095987,1709142536.881078131,1709142536.880597827,/rigid_bodies.rigidbodies[2].pose.position.y,0.653471102423505
66.208060096,1709142536.891042240,1709142536.890642109,/rigid_bodies.rigidbodies[2].pose.position.y,0.6534865558707401
66.217933056,1709142536.900915200,1709142536.900427404,/rigid_bodies.rigidbodies[2].pose.position.y,0.6534508000536887
66.227870444,1709142536.910852588,1709142536.910445018,/rigid_bodies.rigidbodies[2].pose.position.y,0.6534734431806982
66.23822521,1709142536.921207354,1709142536.920806581,/rigid_bodies.rigidbodies[2].pose.position.y,0.6535082105538905
66.248249518,1709142536.931231662,1709142536.930655542,/rigid_bodies.rigidbodies[2].pose.position.y,0.6534390147473791
66.257887548,1709142536.940869692,1709142536.940304386,/rigid_bodies.rigidbodies[2].pose.position.y,0.6534442587368935
66.268355389,1709142536.951337533,1709142536.950890335,/rigid_bodies.rigidbodies[2].pose.position.y,0.653467894604417
66.277885644,1709142536.960867788,1709142536.960284300,/rigid_bodies.rigidbodies[2].pose.position.y,0.6534286208047891
66.287665768,1709142536.970647912,1709142536.970126833,/rigid_bodies.rigidbodies[2].pose.position.y,0.6535361761291613
66.298117988,1709142536.981100132,1709142536.980647012,/rigid_bodies.rigidbodies[2].pose.position.y,0.6535219838832216
66.307914928,1709142536.990897072,1709142536.990486344,/rigid_bodies.rigidbodies[2].pose.position.y,0.6534433352390586
66.318396581,1709142537.001378725,1709142537.000735355,/rigid_bodies.rigidbodies[2].pose.position.y,0.653458086946195
66.327727558,1709142537.010709702,1709142537.010172526,/rigid_bodies.rigidbodies[2].pose.position.y,0.6534362516627595
66.338107705,1709142537.021089849,1709142537.020579281,/rigid_bodies.rigidbodies[2].pose.position.y,0.6534820980828289
66.348495017,1709142537.031477161,1709142537.030939034,/rigid_bodies.rigidbodies[2].pose.position.y,0.6535099459522341
66.357712374,1709142537.040694518,1709142537.040307424,/rigid_bodies.rigidbodies[2].pose.position.y,0.6534073881973245
66.368319169,1709142537.051301313,1709142537.050830871,/rigid_bodies.rigidbodies[2].pose.position.y,0.6533509276667934
66.37799407,1709142537.060976214,1709142537.060445197,/rigid_bodies.rigidbodies[2].pose.position.y,0.653436447124925
66.388031774,1709142537.071013918,1709142537.070513558,/rigid_bodies.rigidbodies[2].pose.position.y,0.6535135010288614
66.398389654,1709142537.081371798,1709142537.080741256,/rigid_bodies.rigidbodies[2].pose.position.y,0.653595048430983
66.407859693,1709142537.090841837,1709142537.090304933,/rigid_bodies.rigidbodies[2].pose.position.y,0.6535946669338264
66.417903857,1709142537.100886001,1709142537.100645782,/rigid_bodies.rigidbodies[2].pose.position.y,0.6534575646806234
66.427227881,1709142537.110210025,1709142537.110024373,/rigid_bodies.rigidbodies[2].pose.position.y,0.6533924729707841
66.437412273,1709142537.120394417,1709142537.120246697,/rigid_bodies.rigidbodies[2].pose.position.y,0.6534465858581854
66.447491708,1709142537.130473852,1709142537.130122654,/rigid_bodies.rigidbodies[2].pose.position.y,0.6534724607678059
66.45813547,1709142537.141117614,1709142537.140554519,/rigid_bodies.rigidbodies[2].pose.position.y,0.6534376421374979
66.468402272,1709142537.151384416,1709142537.150815627,/rigid_bodies.rigidbodies[2].pose.position.y,0.6534638688377578
66.478379438,1709142537.161361582,1709142537.160895837,/rigid_bodies.rigidbodies[2].pose.position.y,0.6534169237803266
66.488531534,1709142537.171513678,1709142537.170953745,/rigid_bodies.rigidbodies[2].pose.position.y,0.6534608757427679
66.498503479,1709142537.181485623,1709142537.180792331,/rigid_bodies.rigidbodies[2].pose.position.y,0.6535372377181166
66.508297723,1709142537.191279867,1709142537.190733866,/rigid_bodies.rigidbodies[2].pose.position.y,0.653493556935015
66.518330047,1709142537.201312191,1709142537.200784079,/rigid_bodies.rigidbodies[2].pose.position.y,0.6534641338496208
66.528204349,1709142537.211186493,1709142537.210336315,/rigid_bodies.rigidbodies[2].pose.position.y,0.6534670893428209
66.538786589,1709142537.221768733,1709142537.221159523,/rigid_bodies.rigidbodies[2].pose.position.y,0.6534730371366768
66.547178018,1709142537.230160162,1709142537.229777011,/rigid_bodies.rigidbodies[2].pose.position.y,0.6535213634503121
66.558166514,1709142537.241148658,1709142537.240696483,/rigid_bodies.rigidbodies[2].pose.position.y,0.653477588720355
66.568398061,1709142537.251380205,1709142537.250903923,/rigid_bodies.rigidbodies[2].pose.position.y,0.6534286088527109
66.578036359,1709142537.261018503,1709142537.260591800,/rigid_bodies.rigidbodies[2].pose.position.y,0.6534082939363044
66.588809437,1709142537.271791581,1709142537.271140843,/rigid_bodies.rigidbodies[2].pose.position.y,0.653434058335809
66.598520892,1709142537.281503036,1709142537.280838649,/rigid_bodies.rigidbodies[2].pose.position.y,0.6534743515998633
66.607979487,1709142537.290961631,1709142537.290504468,/rigid_bodies.rigidbodies[2].pose.position.y,0.653517187794515
66.618260202,1709142537.301242346,1709142537.300761662,/rigid_bodies.rigidbodies[2].pose.position.y,0.6534691902020064
66.626935326,1709142537.309917470,1709142537.309449531,/rigid_bodies.rigidbodies[2].pose.position.y,0.6533791901818777
66.638060297,1709142537.321042441,1709142537.320673941,/rigid_bodies.rigidbodies[2].pose.position.y,0.6534413129149867
66.648208537,1709142537.331190681,1709142537.330813230,/rigid_bodies.rigidbodies[2].pose.position.y,0.6535119187781027
66.658396929,1709142537.341379073,1709142537.340873191,/rigid_bodies.rigidbodies[2].pose.position.y,0.6534930467252589
66.667498666,1709142537.350480810,1709142537.350101488,/rigid_bodies.rigidbodies[2].pose.position.y,0.6535278752065146
66.67775128,1709142537.360733424,1709142537.360397686,/rigid_bodies.rigidbodies[2].pose.position.y,0.6534121945333713
66.688231128,1709142537.371213272,1709142537.370686856,/rigid_bodies.rigidbodies[2].pose.position.y,0.6534258891035507
66.698349328,1709142537.381331472,1709142537.380874769,/rigid_bodies.rigidbodies[2].pose.position.y,0.6535179208441041
66.708997413,1709142537.391979557,1709142537.391511113,/rigid_bodies.rigidbodies[2].pose.position.y,0.6535227781968345
66.717997237,1709142537.400979381,1709142537.400428696,/rigid_bodies.rigidbodies[2].pose.position.y,0.6534617535823739
66.72781635,1709142537.410798494,1709142537.410469995,/rigid_bodies.rigidbodies[2].pose.position.y,0.6534367906785925
66.737858006,1709142537.420840150,1709142537.420411527,/rigid_bodies.rigidbodies[2].pose.position.y,0.6534525980265729
66.748339239,1709142537.431321383,1709142537.430909868,/rigid_bodies.rigidbodies[2].pose.position.y,0.653513350583303
66.757708644,1709142537.440690788,1709142537.440346965,/rigid_bodies.rigidbodies[2].pose.position.y,0.6535412639856029
66.768875208,1709142537.451857352,1709142537.451260042,/rigid_bodies.rigidbodies[2].pose.position.y,0.6534878270172281
66.778179946,1709142537.461162090,1709142537.460522142,/rigid_bodies.rigidbodies[2].pose.position.y,0.6533789149598225
66.788620271,1709142537.471602415,1709142537.471037785,/rigid_bodies.rigidbodies[2].pose.position.y,0.6533822501530697
66.798731728,1709142537.481713872,1709142537.480877392,/rigid_bodies.rigidbodies[2].pose.position.y,0.6534411401448365
66.808449258,1709142537.491431402,1709142537.490800438,/rigid_bodies.rigidbodies[2].pose.position.y,0.6535190975696671
66.817348434,1709142537.500330578,1709142537.499751558,/rigid_bodies.rigidbodies[2].pose.position.y,0.6535189250183635
66.828525352,1709142537.511507496,1709142537.510791885,/rigid_bodies.rigidbodies[2].pose.position.y,0.6534306766497271
66.838834221,1709142537.521816365,1709142537.521211114,/rigid_bodies.rigidbodies[2].pose.position.y,0.6534150107047393
66.848106239,1709142537.531088383,1709142537.530675416,/rigid_bodies.rigidbodies[2].pose.position.y,0.6534873164345998
66.85872457,1709142537.541706714,1709142537.540993116,/rigid_bodies.rigidbodies[2].pose.position.y,0.6535499195464322
66.868672831,1709142537.551654975,1709142537.551112551,/rigid_bodies.rigidbodies[2].pose.position.y,0.6535425855489856
66.878051488,1709142537.561033632,1709142537.560556482,/rigid_bodies.rigidbodies[2].pose.position.y,0.653489576325798
66.888320446,1709142537.571302590,1709142537.570658710,/rigid_bodies.rigidbodies[2].pose.position.y,0.6534003692246777
66.898194104,1709142537.581176248,1709142537.580773086,/rigid_bodies.rigidbodies[2].pose.position.y,0.6534002507124997
66.907658025,1709142537.590640169,1709142537.590033996,/rigid_bodies.rigidbodies[2].pose.position.y,0.6534463558791788
66.918578385,1709142537.601560529,1709142537.600836408,/rigid_bodies.rigidbodies[2].pose.position.y,0.6534326907953503
66.92383035,1709142537.606812494,1709142537.606184249,/rigid_bodies.rigidbodies[2].pose.position.y,0.6534091417962508
66.937863056,1709142537.620845200,1709142537.620208791,/rigid_bodies.rigidbodies[2].pose.position.y,0.6534410269770586
66.948217599,1709142537.631199743,1709142537.630600450,/rigid_bodies.rigidbodies[2].pose.position.y,0.653465058952022
66.958712117,1709142537.641694261,1709142537.640954549,/rigid_bodies.rigidbodies[2].pose.position.y,0.6535274221584688
66.968183002,1709142537.651165146,1709142537.650614878,/rigid_bodies.rigidbodies[2].pose.position.y,0.6535099629572806
66.977998383,1709142537.660980527,1709142537.660375262,/rigid_bodies.rigidbodies[2].pose.position.y,0.6534288841584479
66.988472836,1709142537.671454980,1709142537.670785728,/rigid_bodies.rigidbodies[2].pose.position.y,0.6534559190034321
66.998042406,1709142537.681024550,1709142537.680513923,/rigid_bodies.rigidbodies[2].pose.position.y,0.6534884807320791
67.007970496,1709142537.690952640,1709142537.690440073,/rigid_bodies.rigidbodies[2].pose.position.y,0.6534808064307179
67.018232997,1709142537.701215141,1709142537.700612136,/rigid_bodies.rigidbodies[2].pose.position.y,0.6534998395683341
67.027979169,1709142537.710961313,1709142537.710507563,/rigid_bodies.rigidbodies[2].pose.position.y,0.6534572548064574
67.038746307,1709142537.721728451,1709142537.720887748,/rigid_bodies.rigidbodies[2].pose.position.y,0.6534129380100069
67.048130453,1709142537.731112597,1709142537.730740735,/rigid_bodies.rigidbodies[2].pose.position.y,0.6534742991229587
67.057937558,1709142537.740919702,1709142537.740526108,/rigid_bodies.rigidbodies[2].pose.position.y,0.6534695201397465
67.068534013,1709142537.751516157,1709142537.750858100,/rigid_bodies.rigidbodies[2].pose.position.y,0.6534723217403245
67.078564636,1709142537.761546780,1709142537.760879901,/rigid_bodies.rigidbodies[2].pose.position.y,0.6535121549249653
67.087881533,1709142537.770863677,1709142537.770384674,/rigid_bodies.rigidbodies[2].pose.position.y,0.6534201824927364
67.098947566,1709142537.781929710,1709142537.781184272,/rigid_bodies.rigidbodies[2].pose.position.y,0.6534107210778963
67.108337539,1709142537.791319683,1709142537.790579242,/rigid_bodies.rigidbodies[2].pose.position.y,0.6535059807282629
67.118608037,1709142537.801590181,1709142537.800887650,/rigid_bodies.rigidbodies[2].pose.position.y,0.6535355577100784
67.12811165,1709142537.811093794,1709142537.810486685,/rigid_bodies.rigidbodies[2].pose.position.y,0.6535145937581256
67.13852486,1709142537.821507004,1709142537.820846444,/rigid_bodies.rigidbodies[2].pose.position.y,0.6534867290288374
67.148462677,1709142537.831444821,1709142537.831098914,/rigid_bodies.rigidbodies[2].pose.position.y,0.6534678291612284
67.158379837,1709142537.841361981,1709142537.840925227,/rigid_bodies.rigidbodies[2].pose.position.y,0.6534463870617574
67.168157172,1709142537.851139316,1709142537.850642668,/rigid_bodies.rigidbodies[2].pose.position.y,0.6534968256628477
67.178127023,1709142537.861109167,1709142537.860585374,/rigid_bodies.rigidbodies[2].pose.position.y,0.6534610887932782
67.188031244,1709142537.871013388,1709142537.870478496,/rigid_bodies.rigidbodies[2].pose.position.y,0.6534297450509015
67.199312682,1709142537.882294826,1709142537.881635727,/rigid_bodies.rigidbodies[2].pose.position.y,0.6534826968685472
67.208367001,1709142537.891349145,1709142537.890766847,/rigid_bodies.rigidbodies[2].pose.position.y,0.6534564239232477
67.218082024,1709142537.901064168,1709142537.900613551,/rigid_bodies.rigidbodies[2].pose.position.y,0.6534374112925078
67.227687499,1709142537.910669643,1709142537.910135043,/rigid_bodies.rigidbodies[2].pose.position.y,0.6535137582424462
67.237991502,1709142537.920973646,1709142537.920518885,/rigid_bodies.rigidbodies[2].pose.position.y,0.6534708082138558
67.247816361,1709142537.930798505,1709142537.930529475,/rigid_bodies.rigidbodies[2].pose.position.y,0.6534580516864575
67.257407189,1709142537.940389333,1709142537.940104886,/rigid_bodies.rigidbodies[2].pose.position.y,0.6534646635767417
67.268106649,1709142537.951088793,1709142537.950703117,/rigid_bodies.rigidbodies[2].pose.position.y,0.6534016875024682
67.277969855,1709142537.960951999,1709142537.960694690,/rigid_bodies.rigidbodies[2].pose.position.y,0.6534901263096566
67.287912777,1709142537.970894921,1709142537.970656694,/rigid_bodies.rigidbodies[2].pose.position.y,0.6535208375528797
67.298402197,1709142537.981384341,1709142537.980878933,/rigid_bodies.rigidbodies[2].pose.position.y,0.6534675349272974
67.306979832,1709142537.989961976,1709142537.989715376,/rigid_bodies.rigidbodies[2].pose.position.y,0.6535170796330778
67.318219186,1709142538.001201330,1709142538.000816328,/rigid_bodies.rigidbodies[2].pose.position.y,0.6534650454377643
67.328065525,1709142538.011047669,1709142538.010590415,/rigid_bodies.rigidbodies[2].pose.position.y,0.6534147868791305
67.337500841,1709142538.020482985,1709142538.020132071,/rigid_bodies.rigidbodies[2].pose.position.y,0.6534565943659418
67.348078891,1709142538.031061035,1709142538.030785795,/rigid_bodies.rigidbodies[2].pose.position.y,0.6535033469612899
67.357684208,1709142538.040666352,1709142538.040404833,/rigid_bodies.rigidbodies[2].pose.position.y,0.6534704713767361
67.367909328,1709142538.050891472,1709142538.050623005,/rigid_bodies.rigidbodies[2].pose.position.y,0.6534731827991258
67.377726859,1709142538.060709003,1709142538.060453020,/rigid_bodies.rigidbodies[2].pose.position.y,0.653419534505418
67.387604241,1709142538.070586385,1709142538.070387992,/rigid_bodies.rigidbodies[2].pose.position.y,0.6534170428370076
67.397853078,1709142538.080835222,1709142538.080536202,/rigid_bodies.rigidbodies[2].pose.position.y,0.6535168183285377
67.406859279,1709142538.089841423,1709142538.089691842,/rigid_bodies.rigidbodies[2].pose.position.y,0.6535120456200912
67.417976049,1709142538.100958193,1709142538.100694373,/rigid_bodies.rigidbodies[2].pose.position.y,0.6534704531285123
67.427648166,1709142538.110630310,1709142538.110342521,/rigid_bodies.rigidbodies[2].pose.position.y,0.6534833572545816
67.438185512,1709142538.121167656,1709142538.120814759,/rigid_bodies.rigidbodies[2].pose.position.y,0.6534401135408665
67.448152733,1709142538.131134877,1709142538.130762951,/rigid_bodies.rigidbodies[2].pose.position.y,0.6534174122168247
67.458200659,1709142538.141182803,1709142538.140652199,/rigid_bodies.rigidbodies[2].pose.position.y,0.6534865184184632
67.468288283,1709142538.151270427,1709142538.150673809,/rigid_bodies.rigidbodies[2].pose.position.y,0.6534658807997176
67.477888097,1709142538.160870241,1709142538.160467112,/rigid_bodies.rigidbodies[2].pose.position.y,0.653445755148958
67.488428857,1709142538.171411001,1709142538.170953321,/rigid_bodies.rigidbodies[2].pose.position.y,0.6534648971567848
67.498677719,1709142538.181659863,1709142538.181105702,/rigid_bodies.rigidbodies[2].pose.position.y,0.653412127109024
67.508038581,1709142538.191020725,1709142538.190563343,/rigid_bodies.rigidbodies[2].pose.position.y,0.6534460968810144
67.518238811,1709142538.201220955,1709142538.200678905,/rigid_bodies.rigidbodies[2].pose.position.y,0.6534952985016895
67.527609224,1709142538.210591368,1709142538.210058725,/rigid_bodies.rigidbodies[2].pose.position.y,0.6534489670151788
67.538184658,1709142538.221166802,1709142538.220566483,/rigid_bodies.rigidbodies[2].pose.position.y,0.6534623888713281
67.548026071,1709142538.231008215,1709142538.230589236,/rigid_bodies.rigidbodies[2].pose.position.y,0.6535119599942572
67.557646378,1709142538.240628522,1709142538.240262601,/rigid_bodies.rigidbodies[2].pose.position.y,0.6534657792118672
67.567988288,1709142538.250970432,1709142538.250630075,/rigid_bodies.rigidbodies[2].pose.position.y,0.6534559053303775
67.577793697,1709142538.260775841,1709142538.260378311,/rigid_bodies.rigidbodies[2].pose.position.y,0.653472464877666
67.588187993,1709142538.271170137,1709142538.270645856,/rigid_bodies.rigidbodies[2].pose.position.y,0.6534255356065685
67.598454681,1709142538.281436825,1709142538.280853997,/rigid_bodies.rigidbodies[2].pose.position.y,0.6534902642321277
67.608132871,1709142538.291115015,1709142538.290587967,/rigid_bodies.rigidbodies[2].pose.position.y,0.6535052451235138
67.61864445,1709142538.301626594,1709142538.301026250,/rigid_bodies.rigidbodies[2].pose.position.y,0.6534234960388773
67.628239259,1709142538.311221403,1709142538.310643894,/rigid_bodies.rigidbodies[2].pose.position.y,0.6534422499501614
67.638224138,1709142538.321206282,1709142538.320738703,/rigid_bodies.rigidbodies[2].pose.position.y,0.653461786078776
67.647921013,1709142538.330903157,1709142538.330421005,/rigid_bodies.rigidbodies[2].pose.position.y,0.6534846471883647
67.658429275,1709142538.341411419,1709142538.340892238,/rigid_bodies.rigidbodies[2].pose.position.y,0.65352753991656
67.66803523,1709142538.351017374,1709142538.350605453,/rigid_bodies.rigidbodies[2].pose.position.y,0.6535020718380817
67.678007379,1709142538.360989523,1709142538.360500472,/rigid_bodies.rigidbodies[2].pose.position.y,0.6534709480297266
67.688195733,1709142538.371177877,1709142538.370883714,/rigid_bodies.rigidbodies[2].pose.position.y,0.6534332625712631
67.698966026,1709142538.381948170,1709142538.381559679,/rigid_bodies.rigidbodies[2].pose.position.y,0.6534543917997846
67.70803219,1709142538.391014334,1709142538.390568649,/rigid_bodies.rigidbodies[2].pose.position.y,0.6534945810607439
67.718402382,1709142538.401384526,1709142538.400773821,/rigid_bodies.rigidbodies[2].pose.position.y,0.6535462120946243
67.728203495,1709142538.411185639,1709142538.410643104,/rigid_bodies.rigidbodies[2].pose.position.y,0.6534797978413817
67.738026341,1709142538.421008485,1709142538.420639661,/rigid_bodies.rigidbodies[2].pose.position.y,0.6533763173062351
67.748463615,1709142538.431445759,1709142538.431086711,/rigid_bodies.rigidbodies[2].pose.position.y,0.6534158075650791
67.758190783,1709142538.441172927,1709142538.440732144,/rigid_bodies.rigidbodies[2].pose.position.y,0.6534756504210475
67.767647244,1709142538.450629388,1709142538.450284827,/rigid_bodies.rigidbodies[2].pose.position.y,0.653517622473521
67.777876849,1709142538.460858993,1709142538.460450972,/rigid_bodies.rigidbodies[2].pose.position.y,0.6535229037920532
67.788336772,1709142538.471318916,1709142538.470832472,/rigid_bodies.rigidbodies[2].pose.position.y,0.6534662857249327
67.798121988,1709142538.481104132,1709142538.480746069,/rigid_bodies.rigidbodies[2].pose.position.y,0.6534684460248888
67.808815815,1709142538.491797959,1709142538.491259308,/rigid_bodies.rigidbodies[2].pose.position.y,0.653486639775082
67.818009106,1709142538.500991250,1709142538.500499760,/rigid_bodies.rigidbodies[2].pose.position.y,0.6534354908420291
67.827987823,1709142538.510969967,1709142538.510535757,/rigid_bodies.rigidbodies[2].pose.position.y,0.6534265475217197
67.838724452,1709142538.521706596,1709142538.521165150,/rigid_bodies.rigidbodies[2].pose.position.y,0.6534845044954662
67.847547758,1709142538.530529902,1709142538.530234846,/rigid_bodies.rigidbodies[2].pose.position.y,0.6534616422335671
67.858066282,1709142538.541048426,1709142538.540537841,/rigid_bodies.rigidbodies[2].pose.position.y,0.6534811729672789
67.868431659,1709142538.551413803,1709142538.550874589,/rigid_bodies.rigidbodies[2].pose.position.y,0.653475772924292
67.877772066,1709142538.560754210,1709142538.560287070,/rigid_bodies.rigidbodies[2].pose.position.y,0.6534462170444865
67.887576726,1709142538.570558870,1709142538.570214863,/rigid_bodies.rigidbodies[2].pose.position.y,0.6534696550740438
67.898688986,1709142538.581671130,1709142538.581356381,/rigid_bodies.rigidbodies[2].pose.position.y,0.6535127030161236
67.907905155,1709142538.590887299,1709142538.590444822,/rigid_bodies.rigidbodies[2].pose.position.y,0.6534901547189323
67.917742609,1709142538.600724753,1709142538.600350209,/rigid_bodies.rigidbodies[2].pose.position.y,0.6534781536309809
67.928217735,1709142538.611199879,1709142538.610851470,/rigid_bodies.rigidbodies[2].pose.position.y,0.6534271349152885
67.93743343,1709142538.620415574,1709142538.620050258,/rigid_bodies.rigidbodies[2].pose.position.y,0.6533813778688412
67.948794017,1709142538.631776161,1709142538.631354386,/rigid_bodies.rigidbodies[2].pose.position.y,0.653459075562776
67.958121369,1709142538.641103513,1709142538.640599557,/rigid_bodies.rigidbodies[2].pose.position.y,0.65353896471178
67.967994694,1709142538.650976838,1709142538.650500350,/rigid_bodies.rigidbodies[2].pose.position.y,0.6535080720513015
67.977857785,1709142538.660839929,1709142538.660408004,/rigid_bodies.rigidbodies[2].pose.position.y,0.6535019836597613
67.987721389,1709142538.670703533,1709142538.670215392,/rigid_bodies.rigidbodies[2].pose.position.y,0.6534980266599387
67.998406251,1709142538.681388395,1709142538.680927301,/rigid_bodies.rigidbodies[2].pose.position.y,0.653465900438655
68.007507937,1709142538.690490081,1709142538.690251663,/rigid_bodies.rigidbodies[2].pose.position.y,0.6534769182989418
68.017931051,1709142538.700913195,1709142538.700523753,/rigid_bodies.rigidbodies[2].pose.position.y,0.6534790696261298
68.028689444,1709142538.711671588,1709142538.711058935,/rigid_bodies.rigidbodies[2].pose.position.y,0.653462031014256
68.038513795,1709142538.721495939,1709142538.721000355,/rigid_bodies.rigidbodies[2].pose.position.y,0.6534314032546383
68.048648416,1709142538.731630560,1709142538.731017916,/rigid_bodies.rigidbodies[2].pose.position.y,0.6534515069762433
68.058498993,1709142538.741481137,1709142538.740978309,/rigid_bodies.rigidbodies[2].pose.position.y,0.6534419030280448
68.06842807,1709142538.751410214,1709142538.750837213,/rigid_bodies.rigidbodies[2].pose.position.y,0.6534697051901076
68.078433953,1709142538.761416097,1709142538.760766001,/rigid_bodies.rigidbodies[2].pose.position.y,0.6534469981991805
68.088491101,1709142538.771473245,1709142538.770962091,/rigid_bodies.rigidbodies[2].pose.position.y,0.6534227486319918
68.098548954,1709142538.781531098,1709142538.781065770,/rigid_bodies.rigidbodies[2].pose.position.y,0.6534134525415981
68.108029896,1709142538.791012040,1709142538.790567073,/rigid_bodies.rigidbodies[2].pose.position.y,0.6534613403569071
68.118357607,1709142538.801339751,1709142538.800812121,/rigid_bodies.rigidbodies[2].pose.position.y,0.653517119586631
68.128088768,1709142538.811070912,1709142538.810315692,/rigid_bodies.rigidbodies[2].pose.position.y,0.6535182947367841
68.138224071,1709142538.821206215,1709142538.820662579,/rigid_bodies.rigidbodies[2].pose.position.y,0.6534842219396079
68.148345639,1709142538.831327783,1709142538.830919582,/rigid_bodies.rigidbodies[2].pose.position.y,0.6534590851736976
68.158094655,1709142538.841076799,1709142538.840611904,/rigid_bodies.rigidbodies[2].pose.position.y,0.6534886090769189
68.168028585,1709142538.851010729,1709142538.850584274,/rigid_bodies.rigidbodies[2].pose.position.y,0.6534866182249779
68.177784811,1709142538.860766955,1709142538.860321092,/rigid_bodies.rigidbodies[2].pose.position.y,0.6534129227873611
68.188237301,1709142538.871219445,1709142538.870703051,/rigid_bodies.rigidbodies[2].pose.position.y,0.6533978175726084
68.198504793,1709142538.881486937,1709142538.880939899,/rigid_bodies.rigidbodies[2].pose.position.y,0.653427506979784
68.207983042,1709142538.890965186,1709142538.890440263,/rigid_bodies.rigidbodies[2].pose.position.y,0.653470944530593
68.217994211,1709142538.900976355,1709142538.900467920,/rigid_bodies.rigidbodies[2].pose.position.y,0.6534784689100084
68.228066125,1709142538.911048269,1709142538.910595253,/rigid_bodies.rigidbodies[2].pose.position.y,0.6534636473900014
68.237996907,1709142538.920979051,1709142538.920371756,/rigid_bodies.rigidbodies[2].pose.position.y,0.6534415922573374
68.248113173,1709142538.931095317,1709142538.930775207,/rigid_bodies.rigidbodies[2].pose.position.y,0.6534640422633301
68.257708183,1709142538.940690327,1709142538.940327782,/rigid_bodies.rigidbodies[2].pose.position.y,0.6534731640009328
68.268177183,1709142538.951159327,1709142538.950674635,/rigid_bodies.rigidbodies[2].pose.position.y,0.6534690969460665
68.277725862,1709142538.960708006,1709142538.960296746,/rigid_bodies.rigidbodies[2].pose.position.y,0.6534936843945978
68.287956222,1709142538.970938366,1709142538.970540796,/rigid_bodies.rigidbodies[2].pose.position.y,0.6534365844589362
68.297862397,1709142538.980844541,1709142538.980276310,/rigid_bodies.rigidbodies[2].pose.position.y,0.6534226949712315
68.308101181,1709142538.991083325,1709142538.990625343,/rigid_bodies.rigidbodies[2].pose.position.y,0.6534873560252017
68.317620838,1709142539.000602982,1709142539.000210639,/rigid_bodies.rigidbodies[2].pose.position.y,0.6535143970390895
68.327763567,1709142539.010745711,1709142539.010173696,/rigid_bodies.rigidbodies[2].pose.position.y,0.6534240707236405
68.338618779,1709142539.021600923,1709142539.020980652,/rigid_bodies.rigidbodies[2].pose.position.y,0.6534268962529264
68.348460014,1709142539.031442158,1709142539.031047696,/rigid_bodies.rigidbodies[2].pose.position.y,0.6533943772205019
68.357991633,1709142539.040973777,1709142539.040486802,/rigid_bodies.rigidbodies[2].pose.position.y,0.6533892111304108
68.368269906,1709142539.051252050,1709142539.050800644,/rigid_bodies.rigidbodies[2].pose.position.y,0.65344925254091
68.377998214,1709142539.060980358,1709142539.060479128,/rigid_bodies.rigidbodies[2].pose.position.y,0.6534657326101236
68.388482596,1709142539.071464740,1709142539.070801839,/rigid_bodies.rigidbodies[2].pose.position.y,0.6534886327236544
68.398344123,1709142539.081326267,1709142539.080756577,/rigid_bodies.rigidbodies[2].pose.position.y,0.6535114552360417
68.409321161,1709142539.092303305,1709142539.091810981,/rigid_bodies.rigidbodies[2].pose.position.y,0.6534651329617801
68.418979168,1709142539.101961312,1709142539.101251541,/rigid_bodies.rigidbodies[2].pose.position.y,0.6534483490508007
68.428144188,1709142539.111126332,1709142539.110447145,/rigid_bodies.rigidbodies[2].pose.position.y,0.6534949888523921
68.437926254,1709142539.120908398,1709142539.120513329,/rigid_bodies.rigidbodies[2].pose.position.y,0.653497358579109
68.443443966,1709142539.126426110,1709142539.125989425,/rigid_bodies.rigidbodies[2].pose.position.y,0.6534916724897258
68.457883723,1709142539.140865867,1709142539.140321226,/rigid_bodies.rigidbodies[2].pose.position.y,0.6534699652009569
68.467999423,1709142539.150981567,1709142539.150384730,/rigid_bodies.rigidbodies[2].pose.position.y,0.6534231432543429
68.477958814,1709142539.160940958,1709142539.160474338,/rigid_bodies.rigidbodies[2].pose.position.y,0.6534179516000402
68.488302434,1709142539.171284578,1709142539.170673301,/rigid_bodies.rigidbodies[2].pose.position.y,0.6534287876929855
68.498767977,1709142539.181750121,1709142539.181305163,/rigid_bodies.rigidbodies[2].pose.position.y,0.6534218445686919
68.507302509,1709142539.190284653,1709142539.189688128,/rigid_bodies.rigidbodies[2].pose.position.y,0.6534749460901356
68.51825746,1709142539.201239604,1709142539.200777987,/rigid_bodies.rigidbodies[2].pose.position.y,0.6534861851305334
68.52757549,1709142539.210557634,1709142539.210235868,/rigid_bodies.rigidbodies[2].pose.position.y,0.6534502773759198
68.538236379,1709142539.221218523,1709142539.220717211,/rigid_bodies.rigidbodies[2].pose.position.y,0.6534587569826437
68.548303123,1709142539.231285267,1709142539.230817699,/rigid_bodies.rigidbodies[2].pose.position.y,0.653487850552415
68.558245763,1709142539.241227907,1709142539.240789486,/rigid_bodies.rigidbodies[2].pose.position.y,0.653472975430609
68.568226445,1709142539.251208589,1709142539.250747064,/rigid_bodies.rigidbodies[2].pose.position.y,0.6534927049742136
68.578155737,1709142539.261137881,1709142539.260636825,/rigid_bodies.rigidbodies[2].pose.position.y,0.6535010215674466
68.588470955,1709142539.271453099,1709142539.270970605,/rigid_bodies.rigidbodies[2].pose.position.y,0.6534509414308598
68.598145127,1709142539.281127271,1709142539.280690617,/rigid_bodies.rigidbodies[2].pose.position.y,0.6534349712822504
68.608408788,1709142539.291390932,1709142539.290870162,/rigid_bodies.rigidbodies[2].pose.position.y,0.6534453458076867
68.618230587,1709142539.301212731,1709142539.300792131,/rigid_bodies.rigidbodies[2].pose.position.y,0.6533927329456428
68.627293059,1709142539.310275203,1709142539.309902417,/rigid_bodies.rigidbodies[2].pose.position.y,0.653413875740267
68.639435876,1709142539.322418020,1709142539.321782590,/rigid_bodies.rigidbodies[2].pose.position.y,0.6534812985552217
68.64801447400001,1709142539.330996618,1709142539.330658831,/rigid_bodies.rigidbodies[2].pose.position.y,0.6534553756663353
68.657761052,1709142539.340743196,1709142539.340305937,/rigid_bodies.rigidbodies[2].pose.position.y,0.6534643695951071
68.668012729,1709142539.350994873,1709142539.350241242,/rigid_bodies.rigidbodies[2].pose.position.y,0.6534776306823906
68.677457796,1709142539.360439940,1709142539.359927638,/rigid_bodies.rigidbodies[2].pose.position.y,0.6534655822368071
68.688235652,1709142539.371217796,1709142539.370643412,/rigid_bodies.rigidbodies[2].pose.position.y,0.653471213785661
68.698885545,1709142539.381867689,1709142539.381251200,/rigid_bodies.rigidbodies[2].pose.position.y,0.6534738027645701
68.708427411,1709142539.391409555,1709142539.390847132,/rigid_bodies.rigidbodies[2].pose.position.y,0.6534724073883407
68.718108488,1709142539.401090632,1709142539.400582408,/rigid_bodies.rigidbodies[2].pose.position.y,0.6534838056128399
68.727933268,1709142539.410915412,1709142539.410197653,/rigid_bodies.rigidbodies[2].pose.position.y,0.6534182079937072
68.738069045,1709142539.421051189,1709142539.420590334,/rigid_bodies.rigidbodies[2].pose.position.y,0.6533965653165493
68.748096832,1709142539.431078976,1709142539.430723103,/rigid_bodies.rigidbodies[2].pose.position.y,0.6534656387817438
68.758107327,1709142539.441089471,1709142539.440611975,/rigid_bodies.rigidbodies[2].pose.position.y,0.6534798040168063
68.768162591,1709142539.451144735,1709142539.450730929,/rigid_bodies.rigidbodies[2].pose.position.y,0.6534771794865071
68.777881327,1709142539.460863471,1709142539.460429578,/rigid_bodies.rigidbodies[2].pose.position.y,0.6534309474564465
68.788262734,1709142539.471244878,1709142539.470792861,/rigid_bodies.rigidbodies[2].pose.position.y,0.653414912838185
68.798414641,1709142539.481396785,1709142539.480795535,/rigid_bodies.rigidbodies[2].pose.position.y,0.6534323421266625
68.808316181,1709142539.491298325,1709142539.490816889,/rigid_bodies.rigidbodies[2].pose.position.y,0.6534676653486355
68.817369975,1709142539.500352119,1709142539.499852033,/rigid_bodies.rigidbodies[2].pose.position.y,0.6534675169163914
68.828385498,1709142539.511367642,1709142539.510740413,/rigid_bodies.rigidbodies[2].pose.position.y,0.6534517999493964
68.838456728,1709142539.521438872,1709142539.520957679,/rigid_bodies.rigidbodies[2].pose.position.y,0.6534952942894412
68.848047635,1709142539.531029779,1709142539.530592320,/rigid_bodies.rigidbodies[2].pose.position.y,0.6534570667612674
68.858147758,1709142539.541129902,1709142539.540713167,/rigid_bodies.rigidbodies[2].pose.position.y,0.653428058343447
68.867427001,1709142539.550409145,1709142539.549975740,/rigid_bodies.rigidbodies[2].pose.position.y,0.6534918690627103
68.877296874,1709142539.560279018,1709142539.559706029,/rigid_bodies.rigidbodies[2].pose.position.y,0.6534901927426285
68.888014677,1709142539.570996821,1709142539.570407679,/rigid_bodies.rigidbodies[2].pose.position.y,0.6534566381870911
68.89795509,1709142539.580937234,1709142539.580501977,/rigid_bodies.rigidbodies[2].pose.position.y,0.653419232403223
68.908257445,1709142539.591239589,1709142539.590649701,/rigid_bodies.rigidbodies[2].pose.position.y,0.6534121822129861
68.918095304,1709142539.601077448,1709142539.600623085,/rigid_bodies.rigidbodies[2].pose.position.y,0.6534339297852673
68.927754521,1709142539.610736665,1709142539.610255572,/rigid_bodies.rigidbodies[2].pose.position.y,0.6534345107362463
68.938493719,1709142539.621475863,1709142539.620850893,/rigid_bodies.rigidbodies[2].pose.position.y,0.6533710866434336
68.948180354,1709142539.631162498,1709142539.630727457,/rigid_bodies.rigidbodies[2].pose.position.y,0.6534152712684974
68.95782292,1709142539.640805064,1709142539.640356031,/rigid_bodies.rigidbodies[2].pose.position.y,0.6535231267036241
68.968418336,1709142539.651400480,1709142539.650813422,/rigid_bodies.rigidbodies[2].pose.position.y,0.6535103577909908
68.977935434,1709142539.660917578,1709142539.660426844,/rigid_bodies.rigidbodies[2].pose.position.y,0.6534621245863965
68.98825042,1709142539.671232564,1709142539.670769213,/rigid_bodies.rigidbodies[2].pose.position.y,0.6534549429176719
68.999005434,1709142539.681987578,1709142539.681468759,/rigid_bodies.rigidbodies[2].pose.position.y,0.6534504847355711
69.00842421,1709142539.691406354,1709142539.690825431,/rigid_bodies.rigidbodies[2].pose.position.y,0.6534990243822547
69.018273104,1709142539.701255248,1709142539.700779723,/rigid_bodies.rigidbodies[2].pose.position.y,0.6534967217307053
69.028208732,1709142539.711190876,1709142539.710744341,/rigid_bodies.rigidbodies[2].pose.position.y,0.6534660618750583
69.038564163,1709142539.721546307,1709142539.721026761,/rigid_bodies.rigidbodies[2].pose.position.y,0.6534664423428992
69.0481617,1709142539.731143844,1709142539.730709934,/rigid_bodies.rigidbodies[2].pose.position.y,0.6534469486427544
69.05821776,1709142539.741199904,1709142539.740810693,/rigid_bodies.rigidbodies[2].pose.position.y,0.6534011021247573
69.068172714,1709142539.751154858,1709142539.750733622,/rigid_bodies.rigidbodies[2].pose.position.y,0.6534465060827186
69.077965938,1709142539.760948082,1709142539.760512696,/rigid_bodies.rigidbodies[2].pose.position.y,0.6534871688763517
69.08842713,1709142539.771409274,1709142539.770748222,/rigid_bodies.rigidbodies[2].pose.position.y,0.6534395617958572
69.098705988,1709142539.781688132,1709142539.781044084,/rigid_bodies.rigidbodies[2].pose.position.y,0.6534369648323367
69.108070908,1709142539.791053052,1709142539.790619144,/rigid_bodies.rigidbodies[2].pose.position.y,0.6534786993822992
69.11857922,1709142539.801561364,1709142539.800957270,/rigid_bodies.rigidbodies[2].pose.position.y,0.6534824482219713
69.12814017,1709142539.811122314,1709142539.810623407,/rigid_bodies.rigidbodies[2].pose.position.y,0.6534852506335211
69.138232485,1709142539.821214629,1709142539.820800868,/rigid_bodies.rigidbodies[2].pose.position.y,0.6534426701349484
69.148482017,1709142539.831464161,1709142539.830901714,/rigid_bodies.rigidbodies[2].pose.position.y,0.6534387976651616
69.158336122,1709142539.841318266,1709142539.840954249,/rigid_bodies.rigidbodies[2].pose.position.y,0.6535271129128594
69.16843385,1709142539.851415994,1709142539.850951291,/rigid_bodies.rigidbodies[2].pose.position.y,0.6535173177611482
69.177702708,1709142539.860684852,1709142539.860030674,/rigid_bodies.rigidbodies[2].pose.position.y,0.6534066567816819
69.188871289,1709142539.871853433,1709142539.871092852,/rigid_bodies.rigidbodies[2].pose.position.y,0.6534246510802679
69.198768646,1709142539.881750790,1709142539.881163320,/rigid_bodies.rigidbodies[2].pose.position.y,0.6534581103043753
69.208073067,1709142539.891055211,1709142539.890543236,/rigid_bodies.rigidbodies[2].pose.position.y,0.6534646351493605
69.218487925,1709142539.901470069,1709142539.900844142,/rigid_bodies.rigidbodies[2].pose.position.y,0.6534555073582482
69.227703663,1709142539.910685807,1709142539.910193307,/rigid_bodies.rigidbodies[2].pose.position.y,0.6534252910385779
69.238178785,1709142539.921160929,1709142539.920754003,/rigid_bodies.rigidbodies[2].pose.position.y,0.6534425712051019
69.248664052,1709142539.931646196,1709142539.931186328,/rigid_bodies.rigidbodies[2].pose.position.y,0.6534850131307285
69.258119797,1709142539.941101941,1709142539.940612910,/rigid_bodies.rigidbodies[2].pose.position.y,0.6534293465622081
69.268532874,1709142539.951515018,1709142539.950978339,/rigid_bodies.rigidbodies[2].pose.position.y,0.6534616412026072
69.278681822,1709142539.961663966,1709142539.961187170,/rigid_bodies.rigidbodies[2].pose.position.y,0.6535264656726457
69.28829832,1709142539.971280464,1709142539.970771732,/rigid_bodies.rigidbodies[2].pose.position.y,0.6535207696140509
69.297976368,1709142539.980958512,1709142539.980549828,/rigid_bodies.rigidbodies[2].pose.position.y,0.6534753289765073
69.308506965,1709142539.991489109,1709142539.991016080,/rigid_bodies.rigidbodies[2].pose.position.y,0.6534924698201794
69.318239867,1709142540.001222011,1709142540.000625948,/rigid_bodies.rigidbodies[2].pose.position.y,0.6534956166701202
69.327512751,1709142540.010494895,1709142540.009985465,/rigid_bodies.rigidbodies[2].pose.position.y,0.6534127645047599
69.338525465,1709142540.021507609,1709142540.020799021,/rigid_bodies.rigidbodies[2].pose.position.y,0.6533863671799257
69.347955322,1709142540.030937466,1709142540.030531551,/rigid_bodies.rigidbodies[2].pose.position.y,0.6534331052047129
69.357646905,1709142540.040629049,1709142540.040405581,/rigid_bodies.rigidbodies[2].pose.position.y,0.6534673815381156
69.367569181,1709142540.050551325,1709142540.050328112,/rigid_bodies.rigidbodies[2].pose.position.y,0.6534855599515115
69.377255653,1709142540.060237797,1709142540.059998085,/rigid_bodies.rigidbodies[2].pose.position.y,0.6534323151549312
69.387764388,1709142540.070746532,1709142540.070544363,/rigid_bodies.rigidbodies[2].pose.position.y,0.6534368695232877
69.398056528,1709142540.081038672,1709142540.080717409,/rigid_bodies.rigidbodies[2].pose.position.y,0.6535040847560597
69.407701118,1709142540.090683262,1709142540.090418881,/rigid_bodies.rigidbodies[2].pose.position.y,0.6535019943083369
69.417706546,1709142540.100688690,1709142540.100460125,/rigid_bodies.rigidbodies[2].pose.position.y,0.6534841476501622
69.427264186,1709142540.110246330,1709142540.110040694,/rigid_bodies.rigidbodies[2].pose.position.y,0.6535002051884116
69.437902117,1709142540.120884261,1709142540.120562211,/rigid_bodies.rigidbodies[2].pose.position.y,0.6534687902161812
69.448464729,1709142540.131446873,1709142540.131072477,/rigid_bodies.rigidbodies[2].pose.position.y,0.6534501559464837
69.458172249,1709142540.141154393,1709142540.140669073,/rigid_bodies.rigidbodies[2].pose.position.y,0.6534303903595216
69.468485408,1709142540.151467552,1709142540.150855408,/rigid_bodies.rigidbodies[2].pose.position.y,0.6534112506479949
69.478034015,1709142540.161016159,1709142540.160591399,/rigid_bodies.rigidbodies[2].pose.position.y,0.6534386288687756
69.488198442,1709142540.171180586,1709142540.170648201,/rigid_bodies.rigidbodies[2].pose.position.y,0.6534666370049684
69.498485482,1709142540.181467626,1709142540.180849158,/rigid_bodies.rigidbodies[2].pose.position.y,0.6534160925167943
69.508238604,1709142540.191220748,1709142540.190644622,/rigid_bodies.rigidbodies[2].pose.position.y,0.6534664398814422
69.517951344,1709142540.200933488,1709142540.200402866,/rigid_bodies.rigidbodies[2].pose.position.y,0.6535189178010442
69.527180044,1709142540.210162188,1709142540.209712647,/rigid_bodies.rigidbodies[2].pose.position.y,0.653478040596144
69.53842236,1709142540.221404504,1709142540.220878453,/rigid_bodies.rigidbodies[2].pose.position.y,0.653456321117941
69.547709946,1709142540.230692090,1709142540.230383238,/rigid_bodies.rigidbodies[2].pose.position.y,0.6534635862756967
69.558274655,1709142540.241256799,1709142540.240764651,/rigid_bodies.rigidbodies[2].pose.position.y,0.653480140454082
69.567795189,1709142540.250777333,1709142540.250277888,/rigid_bodies.rigidbodies[2].pose.position.y,0.6535131675001338
69.578088991,1709142540.261071135,1709142540.260530376,/rigid_bodies.rigidbodies[2].pose.position.y,0.6534462686241622
69.588864267,1709142540.271846411,1709142540.271159249,/rigid_bodies.rigidbodies[2].pose.position.y,0.6533480606070465
69.598487337,1709142540.281469481,1709142540.280833129,/rigid_bodies.rigidbodies[2].pose.position.y,0.6533996472465075
69.607896091,1709142540.290878235,1709142540.290490631,/rigid_bodies.rigidbodies[2].pose.position.y,0.653466871423417
69.618187594,1709142540.301169738,1709142540.300558884,/rigid_bodies.rigidbodies[2].pose.position.y,0.6534680184580436
69.628623622,1709142540.311605766,1709142540.311001534,/rigid_bodies.rigidbodies[2].pose.position.y,0.6535099891414671
69.63870925,1709142540.321691394,1709142540.321131664,/rigid_bodies.rigidbodies[2].pose.position.y,0.6534880308133002
69.647952506,1709142540.330934650,1709142540.330548398,/rigid_bodies.rigidbodies[2].pose.position.y,0.6534245058932805
69.658136354,1709142540.341118498,1709142540.340753204,/rigid_bodies.rigidbodies[2].pose.position.y,0.6534470115034956
69.668076684,1709142540.351058828,1709142540.350687132,/rigid_bodies.rigidbodies[2].pose.position.y,0.6534439584090814
69.677471573,1709142540.360453717,1709142540.360098211,/rigid_bodies.rigidbodies[2].pose.position.y,0.6534179901185753
69.688355215,1709142540.371337359,1709142540.370908537,/rigid_bodies.rigidbodies[2].pose.position.y,0.6534583406079197
69.698902096,1709142540.381884240,1709142540.381513947,/rigid_bodies.rigidbodies[2].pose.position.y,0.6534277493222187
69.707418228,1709142540.390400372,1709142540.390131776,/rigid_bodies.rigidbodies[2].pose.position.y,0.6534646905227178
69.71765906,1709142540.400641204,1709142540.400235672,/rigid_bodies.rigidbodies[2].pose.position.y,0.6535682063370195
69.727343538,1709142540.410325682,1709142540.409881171,/rigid_bodies.rigidbodies[2].pose.position.y,0.6535107513731245
69.738550973,1709142540.421533117,1709142540.421150851,/rigid_bodies.rigidbodies[2].pose.position.y,0.6534312822013256
69.748199024,1709142540.431181168,1709142540.430840852,/rigid_bodies.rigidbodies[2].pose.position.y,0.6534361239311677
69.757745372,1709142540.440727516,1709142540.440306956,/rigid_bodies.rigidbodies[2].pose.position.y,0.6533842047610103
69.768017074,1709142540.450999218,1709142540.450578833,/rigid_bodies.rigidbodies[2].pose.position.y,0.6534367767614752
69.777556255,1709142540.460538399,1709142540.460370559,/rigid_bodies.rigidbodies[2].pose.position.y,0.6534422654093892
69.788239204,1709142540.471221348,1709142540.470720198,/rigid_bodies.rigidbodies[2].pose.position.y,0.6534035886176013
69.799006504,1709142540.481988648,1709142540.481406029,/rigid_bodies.rigidbodies[2].pose.position.y,0.6534716303598993
69.807830563,1709142540.490812707,1709142540.490363547,/rigid_bodies.rigidbodies[2].pose.position.y,0.6535182890144242
69.818078546,1709142540.501060690,1709142540.500641180,/rigid_bodies.rigidbodies[2].pose.position.y,0.6534679721923068
69.828304956,1709142540.511287100,1709142540.510616981,/rigid_bodies.rigidbodies[2].pose.position.y,0.6534751571154329
69.837658629,1709142540.520640773,1709142540.520203148,/rigid_bodies.rigidbodies[2].pose.position.y,0.6534328529851631
69.848110849,1709142540.531092993,1709142540.530737983,/rigid_bodies.rigidbodies[2].pose.position.y,0.6534220227963785
69.85805043,1709142540.541032574,1709142540.540534307,/rigid_bodies.rigidbodies[2].pose.position.y,0.6534594172430986
69.868361337,1709142540.551343481,1709142540.550899067,/rigid_bodies.rigidbodies[2].pose.position.y,0.6534752118842766
69.877865417,1709142540.560847561,1709142540.560429528,/rigid_bodies.rigidbodies[2].pose.position.y,0.653469777757932
69.888100426,1709142540.571082570,1709142540.570484298,/rigid_bodies.rigidbodies[2].pose.position.y,0.653508817992533
69.898327938,1709142540.581310082,1709142540.580700846,/rigid_bodies.rigidbodies[2].pose.position.y,0.6534340424416017
69.90799085,1709142540.590972994,1709142540.590620031,/rigid_bodies.rigidbodies[2].pose.position.y,0.6533707350399315
69.918548597,1709142540.601530741,1709142540.600991392,/rigid_bodies.rigidbodies[2].pose.position.y,0.653476621502576
69.927957021,1709142540.610939165,1709142540.610420480,/rigid_bodies.rigidbodies[2].pose.position.y,0.6534715592107323
69.938072981,1709142540.621055125,1709142540.620607542,/rigid_bodies.rigidbodies[2].pose.position.y,0.6534150807464695
69.948160266,1709142540.631142410,1709142540.630781778,/rigid_bodies.rigidbodies[2].pose.position.y,0.6534325088687377
69.958023651,1709142540.641005795,1709142540.640606944,/rigid_bodies.rigidbodies[2].pose.position.y,0.6534640901780988
69.96809923,1709142540.651081374,1709142540.650719583,/rigid_bodies.rigidbodies[2].pose.position.y,0.6534987015445224
69.977670859,1709142540.660653003,1709142540.660254811,/rigid_bodies.rigidbodies[2].pose.position.y,0.6535778433091984
69.988066147,1709142540.671048291,1709142540.670716224,/rigid_bodies.rigidbodies[2].pose.position.y,0.6534735843811263
69.997874478,1709142540.680856622,1709142540.680517585,/rigid_bodies.rigidbodies[2].pose.position.y,0.6534366851961955
70.007782237,1709142540.690764381,1709142540.690277927,/rigid_bodies.rigidbodies[2].pose.position.y,0.6534381608437987
70.017825735,1709142540.700807879,1709142540.700580084,/rigid_bodies.rigidbodies[2].pose.position.y,0.6533829381041918
70.027850073,1709142540.710832217,1709142540.710500455,/rigid_bodies.rigidbodies[2].pose.position.y,0.6534219289352154
70.037024057,1709142540.720006201,1709142540.719787225,/rigid_bodies.rigidbodies[2].pose.position.y,0.6534859570888458
70.048180744,1709142540.731162888,1709142540.730815110,/rigid_bodies.rigidbodies[2].pose.position.y,0.6534350289201628
70.058130057,1709142540.741112201,1709142540.740513397,/rigid_bodies.rigidbodies[2].pose.position.y,0.6534818142066602
70.068330708,1709142540.751312852,1709142540.750800484,/rigid_bodies.rigidbodies[2].pose.position.y,0.6535130407114472
70.078301559,1709142540.761283703,1709142540.760691076,/rigid_bodies.rigidbodies[2].pose.position.y,0.6534482647314405
70.088303347,1709142540.771285491,1709142540.770758725,/rigid_bodies.rigidbodies[2].pose.position.y,0.6534883218333446
70.097926795,1709142540.780908939,1709142540.780446267,/rigid_bodies.rigidbodies[2].pose.position.y,0.6534691314900326
70.107871203,1709142540.790853347,1709142540.790397754,/rigid_bodies.rigidbodies[2].pose.position.y,0.6533624168754397
70.117961945,1709142540.800944089,1709142540.800374526,/rigid_bodies.rigidbodies[2].pose.position.y,0.6534484408957189
70.128029817,1709142540.811011961,1709142540.810517741,/rigid_bodies.rigidbodies[2].pose.position.y,0.6535178595682931
70.13856802,1709142540.821550164,1709142540.820909951,/rigid_bodies.rigidbodies[2].pose.position.y,0.6534692674636217
70.148248503,1709142540.831230647,1709142540.830883413,/rigid_bodies.rigidbodies[2].pose.position.y,0.6535097087600898
70.157851914,1709142540.840834058,1709142540.840430744,/rigid_bodies.rigidbodies[2].pose.position.y,0.6534711077445833
70.167987471,1709142540.850969615,1709142540.850572483,/rigid_bodies.rigidbodies[2].pose.position.y,0.6534278189971289
70.178169435,1709142540.861151579,1709142540.860616285,/rigid_bodies.rigidbodies[2].pose.position.y,0.6534815521390495
70.188266024,1709142540.871248168,1709142540.870726006,/rigid_bodies.rigidbodies[2].pose.position.y,0.653425677059022
70.19812806,1709142540.881110204,1709142540.880750659,/rigid_bodies.rigidbodies[2].pose.position.y,0.6533786622112818
70.208330572,1709142540.891312716,1709142540.890691244,/rigid_bodies.rigidbodies[2].pose.position.y,0.6534643957729873
70.218360709,1709142540.901342853,1709142540.900773312,/rigid_bodies.rigidbodies[2].pose.position.y,0.6534758017189959
70.227868597,1709142540.910850741,1709142540.910468227,/rigid_bodies.rigidbodies[2].pose.position.y,0.6534669253263802
70.238460118,1709142540.921442262,1709142540.920675951,/rigid_bodies.rigidbodies[2].pose.position.y,0.6535623051174925
70.248834131,1709142540.931816275,1709142540.931434735,/rigid_bodies.rigidbodies[2].pose.position.y,0.6535287246490706
70.257984302,1709142540.940966446,1709142540.940592817,/rigid_bodies.rigidbodies[2].pose.position.y,0.6534738560255582
70.268782171,1709142540.951764315,1709142540.951299323,/rigid_bodies.rigidbodies[2].pose.position.y,0.6534705220549566
70.277683208,1709142540.960665352,1709142540.960293322,/rigid_bodies.rigidbodies[2].pose.position.y,0.6534074956911118
70.28812103,1709142540.971103174,1709142540.970659225,/rigid_bodies.rigidbodies[2].pose.position.y,0.6534604719661581
70.298520961,1709142540.981503105,1709142540.980942013,/rigid_bodies.rigidbodies[2].pose.position.y,0.6534935581583345
70.307783194,1709142540.990765338,1709142540.990321857,/rigid_bodies.rigidbodies[2].pose.position.y,0.6534385608663302
70.31852576,1709142541.001507904,1709142541.000961154,/rigid_bodies.rigidbodies[2].pose.position.y,0.6534658707367036
70.327965635,1709142541.010947779,1709142541.010574214,/rigid_bodies.rigidbodies[2].pose.position.y,0.6534918986311221
70.338023292,1709142541.021005436,1709142541.020702105,/rigid_bodies.rigidbodies[2].pose.position.y,0.6534444940993058
70.347946439,1709142541.030928583,1709142541.030654395,/rigid_bodies.rigidbodies[2].pose.position.y,0.6534427933822963
70.357708857,1709142541.040691001,1709142541.040376222,/rigid_bodies.rigidbodies[2].pose.position.y,0.6534443634380845
70.367831755,1709142541.050813899,1709142541.050527109,/rigid_bodies.rigidbodies[2].pose.position.y,0.6534156313829008
70.378114454,1709142541.061096598,1709142541.060777641,/rigid_bodies.rigidbodies[2].pose.position.y,0.653441891054982
70.388190558,1709142541.071172702,1709142541.070862104,/rigid_bodies.rigidbodies[2].pose.position.y,0.6534571471776015
70.398677449,1709142541.081659593,1709142541.081201461,/rigid_bodies.rigidbodies[2].pose.position.y,0.6534720006497247
70.408122051,1709142541.091104195,1709142541.090758013,/rigid_bodies.rigidbodies[2].pose.position.y,0.6535896961494729
70.418258791,1709142541.101240935,1709142541.100929567,/rigid_bodies.rigidbodies[2].pose.position.y,0.6535643038644496
70.427665511,1709142541.110647655,1709142541.110321316,/rigid_bodies.rigidbodies[2].pose.position.y,0.6534673903592353
70.438238373,1709142541.121220517,1709142541.120767104,/rigid_bodies.rigidbodies[2].pose.position.y,0.6534428750333646
70.448389019,1709142541.131371163,1709142541.130922769,/rigid_bodies.rigidbodies[2].pose.position.y,0.6534220160872873
70.457858682,1709142541.140840826,1709142541.140394915,/rigid_bodies.rigidbodies[2].pose.position.y,0.6533762949723704
70.468435884,1709142541.151418028,1709142541.150981654,/rigid_bodies.rigidbodies[2].pose.position.y,0.6534299884384083
70.473838736,1709142541.156820880,1709142541.156235703,/rigid_bodies.rigidbodies[2].pose.position.y,0.653438787892198
70.488072726,1709142541.171054870,1709142541.170632190,/rigid_bodies.rigidbodies[2].pose.position.y,0.6534505132545464
70.498589937,1709142541.181572081,1709142541.181190495,/rigid_bodies.rigidbodies[2].pose.position.y,0.6535043918248665
70.508413716,1709142541.191395860,1709142541.190799544,/rigid_bodies.rigidbodies[2].pose.position.y,0.6534575882308981
70.517682146,1709142541.200664290,1709142541.200219370,/rigid_bodies.rigidbodies[2].pose.position.y,0.6534280809912818
70.528029808,1709142541.211011952,1709142541.210620683,/rigid_bodies.rigidbodies[2].pose.position.y,0.6534795279101777
70.538416666,1709142541.221398810,1709142541.220951134,/rigid_bodies.rigidbodies[2].pose.position.y,0.6534277664867784
70.548119423,1709142541.231101567,1709142541.230804851,/rigid_bodies.rigidbodies[2].pose.position.y,0.6534352802482675
70.557644099,1709142541.240626243,1709142541.240222136,/rigid_bodies.rigidbodies[2].pose.position.y,0.6534790097244838
70.568139348,1709142541.251121492,1709142541.250724960,/rigid_bodies.rigidbodies[2].pose.position.y,0.6534690103340725
70.577866816,1709142541.260848960,1709142541.260500790,/rigid_bodies.rigidbodies[2].pose.position.y,0.6534684200168215
70.588509669,1709142541.271491813,1709142541.270971064,/rigid_bodies.rigidbodies[2].pose.position.y,0.6534589313655934
70.598443484,1709142541.281425628,1709142541.280935993,/rigid_bodies.rigidbodies[2].pose.position.y,0.6533970597210157
70.60798464,1709142541.290966784,1709142541.290502481,/rigid_bodies.rigidbodies[2].pose.position.y,0.6534158083707868
70.61812,1709142541.301102144,1709142541.300713793,/rigid_bodies.rigidbodies[2].pose.position.y,0.6534429237059036
70.627934575,1709142541.310916719,1709142541.310484363,/rigid_bodies.rigidbodies[2].pose.position.y,0.6534193826923539
70.638481879,1709142541.321464023,1709142541.320928679,/rigid_bodies.rigidbodies[2].pose.position.y,0.6534182189437989
70.648075975,1709142541.331058119,1709142541.330704576,/rigid_bodies.rigidbodies[2].pose.position.y,0.6534457974502351
70.658097197,1709142541.341079341,1709142541.340454090,/rigid_bodies.rigidbodies[2].pose.position.y,0.6534655293237279
70.668413869,1709142541.351396013,1709142541.350780300,/rigid_bodies.rigidbodies[2].pose.position.y,0.6535409588954919
70.677477294,1709142541.360459438,1709142541.360019449,/rigid_bodies.rigidbodies[2].pose.position.y,0.6535631032524464
70.688760787,1709142541.371742931,1709142541.371025818,/rigid_bodies.rigidbodies[2].pose.position.y,0.6534679279387963
70.69907126,1709142541.382053404,1709142541.381493458,/rigid_bodies.rigidbodies[2].pose.position.y,0.6534118953476727
70.708574031,1709142541.391556175,1709142541.391023110,/rigid_bodies.rigidbodies[2].pose.position.y,0.6534210686855884
70.718909244,1709142541.401891388,1709142541.401163282,/rigid_bodies.rigidbodies[2].pose.position.y,0.6534044952231713
70.728218747,1709142541.411200891,1709142541.410648786,/rigid_bodies.rigidbodies[2].pose.position.y,0.6534708429347634
70.738056486,1709142541.421038630,1709142541.420551110,/rigid_bodies.rigidbodies[2].pose.position.y,0.6534898444771581
70.747894442,1709142541.430876586,1709142541.430447665,/rigid_bodies.rigidbodies[2].pose.position.y,0.6534227538458324
70.758185773,1709142541.441167917,1709142541.440701932,/rigid_bodies.rigidbodies[2].pose.position.y,0.6534439913516623
70.768009506,1709142541.450991650,1709142541.450605297,/rigid_bodies.rigidbodies[2].pose.position.y,0.653482858325258
70.77805672,1709142541.461038864,1709142541.460525115,/rigid_bodies.rigidbodies[2].pose.position.y,0.6534616737857722
70.788573145,1709142541.471555289,1709142541.470931151,/rigid_bodies.rigidbodies[2].pose.position.y,0.6534406981648565
70.798458044,1709142541.481440188,1709142541.480956286,/rigid_bodies.rigidbodies[2].pose.position.y,0.6534010623182734
70.808430422,1709142541.491412566,1709142541.490885224,/rigid_bodies.rigidbodies[2].pose.position.y,0.6534165290728244
70.818475116,1709142541.501457260,1709142541.500857480,/rigid_bodies.rigidbodies[2].pose.position.y,0.6534679643892961
70.827808494,1709142541.510790638,1709142541.510272729,/rigid_bodies.rigidbodies[2].pose.position.y,0.6535121570918281
70.838142867,1709142541.521125011,1709142541.520626477,/rigid_bodies.rigidbodies[2].pose.position.y,0.6534964044443854
70.848288884,1709142541.531271028,1709142541.530754451,/rigid_bodies.rigidbodies[2].pose.position.y,0.653469647715205
70.857977135,1709142541.540959279,1709142541.540674302,/rigid_bodies.rigidbodies[2].pose.position.y,0.6534290954230209
70.86840086,1709142541.551383004,1709142541.550894155,/rigid_bodies.rigidbodies[2].pose.position.y,0.6534153513680244
70.877227629,1709142541.560209773,1709142541.559702243,/rigid_bodies.rigidbodies[2].pose.position.y,0.6534735563733552
70.887679442,1709142541.570661586,1709142541.570260584,/rigid_bodies.rigidbodies[2].pose.position.y,0.6535235911939634
70.898255024,1709142541.581237168,1709142541.580724326,/rigid_bodies.rigidbodies[2].pose.position.y,0.6534385733118289
70.908255888,1709142541.591238032,1709142541.590656418,/rigid_bodies.rigidbodies[2].pose.position.y,0.6534219414012976
70.918264534,1709142541.601246678,1709142541.600759683,/rigid_bodies.rigidbodies[2].pose.position.y,0.6534146070463035
70.927606156,1709142541.610588300,1709142541.610197266,/rigid_bodies.rigidbodies[2].pose.position.y,0.6534463798136267
70.938102198,1709142541.621084342,1709142541.620667025,/rigid_bodies.rigidbodies[2].pose.position.y,0.6535311001418124
70.948200928,1709142541.631183072,1709142541.630865872,/rigid_bodies.rigidbodies[2].pose.position.y,0.6534688634631438
70.95836799,1709142541.641350134,1709142541.640988726,/rigid_bodies.rigidbodies[2].pose.position.y,0.6533766878044088
70.968101927,1709142541.651084071,1709142541.650651819,/rigid_bodies.rigidbodies[2].pose.position.y,0.653414437647236
70.97854466,1709142541.661526804,1709142541.661049633,/rigid_bodies.rigidbodies[2].pose.position.y,0.6534902631719469
70.988086575,1709142541.671068719,1709142541.670387252,/rigid_bodies.rigidbodies[2].pose.position.y,0.6535194545960704
70.998142104,1709142541.681124248,1709142541.680668133,/rigid_bodies.rigidbodies[2].pose.position.y,0.6535115519135803
71.008247352,1709142541.691229496,1709142541.690632907,/rigid_bodies.rigidbodies[2].pose.position.y,0.6534390548900513
71.018610728,1709142541.701592872,1709142541.700993919,/rigid_bodies.rigidbodies[2].pose.position.y,0.6534489925309256
71.028052142,1709142541.711034286,1709142541.710623252,/rigid_bodies.rigidbodies[2].pose.position.y,0.6534802589746268
71.038276549,1709142541.721258693,1709142541.720719742,/rigid_bodies.rigidbodies[2].pose.position.y,0.6534747811887612
71.048340058,1709142541.731322202,1709142541.731094495,/rigid_bodies.rigidbodies[2].pose.position.y,0.6534394505452613
71.057525201,1709142541.740507345,1709142541.740256912,/rigid_bodies.rigidbodies[2].pose.position.y,0.6533900270780001
71.067754675,1709142541.750736819,1709142541.750445682,/rigid_bodies.rigidbodies[2].pose.position.y,0.6533507054841696
71.077317752,1709142541.760299896,1709142541.760067009,/rigid_bodies.rigidbodies[2].pose.position.y,0.6534226878614965
71.087372739,1709142541.770354883,1709142541.770136361,/rigid_bodies.rigidbodies[2].pose.position.y,0.6535579688756854
71.098016043,1709142541.780998187,1709142541.780744827,/rigid_bodies.rigidbodies[2].pose.position.y,0.6535218668995382
71.106833607,1709142541.789815751,1709142541.789670501,/rigid_bodies.rigidbodies[2].pose.position.y,0.6534701129082406
71.117680166,1709142541.800662310,1709142541.800443913,/rigid_bodies.rigidbodies[2].pose.position.y,0.6534071242733078
71.127506782,1709142541.810488926,1709142541.810193902,/rigid_bodies.rigidbodies[2].pose.position.y,0.6534125643883528
71.138022481,1709142541.821004625,1709142541.820519497,/rigid_bodies.rigidbodies[2].pose.position.y,0.653476919970848
71.148479485,1709142541.831461629,1709142541.831023698,/rigid_bodies.rigidbodies[2].pose.position.y,0.6535263147400564
71.157886503,1709142541.840868647,1709142541.840396666,/rigid_bodies.rigidbodies[2].pose.position.y,0.6534452590695591
71.167810496,1709142541.850792640,1709142541.850238875,/rigid_bodies.rigidbodies[2].pose.position.y,0.6534178625393094
71.177741097,1709142541.860723241,1709142541.860229647,/rigid_bodies.rigidbodies[2].pose.position.y,0.6534321067378672
71.188101181,1709142541.871083325,1709142541.870643435,/rigid_bodies.rigidbodies[2].pose.position.y,0.6534638503580382
71.19798101,1709142541.880963154,1709142541.880522583,/rigid_bodies.rigidbodies[2].pose.position.y,0.6535171434040333
71.208401176,1709142541.891383320,1709142541.890779195,/rigid_bodies.rigidbodies[2].pose.position.y,0.653480270548044
71.217900086,1709142541.900882230,1709142541.900263269,/rigid_bodies.rigidbodies[2].pose.position.y,0.6533959685354341
71.227910931,1709142541.910893075,1709142541.910276765,/rigid_bodies.rigidbodies[2].pose.position.y,0.6533928560930623
71.238587559,1709142541.921569703,1709142541.920950547,/rigid_bodies.rigidbodies[2].pose.position.y,0.6534245586701267
71.248389706,1709142541.931371850,1709142541.931080471,/rigid_bodies.rigidbodies[2].pose.position.y,0.6534466873484305
71.25332997,1709142541.936312114,1709142541.935988844,/rigid_bodies.rigidbodies[2].pose.position.y,0.6534725547417519
71.263551552,1709142541.946533696,1709142541.946118332,/rigid_bodies.rigidbodies[2].pose.position.y,0.6534660275703801
71.278219146,1709142541.961201290,1709142541.960742688,/rigid_bodies.rigidbodies[2].pose.position.y,0.6534341121897476
71.288540704,1709142541.971522848,1709142541.971043353,/rigid_bodies.rigidbodies[2].pose.position.y,0.65351884153643
71.298594258,1709142541.981576402,1709142541.981088632,/rigid_bodies.rigidbodies[2].pose.position.y,0.6535264432237398
71.308663727,1709142541.991645871,1709142541.991225250,/rigid_bodies.rigidbodies[2].pose.position.y,0.6534261408569443
71.318106353,1709142542.001088497,1709142542.000754146,/rigid_bodies.rigidbodies[2].pose.position.y,0.6533655639107737
71.328354554,1709142542.011336698,1709142542.010817252,/rigid_bodies.rigidbodies[2].pose.position.y,0.653375041020818
71.337839868,1709142542.020822012,1709142542.020388291,/rigid_bodies.rigidbodies[2].pose.position.y,0.6534596897759999
71.348238172,1709142542.031220316,1709142542.030850343,/rigid_bodies.rigidbodies[2].pose.position.y,0.6535733291720788
71.357792971,1709142542.040775115,1709142542.040417635,/rigid_bodies.rigidbodies[2].pose.position.y,0.6535178145395354
71.368031599,1709142542.051013743,1709142542.050731693,/rigid_bodies.rigidbodies[2].pose.position.y,0.6534317682379015
71.377531253,1709142542.060513397,1709142542.060296412,/rigid_bodies.rigidbodies[2].pose.position.y,0.6534085207818939
71.386985985,1709142542.069968129,1709142542.069651592,/rigid_bodies.rigidbodies[2].pose.position.y,0.6534205922493783
71.398036988,1709142542.081019132,1709142542.080682352,/rigid_bodies.rigidbodies[2].pose.position.y,0.6534520981699571
71.40703054,1709142542.090012684,1709142542.089869785,/rigid_bodies.rigidbodies[2].pose.position.y,0.6534669922127642
71.418711908,1709142542.101694052,1709142542.101402825,/rigid_bodies.rigidbodies[2].pose.position.y,0.6534262730990993
71.427218846,1709142542.110200990,1709142542.110110571,/rigid_bodies.rigidbodies[2].pose.position.y,0.65341155283727
71.437878572,1709142542.120860716,1709142542.120722391,/rigid_bodies.rigidbodies[2].pose.position.y,0.6534829385275964
71.44831086,1709142542.131293004,1709142542.131181541,/rigid_bodies.rigidbodies[2].pose.position.y,0.653549705054428
71.457735472,1709142542.140717616,1709142542.140618273,/rigid_bodies.rigidbodies[2].pose.position.y,0.6535150950455032
71.467693714,1709142542.150675858,1709142542.150345115,/rigid_bodies.rigidbodies[2].pose.position.y,0.6534645442855781
71.47777277,1709142542.160754914,1709142542.160477508,/rigid_bodies.rigidbodies[2].pose.position.y,0.6533661978834493
71.48849346,1709142542.171475604,1709142542.171049405,/rigid_bodies.rigidbodies[2].pose.position.y,0.6534229887673004
71.498497656,1709142542.181479800,1709142542.181175690,/rigid_bodies.rigidbodies[2].pose.position.y,0.6534876393549307
71.507877342,1709142542.190859486,1709142542.190576513,/rigid_bodies.rigidbodies[2].pose.position.y,0.6534808032466516
71.518220814,1709142542.201202958,1709142542.200853332,/rigid_bodies.rigidbodies[2].pose.position.y,0.6534292892207898
71.527578139,1709142542.210560283,1709142542.210266132,/rigid_bodies.rigidbodies[2].pose.position.y,0.6534134519087397
71.537951141,1709142542.220933285,1709142542.220687378,/rigid_bodies.rigidbodies[2].pose.position.y,0.6534371449345089
71.548429302,1709142542.231411446,1709142542.230897934,/rigid_bodies.rigidbodies[2].pose.position.y,0.6535153802569011
71.557961444,1709142542.240943588,1709142542.240405983,/rigid_bodies.rigidbodies[2].pose.position.y,0.6534846047964883
71.56783878,1709142542.250820924,1709142542.250446470,/rigid_bodies.rigidbodies[2].pose.position.y,0.6534166482100644
71.577678297,1709142542.260660441,1709142542.260240555,/rigid_bodies.rigidbodies[2].pose.position.y,0.6533818805111844
71.58809043,1709142542.271072574,1709142542.270595136,/rigid_bodies.rigidbodies[2].pose.position.y,0.6534417218412705
71.598163495,1709142542.281145639,1709142542.280747420,/rigid_bodies.rigidbodies[2].pose.position.y,0.6535149471488438
71.608205811,1709142542.291187955,1709142542.290659813,/rigid_bodies.rigidbodies[2].pose.position.y,0.6535579426901607
71.618309359,1709142542.301291503,1709142542.300808119,/rigid_bodies.rigidbodies[2].pose.position.y,0.6535098882653863
71.627618474,1709142542.310600618,1709142542.310044389,/rigid_bodies.rigidbodies[2].pose.position.y,0.6533745955641818
71.638064609,1709142542.321046753,1709142542.320509839,/rigid_bodies.rigidbodies[2].pose.position.y,0.6534003357016712
71.648473645,1709142542.331455789,1709142542.330959319,/rigid_bodies.rigidbodies[2].pose.position.y,0.6534821040325395
71.658004549,1709142542.340986693,1709142542.340454981,/rigid_bodies.rigidbodies[2].pose.position.y,0.6534788572401968
71.668126795,1709142542.351108939,1709142542.350630722,/rigid_bodies.rigidbodies[2].pose.position.y,0.6534220450080432
71.677783868,1709142542.360766012,1709142542.360270528,/rigid_bodies.rigidbodies[2].pose.position.y,0.653375038214761
71.688379793,1709142542.371361937,1709142542.370786649,/rigid_bodies.rigidbodies[2].pose.position.y,0.653391991173889
71.698873404,1709142542.381855548,1709142542.381313548,/rigid_bodies.rigidbodies[2].pose.position.y,0.653562917873695
71.708308816,1709142542.391290960,1709142542.390661961,/rigid_bodies.rigidbodies[2].pose.position.y,0.6535908329150624
71.718178429,1709142542.401160573,1709142542.400681841,/rigid_bodies.rigidbodies[2].pose.position.y,0.653473570675182
71.727927781,1709142542.410909925,1709142542.410330686,/rigid_bodies.rigidbodies[2].pose.position.y,0.6534271022705378
71.738286606,1709142542.421268750,1709142542.420703572,/rigid_bodies.rigidbodies[2].pose.position.y,0.6534007680626688
71.748428902,1709142542.431411046,1709142542.431151405,/rigid_bodies.rigidbodies[2].pose.position.y,0.6534228444523105
71.758433743,1709142542.441415887,1709142542.440926302,/rigid_bodies.rigidbodies[2].pose.position.y,0.6535255608332168
71.768520603,1709142542.451502747,1709142542.451052525,/rigid_bodies.rigidbodies[2].pose.position.y,0.6534671361845492
71.777916184,1709142542.460898328,1709142542.460465245,/rigid_bodies.rigidbodies[2].pose.position.y,0.6533674680456206
71.78897036,1709142542.471952504,1709142542.471334762,/rigid_bodies.rigidbodies[2].pose.position.y,0.6534141011757201
71.798042772,1709142542.481024916,1709142542.480570514,/rigid_bodies.rigidbodies[2].pose.position.y,0.6534808560419142
71.808436567,1709142542.491418711,1709142542.490941529,/rigid_bodies.rigidbodies[2].pose.position.y,0.6535184473740154
71.818366966,1709142542.501349110,1709142542.500834257,/rigid_bodies.rigidbodies[2].pose.position.y,0.6534928939971812
71.828366571,1709142542.511348715,1709142542.510853575,/rigid_bodies.rigidbodies[2].pose.position.y,0.6533752634853515
71.838229083,1709142542.521211227,1709142542.520810376,/rigid_bodies.rigidbodies[2].pose.position.y,0.6533636276263216
71.84867166,1709142542.531653804,1709142542.531202972,/rigid_bodies.rigidbodies[2].pose.position.y,0.6534652173514488
71.858210389,1709142542.541192533,1709142542.540647522,/rigid_bodies.rigidbodies[2].pose.position.y,0.6535184992767357
71.868640695,1709142542.551622839,1709142542.551046815,/rigid_bodies.rigidbodies[2].pose.position.y,0.6535046698571029
71.87817193,1709142542.561154074,1709142542.560774999,/rigid_bodies.rigidbodies[2].pose.position.y,0.653497000919289
71.888177589,1709142542.571159733,1709142542.570766248,/rigid_bodies.rigidbodies[2].pose.position.y,0.6534495617166746
71.89823574,1709142542.581217884,1709142542.580729657,/rigid_bodies.rigidbodies[2].pose.position.y,0.6534668111829118
71.908098049,1709142542.591080193,1709142542.590513353,/rigid_bodies.rigidbodies[2].pose.position.y,0.65351314175911
71.918670198,1709142542.601652342,1709142542.601059891,/rigid_bodies.rigidbodies[2].pose.position.y,0.6534655941779536
71.928183916,1709142542.611166060,1709142542.610672453,/rigid_bodies.rigidbodies[2].pose.position.y,0.6533573186289878
71.938220144,1709142542.621202288,1709142542.620640335,/rigid_bodies.rigidbodies[2].pose.position.y,0.6533686574525607
71.948170052,1709142542.631152196,1709142542.630711703,/rigid_bodies.rigidbodies[2].pose.position.y,0.6534435161886072
71.957691644,1709142542.640673788,1709142542.640404915,/rigid_bodies.rigidbodies[2].pose.position.y,0.6536020669658813
71.967839727,1709142542.650821871,1709142542.650629778,/rigid_bodies.rigidbodies[2].pose.position.y,0.653622462129257
71.977354259,1709142542.660336403,1709142542.660131385,/rigid_bodies.rigidbodies[2].pose.position.y,0.6534390365111268
71.988070846,1709142542.671052990,1709142542.670717419,/rigid_bodies.rigidbodies[2].pose.position.y,0.6533634490563319
71.998478595,1709142542.681460739,1709142542.680940994,/rigid_bodies.rigidbodies[2].pose.position.y,0.6534559355423772
72.008521894,1709142542.691504038,1709142542.690933818,/rigid_bodies.rigidbodies[2].pose.position.y,0.6535468048365496
72.018511554,1709142542.701493698,1709142542.700949743,/rigid_bodies.rigidbodies[2].pose.position.y,0.6535903537545242
72.028327935,1709142542.711310079,1709142542.710849091,/rigid_bodies.rigidbodies[2].pose.position.y,0.6534812742668236
72.037990522,1709142542.720972666,1709142542.720695762,/rigid_bodies.rigidbodies[2].pose.position.y,0.653350954657179
72.048137408,1709142542.731119552,1709142542.730904322,/rigid_bodies.rigidbodies[2].pose.position.y,0.65342038949108
72.057389444,1709142542.740371588,1709142542.740140994,/rigid_bodies.rigidbodies[2].pose.position.y,0.6535200264640517
72.067881096,1709142542.750863240,1709142542.750651480,/rigid_bodies.rigidbodies[2].pose.position.y,0.6535287601633487
72.077754692,1709142542.760736836,1709142542.760470838,/rigid_bodies.rigidbodies[2].pose.position.y,0.6535133768305477
72.088045452,1709142542.771027596,1709142542.770734949,/rigid_bodies.rigidbodies[2].pose.position.y,0.6534226566875942
72.098508179,1709142542.781490323,1709142542.781097793,/rigid_bodies.rigidbodies[2].pose.position.y,0.6533798064707119
72.108298038,1709142542.791280182,1709142542.790753802,/rigid_bodies.rigidbodies[2].pose.position.y,0.6535021672612864
72.117716364,1709142542.800698508,1709142542.800489421,/rigid_bodies.rigidbodies[2].pose.position.y,0.653524041122578
72.127902108,1709142542.810884252,1709142542.810646450,/rigid_bodies.rigidbodies[2].pose.position.y,0.6534825620198456
72.137988104,1709142542.820970248,1709142542.820471514,/rigid_bodies.rigidbodies[2].pose.position.y,0.6534401864564634
72.148469424,1709142542.831451568,1709142542.830926739,/rigid_bodies.rigidbodies[2].pose.position.y,0.6534275075388432
72.158050812,1709142542.841032956,1709142542.840448481,/rigid_bodies.rigidbodies[2].pose.position.y,0.6535273265291534
72.168049173,1709142542.851031317,1709142542.850608221,/rigid_bodies.rigidbodies[2].pose.position.y,0.6535725657693512
72.177979811,1709142542.860961955,1709142542.860585363,/rigid_bodies.rigidbodies[2].pose.position.y,0.653431682246937
72.188425648,1709142542.871407792,1709142542.870840808,/rigid_bodies.rigidbodies[2].pose.position.y,0.6533173666966424
72.198831006,1709142542.881813150,1709142542.881221067,/rigid_bodies.rigidbodies[2].pose.position.y,0.6533824945263026
72.208063183,1709142542.891045327,1709142542.890563864,/rigid_bodies.rigidbodies[2].pose.position.y,0.6534955969881497
72.219184718,1709142542.902166862,1709142542.901438432,/rigid_bodies.rigidbodies[2].pose.position.y,0.6535565843984908
72.228631858,1709142542.911614002,1709142542.910867034,/rigid_bodies.rigidbodies[2].pose.position.y,0.6535477285921076
72.238446444,1709142542.921428588,1709142542.920902497,/rigid_bodies.rigidbodies[2].pose.position.y,0.6533852599325146
72.248815422,1709142542.931797566,1709142542.931195866,/rigid_bodies.rigidbodies[2].pose.position.y,0.6533645929561814
72.258332857,1709142542.941315001,1709142542.940812631,/rigid_bodies.rigidbodies[2].pose.position.y,0.6534597039533218
72.267964892,1709142542.950947036,1709142542.950408460,/rigid_bodies.rigidbodies[2].pose.position.y,0.6535081793694841
72.277699646,1709142542.960681790,1709142542.960326994,/rigid_bodies.rigidbodies[2].pose.position.y,0.6535192111916934
72.288209644,1709142542.971191788,1709142542.970729853,/rigid_bodies.rigidbodies[2].pose.position.y,0.6534584381412566
72.298643214,1709142542.981625358,1709142542.981169879,/rigid_bodies.rigidbodies[2].pose.position.y,0.6533609420183636
72.308033022,1709142542.991015166,1709142542.990512899,/rigid_bodies.rigidbodies[2].pose.position.y,0.653477014352576
72.318373138,1709142543.001355282,1709142543.000669307,/rigid_bodies.rigidbodies[2].pose.position.y,0.653578002172988
72.328117407,1709142543.011099551,1709142543.010653902,/rigid_bodies.rigidbodies[2].pose.position.y,0.6535059227670594
72.337757371,1709142543.020739515,1709142543.020113573,/rigid_bodies.rigidbodies[2].pose.position.y,0.6534264271650115
72.348442932,1709142543.031425076,1709142543.030912799,/rigid_bodies.rigidbodies[2].pose.position.y,0.6533420315996363
72.357898692,1709142543.040880836,1709142543.040513494,/rigid_bodies.rigidbodies[2].pose.position.y,0.6533711342804724
72.368041211,1709142543.051023355,1709142543.050611475,/rigid_bodies.rigidbodies[2].pose.position.y,0.6535520748481879
72.378013357,1709142543.060995501,1709142543.060482391,/rigid_bodies.rigidbodies[2].pose.position.y,0.6535410113212955
72.387890517,1709142543.070872661,1709142543.070550348,/rigid_bodies.rigidbodies[2].pose.position.y,0.653405944298933
72.397804141,1709142543.080786285,1709142543.080213041,/rigid_bodies.rigidbodies[2].pose.position.y,0.6534318114949254
72.40829951,1709142543.091281654,1709142543.090756788,/rigid_bodies.rigidbodies[2].pose.position.y,0.6534620923772271
72.418475076,1709142543.101457220,1709142543.101042998,/rigid_bodies.rigidbodies[2].pose.position.y,0.6535437078579851
72.428175868,1709142543.111158012,1709142543.110657674,/rigid_bodies.rigidbodies[2].pose.position.y,0.6535792869105852
72.438481698,1709142543.121463842,1709142543.120991128,/rigid_bodies.rigidbodies[2].pose.position.y,0.6533881977275477
72.448340164,1709142543.131322308,1709142543.131004113,/rigid_bodies.rigidbodies[2].pose.position.y,0.6532876291903323
72.458144789,1709142543.141126933,1709142543.140662158,/rigid_bodies.rigidbodies[2].pose.position.y,0.653419278743643
72.46827772,1709142543.151259864,1709142543.150901561,/rigid_bodies.rigidbodies[2].pose.position.y,0.6535252586544694
72.47830122,1709142543.161283364,1709142543.160765150,/rigid_bodies.rigidbodies[2].pose.position.y,0.6535588136642214
72.488260518,1709142543.171242662,1709142543.170809985,/rigid_bodies.rigidbodies[2].pose.position.y,0.6535530769024297
72.498664476,1709142543.181646620,1709142543.181256662,/rigid_bodies.rigidbodies[2].pose.position.y,0.6534136384271528
72.50762288600001,1709142543.190605030,1709142543.190386827,/rigid_bodies.rigidbodies[2].pose.position.y,0.65342241942632
72.518656867,1709142543.201639011,1709142543.201365699,/rigid_bodies.rigidbodies[2].pose.position.y,0.6534873071247089
72.528399127,1709142543.211381271,1709142543.211161240,/rigid_bodies.rigidbodies[2].pose.position.y,0.653451211312731
72.537915799,1709142543.220897943,1709142543.220524432,/rigid_bodies.rigidbodies[2].pose.position.y,0.6534250266038866
72.548144865,1709142543.231127009,1709142543.230778739,/rigid_bodies.rigidbodies[2].pose.position.y,0.6534607894698824
72.55797701,1709142543.240959154,1709142543.240562067,/rigid_bodies.rigidbodies[2].pose.position.y,0.6534791086203119
72.568069446,1709142543.251051590,1709142543.250825687,/rigid_bodies.rigidbodies[2].pose.position.y,0.6535760096464992
72.577951565,1709142543.260933709,1709142543.260558004,/rigid_bodies.rigidbodies[2].pose.position.y,0.6535287227971353
72.588175542,1709142543.271157686,1709142543.270764306,/rigid_bodies.rigidbodies[2].pose.position.y,0.6533661336156487
72.598450675,1709142543.281432819,1709142543.281061223,/rigid_bodies.rigidbodies[2].pose.position.y,0.6533582187955599
72.607923255,1709142543.290905399,1709142543.290606531,/rigid_bodies.rigidbodies[2].pose.position.y,0.6534455053273553
72.618214267,1709142543.301196411,1709142543.300732827,/rigid_bodies.rigidbodies[2].pose.position.y,0.6535463952594558
72.627859939,1709142543.310842083,1709142543.310520764,/rigid_bodies.rigidbodies[2].pose.position.y,0.6536070457622549
72.638142537,1709142543.321124681,1709142543.320726422,/rigid_bodies.rigidbodies[2].pose.position.y,0.6534910864559637
72.648232161,1709142543.331214305,1709142543.330824923,/rigid_bodies.rigidbodies[2].pose.position.y,0.6533162840378884
72.653415116,1709142543.336397260,1709142543.335999468,/rigid_bodies.rigidbodies[2].pose.position.y,0.6533324600952961
72.668261343,1709142543.351243487,1709142543.350787094,/rigid_bodies.rigidbodies[2].pose.position.y,0.6534577889117523
72.678065947,1709142543.361048091,1709142543.360569649,/rigid_bodies.rigidbodies[2].pose.position.y,0.6535393160552841
72.688014696,1709142543.370996840,1709142543.370654742,/rigid_bodies.rigidbodies[2].pose.position.y,0.6535377655447625
72.698624998,1709142543.381607142,1709142543.381204476,/rigid_bodies.rigidbodies[2].pose.position.y,0.6533934068948081
72.708000993,1709142543.390983137,1709142543.390546555,/rigid_bodies.rigidbodies[2].pose.position.y,0.6533123764068017
72.717659808,1709142543.400641952,1709142543.400320358,/rigid_bodies.rigidbodies[2].pose.position.y,0.6534411587855972
72.727745206,1709142543.410727350,1709142543.410328609,/rigid_bodies.rigidbodies[2].pose.position.y,0.6535684547079361
72.738178052,1709142543.421160196,1709142543.420635635,/rigid_bodies.rigidbodies[2].pose.position.y,0.6535952900677316
72.748539947,1709142543.431522091,1709142543.431130821,/rigid_bodies.rigidbodies[2].pose.position.y,0.6535053912876116
72.757747539,1709142543.440729683,1709142543.440406781,/rigid_bodies.rigidbodies[2].pose.position.y,0.6533957476973326
72.768014994,1709142543.450997138,1709142543.450576747,/rigid_bodies.rigidbodies[2].pose.position.y,0.6534319968011821
72.777888946,1709142543.460871090,1709142543.460425593,/rigid_bodies.rigidbodies[2].pose.position.y,0.6534803519766875
72.787930085,1709142543.470912229,1709142543.470481885,/rigid_bodies.rigidbodies[2].pose.position.y,0.6534260760930151
72.798536922,1709142543.481519066,1709142543.480927217,/rigid_bodies.rigidbodies[2].pose.position.y,0.6534220040429152
72.80837144,1709142543.491353584,1709142543.490726764,/rigid_bodies.rigidbodies[2].pose.position.y,0.653479536644846
72.818206824,1709142543.501188968,1709142543.500730009,/rigid_bodies.rigidbodies[2].pose.position.y,0.6534809030218991
72.828304692,1709142543.511286836,1709142543.510740964,/rigid_bodies.rigidbodies[2].pose.position.y,0.6535029569301593
72.838107066,1709142543.521089210,1709142543.520399430,/rigid_bodies.rigidbodies[2].pose.position.y,0.6534726325332918
72.848308689,1709142543.531290833,1709142543.530852544,/rigid_bodies.rigidbodies[2].pose.position.y,0.6533738573696743
72.858363356,1709142543.541345500,1709142543.540879022,/rigid_bodies.rigidbodies[2].pose.position.y,0.6533724786517787
72.867808009,1709142543.550790153,1709142543.550365459,/rigid_bodies.rigidbodies[2].pose.position.y,0.6534738428316482
72.878243994,1709142543.561226138,1709142543.560777836,/rigid_bodies.rigidbodies[2].pose.position.y,0.6534912583194763
72.888641099,1709142543.571623243,1709142543.571015961,/rigid_bodies.rigidbodies[2].pose.position.y,0.6535233989814736
72.893678072,1709142543.576660216,1709142543.576170361,/rigid_bodies.rigidbodies[2].pose.position.y,0.6534163637479243
72.909044099,1709142543.592026243,1709142543.591355399,/rigid_bodies.rigidbodies[2].pose.position.y,0.6533566441484876
72.918299929,1709142543.601282073,1709142543.600777266,/rigid_bodies.rigidbodies[2].pose.position.y,0.6534667995400526
72.928305274,1709142543.611287418,1709142543.610801314,/rigid_bodies.rigidbodies[2].pose.position.y,0.6535989037903405
72.938244542,1709142543.621226686,1709142543.620716359,/rigid_bodies.rigidbodies[2].pose.position.y,0.6535599813616247
72.948167514,1709142543.631149658,1709142543.630725618,/rigid_bodies.rigidbodies[2].pose.position.y,0.6534402220594423
72.958280607,1709142543.641262751,1709142543.640818798,/rigid_bodies.rigidbodies[2].pose.position.y,0.6533081807872877
72.968276142,1709142543.651258286,1709142543.650719160,/rigid_bodies.rigidbodies[2].pose.position.y,0.6533403798870288
72.977785199,1709142543.660767343,1709142543.660498779,/rigid_bodies.rigidbodies[2].pose.position.y,0.6535018849501223
72.988042671,1709142543.671024815,1709142543.670641485,/rigid_bodies.rigidbodies[2].pose.position.y,0.6535149904383564
72.998251103,1709142543.681233247,1709142543.680886435,/rigid_bodies.rigidbodies[2].pose.position.y,0.6534175191884292
73.007945428,1709142543.690927572,1709142543.690562896,/rigid_bodies.rigidbodies[2].pose.position.y,0.6533793661660906
73.017899374,1709142543.700881518,1709142543.700456525,/rigid_bodies.rigidbodies[2].pose.position.y,0.6534225584706553
73.028538199,1709142543.711520343,1709142543.710855132,/rigid_bodies.rigidbodies[2].pose.position.y,0.6535268871985829
73.037795369,1709142543.720777513,1709142543.720333679,/rigid_bodies.rigidbodies[2].pose.position.y,0.6535714226613725
73.048347026,1709142543.731329170,1709142543.731026533,/rigid_bodies.rigidbodies[2].pose.position.y,0.6534995667077803
73.058290386,1709142543.741272530,1709142543.740866378,/rigid_bodies.rigidbodies[2].pose.position.y,0.6533392747855867
73.067192096,1709142543.750174240,1709142543.749833686,/rigid_bodies.rigidbodies[2].pose.position.y,0.6533673798663594
73.078068234,1709142543.761050378,1709142543.760481536,/rigid_bodies.rigidbodies[2].pose.position.y,0.6535099773945342
73.08845319,1709142543.771435334,1709142543.770743491,/rigid_bodies.rigidbodies[2].pose.position.y,0.6535566994500761
73.09799625,1709142543.780978394,1709142543.780493587,/rigid_bodies.rigidbodies[2].pose.position.y,0.6535412688169316
73.107789428,1709142543.790771572,1709142543.790415884,/rigid_bodies.rigidbodies[2].pose.position.y,0.6533692295717249
73.118455781,1709142543.801437925,1709142543.800729491,/rigid_bodies.rigidbodies[2].pose.position.y,0.6533178540258249
73.128116155,1709142543.811098299,1709142543.810684097,/rigid_bodies.rigidbodies[2].pose.position.y,0.6534226007005651
73.138340031,1709142543.821322175,1709142543.820935600,/rigid_bodies.rigidbodies[2].pose.position.y,0.6534701863999403
73.148087256,1709142543.831069400,1709142543.830760049,/rigid_bodies.rigidbodies[2].pose.position.y,0.6534340315148651
73.157791893,1709142543.840774037,1709142543.840388695,/rigid_bodies.rigidbodies[2].pose.position.y,0.6534595315762143
73.168123311,1709142543.851105455,1709142543.850687688,/rigid_bodies.rigidbodies[2].pose.position.y,0.6534803725266757
73.177906824,1709142543.860888968,1709142543.860378848,/rigid_bodies.rigidbodies[2].pose.position.y,0.6535344483372681
73.188365683,1709142543.871347827,1709142543.870898122,/rigid_bodies.rigidbodies[2].pose.position.y,0.6535166199338075
73.198655065,1709142543.881637209,1709142543.881066760,/rigid_bodies.rigidbodies[2].pose.position.y,0.6533997934757254
73.208424999,1709142543.891407143,1709142543.890925959,/rigid_bodies.rigidbodies[2].pose.position.y,0.6534029980698449
73.218065983,1709142543.901048127,1709142543.900624422,/rigid_bodies.rigidbodies[2].pose.position.y,0.6534870698609103
73.228379438,1709142543.911361582,1709142543.910767970,/rigid_bodies.rigidbodies[2].pose.position.y,0.653513885141031
73.238370337,1709142543.921352481,1709142543.920862023,/rigid_bodies.rigidbodies[2].pose.position.y,0.6534778473022336
73.248413656,1709142543.931395800,1709142543.931029888,/rigid_bodies.rigidbodies[2].pose.position.y,0.6534487778178503
73.258314599,1709142543.941296743,1709142543.940897295,/rigid_bodies.rigidbodies[2].pose.position.y,0.6533731990497156
73.268430166,1709142543.951412310,1709142543.950910143,/rigid_bodies.rigidbodies[2].pose.position.y,0.6533758206635606
73.277893989,1709142543.960876133,1709142543.960453256,/rigid_bodies.rigidbodies[2].pose.position.y,0.6534806919431057
73.288368746,1709142543.971350890,1709142543.970776993,/rigid_bodies.rigidbodies[2].pose.position.y,0.6535824598087322
73.297843461,1709142543.980825605,1709142543.980346287,/rigid_bodies.rigidbodies[2].pose.position.y,0.6535233162083331
73.30794637,1709142543.990928514,1709142543.990389463,/rigid_bodies.rigidbodies[2].pose.position.y,0.6533794177472663
73.318314911,1709142544.001297055,1709142544.000804196,/rigid_bodies.rigidbodies[2].pose.position.y,0.6533116314901304
73.328712032,1709142544.011694176,1709142544.011088099,/rigid_bodies.rigidbodies[2].pose.position.y,0.653453035141578
73.338573179,1709142544.021555323,1709142544.021059563,/rigid_bodies.rigidbodies[2].pose.position.y,0.6536363919336572
73.347888186,1709142544.030870330,1709142544.030532741,/rigid_bodies.rigidbodies[2].pose.position.y,0.6535797453418768
73.35796984,1709142544.040951984,1709142544.040641365,/rigid_bodies.rigidbodies[2].pose.position.y,0.6534885308533004
73.367861035,1709142544.050843179,1709142544.050648401,/rigid_bodies.rigidbodies[2].pose.position.y,0.6533922151674291
73.377288459,1709142544.060270603,1709142544.060110597,/rigid_bodies.rigidbodies[2].pose.position.y,0.6533879807540024
73.387153489,1709142544.070135633,1709142544.070000988,/rigid_bodies.rigidbodies[2].pose.position.y,0.653491913412931
73.398036177,1709142544.081018321,1709142544.080693723,/rigid_bodies.rigidbodies[2].pose.position.y,0.653522867714078
73.407463315,1709142544.090445459,1709142544.090335913,/rigid_bodies.rigidbodies[2].pose.position.y,0.6534649385315436
73.417699129,1709142544.100681273,1709142544.100583345,/rigid_bodies.rigidbodies[2].pose.position.y,0.6534179167708762
73.427432062,1709142544.110414206,1709142544.110130241,/rigid_bodies.rigidbodies[2].pose.position.y,0.6533931236513119
73.43810397,1709142544.121086114,1709142544.120649066,/rigid_bodies.rigidbodies[2].pose.position.y,0.6534576336381558
73.448563399,1709142544.131545543,1709142544.131189381,/rigid_bodies.rigidbodies[2].pose.position.y,0.6535146138068028
73.457701484,1709142544.140683628,1709142544.140375358,/rigid_bodies.rigidbodies[2].pose.position.y,0.6534972297560521
73.467441657,1709142544.150423801,1709142544.150195967,/rigid_bodies.rigidbodies[2].pose.position.y,0.6534088511759425
73.477584297,1709142544.160566441,1709142544.160298798,/rigid_bodies.rigidbodies[2].pose.position.y,0.6534703660402525
73.488123973,1709142544.171106117,1709142544.170698134,/rigid_bodies.rigidbodies[2].pose.position.y,0.6535258727543265
73.498373357,1709142544.181355501,1709142544.180884992,/rigid_bodies.rigidbodies[2].pose.position.y,0.6535038254225555
73.508210007,1709142544.191192151,1709142544.190716754,/rigid_bodies.rigidbodies[2].pose.position.y,0.6534419378890612
73.518568238,1709142544.201550382,1709142544.201032606,/rigid_bodies.rigidbodies[2].pose.position.y,0.6533664427908022
73.52744431,1709142544.210426454,1709142544.210047936,/rigid_bodies.rigidbodies[2].pose.position.y,0.6534508959237076
73.538410876,1709142544.221393020,1709142544.220714758,/rigid_bodies.rigidbodies[2].pose.position.y,0.653564627050372
73.548366148,1709142544.231348292,1709142544.231001310,/rigid_bodies.rigidbodies[2].pose.position.y,0.6534730038672235
73.557693694,1709142544.240675838,1709142544.240189013,/rigid_bodies.rigidbodies[2].pose.position.y,0.6533656953815062
73.568787442,1709142544.251769586,1709142544.251150890,/rigid_bodies.rigidbodies[2].pose.position.y,0.6533307276290746
73.57867517,1709142544.261657314,1709142544.260988431,/rigid_bodies.rigidbodies[2].pose.position.y,0.6533591492116683
73.587156231,1709142544.270138375,1709142544.269671888,/rigid_bodies.rigidbodies[2].pose.position.y,0.6534956780862805
73.598688259,1709142544.281670403,1709142544.280962430,/rigid_bodies.rigidbodies[2].pose.position.y,0.6535349293742354
73.608313038,1709142544.291295182,1709142544.290848033,/rigid_bodies.rigidbodies[2].pose.position.y,0.6534540837124934
73.618256686,1709142544.301238830,1709142544.300737579,/rigid_bodies.rigidbodies[2].pose.position.y,0.6533709621585536
73.628149485,1709142544.311131629,1709142544.310564232,/rigid_bodies.rigidbodies[2].pose.position.y,0.6534270250641915
73.638677392,1709142544.321659536,1709142544.320974053,/rigid_bodies.rigidbodies[2].pose.position.y,0.6535129733113174
73.648210455,1709142544.331192599,1709142544.330752631,/rigid_bodies.rigidbodies[2].pose.position.y,0.6535249012984494
73.658254682,1709142544.341236826,1709142544.340684048,/rigid_bodies.rigidbodies[2].pose.position.y,0.6534430314070415
73.668389092,1709142544.351371236,1709142544.350846593,/rigid_bodies.rigidbodies[2].pose.position.y,0.6533305148746865
73.678185559,1709142544.361167703,1709142544.360734416,/rigid_bodies.rigidbodies[2].pose.position.y,0.6533886911780901
73.688737301,1709142544.371719445,1709142544.371089617,/rigid_bodies.rigidbodies[2].pose.position.y,0.6535652564137319
73.698623413,1709142544.381605557,1709142544.380979615,/rigid_bodies.rigidbodies[2].pose.position.y,0.6536038566415499
73.708258124,1709142544.391240268,1709142544.390755102,/rigid_bodies.rigidbodies[2].pose.position.y,0.6535533689131952
73.717871957,1709142544.400854101,1709142544.400450787,/rigid_bodies.rigidbodies[2].pose.position.y,0.6534161901976361
73.728118525,1709142544.411100669,1709142544.410561943,/rigid_bodies.rigidbodies[2].pose.position.y,0.6533425060245861
73.738118068,1709142544.421100212,1709142544.420700409,/rigid_bodies.rigidbodies[2].pose.position.y,0.6534602454168477
73.748581966,1709142544.431564110,1709142544.431223947,/rigid_bodies.rigidbodies[2].pose.position.y,0.6535325692151105
73.758197473,1709142544.441179617,1709142544.440618946,/rigid_bodies.rigidbodies[2].pose.position.y,0.6534531239581552
73.7682123,1709142544.451194444,1709142544.450687557,/rigid_bodies.rigidbodies[2].pose.position.y,0.6534211810919421
73.777835397,1709142544.460817541,1709142544.460391356,/rigid_bodies.rigidbodies[2].pose.position.y,0.6533707073375175
73.788610385,1709142544.471592529,1709142544.470952621,/rigid_bodies.rigidbodies[2].pose.position.y,0.65346450507364
73.798439922,1709142544.481422066,1709142544.481019629,/rigid_bodies.rigidbodies[2].pose.position.y,0.6536266306551449
73.807975444,1709142544.490957588,1709142544.490387468,/rigid_bodies.rigidbodies[2].pose.position.y,0.6535634367760697
73.818639891,1709142544.501622035,1709142544.501096788,/rigid_bodies.rigidbodies[2].pose.position.y,0.6534383045113237
73.82801212,1709142544.510994264,1709142544.510477685,/rigid_bodies.rigidbodies[2].pose.position.y,0.6534231273744412
73.838396268,1709142544.521378412,1709142544.520841122,/rigid_bodies.rigidbodies[2].pose.position.y,0.6534574788263048
73.848339533,1709142544.531321677,1709142544.530926704,/rigid_bodies.rigidbodies[2].pose.position.y,0.6535235532487306
73.85801838,1709142544.541000524,1709142544.540584987,/rigid_bodies.rigidbodies[2].pose.position.y,0.6535111598482607
73.868414708,1709142544.551396852,1709142544.550853202,/rigid_bodies.rigidbodies[2].pose.position.y,0.6533866763181068
73.87786639,1709142544.560848534,1709142544.560435942,/rigid_bodies.rigidbodies[2].pose.position.y,0.6533651938658311
73.888781344,1709142544.571763488,1709142544.571155032,/rigid_bodies.rigidbodies[2].pose.position.y,0.6535014369326475
73.898411593,1709142544.581393737,1709142544.580967537,/rigid_bodies.rigidbodies[2].pose.position.y,0.6535531698528115
73.908432549,1709142544.591414693,1709142544.590858313,/rigid_bodies.rigidbodies[2].pose.position.y,0.6534986427995332
73.918242474,1709142544.601224618,1709142544.600749185,/rigid_bodies.rigidbodies[2].pose.position.y,0.6533785283411457
73.928069559,1709142544.611051703,1709142544.610623596,/rigid_bodies.rigidbodies[2].pose.position.y,0.6533320098352677
73.938351412,1709142544.621333556,1709142544.620882346,/rigid_bodies.rigidbodies[2].pose.position.y,0.653462647792073
73.948391468,1709142544.631373612,1709142544.630844862,/rigid_bodies.rigidbodies[2].pose.position.y,0.6536231935386081
73.958392035,1709142544.641374179,1709142544.640848873,/rigid_bodies.rigidbodies[2].pose.position.y,0.6535280184823413
73.968181665,1709142544.651163809,1709142544.650653860,/rigid_bodies.rigidbodies[2].pose.position.y,0.6533764770445409
73.978070367,1709142544.661052511,1709142544.660585795,/rigid_bodies.rigidbodies[2].pose.position.y,0.6533170199757649
73.988115563,1709142544.671097707,1709142544.670531691,/rigid_bodies.rigidbodies[2].pose.position.y,0.6534006230688457
73.9988313,1709142544.681813444,1709142544.681047882,/rigid_bodies.rigidbodies[2].pose.position.y,0.6535699348098652
74.008335796,1709142544.691317940,1709142544.690819632,/rigid_bodies.rigidbodies[2].pose.position.y,0.6536297862986451
74.018077867,1709142544.701060011,1709142544.700691027,/rigid_bodies.rigidbodies[2].pose.position.y,0.6534433914116302
74.027463013,1709142544.710445157,1709142544.709936134,/rigid_bodies.rigidbodies[2].pose.position.y,0.6532969577020871
74.03831912,1709142544.721301264,1709142544.720835969,/rigid_bodies.rigidbodies[2].pose.position.y,0.6533574026945373
74.04854946,1709142544.731531604,1709142544.731041709,/rigid_bodies.rigidbodies[2].pose.position.y,0.6534643749921815
74.058057014,1709142544.741039158,1709142544.740506145,/rigid_bodies.rigidbodies[2].pose.position.y,0.6535856740945892
74.067819134,1709142544.750801278,1709142544.750428731,/rigid_bodies.rigidbodies[2].pose.position.y,0.6535424774680045
74.077439082,1709142544.760421226,1709142544.760169586,/rigid_bodies.rigidbodies[2].pose.position.y,0.6533496499001248
74.087896811,1709142544.770878955,1709142544.770704893,/rigid_bodies.rigidbodies[2].pose.position.y,0.6533486033283281
74.097434456,1709142544.780416600,1709142544.780231169,/rigid_bodies.rigidbodies[2].pose.position.y,0.6534538960261419
74.107258687,1709142544.790240831,1709142544.789979302,/rigid_bodies.rigidbodies[2].pose.position.y,0.6535266690847215
74.118190766,1709142544.801172910,1709142544.800661311,/rigid_bodies.rigidbodies[2].pose.position.y,0.6535363218773482
74.128490391,1709142544.811472535,1709142544.810908457,/rigid_bodies.rigidbodies[2].pose.position.y,0.653476222806832
74.138092066,1709142544.821074210,1709142544.820619671,/rigid_bodies.rigidbodies[2].pose.position.y,0.6534477503735536
74.148624452,1709142544.831606596,1709142544.831227274,/rigid_bodies.rigidbodies[2].pose.position.y,0.6535616429479942
74.158063687,1709142544.841045831,1709142544.840490734,/rigid_bodies.rigidbodies[2].pose.position.y,0.6535377640750861
74.168211339,1709142544.851193483,1709142544.850766288,/rigid_bodies.rigidbodies[2].pose.position.y,0.6534323348490247
74.177487258,1709142544.860469402,1709142544.860024182,/rigid_bodies.rigidbodies[2].pose.position.y,0.6533399317985078
74.187976222,1709142544.870958366,1709142544.870564513,/rigid_bodies.rigidbodies[2].pose.position.y,0.6533463456841367
74.198477713,1709142544.881459857,1709142544.880952843,/rigid_bodies.rigidbodies[2].pose.position.y,0.6534803354898832
74.207930813,1709142544.890912957,1709142544.890542616,/rigid_bodies.rigidbodies[2].pose.position.y,0.6535916502906366
74.217934139,1709142544.900916283,1709142544.900591447,/rigid_bodies.rigidbodies[2].pose.position.y,0.6534823977918153
74.227998953,1709142544.910981097,1709142544.910634888,/rigid_bodies.rigidbodies[2].pose.position.y,0.6533279894708316
74.238033253,1709142544.921015397,1709142544.920480746,/rigid_bodies.rigidbodies[2].pose.position.y,0.653348333071152
74.248358904,1709142544.931341048,1709142544.930842507,/rigid_bodies.rigidbodies[2].pose.position.y,0.6535218723813643
74.258374023,1709142544.941356167,1709142544.940805001,/rigid_bodies.rigidbodies[2].pose.position.y,0.6536373949480994
74.268313685,1709142544.951295829,1709142544.950764288,/rigid_bodies.rigidbodies[2].pose.position.y,0.6535974399248436
74.277568919,1709142544.960551063,1709142544.960171940,/rigid_bodies.rigidbodies[2].pose.position.y,0.6534302864561615
74.28869987,1709142544.971682014,1709142544.971093781,/rigid_bodies.rigidbodies[2].pose.position.y,0.6533157675629826
74.298132972,1709142544.981115116,1709142544.980754248,/rigid_bodies.rigidbodies[2].pose.position.y,0.6534482627162158
74.307608791,1709142544.990590935,1709142544.990313681,/rigid_bodies.rigidbodies[2].pose.position.y,0.6535801638228714
74.317931021,1709142545.000913165,1709142545.000666792,/rigid_bodies.rigidbodies[2].pose.position.y,0.6535636582955273
74.327431596,1709142545.010413740,1709142545.010186272,/rigid_bodies.rigidbodies[2].pose.position.y,0.6534368579338967
74.33792586,1709142545.020908004,1709142545.020582853,/rigid_bodies.rigidbodies[2].pose.position.y,0.6533402086841291
74.348722532,1709142545.031704676,1709142545.031303017,/rigid_bodies.rigidbodies[2].pose.position.y,0.6534208762734657
74.358044572,1709142545.041026716,1709142545.040492599,/rigid_bodies.rigidbodies[2].pose.position.y,0.6535539131698634
74.368128867,1709142545.051111011,1709142545.050676571,/rigid_bodies.rigidbodies[2].pose.position.y,0.653528749358923
74.377976897,1709142545.060959041,1709142545.060497110,/rigid_bodies.rigidbodies[2].pose.position.y,0.6534685899098877
74.388114949,1709142545.071097093,1709142545.070674385,/rigid_bodies.rigidbodies[2].pose.position.y,0.6533639316183518
74.397923949,1709142545.080906093,1709142545.080643982,/rigid_bodies.rigidbodies[2].pose.position.y,0.6534215044406326
74.407373449,1709142545.090355593,1709142545.090086019,/rigid_bodies.rigidbodies[2].pose.position.y,0.6535842173414607
74.418554455,1709142545.101536599,1709142545.100905060,/rigid_bodies.rigidbodies[2].pose.position.y,0.6535838587709073
74.427813126,1709142545.110795270,1709142545.110311402,/rigid_bodies.rigidbodies[2].pose.position.y,0.653427517343588
74.438614568,1709142545.121596712,1709142545.120989079,/rigid_bodies.rigidbodies[2].pose.position.y,0.6533474911590317
74.44833982,1709142545.131321964,1709142545.130863217,/rigid_bodies.rigidbodies[2].pose.position.y,0.6534143186983224
74.457905242,1709142545.140887386,1709142545.140410337,/rigid_bodies.rigidbodies[2].pose.position.y,0.6535490737907841
74.468830257,1709142545.151812401,1709142545.151092873,/rigid_bodies.rigidbodies[2].pose.position.y,0.6535865437314722
74.478424004,1709142545.161406148,1709142545.160936493,/rigid_bodies.rigidbodies[2].pose.position.y,0.6535192326386848
74.488265138,1709142545.171247282,1709142545.170669124,/rigid_bodies.rigidbodies[2].pose.position.y,0.6533747550924937
74.498477284,1709142545.181459428,1709142545.180815690,/rigid_bodies.rigidbodies[2].pose.position.y,0.6533711895955351
74.507619499,1709142545.190601643,1709142545.190288762,/rigid_bodies.rigidbodies[2].pose.position.y,0.6534920937379906
74.517830183,1709142545.200812327,1709142545.200506908,/rigid_bodies.rigidbodies[2].pose.position.y,0.6535243476054688
74.527827514,1709142545.210809658,1709142545.210478609,/rigid_bodies.rigidbodies[2].pose.position.y,0.6534711231538741
74.538156818,1709142545.221138962,1709142545.220717164,/rigid_bodies.rigidbodies[2].pose.position.y,0.6534413124611949
74.5481131,1709142545.231095244,1709142545.230727786,/rigid_bodies.rigidbodies[2].pose.position.y,0.6533766263651096
74.558003391,1709142545.240985535,1709142545.240477205,/rigid_bodies.rigidbodies[2].pose.position.y,0.6535209541712452
74.568273032,1709142545.251255176,1709142545.250830360,/rigid_bodies.rigidbodies[2].pose.position.y,0.6535721034863646
74.577655363,1709142545.260637507,1709142545.260158501,/rigid_bodies.rigidbodies[2].pose.position.y,0.653471096324475
74.58850835,1709142545.271490494,1709142545.270910590,/rigid_bodies.rigidbodies[2].pose.position.y,0.6534203499462495
74.598386292,1709142545.281368436,1709142545.280989460,/rigid_bodies.rigidbodies[2].pose.position.y,0.653447315028504
74.607895791,1709142545.290877935,1709142545.290377098,/rigid_bodies.rigidbodies[2].pose.position.y,0.6535300562935821
74.617948804,1709142545.300930948,1709142545.300413089,/rigid_bodies.rigidbodies[2].pose.position.y,0.6535741180421815
74.628014844,1709142545.310996988,1709142545.310579668,/rigid_bodies.rigidbodies[2].pose.position.y,0.6534110947302378
74.637951009,1709142545.320933153,1709142545.320545037,/rigid_bodies.rigidbodies[2].pose.position.y,0.6532825975843521
74.647545584,1709142545.330527728,1709142545.330243767,/rigid_bodies.rigidbodies[2].pose.position.y,0.6533056515851318
74.657752092,1709142545.340734236,1709142545.340432509,/rigid_bodies.rigidbodies[2].pose.position.y,0.6534242708917686
74.663105185,1709142545.346087329,1709142545.345853296,/rigid_bodies.rigidbodies[2].pose.position.y,0.6535270008595325
74.677940681,1709142545.360922825,1709142545.360691604,/rigid_bodies.rigidbodies[2].pose.position.y,0.6535331381561131
74.687571593,1709142545.370553737,1709142545.370344216,/rigid_bodies.rigidbodies[2].pose.position.y,0.6534248476781255
74.69746461,1709142545.380446754,1709142545.380231887,/rigid_bodies.rigidbodies[2].pose.position.y,0.6533158138881849
74.707768656,1709142545.390750800,1709142545.390573237,/rigid_bodies.rigidbodies[2].pose.position.y,0.6534159062284337
74.717758953,1709142545.400741097,1709142545.400498194,/rigid_bodies.rigidbodies[2].pose.position.y,0.6535202070477999
74.727906605,1709142545.410888749,1709142545.410647032,/rigid_bodies.rigidbodies[2].pose.position.y,0.6535618649438836
74.737862215,1709142545.420844359,1709142545.420551602,/rigid_bodies.rigidbodies[2].pose.position.y,0.6534860274546019
74.748058578,1709142545.431040722,1709142545.430797112,/rigid_bodies.rigidbodies[2].pose.position.y,0.6533937107741187
74.756933819,1709142545.439915963,1709142545.439713770,/rigid_bodies.rigidbodies[2].pose.position.y,0.6534165661048343
74.767049278,1709142545.450031422,1709142545.449819108,/rigid_bodies.rigidbodies[2].pose.position.y,0.6535165575149106
74.777468468,1709142545.460450612,1709142545.460243770,/rigid_bodies.rigidbodies[2].pose.position.y,0.6534763747020457
74.788280801,1709142545.471262945,1709142545.470882990,/rigid_bodies.rigidbodies[2].pose.position.y,0.6534227504984971
74.798188673,1709142545.481170817,1709142545.480642229,/rigid_bodies.rigidbodies[2].pose.position.y,0.6534231982397952
74.808209528,1709142545.491191672,1709142545.490699316,/rigid_bodies.rigidbodies[2].pose.position.y,0.653428263814078
74.818325728,1709142545.501307872,1709142545.500858869,/rigid_bodies.rigidbodies[2].pose.position.y,0.6534981326191251
74.827503277,1709142545.510485421,1709142545.510071007,/rigid_bodies.rigidbodies[2].pose.position.y,0.6534727594423828
74.837221041,1709142545.520203185,1709142545.519625244,/rigid_bodies.rigidbodies[2].pose.position.y,0.6533740557189953
74.848162142,1709142545.531144286,1709142545.530729173,/rigid_bodies.rigidbodies[2].pose.position.y,0.6533794876469593
74.858270231,1709142545.541252375,1709142545.540714842,/rigid_bodies.rigidbodies[2].pose.position.y,0.6535422488926149
74.86753892,1709142545.550521064,1709142545.549999153,/rigid_bodies.rigidbodies[2].pose.position.y,0.6535826702580734
74.878233599,1709142545.561215743,1709142545.560670403,/rigid_bodies.rigidbodies[2].pose.position.y,0.6535942160760357
74.888865272,1709142545.571847416,1709142545.571235988,/rigid_bodies.rigidbodies[2].pose.position.y,0.6534888114715245
74.898328904,1709142545.581311048,1709142545.580800034,/rigid_bodies.rigidbodies[2].pose.position.y,0.6533165341434379
74.908090317,1709142545.591072461,1709142545.590619712,/rigid_bodies.rigidbodies[2].pose.position.y,0.6534148269632756
74.917917053,1709142545.600899197,1709142545.600534927,/rigid_bodies.rigidbodies[2].pose.position.y,0.653523074411012
74.927757684,1709142545.610739828,1709142545.610499231,/rigid_bodies.rigidbodies[2].pose.position.y,0.6535045544285809
74.938164734,1709142545.621146878,1709142545.620729407,/rigid_bodies.rigidbodies[2].pose.position.y,0.6534440210153285
74.948128654,1709142545.631110798,1709142545.630798023,/rigid_bodies.rigidbodies[2].pose.position.y,0.6533571586060649
74.957511001,1709142545.640493145,1709142545.640250032,/rigid_bodies.rigidbodies[2].pose.position.y,0.6533836233665627
74.967849565,1709142545.650831709,1709142545.650606847,/rigid_bodies.rigidbodies[2].pose.position.y,0.6535245536290264
74.977753533,1709142545.660735677,1709142545.660451961,/rigid_bodies.rigidbodies[2].pose.position.y,0.6535278397979221
74.987817682,1709142545.670799826,1709142545.670543109,/rigid_bodies.rigidbodies[2].pose.position.y,0.653405385015759
74.998262768,1709142545.681244912,1709142545.680899067,/rigid_bodies.rigidbodies[2].pose.position.y,0.6533750961790086
75.008361342,1709142545.691343486,1709142545.690748408,/rigid_bodies.rigidbodies[2].pose.position.y,0.6534152930465126
75.017532482,1709142545.700514626,1709142545.700139579,/rigid_bodies.rigidbodies[2].pose.position.y,0.6535327781062189
75.027722406,1709142545.710704550,1709142545.710272826,/rigid_bodies.rigidbodies[2].pose.position.y,0.6535657092740095
75.038689129,1709142545.721671273,1709142545.720995292,/rigid_bodies.rigidbodies[2].pose.position.y,0.6534248641955297
75.047406953,1709142545.730389097,1709142545.730030087,/rigid_bodies.rigidbodies[2].pose.position.y,0.6533287545364592
75.0579779,1709142545.740960044,1709142545.740515974,/rigid_bodies.rigidbodies[2].pose.position.y,0.6534060562376204
75.06861877,1709142545.751600914,1709142545.751051823,/rigid_bodies.rigidbodies[2].pose.position.y,0.653441260740979
75.078131658,1709142545.761113802,1709142545.760664304,/rigid_bodies.rigidbodies[2].pose.position.y,0.6535000983626515
75.087915395,1709142545.770897539,1709142545.770540860,/rigid_bodies.rigidbodies[2].pose.position.y,0.6535311219383289
75.09864518,1709142545.781627324,1709142545.781046832,/rigid_bodies.rigidbodies[2].pose.position.y,0.6533733511044987
75.108421989,1709142545.791404133,1709142545.790840381,/rigid_bodies.rigidbodies[2].pose.position.y,0.6533569552617309
75.118203163,1709142545.801185307,1709142545.800614791,/rigid_bodies.rigidbodies[2].pose.position.y,0.6534861141943467
75.128124116,1709142545.811106260,1709142545.810518147,/rigid_bodies.rigidbodies[2].pose.position.y,0.6535315475260794
75.138082528,1709142545.821064672,1709142545.820590657,/rigid_bodies.rigidbodies[2].pose.position.y,0.653488724016255
75.146641199,1709142545.829623343,1709142545.829321246,/rigid_bodies.rigidbodies[2].pose.position.y,0.6533881784809272
75.158075394,1709142545.841057538,1709142545.840535502,/rigid_bodies.rigidbodies[2].pose.position.y,0.6533618173754797
75.168227888,1709142545.851210032,1709142545.850784120,/rigid_bodies.rigidbodies[2].pose.position.y,0.6534837011798131
75.178423796,1709142545.861405940,1709142545.860873962,/rigid_bodies.rigidbodies[2].pose.position.y,0.6535295669701855
75.18841373,1709142545.871395874,1709142545.870714403,/rigid_bodies.rigidbodies[2].pose.position.y,0.6534342086592028
75.198276864,1709142545.881259008,1709142545.880618910,/rigid_bodies.rigidbodies[2].pose.position.y,0.6534339571656829
75.207495974,1709142545.890478118,1709142545.890035632,/rigid_bodies.rigidbodies[2].pose.position.y,0.6534444546695823
75.218397188,1709142545.901379332,1709142545.900677577,/rigid_bodies.rigidbodies[2].pose.position.y,0.6534793042738414
75.227967041,1709142545.910949185,1709142545.910447625,/rigid_bodies.rigidbodies[2].pose.position.y,0.6535712385518041
75.238359125,1709142545.921341269,1709142545.920811346,/rigid_bodies.rigidbodies[2].pose.position.y,0.6534677374211902
75.248879333,1709142545.931861477,1709142545.931417999,/rigid_bodies.rigidbodies[2].pose.position.y,0.6533786096710763
75.258291492,1709142545.941273636,1709142545.940702159,/rigid_bodies.rigidbodies[2].pose.position.y,0.6533773922150277
75.26802573,1709142545.951007874,1709142545.950603293,/rigid_bodies.rigidbodies[2].pose.position.y,0.6534768824467393
75.277961504,1709142545.960943648,1709142545.960495019,/rigid_bodies.rigidbodies[2].pose.position.y,0.6535866448626679
75.288260962,1709142545.971243106,1709142545.970757061,/rigid_bodies.rigidbodies[2].pose.position.y,0.6535722734070984
75.298491476,1709142545.981473620,1709142545.980947813,/rigid_bodies.rigidbodies[2].pose.position.y,0.6534350235027206
75.308015201,1709142545.990997345,1709142545.990545432,/rigid_bodies.rigidbodies[2].pose.position.y,0.6533265811552982
75.318453679,1709142546.001435823,1709142546.000911811,/rigid_bodies.rigidbodies[2].pose.position.y,0.6534405952328375
75.328123458,1709142546.011105602,1709142546.010623279,/rigid_bodies.rigidbodies[2].pose.position.y,0.6535072393994694
75.33827827,1709142546.021260414,1709142546.020756458,/rigid_bodies.rigidbodies[2].pose.position.y,0.6534592948418562
75.348450146,1709142546.031432290,1709142546.030989746,/rigid_bodies.rigidbodies[2].pose.position.y,0.6534206343454392
75.357453243,1709142546.040435387,1709142546.040171142,/rigid_bodies.rigidbodies[2].pose.position.y,0.6533700533616397
75.367853536,1709142546.050835680,1709142546.050641778,/rigid_bodies.rigidbodies[2].pose.position.y,0.6534445535196083
75.377756377,1709142546.060738521,1709142546.060430339,/rigid_bodies.rigidbodies[2].pose.position.y,0.6535626821710996
75.387977796,1709142546.070959940,1709142546.070625997,/rigid_bodies.rigidbodies[2].pose.position.y,0.6535202205304297
75.398291781,1709142546.081273925,1709142546.080911200,/rigid_bodies.rigidbodies[2].pose.position.y,0.6534686105284208
75.407528513,1709142546.090510657,1709142546.090300621,/rigid_bodies.rigidbodies[2].pose.position.y,0.6534267926697691
75.417800585,1709142546.100782729,1709142546.100447503,/rigid_bodies.rigidbodies[2].pose.position.y,0.6533812980360963
75.427796133,1709142546.110778277,1709142546.110526929,/rigid_bodies.rigidbodies[2].pose.position.y,0.6534687647822583
75.438491553,1709142546.121473697,1709142546.120984407,/rigid_bodies.rigidbodies[2].pose.position.y,0.6535234345541603
75.447810646,1709142546.130792790,1709142546.130436011,/rigid_bodies.rigidbodies[2].pose.position.y,0.6534270815873935
75.457944218,1709142546.140926362,1709142546.140519197,/rigid_bodies.rigidbodies[2].pose.position.y,0.6534453498298612
75.46845906,1709142546.151441204,1709142546.150820391,/rigid_bodies.rigidbodies[2].pose.position.y,0.6534757164363945
75.47802861,1709142546.161010754,1709142546.160563053,/rigid_bodies.rigidbodies[2].pose.position.y,0.6535239629258986
75.488045698,1709142546.171027842,1709142546.170787635,/rigid_bodies.rigidbodies[2].pose.position.y,0.6535820978204671
75.497580282,1709142546.180562426,1709142546.180398966,/rigid_bodies.rigidbodies[2].pose.position.y,0.6534436580675367
75.507526759,1709142546.190508903,1709142546.190384802,/rigid_bodies.rigidbodies[2].pose.position.y,0.6533154945204585
75.512990865,1709142546.195973009,1709142546.195720164,/rigid_bodies.rigidbodies[2].pose.position.y,0.6534077396167366
75.528181494,1709142546.211163638,1709142546.210755508,/rigid_bodies.rigidbodies[2].pose.position.y,0.6535177393049473
75.538149346,1709142546.221131490,1709142546.220658404,/rigid_bodies.rigidbodies[2].pose.position.y,0.6535306261941357
75.549030012,1709142546.232012156,1709142546.231366693,/rigid_bodies.rigidbodies[2].pose.position.y,0.6534798402518781
75.558182511,1709142546.241164655,1709142546.240726572,/rigid_bodies.rigidbodies[2].pose.position.y,0.6534075048111743
75.568506484,1709142546.251488628,1709142546.250917643,/rigid_bodies.rigidbodies[2].pose.position.y,0.6534131578565121
75.577679692,1709142546.260661836,1709142546.260344112,/rigid_bodies.rigidbodies[2].pose.position.y,0.6535342904878433
75.588048768,1709142546.271030912,1709142546.270627801,/rigid_bodies.rigidbodies[2].pose.position.y,0.6535275213155629
75.599196898,1709142546.282179042,1709142546.281565236,/rigid_bodies.rigidbodies[2].pose.position.y,0.653423530433179
75.608151319,1709142546.291133463,1709142546.290641460,/rigid_bodies.rigidbodies[2].pose.position.y,0.6533517907884391
75.618413344,1709142546.301395488,1709142546.300867859,/rigid_bodies.rigidbodies[2].pose.position.y,0.6533343182288502
75.628555934,1709142546.311538078,1709142546.310927549,/rigid_bodies.rigidbodies[2].pose.position.y,0.6534784783945415
75.637695153,1709142546.320677297,1709142546.320286987,/rigid_bodies.rigidbodies[2].pose.position.y,0.653570000480169
75.648288531,1709142546.331270675,1709142546.330869466,/rigid_bodies.rigidbodies[2].pose.position.y,0.6534797155749746
75.657434181,1709142546.340416325,1709142546.340111060,/rigid_bodies.rigidbodies[2].pose.position.y,0.6534082709042557
75.668012919,1709142546.350995063,1709142546.350580388,/rigid_bodies.rigidbodies[2].pose.position.y,0.6534045799923083
75.678063202,1709142546.361045346,1709142546.360555044,/rigid_bodies.rigidbodies[2].pose.position.y,0.6534826134971352
75.68859978,1709142546.371581924,1709142546.370975143,/rigid_bodies.rigidbodies[2].pose.position.y,0.653532093489214
75.698381083,1709142546.381363227,1709142546.380912483,/rigid_bodies.rigidbodies[2].pose.position.y,0.6534953863959828
75.708195194,1709142546.391177338,1709142546.390679228,/rigid_bodies.rigidbodies[2].pose.position.y,0.6533320766269858
75.718407898,1709142546.401390042,1709142546.400817741,/rigid_bodies.rigidbodies[2].pose.position.y,0.653359805494352
75.728478863,1709142546.411461007,1709142546.411043468,/rigid_bodies.rigidbodies[2].pose.position.y,0.6535039250585136
75.738497876,1709142546.421480020,1709142546.420876473,/rigid_bodies.rigidbodies[2].pose.position.y,0.6535246849417461
75.747849557,1709142546.430831701,1709142546.430487744,/rigid_bodies.rigidbodies[2].pose.position.y,0.6534430923014483
75.758184178,1709142546.441166322,1709142546.440825718,/rigid_bodies.rigidbodies[2].pose.position.y,0.6533422538926269
75.76830665,1709142546.451288794,1709142546.450835157,/rigid_bodies.rigidbodies[2].pose.position.y,0.6533024555971286
75.778030781,1709142546.461012925,1709142546.460478555,/rigid_bodies.rigidbodies[2].pose.position.y,0.6534408937309922
75.78809185,1709142546.471073994,1709142546.470669817,/rigid_bodies.rigidbodies[2].pose.position.y,0.6535584735087266
75.798525626,1709142546.481507770,1709142546.481083262,/rigid_bodies.rigidbodies[2].pose.position.y,0.6535157160305083
75.808399529,1709142546.491381673,1709142546.490821466,/rigid_bodies.rigidbodies[2].pose.position.y,0.6534154649592188
75.818108527,1709142546.501090671,1709142546.500636014,/rigid_bodies.rigidbodies[2].pose.position.y,0.6533748692425048
75.827730017,1709142546.510712161,1709142546.510296683,/rigid_bodies.rigidbodies[2].pose.position.y,0.6534372697855028
75.838668373,1709142546.521650517,1709142546.520928942,/rigid_bodies.rigidbodies[2].pose.position.y,0.6535647690482638
75.848264691,1709142546.531246835,1709142546.530782946,/rigid_bodies.rigidbodies[2].pose.position.y,0.6534964318404903
75.85777477,1709142546.540756914,1709142546.540355264,/rigid_bodies.rigidbodies[2].pose.position.y,0.6532887555408818
75.8681996,1709142546.551181744,1709142546.550701700,/rigid_bodies.rigidbodies[2].pose.position.y,0.6532474390370716
75.878099047,1709142546.561081191,1709142546.560682831,/rigid_bodies.rigidbodies[2].pose.position.y,0.6534128529348433
75.888828777,1709142546.571810921,1709142546.571149951,/rigid_bodies.rigidbodies[2].pose.position.y,0.6535850240223157
75.898764411,1709142546.581746555,1709142546.581265462,/rigid_bodies.rigidbodies[2].pose.position.y,0.6536358313044172
75.907569737,1709142546.590551881,1709142546.590274799,/rigid_bodies.rigidbodies[2].pose.position.y,0.6534232457359123
75.917955304,1709142546.600937448,1709142546.600364225,/rigid_bodies.rigidbodies[2].pose.position.y,0.6533015084335184
75.92909098,1709142546.612073124,1709142546.611586613,/rigid_bodies.rigidbodies[2].pose.position.y,0.6534382827730979
75.938657339,1709142546.621639483,1709142546.621092068,/rigid_bodies.rigidbodies[2].pose.position.y,0.653589278436834
75.948755989,1709142546.631738133,1709142546.631331386,/rigid_bodies.rigidbodies[2].pose.position.y,0.6535568862675061
75.958363257,1709142546.641345401,1709142546.640873648,/rigid_bodies.rigidbodies[2].pose.position.y,0.6534066289757814
75.968483832,1709142546.651465976,1709142546.650925282,/rigid_bodies.rigidbodies[2].pose.position.y,0.653280819497343
75.978303772,1709142546.661285916,1709142546.660698088,/rigid_bodies.rigidbodies[2].pose.position.y,0.6533279440615892
75.988357379,1709142546.671339523,1709142546.670847525,/rigid_bodies.rigidbodies[2].pose.position.y,0.6535577210272214
75.998321448,1709142546.681303592,1709142546.680791442,/rigid_bodies.rigidbodies[2].pose.position.y,0.6536156926227511
76.008033165,1709142546.691015309,1709142546.690480064,/rigid_bodies.rigidbodies[2].pose.position.y,0.6534621084372186
76.018116261,1709142546.701098405,1709142546.700458342,/rigid_bodies.rigidbodies[2].pose.position.y,0.6533245629774119
76.028554688,1709142546.711536832,1709142546.710884135,/rigid_bodies.rigidbodies[2].pose.position.y,0.6533288314755822
76.038483462,1709142546.721465606,1709142546.720960218,/rigid_bodies.rigidbodies[2].pose.position.y,0.6534976264128465
76.047162263,1709142546.730144407,1709142546.729731942,/rigid_bodies.rigidbodies[2].pose.position.y,0.6536167505712661
76.057779218,1709142546.740761362,1709142546.740236629,/rigid_bodies.rigidbodies[2].pose.position.y,0.6535266298795253
76.068165396,1709142546.751147540,1709142546.750676892,/rigid_bodies.rigidbodies[2].pose.position.y,0.6533856585552082
76.077623839,1709142546.760605983,1709142546.760289425,/rigid_bodies.rigidbodies[2].pose.position.y,0.6533731584026825
76.088148394,1709142546.771130538,1709142546.770686469,/rigid_bodies.rigidbodies[2].pose.position.y,0.6534715451979756
76.098499848,1709142546.781481992,1709142546.781046565,/rigid_bodies.rigidbodies[2].pose.position.y,0.6535377530684117
76.107321892,1709142546.790304036,1709142546.790199385,/rigid_bodies.rigidbodies[2].pose.position.y,0.6534510388160608
76.116872217,1709142546.799854361,1709142546.799655592,/rigid_bodies.rigidbodies[2].pose.position.y,0.6533102527787177
76.127799475,1709142546.810781619,1709142546.810371894,/rigid_bodies.rigidbodies[2].pose.position.y,0.6533256277714565
76.138680015,1709142546.821662159,1709142546.820937223,/rigid_bodies.rigidbodies[2].pose.position.y,0.6535130600146317
76.148221343,1709142546.831203487,1709142546.830896702,/rigid_bodies.rigidbodies[2].pose.position.y,0.6536281935539627
76.157750076,1709142546.840732220,1709142546.840407481,/rigid_bodies.rigidbodies[2].pose.position.y,0.6535136665579971
76.168232202,1709142546.851214346,1709142546.850782508,/rigid_bodies.rigidbodies[2].pose.position.y,0.6533462008539911
76.17789393,1709142546.860876074,1709142546.860552161,/rigid_bodies.rigidbodies[2].pose.position.y,0.6532802614933162
76.183630544,1709142546.866612688,1709142546.866164327,/rigid_bodies.rigidbodies[2].pose.position.y,0.6534664655795345
76.198218487,1709142546.881200631,1709142546.880622032,/rigid_bodies.rigidbodies[2].pose.position.y,0.6536254533518002
76.207831189,1709142546.890813333,1709142546.890344476,/rigid_bodies.rigidbodies[2].pose.position.y,0.6535221998008114
76.218246599,1709142546.901228743,1709142546.900793560,/rigid_bodies.rigidbodies[2].pose.position.y,0.6533001863657109
76.223511216,1709142546.906493360,1709142546.906051270,/rigid_bodies.rigidbodies[2].pose.position.y,0.6532460980672965
76.238708878,1709142546.921691022,1709142546.921088921,/rigid_bodies.rigidbodies[2].pose.position.y,0.6534263118021011
76.247956706,1709142546.930938850,1709142546.930614474,/rigid_bodies.rigidbodies[2].pose.position.y,0.6536922731731081
76.257815543,1709142546.940797687,1709142546.940469587,/rigid_bodies.rigidbodies[2].pose.position.y,0.6536891656593294
76.268565237,1709142546.951547381,1709142546.951076630,/rigid_bodies.rigidbodies[2].pose.position.y,0.6534464832752042
76.277365521,1709142546.960347665,1709142546.959814882,/rigid_bodies.rigidbodies[2].pose.position.y,0.6532606951403153
76.288017294,1709142546.970999438,1709142546.970561966,/rigid_bodies.rigidbodies[2].pose.position.y,0.6533025961784876
76.298397617,1709142546.981379761,1709142546.980743516,/rigid_bodies.rigidbodies[2].pose.position.y,0.6535443363797501
76.308037791,1709142546.991019935,1709142546.990596458,/rigid_bodies.rigidbodies[2].pose.position.y,0.6536104036711504
76.318490685,1709142547.001472829,1709142547.000841778,/rigid_bodies.rigidbodies[2].pose.position.y,0.6534351874293083
76.328231526,1709142547.011213670,1709142547.010546718,/rigid_bodies.rigidbodies[2].pose.position.y,0.6532733965995078
76.33815312,1709142547.021135264,1709142547.020576837,/rigid_bodies.rigidbodies[2].pose.position.y,0.6533608487019644
76.348405683,1709142547.031387827,1709142547.030871616,/rigid_bodies.rigidbodies[2].pose.position.y,0.6535655651249918
76.35787891,1709142547.040861054,1709142547.040463187,/rigid_bodies.rigidbodies[2].pose.position.y,0.6536045320873343
76.368141669,1709142547.051123813,1709142547.050652918,/rigid_bodies.rigidbodies[2].pose.position.y,0.6534496396010164
76.378002027,1709142547.060984171,1709142547.060463789,/rigid_bodies.rigidbodies[2].pose.position.y,0.6533042303150512
76.388465536,1709142547.071447680,1709142547.070854346,/rigid_bodies.rigidbodies[2].pose.position.y,0.6533015601453074
76.398584691,1709142547.081566835,1709142547.081143876,/rigid_bodies.rigidbodies[2].pose.position.y,0.6535575904990802
76.407862178,1709142547.090844322,1709142547.090411018,/rigid_bodies.rigidbodies[2].pose.position.y,0.6536592441146454
76.41832252,1709142547.101304664,1709142547.100812930,/rigid_bodies.rigidbodies[2].pose.position.y,0.653474936107628
76.428111612,1709142547.111093756,1709142547.110631256,/rigid_bodies.rigidbodies[2].pose.position.y,0.6532829020245086
76.438083413,1709142547.121065557,1709142547.120552031,/rigid_bodies.rigidbodies[2].pose.position.y,0.6532329124975524
76.448393336,1709142547.131375480,1709142547.130819459,/rigid_bodies.rigidbodies[2].pose.position.y,0.6534130674728202
76.458146215,1709142547.141128359,1709142547.140635018,/rigid_bodies.rigidbodies[2].pose.position.y,0.6536290900946776
76.468567353,1709142547.151549497,1709142547.150864487,/rigid_bodies.rigidbodies[2].pose.position.y,0.6535360287972437
76.478192387,1709142547.161174531,1709142547.160626636,/rigid_bodies.rigidbodies[2].pose.position.y,0.6533392294351458
76.488538626,1709142547.171520770,1709142547.171011431,/rigid_bodies.rigidbodies[2].pose.position.y,0.6533582764832239
76.498336472,1709142547.181318616,1709142547.180862024,/rigid_bodies.rigidbodies[2].pose.position.y,0.6535109718084646
76.508372767,1709142547.191354911,1709142547.190830318,/rigid_bodies.rigidbodies[2].pose.position.y,0.6536678166211908
76.5187496,1709142547.201731744,1709142547.201226285,/rigid_bodies.rigidbodies[2].pose.position.y,0.6535714106597681
76.528132077,1709142547.211114221,1709142547.210606597,/rigid_bodies.rigidbodies[2].pose.position.y,0.653298777901002
76.538413094,1709142547.221395238,1709142547.220842964,/rigid_bodies.rigidbodies[2].pose.position.y,0.6532238426922855
76.548361442,1709142547.231343586,1709142547.230789822,/rigid_bodies.rigidbodies[2].pose.position.y,0.6533695978130596
76.558218394,1709142547.241200538,1709142547.240508704,/rigid_bodies.rigidbodies[2].pose.position.y,0.6535531943782396
76.568007707,1709142547.250989851,1709142547.250609409,/rigid_bodies.rigidbodies[2].pose.position.y,0.653516831346521
76.577935839,1709142547.260917983,1709142547.260462368,/rigid_bodies.rigidbodies[2].pose.position.y,0.6533149260536677
76.588288281,1709142547.271270425,1709142547.270776050,/rigid_bodies.rigidbodies[2].pose.position.y,0.6532049941862007
76.59848256,1709142547.281464704,1709142547.281002158,/rigid_bodies.rigidbodies[2].pose.position.y,0.653406636515608
76.608343059,1709142547.291325203,1709142547.290705198,/rigid_bodies.rigidbodies[2].pose.position.y,0.6537426904795269
76.618267647,1709142547.301249791,1709142547.300782180,/rigid_bodies.rigidbodies[2].pose.position.y,0.6537258658318749
76.627868609,1709142547.310850753,1709142547.310467290,/rigid_bodies.rigidbodies[2].pose.position.y,0.6534090148972085
76.638913058,1709142547.321895202,1709142547.321200426,/rigid_bodies.rigidbodies[2].pose.position.y,0.6531930647335963
76.653053529,1709142547.336035673,1709142547.335426452,/rigid_bodies.rigidbodies[2].pose.position.y,0.6532178715418028
76.658279143,1709142547.341261287,1709142547.340831470,/rigid_bodies.rigidbodies[2].pose.position.y,0.6535386580988827
76.668330435,1709142547.351312579,1709142547.350759027,/rigid_bodies.rigidbodies[2].pose.position.y,0.6536991116931153
76.677972268,1709142547.360954412,1709142547.360539482,/rigid_bodies.rigidbodies[2].pose.position.y,0.6534710950009326
76.688253909,1709142547.371236053,1709142547.370690859,/rigid_bodies.rigidbodies[2].pose.position.y,0.6532942844838512
76.698367558,1709142547.381349702,1709142547.380899263,/rigid_bodies.rigidbodies[2].pose.position.y,0.6532868468461704
76.707926614,1709142547.390908758,1709142547.390518524,/rigid_bodies.rigidbodies[2].pose.position.y,0.6534205424101936
76.718460411,1709142547.401442555,1709142547.400723507,/rigid_bodies.rigidbodies[2].pose.position.y,0.6536173851043015
76.728244087,1709142547.411226231,1709142547.410659563,/rigid_bodies.rigidbodies[2].pose.position.y,0.6534848042077537
76.738204579,1709142547.421186723,1709142547.420758776,/rigid_bodies.rigidbodies[2].pose.position.y,0.6533128717494033
76.74817578,1709142547.431157924,1709142547.430883348,/rigid_bodies.rigidbodies[2].pose.position.y,0.6533557702679444
76.757983929,1709142547.440966073,1709142547.440581634,/rigid_bodies.rigidbodies[2].pose.position.y,0.6535272073875323
76.768131091,1709142547.451113235,1709142547.450694359,/rigid_bodies.rigidbodies[2].pose.position.y,0.6536414641737148
76.777874273,1709142547.460856417,1709142547.460297739,/rigid_bodies.rigidbodies[2].pose.position.y,0.6535523528231059
76.78844382,1709142547.471425964,1709142547.470704367,/rigid_bodies.rigidbodies[2].pose.position.y,0.6532946472373814
76.798176369,1709142547.481158513,1709142547.480693668,/rigid_bodies.rigidbodies[2].pose.position.y,0.6532585524058715
76.808339549,1709142547.491321693,1709142547.490737967,/rigid_bodies.rigidbodies[2].pose.position.y,0.6534693337953514
76.818251701,1709142547.501233845,1709142547.500715764,/rigid_bodies.rigidbodies[2].pose.position.y,0.6536278662259645
76.827994265,1709142547.510976409,1709142547.510552792,/rigid_bodies.rigidbodies[2].pose.position.y,0.653557826421355
76.839848826,1709142547.522830970,1709142547.522273551,/rigid_bodies.rigidbodies[2].pose.position.y,0.6533222129892995
76.848166058,1709142547.531148202,1709142547.530820553,/rigid_bodies.rigidbodies[2].pose.position.y,0.6532613639852904
76.858029438,1709142547.541011582,1709142547.540588959,/rigid_bodies.rigidbodies[2].pose.position.y,0.6534500748392124
76.868498809,1709142547.551480953,1709142547.550998990,/rigid_bodies.rigidbodies[2].pose.position.y,0.6537224083924544
76.878038721,1709142547.561020865,1709142547.560583445,/rigid_bodies.rigidbodies[2].pose.position.y,0.653607429485697
76.887961031,1709142547.570943175,1709142547.570577723,/rigid_bodies.rigidbodies[2].pose.position.y,0.6533059339756515
76.898530798,1709142547.581512942,1709142547.580911023,/rigid_bodies.rigidbodies[2].pose.position.y,0.6531763390900822
76.908210033,1709142547.591192177,1709142547.590690712,/rigid_bodies.rigidbodies[2].pose.position.y,0.6532932726426514
76.918061033,1709142547.601043177,1709142547.600562299,/rigid_bodies.rigidbodies[2].pose.position.y,0.6536086914988641
76.928430019,1709142547.611412163,1709142547.610889710,/rigid_bodies.rigidbodies[2].pose.position.y,0.653734688142637
76.938077314,1709142547.621059458,1709142547.620527914,/rigid_bodies.rigidbodies[2].pose.position.y,0.6534994758006982
76.948300671,1709142547.631282815,1709142547.630899551,/rigid_bodies.rigidbodies[2].pose.position.y,0.6532974911787014
76.957911511,1709142547.640893655,1709142547.640468036,/rigid_bodies.rigidbodies[2].pose.position.y,0.6533498140504762
76.968228985,1709142547.651211129,1709142547.650764979,/rigid_bodies.rigidbodies[2].pose.position.y,0.6535477409056913
76.977971767,1709142547.660953911,1709142547.660484855,/rigid_bodies.rigidbodies[2].pose.position.y,0.6536614925797192
76.98785289,1709142547.670835034,1709142547.670437862,/rigid_bodies.rigidbodies[2].pose.position.y,0.653482819483845
76.99885445,1709142547.681836594,1709142547.681269717,/rigid_bodies.rigidbodies[2].pose.position.y,0.6531764192145093
77.008363499,1709142547.691345643,1709142547.690779735,/rigid_bodies.rigidbodies[2].pose.position.y,0.65325140792671
77.017999443,1709142547.700981587,1709142547.700588597,/rigid_bodies.rigidbodies[2].pose.position.y,0.6535461553645774
77.028516062,1709142547.711498206,1709142547.710877073,/rigid_bodies.rigidbodies[2].pose.position.y,0.653634259782295
77.03793702,1709142547.720919164,1709142547.720377059,/rigid_bodies.rigidbodies[2].pose.position.y,0.6534702410331245
77.048425458,1709142547.731407602,1709142547.731000938,/rigid_bodies.rigidbodies[2].pose.position.y,0.6532589910353993
77.05830119,1709142547.741283334,1709142547.740815688,/rigid_bodies.rigidbodies[2].pose.position.y,0.6532169646720993
77.068299956,1709142547.751282100,1709142547.750872477,/rigid_bodies.rigidbodies[2].pose.position.y,0.6535021259459327
77.077760515,1709142547.760742659,1709142547.760390245,/rigid_bodies.rigidbodies[2].pose.position.y,0.6536955134684762
77.088548018,1709142547.771530162,1709142547.770978428,/rigid_bodies.rigidbodies[2].pose.position.y,0.653590411032414
77.098376595,1709142547.781358739,1709142547.780784645,/rigid_bodies.rigidbodies[2].pose.position.y,0.6533869910503175
77.107840969,1709142547.790823113,1709142547.790450306,/rigid_bodies.rigidbodies[2].pose.position.y,0.6532216883470436
77.118257629,1709142547.801239773,1709142547.800811526,/rigid_bodies.rigidbodies[2].pose.position.y,0.65335018763074
77.127643279,1709142547.810625423,1709142547.810298212,/rigid_bodies.rigidbodies[2].pose.position.y,0.6536233731251512
77.138158162,1709142547.821140306,1709142547.820690511,/rigid_bodies.rigidbodies[2].pose.position.y,0.6535818695871027
77.149043801,1709142547.832025945,1709142547.831625372,/rigid_bodies.rigidbodies[2].pose.position.y,0.6533049127209055
77.1582023,1709142547.841184444,1709142547.840713904,/rigid_bodies.rigidbodies[2].pose.position.y,0.6532181402197407
77.167915221,1709142547.850897365,1709142547.850580072,/rigid_bodies.rigidbodies[2].pose.position.y,0.6533271339457691
77.178078368,1709142547.861060512,1709142547.860669827,/rigid_bodies.rigidbodies[2].pose.position.y,0.6536254134503029
77.188499304,1709142547.871481448,1709142547.870976741,/rigid_bodies.rigidbodies[2].pose.position.y,0.6537090219471229
77.198483354,1709142547.881465498,1709142547.881013501,/rigid_bodies.rigidbodies[2].pose.position.y,0.6534474903461062
77.207973337,1709142547.890955481,1709142547.890553465,/rigid_bodies.rigidbodies[2].pose.position.y,0.653257661534579
77.218003313,1709142547.900985457,1709142547.900488496,/rigid_bodies.rigidbodies[2].pose.position.y,0.6534124586673961
77.228070912,1709142547.911053056,1709142547.910654376,/rigid_bodies.rigidbodies[2].pose.position.y,0.6535798496440286
77.238323943,1709142547.921306087,1709142547.920828014,/rigid_bodies.rigidbodies[2].pose.position.y,0.6535328216415779
77.248443385,1709142547.931425529,1709142547.931068042,/rigid_bodies.rigidbodies[2].pose.position.y,0.6533360993578615
77.257778236,1709142547.940760380,1709142547.940451241,/rigid_bodies.rigidbodies[2].pose.position.y,0.6531317677227729
77.268210832,1709142547.951192976,1709142547.950728106,/rigid_bodies.rigidbodies[2].pose.position.y,0.6532552020852369
77.277705296,1709142547.960687440,1709142547.960338983,/rigid_bodies.rigidbodies[2].pose.position.y,0.6536127872677056
77.288392545,1709142547.971374689,1709142547.970821457,/rigid_bodies.rigidbodies[2].pose.position.y,0.6537486155236654
77.298776725,1709142547.981758869,1709142547.981207807,/rigid_bodies.rigidbodies[2].pose.position.y,0.653578000296941
77.308536348,1709142547.991518492,1709142547.990903199,/rigid_bodies.rigidbodies[2].pose.position.y,0.6532628280380979
77.318585408,1709142548.001567552,1709142548.001059232,/rigid_bodies.rigidbodies[2].pose.position.y,0.6531996390908221
77.328310647,1709142548.011292791,1709142548.010640128,/rigid_bodies.rigidbodies[2].pose.position.y,0.6535203573468196
77.338269862,1709142548.021252006,1709142548.020788221,/rigid_bodies.rigidbodies[2].pose.position.y,0.6537472860658556
77.348487925,1709142548.031470069,1709142548.031049517,/rigid_bodies.rigidbodies[2].pose.position.y,0.6535505296946121
77.358059482,1709142548.041041626,1709142548.040570361,/rigid_bodies.rigidbodies[2].pose.position.y,0.6533258616586247
77.367972042,1709142548.050954186,1709142548.050654596,/rigid_bodies.rigidbodies[2].pose.position.y,0.6532367965523129
77.377623329,1709142548.060605473,1709142548.060434626,/rigid_bodies.rigidbodies[2].pose.position.y,0.653407022316387
77.387854641,1709142548.070836785,1709142548.070662206,/rigid_bodies.rigidbodies[2].pose.position.y,0.6536890715612589
77.398131208,1709142548.081113352,1709142548.080901589,/rigid_bodies.rigidbodies[2].pose.position.y,0.6535577271397417
77.407503647,1709142548.090485791,1709142548.090316401,/rigid_bodies.rigidbodies[2].pose.position.y,0.65332908364686
77.417744407,1709142548.100726551,1709142548.100531360,/rigid_bodies.rigidbodies[2].pose.position.y,0.6532899631537415
77.42765991,1709142548.110642054,1709142548.110315689,/rigid_bodies.rigidbodies[2].pose.position.y,0.6534083024042672
77.438538781,1709142548.121520925,1709142548.121032810,/rigid_bodies.rigidbodies[2].pose.position.y,0.6536181332408084
77.448761874,1709142548.131744018,1709142548.131268649,/rigid_bodies.rigidbodies[2].pose.position.y,0.6536358404924334
77.457740917,1709142548.140723061,1709142548.140286409,/rigid_bodies.rigidbodies[2].pose.position.y,0.6534321547761095
77.468537463,1709142548.151519607,1709142548.150882426,/rigid_bodies.rigidbodies[2].pose.position.y,0.6532636951782212
77.478033928,1709142548.161016072,1709142548.160667149,/rigid_bodies.rigidbodies[2].pose.position.y,0.6533755191925575
77.488430783,1709142548.171412927,1709142548.170809852,/rigid_bodies.rigidbodies[2].pose.position.y,0.6535580462248927
77.49901968,1709142548.182001824,1709142548.181236879,/rigid_bodies.rigidbodies[2].pose.position.y,0.6535437767767012
77.508064622,1709142548.191046766,1709142548.190547750,/rigid_bodies.rigidbodies[2].pose.position.y,0.6533592157059814
77.517935637,1709142548.200917781,1709142548.200548014,/rigid_bodies.rigidbodies[2].pose.position.y,0.653174198740293
77.527419386,1709142548.210401530,1709142548.210139481,/rigid_bodies.rigidbodies[2].pose.position.y,0.653352832097653
77.537751658,1709142548.220733802,1709142548.220451266,/rigid_bodies.rigidbodies[2].pose.position.y,0.6537267135818162
77.548040792,1709142548.231022936,1709142548.230799342,/rigid_bodies.rigidbodies[2].pose.position.y,0.6537640971497893
77.558027473,1709142548.241009617,1709142548.240585587,/rigid_bodies.rigidbodies[2].pose.position.y,0.6534801295915759
77.568037736,1709142548.251019880,1709142548.250723840,/rigid_bodies.rigidbodies[2].pose.position.y,0.6532748477348821
77.577788041,1709142548.260770185,1709142548.260449975,/rigid_bodies.rigidbodies[2].pose.position.y,0.6532690106457674
77.587554346,1709142548.270536490,1709142548.270187629,/rigid_bodies.rigidbodies[2].pose.position.y,0.6535543408200448
77.598598759,1709142548.281580903,1709142548.281070547,/rigid_bodies.rigidbodies[2].pose.position.y,0.6536614692678403
77.608455852,1709142548.291437996,1709142548.290809984,/rigid_bodies.rigidbodies[2].pose.position.y,0.6534282329944217
77.618690327,1709142548.301672471,1709142548.300988866,/rigid_bodies.rigidbodies[2].pose.position.y,0.6532583532527132
77.628002095,1709142548.310984239,1709142548.310494987,/rigid_bodies.rigidbodies[2].pose.position.y,0.6532758796953192
77.638726732,1709142548.321708876,1709142548.320979508,/rigid_bodies.rigidbodies[2].pose.position.y,0.6534427639168334
77.648282043,1709142548.331264187,1709142548.330941651,/rigid_bodies.rigidbodies[2].pose.position.y,0.6537069330362583
77.658183441,1709142548.341165585,1709142548.340724317,/rigid_bodies.rigidbodies[2].pose.position.y,0.653605999948773
77.668590311,1709142548.351572455,1709142548.351122783,/rigid_bodies.rigidbodies[2].pose.position.y,0.6533233635705169
77.678139201,1709142548.361121345,1709142548.360770417,/rigid_bodies.rigidbodies[2].pose.position.y,0.6532726444793523
77.68839492,1709142548.371377064,1709142548.370904041,/rigid_bodies.rigidbodies[2].pose.position.y,0.6534592239774867
77.698984732,1709142548.381966876,1709142548.381568007,/rigid_bodies.rigidbodies[2].pose.position.y,0.653655694011716
77.708238988,1709142548.391221132,1709142548.390609879,/rigid_bodies.rigidbodies[2].pose.position.y,0.6536303397595074
77.718123903,1709142548.401106047,1709142548.400695130,/rigid_bodies.rigidbodies[2].pose.position.y,0.6533482039748016
77.728613873,1709142548.411596017,1709142548.410860351,/rigid_bodies.rigidbodies[2].pose.position.y,0.653231036981142
77.738750313,1709142548.421732457,1709142548.421038001,/rigid_bodies.rigidbodies[2].pose.position.y,0.6534181763944007
77.748398204,1709142548.431380348,1709142548.430942351,/rigid_bodies.rigidbodies[2].pose.position.y,0.653597623652977
77.758143096,1709142548.441125240,1709142548.440648361,/rigid_bodies.rigidbodies[2].pose.position.y,0.6535833835427385
77.7682077,1709142548.451189844,1709142548.450768000,/rigid_bodies.rigidbodies[2].pose.position.y,0.6533964635228044
77.778431592,1709142548.461413736,1709142548.460821406,/rigid_bodies.rigidbodies[2].pose.position.y,0.6532690002212963
77.788072435,1709142548.471054579,1709142548.470573114,/rigid_bodies.rigidbodies[2].pose.position.y,0.6533488816428437
77.798863946,1709142548.481846090,1709142548.481189183,/rigid_bodies.rigidbodies[2].pose.position.y,0.6536145230746917
77.807790638,1709142548.490772782,1709142548.490496053,/rigid_bodies.rigidbodies[2].pose.position.y,0.6536223562467076
77.818139562,1709142548.501121706,1709142548.500750250,/rigid_bodies.rigidbodies[2].pose.position.y,0.6534253385959267
77.828232557,1709142548.511214701,1709142548.510696821,/rigid_bodies.rigidbodies[2].pose.position.y,0.6532372897765929
77.838613111,1709142548.521595255,1709142548.521178305,/rigid_bodies.rigidbodies[2].pose.position.y,0.6532903919575817
77.848023844,1709142548.531005988,1709142548.530679186,/rigid_bodies.rigidbodies[2].pose.position.y,0.6535624805488005
77.858113305,1709142548.541095449,1709142548.540715441,/rigid_bodies.rigidbodies[2].pose.position.y,0.6536879138649824
77.868687238,1709142548.551669382,1709142548.551315045,/rigid_bodies.rigidbodies[2].pose.position.y,0.6534828956891737
77.877701832,1709142548.560683976,1709142548.560353222,/rigid_bodies.rigidbodies[2].pose.position.y,0.6533093336731862
77.888500075,1709142548.571482219,1709142548.571108712,/rigid_bodies.rigidbodies[2].pose.position.y,0.6533659649402558
77.8985648,1709142548.581546944,1709142548.581009429,/rigid_bodies.rigidbodies[2].pose.position.y,0.6535638242549685
77.908175996,1709142548.591158140,1709142548.590842429,/rigid_bodies.rigidbodies[2].pose.position.y,0.6536678767830557
77.918285529,1709142548.601267673,1709142548.600802278,/rigid_bodies.rigidbodies[2].pose.position.y,0.653517062593282
77.928034347,1709142548.611016491,1709142548.610567397,/rigid_bodies.rigidbodies[2].pose.position.y,0.653241241779382
77.938255742,1709142548.621237886,1709142548.620819867,/rigid_bodies.rigidbodies[2].pose.position.y,0.6532475961783789
77.948729242,1709142548.631711386,1709142548.631271690,/rigid_bodies.rigidbodies[2].pose.position.y,0.6534670825655181
77.957807288,1709142548.640789432,1709142548.640442037,/rigid_bodies.rigidbodies[2].pose.position.y,0.6536023914854819
77.968745575,1709142548.651727719,1709142548.651160940,/rigid_bodies.rigidbodies[2].pose.position.y,0.6535315220981991
77.978012886,1709142548.660995030,1709142548.660572194,/rigid_bodies.rigidbodies[2].pose.position.y,0.6533767999569959
77.988346503,1709142548.671328647,1709142548.670784583,/rigid_bodies.rigidbodies[2].pose.position.y,0.6532720666005433
77.998550068,1709142548.681532212,1709142548.681089051,/rigid_bodies.rigidbodies[2].pose.position.y,0.6534906471887005
78.007976743,1709142548.690958887,1709142548.690491651,/rigid_bodies.rigidbodies[2].pose.position.y,0.653691860021634
78.018019661,1709142548.701001805,1709142548.700489973,/rigid_bodies.rigidbodies[2].pose.position.y,0.6535925238011446
78.028157157,1709142548.711139301,1709142548.710739784,/rigid_bodies.rigidbodies[2].pose.position.y,0.6533870214424128
78.038539945,1709142548.721522089,1709142548.720760338,/rigid_bodies.rigidbodies[2].pose.position.y,0.6532206191138372
78.048515395,1709142548.731497539,1709142548.730925576,/rigid_bodies.rigidbodies[2].pose.position.y,0.6533264753009812
78.057875484,1709142548.740857628,1709142548.740489948,/rigid_bodies.rigidbodies[2].pose.position.y,0.6536158582502959
78.068141763,1709142548.751123907,1709142548.750717583,/rigid_bodies.rigidbodies[2].pose.position.y,0.6536213228721823
78.07809571,1709142548.761077854,1709142548.760501796,/rigid_bodies.rigidbodies[2].pose.position.y,0.653405559101791
78.088370147,1709142548.771352291,1709142548.770813813,/rigid_bodies.rigidbodies[2].pose.position.y,0.6532714115836769
78.098607538,1709142548.781589682,1709142548.781008565,/rigid_bodies.rigidbodies[2].pose.position.y,0.6532998562914295
78.108191233,1709142548.791173377,1709142548.790704007,/rigid_bodies.rigidbodies[2].pose.position.y,0.6535267168149085
78.117971967,1709142548.800954111,1709142548.800536629,/rigid_bodies.rigidbodies[2].pose.position.y,0.6536306930914045
78.127687491,1709142548.810669635,1709142548.810483447,/rigid_bodies.rigidbodies[2].pose.position.y,0.6534705138368598
78.137605474,1709142548.820587618,1709142548.820391938,/rigid_bodies.rigidbodies[2].pose.position.y,0.6533523029415622
78.14798375,1709142548.830965894,1709142548.830729643,/rigid_bodies.rigidbodies[2].pose.position.y,0.6533663641191375
78.157853822,1709142548.840835966,1709142548.840502138,/rigid_bodies.rigidbodies[2].pose.position.y,0.6535465397099963
78.16799424,1709142548.850976384,1709142548.850662794,/rigid_bodies.rigidbodies[2].pose.position.y,0.6536202960308966
78.177817238,1709142548.860799382,1709142548.860423340,/rigid_bodies.rigidbodies[2].pose.position.y,0.6534703822852338
78.188635427,1709142548.871617571,1709142548.871045953,/rigid_bodies.rigidbodies[2].pose.position.y,0.6532908526391886
78.198620732,1709142548.881602876,1709142548.881224651,/rigid_bodies.rigidbodies[2].pose.position.y,0.6533058509992498
78.20793902,1709142548.890921164,1709142548.890562617,/rigid_bodies.rigidbodies[2].pose.position.y,0.6535039541819584
78.218527942,1709142548.901510086,1709142548.901018576,/rigid_bodies.rigidbodies[2].pose.position.y,0.6535884415770208
78.228491235,1709142548.911473379,1709142548.911002653,/rigid_bodies.rigidbodies[2].pose.position.y,0.653458855867739
78.238242536,1709142548.921224680,1709142548.920875942,/rigid_bodies.rigidbodies[2].pose.position.y,0.6533254193918557
78.24844782,1709142548.931429964,1709142548.931035678,/rigid_bodies.rigidbodies[2].pose.position.y,0.653302152112861
78.258067284,1709142548.941049428,1709142548.940778539,/rigid_bodies.rigidbodies[2].pose.position.y,0.6535155517952446
78.267981474,1709142548.950963618,1709142548.950672131,/rigid_bodies.rigidbodies[2].pose.position.y,0.6536741049394247
78.277470046,1709142548.960452190,1709142548.960228709,/rigid_bodies.rigidbodies[2].pose.position.y,0.6535494320496823
78.288387139,1709142548.971369283,1709142548.970948190,/rigid_bodies.rigidbodies[2].pose.position.y,0.6533022062566001
78.298691662,1709142548.981673806,1709142548.981307438,/rigid_bodies.rigidbodies[2].pose.position.y,0.6532160374548683
78.308119577,1709142548.991101721,1709142548.990796514,/rigid_bodies.rigidbodies[2].pose.position.y,0.6533507491932328
78.31864595,1709142549.001628094,1709142549.001037724,/rigid_bodies.rigidbodies[2].pose.position.y,0.6536140762234192
78.328086424,1709142549.011068568,1709142549.010661150,/rigid_bodies.rigidbodies[2].pose.position.y,0.6535787367665814
78.338124544,1709142549.021106688,1709142549.020670586,/rigid_bodies.rigidbodies[2].pose.position.y,0.6533797720811063
78.348050409,1709142549.031032553,1709142549.030703427,/rigid_bodies.rigidbodies[2].pose.position.y,0.6532773540389877
78.358293269,1709142549.041275413,1709142549.040802556,/rigid_bodies.rigidbodies[2].pose.position.y,0.6533409602498442
78.368399155,1709142549.051381299,1709142549.051000425,/rigid_bodies.rigidbodies[2].pose.position.y,0.6535573282659555
78.377821775,1709142549.060803919,1709142549.060435127,/rigid_bodies.rigidbodies[2].pose.position.y,0.6535799469112346
78.388164731,1709142549.071146875,1709142549.070816914,/rigid_bodies.rigidbodies[2].pose.position.y,0.6533915203114083
78.398351426,1709142549.081333570,1709142549.080966926,/rigid_bodies.rigidbodies[2].pose.position.y,0.6532614787933084
78.408040828,1709142549.091022972,1709142549.090615685,/rigid_bodies.rigidbodies[2].pose.position.y,0.6533183794267331
78.418247586,1709142549.101229730,1709142549.100810251,/rigid_bodies.rigidbodies[2].pose.position.y,0.6535115478633099
78.427538559,1709142549.110520703,1709142549.110159377,/rigid_bodies.rigidbodies[2].pose.position.y,0.6535734594796463
78.438255922,1709142549.121238066,1709142549.120797868,/rigid_bodies.rigidbodies[2].pose.position.y,0.6534707192574196
78.448167588,1709142549.131149732,1709142549.130784663,/rigid_bodies.rigidbodies[2].pose.position.y,0.6533168913157067
78.457666095,1709142549.140648239,1709142549.140201258,/rigid_bodies.rigidbodies[2].pose.position.y,0.6533249713426283
78.468375542,1709142549.151357686,1709142549.150892557,/rigid_bodies.rigidbodies[2].pose.position.y,0.6535127042329234
78.477814426,1709142549.160796570,1709142549.160374126,/rigid_bodies.rigidbodies[2].pose.position.y,0.6536053956884523
78.488640853,1709142549.171622997,1709142549.171014749,/rigid_bodies.rigidbodies[2].pose.position.y,0.653438137731637
78.4988905,1709142549.181872644,1709142549.181218010,/rigid_bodies.rigidbodies[2].pose.position.y,0.6532467135228859
78.508262379,1709142549.191244523,1709142549.190705451,/rigid_bodies.rigidbodies[2].pose.position.y,0.6532561614255479
78.518481062,1709142549.201463206,1709142549.200933602,/rigid_bodies.rigidbodies[2].pose.position.y,0.6534583577551246
78.528154991,1709142549.211137135,1709142549.210589648,/rigid_bodies.rigidbodies[2].pose.position.y,0.6535997076088231
78.539017419,1709142549.221999563,1709142549.221421397,/rigid_bodies.rigidbodies[2].pose.position.y,0.6535024817071583
78.548262791,1709142549.231244935,1709142549.230970359,/rigid_bodies.rigidbodies[2].pose.position.y,0.6532863305091073
78.558073482,1709142549.241055626,1709142549.240608307,/rigid_bodies.rigidbodies[2].pose.position.y,0.6532570887895025
78.56786685,1709142549.250848994,1709142549.250600419,/rigid_bodies.rigidbodies[2].pose.position.y,0.6534437441134032
78.577785996,1709142549.260768140,1709142549.260540227,/rigid_bodies.rigidbodies[2].pose.position.y,0.6535928362607143
78.588504067,1709142549.271486211,1709142549.270945166,/rigid_bodies.rigidbodies[2].pose.position.y,0.6535417197994303
78.598972397,1709142549.281954541,1709142549.281268466,/rigid_bodies.rigidbodies[2].pose.position.y,0.6533703662209398
78.608317035,1709142549.291299179,1709142549.290820961,/rigid_bodies.rigidbodies[2].pose.position.y,0.6532767698703282
78.618209317,1709142549.301191461,1709142549.300625835,/rigid_bodies.rigidbodies[2].pose.position.y,0.6533791849007423
78.62828642,1709142549.311268564,1709142549.310622220,/rigid_bodies.rigidbodies[2].pose.position.y,0.6535406869967157
78.638157157,1709142549.321139301,1709142549.320667410,/rigid_bodies.rigidbodies[2].pose.position.y,0.6534944866096951
78.64814377,1709142549.331125914,1709142549.330860118,/rigid_bodies.rigidbodies[2].pose.position.y,0.6533515534570948
78.658396804,1709142549.341378948,1709142549.341066413,/rigid_bodies.rigidbodies[2].pose.position.y,0.6532898591933489
78.668653445,1709142549.351635589,1709142549.351294547,/rigid_bodies.rigidbodies[2].pose.position.y,0.6534043146327742
78.677795971,1709142549.360778115,1709142549.360480648,/rigid_bodies.rigidbodies[2].pose.position.y,0.6536316580145416
78.688521941,1709142549.371504085,1709142549.371007000,/rigid_bodies.rigidbodies[2].pose.position.y,0.6536760625442283
78.698475645,1709142549.381457789,1709142549.381103518,/rigid_bodies.rigidbodies[2].pose.position.y,0.6534775388845221
78.708012795,1709142549.390994939,1709142549.390660965,/rigid_bodies.rigidbodies[2].pose.position.y,0.6533336259989746
78.718383067,1709142549.401365211,1709142549.400961191,/rigid_bodies.rigidbodies[2].pose.position.y,0.6533943361266275
78.727742611,1709142549.410724755,1709142549.410345954,/rigid_bodies.rigidbodies[2].pose.position.y,0.6535750018786985
78.738353119,1709142549.421335263,1709142549.420793788,/rigid_bodies.rigidbodies[2].pose.position.y,0.6536451766604547
78.748281537,1709142549.431263681,1709142549.430930618,/rigid_bodies.rigidbodies[2].pose.position.y,0.6534402897017839
78.758043398,1709142549.441025542,1709142549.440676004,/rigid_bodies.rigidbodies[2].pose.position.y,0.6532137715359622
78.767991081,1709142549.450973225,1709142549.450594925,/rigid_bodies.rigidbodies[2].pose.position.y,0.6533062016338145
78.777919408,1709142549.460901552,1709142549.460492528,/rigid_bodies.rigidbodies[2].pose.position.y,0.6535146193848859
78.787970392,1709142549.470952536,1709142549.470687901,/rigid_bodies.rigidbodies[2].pose.position.y,0.6536222344958648
78.798302732,1709142549.481284876,1709142549.480944022,/rigid_bodies.rigidbodies[2].pose.position.y,0.6535869450184276
78.80762893,1709142549.490611074,1709142549.490309367,/rigid_bodies.rigidbodies[2].pose.position.y,0.6533803514917454
78.818047213,1709142549.501029357,1709142549.500723953,/rigid_bodies.rigidbodies[2].pose.position.y,0.6532825158063734
78.828220484,1709142549.511202628,1709142549.510716415,/rigid_bodies.rigidbodies[2].pose.position.y,0.653456131694906
78.838137673,1709142549.521119817,1709142549.520646992,/rigid_bodies.rigidbodies[2].pose.position.y,0.6535777769959118
78.848301472,1709142549.531283616,1709142549.530928235,/rigid_bodies.rigidbodies[2].pose.position.y,0.6535342883628449
78.858230516,1709142549.541212660,1709142549.540700195,/rigid_bodies.rigidbodies[2].pose.position.y,0.6534281985331658
78.868263815,1709142549.551245959,1709142549.550758598,/rigid_bodies.rigidbodies[2].pose.position.y,0.6533232765227043
78.878091866,1709142549.561074010,1709142549.560695983,/rigid_bodies.rigidbodies[2].pose.position.y,0.65342829256116
78.888547218,1709142549.571529362,1709142549.570944895,/rigid_bodies.rigidbodies[2].pose.position.y,0.653606120172684
78.898371033,1709142549.581353177,1709142549.580820800,/rigid_bodies.rigidbodies[2].pose.position.y,0.6534988906373937
78.908150348,1709142549.591132492,1709142549.590721575,/rigid_bodies.rigidbodies[2].pose.position.y,0.653323803731135
78.918316286,1709142549.601298430,1709142549.600755888,/rigid_bodies.rigidbodies[2].pose.position.y,0.6533163945974787
78.928248623,1709142549.611230767,1709142549.610697518,/rigid_bodies.rigidbodies[2].pose.position.y,0.6534061676169315
78.938507679,1709142549.621489823,1709142549.620891573,/rigid_bodies.rigidbodies[2].pose.position.y,0.653592545586231
78.94833193,1709142549.631314074,1709142549.630844827,/rigid_bodies.rigidbodies[2].pose.position.y,0.6535906439294161
78.958055233,1709142549.641037377,1709142549.640499716,/rigid_bodies.rigidbodies[2].pose.position.y,0.653401958969683
78.968257715,1709142549.651239859,1709142549.650797068,/rigid_bodies.rigidbodies[2].pose.position.y,0.6533208010049179
78.978052488,1709142549.661034632,1709142549.660690207,/rigid_bodies.rigidbodies[2].pose.position.y,0.6533974008623367
78.988391137,1709142549.671373281,1709142549.670994768,/rigid_bodies.rigidbodies[2].pose.position.y,0.6535142906294313
78.998412898,1709142549.681395042,1709142549.681057543,/rigid_bodies.rigidbodies[2].pose.position.y,0.6535562426314612
79.007739894,1709142549.690722038,1709142549.690394051,/rigid_bodies.rigidbodies[2].pose.position.y,0.6534298568951366
79.018285285,1709142549.701267429,1709142549.700763941,/rigid_bodies.rigidbodies[2].pose.position.y,0.6532654380055138
79.027717029,1709142549.710699173,1709142549.710374459,/rigid_bodies.rigidbodies[2].pose.position.y,0.6533494842867946
79.038747051,1709142549.721729195,1709142549.721064274,/rigid_bodies.rigidbodies[2].pose.position.y,0.6536077789636335
79.048987246,1709142549.731969390,1709142549.731449673,/rigid_bodies.rigidbodies[2].pose.position.y,0.6536524794157721
79.057839729,1709142549.740821873,1709142549.740347325,/rigid_bodies.rigidbodies[2].pose.position.y,0.6535425285246816
79.068493915,1709142549.751476059,1709142549.750884989,/rigid_bodies.rigidbodies[2].pose.position.y,0.6533390390148385
79.073776696,1709142549.756758840,1709142549.756310062,/rigid_bodies.rigidbodies[2].pose.position.y,0.6532989283195823
79.088454378,1709142549.771436522,1709142549.770922424,/rigid_bodies.rigidbodies[2].pose.position.y,0.6535277387990738
79.09858767,1709142549.781569814,1709142549.781060765,/rigid_bodies.rigidbodies[2].pose.position.y,0.6535952345524458
79.108119302,1709142549.791101446,1709142549.790561146,/rigid_bodies.rigidbodies[2].pose.position.y,0.6534823280744639
79.118104672,1709142549.801086816,1709142549.800623031,/rigid_bodies.rigidbodies[2].pose.position.y,0.653393710107035
79.127717759,1709142549.810699903,1709142549.810370807,/rigid_bodies.rigidbodies[2].pose.position.y,0.6533669646220989
79.138412693,1709142549.821394837,1709142549.820886337,/rigid_bodies.rigidbodies[2].pose.position.y,0.6534872473995205
79.148148924,1709142549.831131068,1709142549.830687935,/rigid_bodies.rigidbodies[2].pose.position.y,0.6536600342789803
79.158127583,1709142549.841109727,1709142549.840691690,/rigid_bodies.rigidbodies[2].pose.position.y,0.6535265896121947
79.168143611,1709142549.851125755,1709142549.850595740,/rigid_bodies.rigidbodies[2].pose.position.y,0.6533637322988205
79.178574214,1709142549.861556358,1709142549.860892264,/rigid_bodies.rigidbodies[2].pose.position.y,0.6533364472140872
79.188279066,1709142549.871261210,1709142549.870845122,/rigid_bodies.rigidbodies[2].pose.position.y,0.6534299437463892
79.198506649,1709142549.881488793,1709142549.880873627,/rigid_bodies.rigidbodies[2].pose.position.y,0.6535827235062318
79.208473631,1709142549.891455775,1709142549.890794975,/rigid_bodies.rigidbodies[2].pose.position.y,0.6535911676393568
79.218120818,1709142549.901102962,1709142549.900688208,/rigid_bodies.rigidbodies[2].pose.position.y,0.6533855003834532
79.227819804,1709142549.910801948,1709142549.910349564,/rigid_bodies.rigidbodies[2].pose.position.y,0.6533176588335138
79.238170041,1709142549.921152185,1709142549.920538225,/rigid_bodies.rigidbodies[2].pose.position.y,0.6534538378713408
79.248701593,1709142549.931683737,1709142549.931238211,/rigid_bodies.rigidbodies[2].pose.position.y,0.6535604696662681
79.258580419,1709142549.941562563,1709142549.941006782,/rigid_bodies.rigidbodies[2].pose.position.y,0.65357208758255
79.268050736,1709142549.951032880,1709142549.950628019,/rigid_bodies.rigidbodies[2].pose.position.y,0.6534229855795398
79.278061722,1709142549.961043866,1709142549.960543553,/rigid_bodies.rigidbodies[2].pose.position.y,0.6533207546612873
79.288688018,1709142549.971670162,1709142549.971144334,/rigid_bodies.rigidbodies[2].pose.position.y,0.6534582063862515
79.298644086,1709142549.981626230,1709142549.981005724,/rigid_bodies.rigidbodies[2].pose.position.y,0.6536098571438231
79.308185706,1709142549.991167850,1709142549.990711779,/rigid_bodies.rigidbodies[2].pose.position.y,0.6535661122969718
79.318124326,1709142550.001106470,1709142550.000634708,/rigid_bodies.rigidbodies[2].pose.position.y,0.6534578332489989
79.32815983,1709142550.011141974,1709142550.010585202,/rigid_bodies.rigidbodies[2].pose.position.y,0.6533427810445211
79.337708169,1709142550.020690313,1709142550.020242572,/rigid_bodies.rigidbodies[2].pose.position.y,0.653291162946062
79.348730832,1709142550.031712976,1709142550.031177796,/rigid_bodies.rigidbodies[2].pose.position.y,0.6535376818952607
79.357792244,1709142550.040774388,1709142550.040467716,/rigid_bodies.rigidbodies[2].pose.position.y,0.6535952182166693
79.368139945,1709142550.051122089,1709142550.050786106,/rigid_bodies.rigidbodies[2].pose.position.y,0.6534366585055607
79.377676988,1709142550.060659132,1709142550.060514887,/rigid_bodies.rigidbodies[2].pose.position.y,0.6533764123866974
79.387992295,1709142550.070974439,1709142550.070661165,/rigid_bodies.rigidbodies[2].pose.position.y,0.6533976863863894
79.398105571,1709142550.081087715,1709142550.080881170,/rigid_bodies.rigidbodies[2].pose.position.y,0.6535400296967219
79.407876671,1709142550.090858815,1709142550.090718780,/rigid_bodies.rigidbodies[2].pose.position.y,0.6536652832596693
79.417557045,1709142550.100539189,1709142550.100427239,/rigid_bodies.rigidbodies[2].pose.position.y,0.6534848048007929
79.427714827,1709142550.110696971,1709142550.110355192,/rigid_bodies.rigidbodies[2].pose.position.y,0.653265693694451
79.437809887,1709142550.120792031,1709142550.120624272,/rigid_bodies.rigidbodies[2].pose.position.y,0.6533038237397089
79.447620134,1709142550.130602278,1709142550.130428650,/rigid_bodies.rigidbodies[2].pose.position.y,0.6534732340387837
79.457949572,1709142550.140931716,1709142550.140619686,/rigid_bodies.rigidbodies[2].pose.position.y,0.653623315995823
79.468010581,1709142550.150992725,1709142550.150683682,/rigid_bodies.rigidbodies[2].pose.position.y,0.6535811519657273
79.477483912,1709142550.160466056,1709142550.160241690,/rigid_bodies.rigidbodies[2].pose.position.y,0.6534050688916279
79.48812751,1709142550.171109654,1709142550.170947409,/rigid_bodies.rigidbodies[2].pose.position.y,0.6532844294691943
79.497741339,1709142550.180723483,1709142550.180574668,/rigid_bodies.rigidbodies[2].pose.position.y,0.653421042223545
79.507349839,1709142550.190331983,1709142550.190135605,/rigid_bodies.rigidbodies[2].pose.position.y,0.6535702765967285
79.518087666,1709142550.201069810,1709142550.200549838,/rigid_bodies.rigidbodies[2].pose.position.y,0.6535550229430911
79.528343856,1709142550.211326000,1709142550.210768756,/rigid_bodies.rigidbodies[2].pose.position.y,0.6534467586367106
79.537885314,1709142550.220867458,1709142550.220374787,/rigid_bodies.rigidbodies[2].pose.position.y,0.6533213659624652
79.547955256,1709142550.230937400,1709142550.230651090,/rigid_bodies.rigidbodies[2].pose.position.y,0.6534155017260829
79.557808578,1709142550.240790722,1709142550.240438710,/rigid_bodies.rigidbodies[2].pose.position.y,0.6536211125443888
79.567823564,1709142550.250805708,1709142550.250584888,/rigid_bodies.rigidbodies[2].pose.position.y,0.6535794497721537
79.577674018,1709142550.260656162,1709142550.260379634,/rigid_bodies.rigidbodies[2].pose.position.y,0.6534347093244487
79.588002887,1709142550.270985031,1709142550.270599411,/rigid_bodies.rigidbodies[2].pose.position.y,0.6533257151521658
79.598413388,1709142550.281395532,1709142550.280913212,/rigid_bodies.rigidbodies[2].pose.position.y,0.6533624820075074
79.608224298,1709142550.291206442,1709142550.290648208,/rigid_bodies.rigidbodies[2].pose.position.y,0.6535473725299593
79.618512877,1709142550.301495021,1709142550.300915222,/rigid_bodies.rigidbodies[2].pose.position.y,0.6535966744177311
79.628433032,1709142550.311415176,1709142550.310977468,/rigid_bodies.rigidbodies[2].pose.position.y,0.6534269659309992
79.638338395,1709142550.321320539,1709142550.320831693,/rigid_bodies.rigidbodies[2].pose.position.y,0.6533557363978005
79.648558418,1709142550.331540562,1709142550.331050858,/rigid_bodies.rigidbodies[2].pose.position.y,0.6534037334019434
79.658483176,1709142550.341465320,1709142550.340803886,/rigid_bodies.rigidbodies[2].pose.position.y,0.6535215387285223
79.668232549,1709142550.351214693,1709142550.350673466,/rigid_bodies.rigidbodies[2].pose.position.y,0.6535814115276047
79.678193448,1709142550.361175592,1709142550.360674659,/rigid_bodies.rigidbodies[2].pose.position.y,0.6534405090428654
79.688842799,1709142550.371824943,1709142550.371040263,/rigid_bodies.rigidbodies[2].pose.position.y,0.6532508488603121
79.698580335,1709142550.381562479,1709142550.381006721,/rigid_bodies.rigidbodies[2].pose.position.y,0.653349804108365
79.708500527,1709142550.391482671,1709142550.390974270,/rigid_bodies.rigidbodies[2].pose.position.y,0.6535540720593387
79.71837218,1709142550.401354324,1709142550.400738702,/rigid_bodies.rigidbodies[2].pose.position.y,0.6536281718607114
79.727954227,1709142550.410936371,1709142550.410426216,/rigid_bodies.rigidbodies[2].pose.position.y,0.6535689516652448
79.738298065,1709142550.421280209,1709142550.420787116,/rigid_bodies.rigidbodies[2].pose.position.y,0.6534054187844238
79.748160081,1709142550.431142225,1709142550.430734245,/rigid_bodies.rigidbodies[2].pose.position.y,0.6533696211429929
79.758629903,1709142550.441612047,1709142550.440978632,/rigid_bodies.rigidbodies[2].pose.position.y,0.6535234997509257
79.768215209,1709142550.451197353,1709142550.450744948,/rigid_bodies.rigidbodies[2].pose.position.y,0.6536312004506868
79.77815842,1709142550.461140564,1709142550.460592699,/rigid_bodies.rigidbodies[2].pose.position.y,0.6534935070494743
79.788704876,1709142550.471687020,1709142550.471015419,/rigid_bodies.rigidbodies[2].pose.position.y,0.6533352223292538
79.798262841,1709142550.481244985,1709142550.480797280,/rigid_bodies.rigidbodies[2].pose.position.y,0.6532853481187032
79.808237829,1709142550.491219973,1709142550.490684768,/rigid_bodies.rigidbodies[2].pose.position.y,0.653461757068414
79.818585541,1709142550.501567685,1709142550.500982020,/rigid_bodies.rigidbodies[2].pose.position.y,0.6536419705289708
79.828021068,1709142550.511003212,1709142550.510606899,/rigid_bodies.rigidbodies[2].pose.position.y,0.6535923588177172
79.838117675,1709142550.521099819,1709142550.520661231,/rigid_bodies.rigidbodies[2].pose.position.y,0.653417004791077
79.848406707,1709142550.531388851,1709142550.530952982,/rigid_bodies.rigidbodies[2].pose.position.y,0.653318864976929
79.858027002,1709142550.541009146,1709142550.540602574,/rigid_bodies.rigidbodies[2].pose.position.y,0.6534064702109527
79.8684981,1709142550.551480244,1709142550.550785264,/rigid_bodies.rigidbodies[2].pose.position.y,0.6535739169958973
79.878297681,1709142550.561279825,1709142550.560782631,/rigid_bodies.rigidbodies[2].pose.position.y,0.6536341032786708
79.888341801,1709142550.571323945,1709142550.570709565,/rigid_bodies.rigidbodies[2].pose.position.y,0.6534680825960901
79.898253328,1709142550.581235472,1709142550.580697830,/rigid_bodies.rigidbodies[2].pose.position.y,0.6533546765119528
79.908235421,1709142550.591217565,1709142550.590726441,/rigid_bodies.rigidbodies[2].pose.position.y,0.6534195723977125
79.918604107,1709142550.601586251,1709142550.600952027,/rigid_bodies.rigidbodies[2].pose.position.y,0.6535386593885125
79.928437146,1709142550.611419290,1709142550.610880920,/rigid_bodies.rigidbodies[2].pose.position.y,0.6535398768600673
79.938820829,1709142550.621802973,1709142550.621102043,/rigid_bodies.rigidbodies[2].pose.position.y,0.6534320710730861
79.948548275,1709142550.631530419,1709142550.631068553,/rigid_bodies.rigidbodies[2].pose.position.y,0.6533271555360067
79.958076791,1709142550.641058935,1709142550.640668149,/rigid_bodies.rigidbodies[2].pose.position.y,0.6533900639644075
79.96855822,1709142550.651540364,1709142550.651024726,/rigid_bodies.rigidbodies[2].pose.position.y,0.6535677761320667
79.978228383,1709142550.661210527,1709142550.660759190,/rigid_bodies.rigidbodies[2].pose.position.y,0.6535794058090733
79.987982667,1709142550.670964811,1709142550.670544505,/rigid_bodies.rigidbodies[2].pose.position.y,0.6534573447335852
79.998705731,1709142550.681687875,1709142550.681240170,/rigid_bodies.rigidbodies[2].pose.position.y,0.6533583293328256
80.008125591,1709142550.691107735,1709142550.690709293,/rigid_bodies.rigidbodies[2].pose.position.y,0.6533591571419307
80.017911881,1709142550.700894025,1709142550.700588254,/rigid_bodies.rigidbodies[2].pose.position.y,0.6535300419455319
80.028263746,1709142550.711245890,1709142550.710754322,/rigid_bodies.rigidbodies[2].pose.position.y,0.6536167261280118
80.038269663,1709142550.721251807,1709142550.720632893,/rigid_bodies.rigidbodies[2].pose.position.y,0.6534830250232498
80.048169769,1709142550.731151913,1709142550.730835841,/rigid_bodies.rigidbodies[2].pose.position.y,0.653340304254922
80.058089236,1709142550.741071380,1709142550.740735249,/rigid_bodies.rigidbodies[2].pose.position.y,0.6533956189380543
80.068138852,1709142550.751120996,1709142550.750778036,/rigid_bodies.rigidbodies[2].pose.position.y,0.6536176074750057
80.077676667,1709142550.760658811,1709142550.760333919,/rigid_bodies.rigidbodies[2].pose.position.y,0.6537066459892668
80.088145999,1709142550.771128143,1709142550.770678865,/rigid_bodies.rigidbodies[2].pose.position.y,0.6535820955955569
80.098893402,1709142550.781875546,1709142550.781164600,/rigid_bodies.rigidbodies[2].pose.position.y,0.6533822071417288
80.107751896,1709142550.790734040,1709142550.790365129,/rigid_bodies.rigidbodies[2].pose.position.y,0.653274436156464
80.118118429,1709142550.801100573,1709142550.800689051,/rigid_bodies.rigidbodies[2].pose.position.y,0.6534447924464388
80.128525276,1709142550.811507420,1709142550.810883469,/rigid_bodies.rigidbodies[2].pose.position.y,0.6535872230551554
80.138053328,1709142550.821035472,1709142550.820594508,/rigid_bodies.rigidbodies[2].pose.position.y,0.6535780881844893
80.148105706,1709142550.831087850,1709142550.830770027,/rigid_bodies.rigidbodies[2].pose.position.y,0.653464254187553
80.157557716,1709142550.840539860,1709142550.840313133,/rigid_bodies.rigidbodies[2].pose.position.y,0.6533621817008102
80.167816505,1709142550.850798649,1709142550.850502847,/rigid_bodies.rigidbodies[2].pose.position.y,0.6534771965993016
80.178037349,1709142550.861019493,1709142550.860607959,/rigid_bodies.rigidbodies[2].pose.position.y,0.6536672008698283
80.188751539,1709142550.871733683,1709142550.871185769,/rigid_bodies.rigidbodies[2].pose.position.y,0.6536788980771359
80.198326604,1709142550.881308748,1709142550.880861732,/rigid_bodies.rigidbodies[2].pose.position.y,0.6535326482671071
80.208642723,1709142550.891624867,1709142550.890996605,/rigid_bodies.rigidbodies[2].pose.position.y,0.6533487361630411
80.218195674,1709142550.901177818,1709142550.900751499,/rigid_bodies.rigidbodies[2].pose.position.y,0.6534062403787546
80.227745612,1709142550.910727756,1709142550.910171361,/rigid_bodies.rigidbodies[2].pose.position.y,0.6536088221387332
80.237899803,1709142550.920881947,1709142550.920422338,/rigid_bodies.rigidbodies[2].pose.position.y,0.6536074874209623
80.248002679,1709142550.930984823,1709142550.930614490,/rigid_bodies.rigidbodies[2].pose.position.y,0.6534295205442052
80.25808381,1709142550.941065954,1709142550.940648528,/rigid_bodies.rigidbodies[2].pose.position.y,0.653315845096547
80.267168753,1709142550.950150897,1709142550.949745567,/rigid_bodies.rigidbodies[2].pose.position.y,0.6533300191265091
80.277524757,1709142550.960506901,1709142550.960129266,/rigid_bodies.rigidbodies[2].pose.position.y,0.6534789607723499
80.287969977,1709142550.970952121,1709142550.970519656,/rigid_bodies.rigidbodies[2].pose.position.y,0.6535585206833696
80.299163491,1709142550.982145635,1709142550.981498588,/rigid_bodies.rigidbodies[2].pose.position.y,0.6534742986169148
80.307746863,1709142550.990729007,1709142550.990334667,/rigid_bodies.rigidbodies[2].pose.position.y,0.6533388206706279
80.318046245,1709142551.001028389,1709142551.000627152,/rigid_bodies.rigidbodies[2].pose.position.y,0.6533923267919453
80.328001795,1709142551.010983939,1709142551.010536217,/rigid_bodies.rigidbodies[2].pose.position.y,0.6535920065470557
80.338013433,1709142551.020995577,1709142551.020625003,/rigid_bodies.rigidbodies[2].pose.position.y,0.6536743766346871
80.348138751,1709142551.031120895,1709142551.030717911,/rigid_bodies.rigidbodies[2].pose.position.y,0.6534925797672207
80.358132649,1709142551.041114793,1709142551.040636288,/rigid_bodies.rigidbodies[2].pose.position.y,0.6533184471367075
80.367961994,1709142551.050944138,1709142551.050553443,/rigid_bodies.rigidbodies[2].pose.position.y,0.6532879628441219
80.377922742,1709142551.060904886,1709142551.060494033,/rigid_bodies.rigidbodies[2].pose.position.y,0.6534846257984266
80.388007142,1709142551.070989286,1709142551.070552585,/rigid_bodies.rigidbodies[2].pose.position.y,0.6536090747252971
80.398649661,1709142551.081631805,1709142551.081027363,/rigid_bodies.rigidbodies[2].pose.position.y,0.6534824191871496
80.403440257,1709142551.086422401,1709142551.086025431,/rigid_bodies.rigidbodies[2].pose.position.y,0.6533344980933726
80.41871312,1709142551.101695264,1709142551.101129132,/rigid_bodies.rigidbodies[2].pose.position.y,0.6533237142761571
80.428587347,1709142551.111569491,1709142551.111012953,/rigid_bodies.rigidbodies[2].pose.position.y,0.6534607006402485
80.437959684,1709142551.120941828,1709142551.120476197,/rigid_bodies.rigidbodies[2].pose.position.y,0.6536233884271646
80.447788206,1709142551.130770350,1709142551.130317549,/rigid_bodies.rigidbodies[2].pose.position.y,0.6535590679626522
80.45834582,1709142551.141327964,1709142551.140744706,/rigid_bodies.rigidbodies[2].pose.position.y,0.6533777538268133
80.468339217,1709142551.151321361,1709142551.150743016,/rigid_bodies.rigidbodies[2].pose.position.y,0.6532872907878171
80.4783166,1709142551.161298744,1709142551.160811804,/rigid_bodies.rigidbodies[2].pose.position.y,0.6533703351008249
80.488637164,1709142551.171619308,1709142551.170911401,/rigid_bodies.rigidbodies[2].pose.position.y,0.6535634345066493
80.49855946,1709142551.181541604,1709142551.180972536,/rigid_bodies.rigidbodies[2].pose.position.y,0.6535942428637678
80.508105525,1709142551.191087669,1709142551.190613819,/rigid_bodies.rigidbodies[2].pose.position.y,0.6534295104071113
80.518380173,1709142551.201362317,1709142551.200781395,/rigid_bodies.rigidbodies[2].pose.position.y,0.6532870128733654
80.52860828,1709142551.211590424,1709142551.210927935,/rigid_bodies.rigidbodies[2].pose.position.y,0.6533583781188149
80.538382638,1709142551.221364782,1709142551.220865086,/rigid_bodies.rigidbodies[2].pose.position.y,0.6535634733155792
80.548275135,1709142551.231257279,1709142551.230786775,/rigid_bodies.rigidbodies[2].pose.position.y,0.6535995413788115
80.558289618,1709142551.241271762,1709142551.240799501,/rigid_bodies.rigidbodies[2].pose.position.y,0.6534433083561626
80.568133675,1709142551.251115819,1709142551.250686686,/rigid_bodies.rigidbodies[2].pose.position.y,0.6532917925902308
80.578367284,1709142551.261349428,1709142551.260877786,/rigid_bodies.rigidbodies[2].pose.position.y,0.6533094829851103
80.58859441,1709142551.271576554,1709142551.270917659,/rigid_bodies.rigidbodies[2].pose.position.y,0.6535310120982757
80.598362544,1709142551.281344688,1709142551.280984453,/rigid_bodies.rigidbodies[2].pose.position.y,0.6536153292282866
80.608349501,1709142551.291331645,1709142551.290829926,/rigid_bodies.rigidbodies[2].pose.position.y,0.6534760195909931
80.618634284,1709142551.301616428,1709142551.300953190,/rigid_bodies.rigidbodies[2].pose.position.y,0.6533304748471959
80.627611053,1709142551.310593197,1709142551.310259432,/rigid_bodies.rigidbodies[2].pose.position.y,0.6533230297711069
80.638308035,1709142551.321290179,1709142551.320653615,/rigid_bodies.rigidbodies[2].pose.position.y,0.6534876958632276
80.648112618,1709142551.331094762,1709142551.330807929,/rigid_bodies.rigidbodies[2].pose.position.y,0.6536171002585885
80.657704924,1709142551.340687068,1709142551.340318825,/rigid_bodies.rigidbodies[2].pose.position.y,0.6535192549042501
80.66875497,1709142551.351737114,1709142551.351097962,/rigid_bodies.rigidbodies[2].pose.position.y,0.6533303137128423
80.677553782,1709142551.360535926,1709142551.360169090,/rigid_bodies.rigidbodies[2].pose.position.y,0.6533393948255807
80.688050738,1709142551.371032882,1709142551.370737959,/rigid_bodies.rigidbodies[2].pose.position.y,0.653447961106208
80.698215206,1709142551.381197350,1709142551.380740382,/rigid_bodies.rigidbodies[2].pose.position.y,0.6535386426151228
80.70859451,1709142551.391576654,1709142551.391081645,/rigid_bodies.rigidbodies[2].pose.position.y,0.653495731427369
80.71828676,1709142551.401268904,1709142551.400917776,/rigid_bodies.rigidbodies[2].pose.position.y,0.6533073194795368
80.728119949,1709142551.411102093,1709142551.410732620,/rigid_bodies.rigidbodies[2].pose.position.y,0.6532727745266635
80.738411666,1709142551.421393810,1709142551.420916082,/rigid_bodies.rigidbodies[2].pose.position.y,0.6534628067736128
80.748403862,1709142551.431386006,1709142551.431051661,/rigid_bodies.rigidbodies[2].pose.position.y,0.6536050658629049
80.757861119,1709142551.440843263,1709142551.440471471,/rigid_bodies.rigidbodies[2].pose.position.y,0.6535453375226795
80.768125969,1709142551.451108113,1709142551.450674980,/rigid_bodies.rigidbodies[2].pose.position.y,0.6533966249913312
80.777944357,1709142551.460926501,1709142551.460529264,/rigid_bodies.rigidbodies[2].pose.position.y,0.653314623368709
80.788562523,1709142551.471544667,1709142551.471127902,/rigid_bodies.rigidbodies[2].pose.position.y,0.6534011813459074
80.798810238,1709142551.481792382,1709142551.481306045,/rigid_bodies.rigidbodies[2].pose.position.y,0.6536202893798325
80.808011741,1709142551.490993885,1709142551.490508421,/rigid_bodies.rigidbodies[2].pose.position.y,0.653553252797947
80.818246817,1709142551.501228961,1709142551.500819352,/rigid_bodies.rigidbodies[2].pose.position.y,0.6533755052037502
80.828154189,1709142551.511136333,1709142551.510765577,/rigid_bodies.rigidbodies[2].pose.position.y,0.6532409564712935
80.838624787,1709142551.521606931,1709142551.521116988,/rigid_bodies.rigidbodies[2].pose.position.y,0.6533227699158901
80.847880109,1709142551.530862253,1709142551.530423881,/rigid_bodies.rigidbodies[2].pose.position.y,0.65355667794501
80.858647637,1709142551.541629781,1709142551.540889365,/rigid_bodies.rigidbodies[2].pose.position.y,0.6536707631986711
80.868298734,1709142551.551280878,1709142551.550855264,/rigid_bodies.rigidbodies[2].pose.position.y,0.6535014005361853
80.877947146,1709142551.560929290,1709142551.560463374,/rigid_bodies.rigidbodies[2].pose.position.y,0.6533319753429497
80.888315894,1709142551.571298038,1709142551.570714352,/rigid_bodies.rigidbodies[2].pose.position.y,0.653295366122054
80.898730036,1709142551.581712180,1709142551.581189105,/rigid_bodies.rigidbodies[2].pose.position.y,0.6534813502783695
80.90852366,1709142551.591505804,1709142551.591092367,/rigid_bodies.rigidbodies[2].pose.position.y,0.6536641571204805
80.918538347,1709142551.601520491,1709142551.600856862,/rigid_bodies.rigidbodies[2].pose.position.y,0.6535106832485517
80.928464396,1709142551.611446540,1709142551.610903113,/rigid_bodies.rigidbodies[2].pose.position.y,0.6532873170722627
80.938216926,1709142551.621199070,1709142551.620689395,/rigid_bodies.rigidbodies[2].pose.position.y,0.6533249353118927
80.948266471,1709142551.631248615,1709142551.630845378,/rigid_bodies.rigidbodies[2].pose.position.y,0.6535143911819942
80.95814685,1709142551.641128994,1709142551.640631507,/rigid_bodies.rigidbodies[2].pose.position.y,0.6535851088628488
80.968219426,1709142551.651201570,1709142551.650831378,/rigid_bodies.rigidbodies[2].pose.position.y,0.6534938974944702
80.978093348,1709142551.661075492,1709142551.660690525,/rigid_bodies.rigidbodies[2].pose.position.y,0.6533351835508325
80.988431296,1709142551.671413440,1709142551.670956568,/rigid_bodies.rigidbodies[2].pose.position.y,0.6532777419248402
80.998423837,1709142551.681405981,1709142551.681033704,/rigid_bodies.rigidbodies[2].pose.position.y,0.6534112112226211
81.008247302,1709142551.691229446,1709142551.690781759,/rigid_bodies.rigidbodies[2].pose.position.y,0.6536166649320088
81.017969048,1709142551.700951192,1709142551.700590647,/rigid_bodies.rigidbodies[2].pose.position.y,0.6535850178200626
81.027927195,1709142551.710909339,1709142551.710557422,/rigid_bodies.rigidbodies[2].pose.position.y,0.6533884732853311
81.038723004,1709142551.721705148,1709142551.721263597,/rigid_bodies.rigidbodies[2].pose.position.y,0.6533212086202702
81.048665365,1709142551.731647509,1709142551.731173821,/rigid_bodies.rigidbodies[2].pose.position.y,0.6534222841583519
81.058044177,1709142551.741026321,1709142551.740657675,/rigid_bodies.rigidbodies[2].pose.position.y,0.6536262053287204
81.068178438,1709142551.751160582,1709142551.750790080,/rigid_bodies.rigidbodies[2].pose.position.y,0.6535937124227529
81.077985377,1709142551.760967521,1709142551.760641301,/rigid_bodies.rigidbodies[2].pose.position.y,0.6533388443699915
81.08846953,1709142551.771451674,1709142551.771028868,/rigid_bodies.rigidbodies[2].pose.position.y,0.6532167664683223
81.098480537,1709142551.781462681,1709142551.781003365,/rigid_bodies.rigidbodies[2].pose.position.y,0.6533561082269926
81.10800147,1709142551.790983614,1709142551.790594258,/rigid_bodies.rigidbodies[2].pose.position.y,0.6536282795904681
81.118091854,1709142551.801073998,1709142551.800591516,/rigid_bodies.rigidbodies[2].pose.position.y,0.6537176425717613
81.127902078,1709142551.810884222,1709142551.810315495,/rigid_bodies.rigidbodies[2].pose.position.y,0.6534731398922602
81.138188125,1709142551.821170269,1709142551.820692978,/rigid_bodies.rigidbodies[2].pose.position.y,0.6532900271137101
81.148401969,1709142551.831384113,1709142551.830881990,/rigid_bodies.rigidbodies[2].pose.position.y,0.6533219327242487
81.158132374,1709142551.841114518,1709142551.840681509,/rigid_bodies.rigidbodies[2].pose.position.y,0.6534833545229422
81.168291511,1709142551.851273655,1709142551.850848582,/rigid_bodies.rigidbodies[2].pose.position.y,0.6535845981563686
81.178294648,1709142551.861276792,1709142551.860725862,/rigid_bodies.rigidbodies[2].pose.position.y,0.6535095333487739
81.188856745,1709142551.871838889,1709142551.871193694,/rigid_bodies.rigidbodies[2].pose.position.y,0.6532941853075076
81.198678479,1709142551.881660623,1709142551.881092336,/rigid_bodies.rigidbodies[2].pose.position.y,0.6532465725682138
81.207652145,1709142551.890634289,1709142551.890151792,/rigid_bodies.rigidbodies[2].pose.position.y,0.653550751372984
81.218186922,1709142551.901169066,1709142551.900726937,/rigid_bodies.rigidbodies[2].pose.position.y,0.6536911933710128
81.228108031,1709142551.911090175,1709142551.910662863,/rigid_bodies.rigidbodies[2].pose.position.y,0.6535774538435789
81.237632264,1709142551.920614408,1709142551.920220160,/rigid_bodies.rigidbodies[2].pose.position.y,0.6533464632120553
81.248353602,1709142551.931335746,1709142551.930924253,/rigid_bodies.rigidbodies[2].pose.position.y,0.6532260425638143
81.25770042,1709142551.940682564,1709142551.940356826,/rigid_bodies.rigidbodies[2].pose.position.y,0.6533830729289827
81.268189961,1709142551.951172105,1709142551.950692731,/rigid_bodies.rigidbodies[2].pose.position.y,0.6536441675849659
81.278077078,1709142551.961059222,1709142551.960649268,/rigid_bodies.rigidbodies[2].pose.position.y,0.6535886078084775
81.288485272,1709142551.971467416,1709142551.970931620,/rigid_bodies.rigidbodies[2].pose.position.y,0.6533785938675951
81.298236336,1709142551.981218480,1709142551.980830508,/rigid_bodies.rigidbodies[2].pose.position.y,0.6532674610632894
81.30791297,1709142551.990895114,1709142551.990580798,/rigid_bodies.rigidbodies[2].pose.position.y,0.6534131073002436
81.318546085,1709142552.001528229,1709142552.001061467,/rigid_bodies.rigidbodies[2].pose.position.y,0.6536640994702744
81.32406665,1709142552.007048794,1709142552.006510952,/rigid_bodies.rigidbodies[2].pose.position.y,0.6536398727581971
81.338562348,1709142552.021544492,1709142552.021233790,/rigid_bodies.rigidbodies[2].pose.position.y,0.6533840441608043
81.34861624,1709142552.031598384,1709142552.031202952,/rigid_bodies.rigidbodies[2].pose.position.y,0.6532156230452183
81.357697238,1709142552.040679382,1709142552.040397458,/rigid_bodies.rigidbodies[2].pose.position.y,0.6533074644993264
81.367703127,1709142552.050685271,1709142552.050439365,/rigid_bodies.rigidbodies[2].pose.position.y,0.6535633977316497
81.376753968,1709142552.059736112,1709142552.059522516,/rigid_bodies.rigidbodies[2].pose.position.y,0.6536827390012783
81.387779277,1709142552.070761421,1709142552.070572975,/rigid_bodies.rigidbodies[2].pose.position.y,0.6535435399810552
81.39809989,1709142552.081082034,1709142552.080801782,/rigid_bodies.rigidbodies[2].pose.position.y,0.6532392796822555
81.40761144,1709142552.090593584,1709142552.090302698,/rigid_bodies.rigidbodies[2].pose.position.y,0.6532592080826988
81.417711763,1709142552.100693907,1709142552.100494108,/rigid_bodies.rigidbodies[2].pose.position.y,0.6534950459325405
81.42771317,1709142552.110695314,1709142552.110420160,/rigid_bodies.rigidbodies[2].pose.position.y,0.6536258203342467
81.437786134,1709142552.120768278,1709142552.120501640,/rigid_bodies.rigidbodies[2].pose.position.y,0.6535450728524175
81.448419733,1709142552.131401877,1709142552.130987380,/rigid_bodies.rigidbodies[2].pose.position.y,0.65328541632829
81.457868167,1709142552.140850311,1709142552.140403893,/rigid_bodies.rigidbodies[2].pose.position.y,0.6532416323289003
81.468215387,1709142552.151197531,1709142552.150678337,/rigid_bodies.rigidbodies[2].pose.position.y,0.6535394738410595
81.478098828,1709142552.161080972,1709142552.160522223,/rigid_bodies.rigidbodies[2].pose.position.y,0.6537125078089365
81.488382138,1709142552.171364282,1709142552.170912309,/rigid_bodies.rigidbodies[2].pose.position.y,0.6535396549303628
81.498386155,1709142552.181368299,1709142552.180949560,/rigid_bodies.rigidbodies[2].pose.position.y,0.6532915464098706
81.507844504,1709142552.190826648,1709142552.190396766,/rigid_bodies.rigidbodies[2].pose.position.y,0.6531694339769489
81.51819465,1709142552.201176794,1709142552.200785447,/rigid_bodies.rigidbodies[2].pose.position.y,0.6533936226175221
81.527810504,1709142552.210792648,1709142552.210347519,/rigid_bodies.rigidbodies[2].pose.position.y,0.6536914336871675
81.538228193,1709142552.221210337,1709142552.220584884,/rigid_bodies.rigidbodies[2].pose.position.y,0.6536600097109103
81.54798836,1709142552.230970504,1709142552.230597683,/rigid_bodies.rigidbodies[2].pose.position.y,0.6533978284087698
81.558063072,1709142552.241045216,1709142552.240464149,/rigid_bodies.rigidbodies[2].pose.position.y,0.6532485381086656
81.568041049,1709142552.251023193,1709142552.250661390,/rigid_bodies.rigidbodies[2].pose.position.y,0.6533425360935273
81.577610763,1709142552.260592907,1709142552.260312525,/rigid_bodies.rigidbodies[2].pose.position.y,0.6536169993528322
81.587917059,1709142552.270899203,1709142552.270715007,/rigid_bodies.rigidbodies[2].pose.position.y,0.6537387652744374
81.597991148,1709142552.280973292,1709142552.280782115,/rigid_bodies.rigidbodies[2].pose.position.y,0.6534464482201718
81.607899143,1709142552.290881287,1709142552.290537741,/rigid_bodies.rigidbodies[2].pose.position.y,0.6531493086633844
81.613656236,1709142552.296638380,1709142552.296085009,/rigid_bodies.rigidbodies[2].pose.position.y,0.6532285207645129
81.628505621,1709142552.311487765,1709142552.310907890,/rigid_bodies.rigidbodies[2].pose.position.y,0.6535503072417689
81.638070304,1709142552.321052448,1709142552.320618570,/rigid_bodies.rigidbodies[2].pose.position.y,0.653791601017402
81.648623587,1709142552.331605731,1709142552.331098978,/rigid_bodies.rigidbodies[2].pose.position.y,0.6536543234844173
81.658293952,1709142552.341276096,1709142552.340764786,/rigid_bodies.rigidbodies[2].pose.position.y,0.6532729466000198
81.667736823,1709142552.350718967,1709142552.350347058,/rigid_bodies.rigidbodies[2].pose.position.y,0.653183290623984
81.677959235,1709142552.360941379,1709142552.360448643,/rigid_bodies.rigidbodies[2].pose.position.y,0.6534714808885544
81.688289152,1709142552.371271296,1709142552.370852588,/rigid_bodies.rigidbodies[2].pose.position.y,0.6536264255662584
81.698237882,1709142552.381220026,1709142552.380754393,/rigid_bodies.rigidbodies[2].pose.position.y,0.6535656937565696
81.707896684,1709142552.390878828,1709142552.390409853,/rigid_bodies.rigidbodies[2].pose.position.y,0.6533500218831488
81.718159609,1709142552.401141753,1709142552.400691944,/rigid_bodies.rigidbodies[2].pose.position.y,0.6532140032460629
81.728005443,1709142552.410987587,1709142552.410546325,/rigid_bodies.rigidbodies[2].pose.position.y,0.6534692799345667
81.738596511,1709142552.421578655,1709142552.420950801,/rigid_bodies.rigidbodies[2].pose.position.y,0.6537288023002815
81.748676571,1709142552.431658715,1709142552.431175447,/rigid_bodies.rigidbodies[2].pose.position.y,0.6536508773948083
81.758209859,1709142552.441192003,1709142552.440642668,/rigid_bodies.rigidbodies[2].pose.position.y,0.6533726008439956
81.768466625,1709142552.451448769,1709142552.450923937,/rigid_bodies.rigidbodies[2].pose.position.y,0.6531303677376701
81.778119073,1709142552.461101217,1709142552.460622042,/rigid_bodies.rigidbodies[2].pose.position.y,0.6532889888173707
81.788177817,1709142552.471159961,1709142552.470776074,/rigid_bodies.rigidbodies[2].pose.position.y,0.6536750321674839
81.798444055,1709142552.481426199,1709142552.480894041,/rigid_bodies.rigidbodies[2].pose.position.y,0.6537169739722839
81.808234835,1709142552.491216979,1709142552.490719502,/rigid_bodies.rigidbodies[2].pose.position.y,0.6534113649248988
81.818297894,1709142552.501280038,1709142552.500889835,/rigid_bodies.rigidbodies[2].pose.position.y,0.6531613941575343
81.828144985,1709142552.511127129,1709142552.510675350,/rigid_bodies.rigidbodies[2].pose.position.y,0.6532585938299743
81.838422697,1709142552.521404841,1709142552.520947837,/rigid_bodies.rigidbodies[2].pose.position.y,0.6536287957819155
81.847907636,1709142552.530889780,1709142552.530566068,/rigid_bodies.rigidbodies[2].pose.position.y,0.6537927117329406
81.858091098,1709142552.541073242,1709142552.540570621,/rigid_bodies.rigidbodies[2].pose.position.y,0.6535464573241436
81.868251581,1709142552.551233725,1709142552.550839072,/rigid_bodies.rigidbodies[2].pose.position.y,0.6531567041848175
81.877709642,1709142552.560691786,1709142552.560373671,/rigid_bodies.rigidbodies[2].pose.position.y,0.6531989533123228
81.888661106,1709142552.571643250,1709142552.571162916,/rigid_bodies.rigidbodies[2].pose.position.y,0.6535197666585908
81.898311213,1709142552.581293357,1709142552.580909681,/rigid_bodies.rigidbodies[2].pose.position.y,0.6537636127156584
81.906855534,1709142552.589837678,1709142552.589603979,/rigid_bodies.rigidbodies[2].pose.position.y,0.6537061948401871
81.918132788,1709142552.601114932,1709142552.600734730,/rigid_bodies.rigidbodies[2].pose.position.y,0.6533073025265551
81.927314545,1709142552.610296689,1709142552.609997670,/rigid_bodies.rigidbodies[2].pose.position.y,0.6530734826153901
81.938283793,1709142552.621265937,1709142552.621023453,/rigid_bodies.rigidbodies[2].pose.position.y,0.6533487114271093
81.948591631,1709142552.631573775,1709142552.631086903,/rigid_bodies.rigidbodies[2].pose.position.y,0.6536452252279963
81.958216078,1709142552.641198222,1709142552.640679495,/rigid_bodies.rigidbodies[2].pose.position.y,0.6536910923673528
81.968140377,1709142552.651122521,1709142552.650646051,/rigid_bodies.rigidbodies[2].pose.position.y,0.6533838665378048
81.978152732,1709142552.661134876,1709142552.660633807,/rigid_bodies.rigidbodies[2].pose.position.y,0.653125338698579
81.988316297,1709142552.671298441,1709142552.670767656,/rigid_bodies.rigidbodies[2].pose.position.y,0.6533674826060348
81.998965775,1709142552.681947919,1709142552.681280073,/rigid_bodies.rigidbodies[2].pose.position.y,0.6537405343238432
82.008160282,1709142552.691142426,1709142552.690647937,/rigid_bodies.rigidbodies[2].pose.position.y,0.6537213583069595
82.018332256,1709142552.701314400,1709142552.700702130,/rigid_bodies.rigidbodies[2].pose.position.y,0.6534174129019684
82.028489925,1709142552.711472069,1709142552.710781779,/rigid_bodies.rigidbodies[2].pose.position.y,0.653120762175321
82.038636452,1709142552.721618596,1709142552.721075289,/rigid_bodies.rigidbodies[2].pose.position.y,0.6532231838192599
82.048471971,1709142552.731454115,1709142552.730858422,/rigid_bodies.rigidbodies[2].pose.position.y,0.6536187582247801
82.058459228,1709142552.741441372,1709142552.740774399,/rigid_bodies.rigidbodies[2].pose.position.y,0.6537809910816885
82.068509431,1709142552.751491575,1709142552.750927879,/rigid_bodies.rigidbodies[2].pose.position.y,0.6535121546609197
82.078223904,1709142552.761206048,1709142552.760610775,/rigid_bodies.rigidbodies[2].pose.position.y,0.6531773332549412
82.088664212,1709142552.771646356,1709142552.771025540,/rigid_bodies.rigidbodies[2].pose.position.y,0.6531876439527121
82.098521475,1709142552.781503619,1709142552.781045457,/rigid_bodies.rigidbodies[2].pose.position.y,0.6535184794055857
82.108344739,1709142552.791326883,1709142552.790768331,/rigid_bodies.rigidbodies[2].pose.position.y,0.6537863946191
82.118266232,1709142552.801248376,1709142552.800609055,/rigid_bodies.rigidbodies[2].pose.position.y,0.6536383327488977
82.127784519,1709142552.810766663,1709142552.810345995,/rigid_bodies.rigidbodies[2].pose.position.y,0.6532091897500261
82.138095172,1709142552.821077316,1709142552.820743343,/rigid_bodies.rigidbodies[2].pose.position.y,0.6530988270142557
82.14852647,1709142552.831508614,1709142552.831008674,/rigid_bodies.rigidbodies[2].pose.position.y,0.6534655713495355
82.157900793,1709142552.840882937,1709142552.840435987,/rigid_bodies.rigidbodies[2].pose.position.y,0.653787912042291
82.168140211,1709142552.851122355,1709142552.850779430,/rigid_bodies.rigidbodies[2].pose.position.y,0.6537465133592728
82.178125756,1709142552.861107900,1709142552.860578095,/rigid_bodies.rigidbodies[2].pose.position.y,0.6533393674658297
82.187786272,1709142552.870768416,1709142552.870551746,/rigid_bodies.rigidbodies[2].pose.position.y,0.6530825612394554
82.19820939,1709142552.881191534,1709142552.880850772,/rigid_bodies.rigidbodies[2].pose.position.y,0.6533405609896518
82.207549296,1709142552.890531440,1709142552.890316246,/rigid_bodies.rigidbodies[2].pose.position.y,0.6536963537223993
82.218433663,1709142552.901415807,1709142552.900901599,/rigid_bodies.rigidbodies[2].pose.position.y,0.6537460730171862
82.227881856,1709142552.910864000,1709142552.910506277,/rigid_bodies.rigidbodies[2].pose.position.y,0.653459520168676
82.238446264,1709142552.921428408,1709142552.920842094,/rigid_bodies.rigidbodies[2].pose.position.y,0.6531104585398557
82.248055446,1709142552.931037590,1709142552.930652972,/rigid_bodies.rigidbodies[2].pose.position.y,0.6532946702020314
82.258018279,1709142552.941000423,1709142552.940500011,/rigid_bodies.rigidbodies[2].pose.position.y,0.6536944902000812
82.268339433,1709142552.951321577,1709142552.950759450,/rigid_bodies.rigidbodies[2].pose.position.y,0.6537912084522959
82.278102153,1709142552.961084297,1709142552.960515130,/rigid_bodies.rigidbodies[2].pose.position.y,0.6534583266955053
82.288106279,1709142552.971088423,1709142552.970588429,/rigid_bodies.rigidbodies[2].pose.position.y,0.6531111901541582
82.298476343,1709142552.981458487,1709142552.980850695,/rigid_bodies.rigidbodies[2].pose.position.y,0.6531832534772947
82.30822759,1709142552.991209734,1709142552.990733979,/rigid_bodies.rigidbodies[2].pose.position.y,0.6536298380495693
82.318164344,1709142553.001146488,1709142553.000601778,/rigid_bodies.rigidbodies[2].pose.position.y,0.6538973323378787
82.327897478,1709142553.010879622,1709142553.010395333,/rigid_bodies.rigidbodies[2].pose.position.y,0.6536665404682053
82.338475616,1709142553.021457760,1709142553.020952422,/rigid_bodies.rigidbodies[2].pose.position.y,0.6531358732879324
82.348202992,1709142553.031185136,1709142553.030782661,/rigid_bodies.rigidbodies[2].pose.position.y,0.6530539427743391
82.358153987,1709142553.041136131,1709142553.040603287,/rigid_bodies.rigidbodies[2].pose.position.y,0.6533983671827933
82.368274028,1709142553.051256172,1709142553.050748813,/rigid_bodies.rigidbodies[2].pose.position.y,0.6537365565133448
82.377621654,1709142553.060603798,1709142553.060251336,/rigid_bodies.rigidbodies[2].pose.position.y,0.6537340821391409
82.388781907,1709142553.071764051,1709142553.071189370,/rigid_bodies.rigidbodies[2].pose.position.y,0.65327122534073
82.39860962,1709142553.081591764,1709142553.081014916,/rigid_bodies.rigidbodies[2].pose.position.y,0.6530478911576234
82.40795203,1709142553.090934174,1709142553.090481753,/rigid_bodies.rigidbodies[2].pose.position.y,0.6533715665084239
82.418360444,1709142553.101342588,1709142553.100762312,/rigid_bodies.rigidbodies[2].pose.position.y,0.6537499085697879
82.428033123,1709142553.111015267,1709142553.110537336,/rigid_bodies.rigidbodies[2].pose.position.y,0.6538360638705155
82.438209929,1709142553.121192073,1709142553.120785620,/rigid_bodies.rigidbodies[2].pose.position.y,0.6534585887888383
82.448439622,1709142553.131421766,1709142553.130980554,/rigid_bodies.rigidbodies[2].pose.position.y,0.6530513121601238
82.45829475,1709142553.141276894,1709142553.140728925,/rigid_bodies.rigidbodies[2].pose.position.y,0.6532393420503969
82.468213821,1709142553.151195965,1709142553.150706702,/rigid_bodies.rigidbodies[2].pose.position.y,0.6536681090991651
82.478039571,1709142553.161021715,1709142553.160616842,/rigid_bodies.rigidbodies[2].pose.position.y,0.6537580024293506
82.488329279,1709142553.171311423,1709142553.170719632,/rigid_bodies.rigidbodies[2].pose.position.y,0.6534795855679082
82.498405287,1709142553.181387431,1709142553.180948530,/rigid_bodies.rigidbodies[2].pose.position.y,0.6531205370429519
82.508421636,1709142553.191403780,1709142553.190874114,/rigid_bodies.rigidbodies[2].pose.position.y,0.6531893941124599
82.518150527,1709142553.201132671,1709142553.200682287,/rigid_bodies.rigidbodies[2].pose.position.y,0.653657370277832
82.52769588,1709142553.210678024,1709142553.210229998,/rigid_bodies.rigidbodies[2].pose.position.y,0.6538858103464632
82.538115706,1709142553.221097850,1709142553.220616571,/rigid_bodies.rigidbodies[2].pose.position.y,0.6535519782771736
82.548449183,1709142553.231431327,1709142553.230916202,/rigid_bodies.rigidbodies[2].pose.position.y,0.653086214394504
82.558018853,1709142553.241000997,1709142553.240505693,/rigid_bodies.rigidbodies[2].pose.position.y,0.6530992549811004
82.568249891,1709142553.251232035,1709142553.250663669,/rigid_bodies.rigidbodies[2].pose.position.y,0.6535421881149583
82.577939015,1709142553.260921159,1709142553.260419170,/rigid_bodies.rigidbodies[2].pose.position.y,0.6538971800861301
82.588163021,1709142553.271145165,1709142553.270678891,/rigid_bodies.rigidbodies[2].pose.position.y,0.6537503364504714
82.598790035,1709142553.281772179,1709142553.281228624,/rigid_bodies.rigidbodies[2].pose.position.y,0.6532142676420749
82.608077036,1709142553.291059180,1709142553.290339674,/rigid_bodies.rigidbodies[2].pose.position.y,0.6529971326459468
82.617622819,1709142553.300604963,1709142553.300164326,/rigid_bodies.rigidbodies[2].pose.position.y,0.6533491472519379
82.628424369,1709142553.311406513,1709142553.310775606,/rigid_bodies.rigidbodies[2].pose.position.y,0.6537746918475973
82.639026259,1709142553.322008403,1709142553.321471592,/rigid_bodies.rigidbodies[2].pose.position.y,0.6538665930326892
82.648612894,1709142553.331595038,1709142553.331137011,/rigid_bodies.rigidbodies[2].pose.position.y,0.6534117712513873
82.658026356,1709142553.341008500,1709142553.340507806,/rigid_bodies.rigidbodies[2].pose.position.y,0.653018042252255
82.668537868,1709142553.351520012,1709142553.350895063,/rigid_bodies.rigidbodies[2].pose.position.y,0.6532230524725048
82.677887708,1709142553.360869852,1709142553.360436155,/rigid_bodies.rigidbodies[2].pose.position.y,0.6536912937749593
82.68838782,1709142553.371369964,1709142553.370829348,/rigid_bodies.rigidbodies[2].pose.position.y,0.6538689315346023
82.698778166,1709142553.381760310,1709142553.381132414,/rigid_bodies.rigidbodies[2].pose.position.y,0.6535414655721942
82.707910129,1709142553.390892273,1709142553.390495316,/rigid_bodies.rigidbodies[2].pose.position.y,0.6530432496856157
82.718724454,1709142553.401706598,1709142553.401008962,/rigid_bodies.rigidbodies[2].pose.position.y,0.6531165031843467
82.728318417,1709142553.411300561,1709142553.410629113,/rigid_bodies.rigidbodies[2].pose.position.y,0.6536199652676947
82.738530909,1709142553.421513053,1709142553.421091787,/rigid_bodies.rigidbodies[2].pose.position.y,0.6538692991044294
82.74868390500001,1709142553.431666049,1709142553.431093140,/rigid_bodies.rigidbodies[2].pose.position.y,0.6536166683999276
82.758171066,1709142553.441153210,1709142553.440540872,/rigid_bodies.rigidbodies[2].pose.position.y,0.6531886669459173
82.768046708,1709142553.451028852,1709142553.450627712,/rigid_bodies.rigidbodies[2].pose.position.y,0.6531327066241798
82.778083463,1709142553.461065607,1709142553.460653359,/rigid_bodies.rigidbodies[2].pose.position.y,0.6534932111812751
82.788215198,1709142553.471197342,1709142553.470708385,/rigid_bodies.rigidbodies[2].pose.position.y,0.6538203789231902
82.79911898,1709142553.482101124,1709142553.481435635,/rigid_bodies.rigidbodies[2].pose.position.y,0.6536303146049738
82.808298595,1709142553.491280739,1709142553.490665156,/rigid_bodies.rigidbodies[2].pose.position.y,0.6531529101974001
82.818387884,1709142553.501370028,1709142553.500632299,/rigid_bodies.rigidbodies[2].pose.position.y,0.6530050936815117
82.828402292,1709142553.511384436,1709142553.510619163,/rigid_bodies.rigidbodies[2].pose.position.y,0.6534086387766596
82.838168356,1709142553.521150500,1709142553.520611501,/rigid_bodies.rigidbodies[2].pose.position.y,0.6538778244658889
82.848807249,1709142553.531789393,1709142553.531137902,/rigid_bodies.rigidbodies[2].pose.position.y,0.6538723648759793
82.858136519,1709142553.541118663,1709142553.540660433,/rigid_bodies.rigidbodies[2].pose.position.y,0.6533312927490468
82.868253238,1709142553.551235382,1709142553.550855849,/rigid_bodies.rigidbodies[2].pose.position.y,0.6529839787776324
82.877883442,1709142553.560865586,1709142553.560534007,/rigid_bodies.rigidbodies[2].pose.position.y,0.6532740081818851
82.888488398,1709142553.571470542,1709142553.571116296,/rigid_bodies.rigidbodies[2].pose.position.y,0.6537621004383788
82.898471379,1709142553.581453523,1709142553.581014759,/rigid_bodies.rigidbodies[2].pose.position.y,0.6538733404478563
82.90807321,1709142553.591055354,1709142553.590643954,/rigid_bodies.rigidbodies[2].pose.position.y,0.6534732455341444
82.918483888,1709142553.601466032,1709142553.601046123,/rigid_bodies.rigidbodies[2].pose.position.y,0.652994857080288
82.927949728,1709142553.610931872,1709142553.610579268,/rigid_bodies.rigidbodies[2].pose.position.y,0.6531585430868071
82.938718896,1709142553.621701040,1709142553.621297311,/rigid_bodies.rigidbodies[2].pose.position.y,0.6536586021706529
82.948451216,1709142553.631433360,1709142553.631059758,/rigid_bodies.rigidbodies[2].pose.position.y,0.653855135550347
82.957926578,1709142553.640908722,1709142553.640506781,/rigid_bodies.rigidbodies[2].pose.position.y,0.6535824748203996
82.968439278,1709142553.651421422,1709142553.650961333,/rigid_bodies.rigidbodies[2].pose.position.y,0.6531228600726955
82.977974101,1709142553.660956245,1709142553.660692161,/rigid_bodies.rigidbodies[2].pose.position.y,0.6530495895010925
82.987905096,1709142553.670887240,1709142553.670623243,/rigid_bodies.rigidbodies[2].pose.position.y,0.6535473342234256
82.998182661,1709142553.681164805,1709142553.680904736,/rigid_bodies.rigidbodies[2].pose.position.y,0.6539269480554725
83.008166633,1709142553.691148777,1709142553.690702870,/rigid_bodies.rigidbodies[2].pose.position.y,0.6537374355715827
83.018271481,1709142553.701253625,1709142553.700896222,/rigid_bodies.rigidbodies[2].pose.position.y,0.6532301341528232
83.027520447,1709142553.710502591,1709142553.710176060,/rigid_bodies.rigidbodies[2].pose.position.y,0.6530472566128774
83.038399261,1709142553.721381405,1709142553.720927788,/rigid_bodies.rigidbodies[2].pose.position.y,0.6534281352877944
83.048171998,1709142553.731154142,1709142553.730861753,/rigid_bodies.rigidbodies[2].pose.position.y,0.6538645193615823
83.057947125,1709142553.740929269,1709142553.740571988,/rigid_bodies.rigidbodies[2].pose.position.y,0.6537472465409082
83.068801839,1709142553.751783983,1709142553.751271924,/rigid_bodies.rigidbodies[2].pose.position.y,0.6532065976843021
83.077916024,1709142553.760898168,1709142553.760659131,/rigid_bodies.rigidbodies[2].pose.position.y,0.6529109758515165
83.088429622,1709142553.771411766,1709142553.771060999,/rigid_bodies.rigidbodies[2].pose.position.y,0.653280667899552
83.098012054,1709142553.780994198,1709142553.780724124,/rigid_bodies.rigidbodies[2].pose.position.y,0.6538310728568169
83.108057618,1709142553.791039762,1709142553.790721204,/rigid_bodies.rigidbodies[2].pose.position.y,0.6539522214440906
83.118407284,1709142553.801389428,1709142553.800915538,/rigid_bodies.rigidbodies[2].pose.position.y,0.6534465158025666
83.128248855,1709142553.811230999,1709142553.810782321,/rigid_bodies.rigidbodies[2].pose.position.y,0.6530017697205496
83.137613379,1709142553.820595523,1709142553.820280465,/rigid_bodies.rigidbodies[2].pose.position.y,0.6531879851836807
83.148175089,1709142553.831157233,1709142553.830700003,/rigid_bodies.rigidbodies[2].pose.position.y,0.6536771183628511
83.157901742,1709142553.840883886,1709142553.840469267,/rigid_bodies.rigidbodies[2].pose.position.y,0.6538641548860764
83.16780723,1709142553.850789374,1709142553.850435046,/rigid_bodies.rigidbodies[2].pose.position.y,0.6535875471530791
83.178044234,1709142553.861026378,1709142553.860654356,/rigid_bodies.rigidbodies[2].pose.position.y,0.6530868042516665
83.188006509,1709142553.870988653,1709142553.870646604,/rigid_bodies.rigidbodies[2].pose.position.y,0.6530625060076534
83.198400991,1709142553.881383135,1709142553.880987896,/rigid_bodies.rigidbodies[2].pose.position.y,0.6535510758979897
83.208494422,1709142553.891476566,1709142553.890935278,/rigid_bodies.rigidbodies[2].pose.position.y,0.6538508781096833
83.218768604,1709142553.901750748,1709142553.901241929,/rigid_bodies.rigidbodies[2].pose.position.y,0.6536530794172575
83.228271391,1709142553.911253535,1709142553.910692588,/rigid_bodies.rigidbodies[2].pose.position.y,0.6532013831591946
83.238636666,1709142553.921618810,1709142553.920981138,/rigid_bodies.rigidbodies[2].pose.position.y,0.6530480417731614
83.248415295,1709142553.931397439,1709142553.930831549,/rigid_bodies.rigidbodies[2].pose.position.y,0.6534834446111304
83.258199813,1709142553.941181957,1709142553.940610406,/rigid_bodies.rigidbodies[2].pose.position.y,0.6538603243936038
83.268676985,1709142553.951659129,1709142553.951043264,/rigid_bodies.rigidbodies[2].pose.position.y,0.6537103473402692
83.278289999,1709142553.961272143,1709142553.960680859,/rigid_bodies.rigidbodies[2].pose.position.y,0.6532368699443372
83.288332716,1709142553.971314860,1709142553.970921042,/rigid_bodies.rigidbodies[2].pose.position.y,0.6530033855981825
83.298670334,1709142553.981652478,1709142553.981207491,/rigid_bodies.rigidbodies[2].pose.position.y,0.6533509657030849
83.308514147,1709142553.991496291,1709142553.990806887,/rigid_bodies.rigidbodies[2].pose.position.y,0.6538833615624609
83.31903065,1709142554.002012794,1709142554.001405065,/rigid_bodies.rigidbodies[2].pose.position.y,0.653867537901556
83.328131827,1709142554.011113971,1709142554.010635185,/rigid_bodies.rigidbodies[2].pose.position.y,0.6533175104810858
83.33869395,1709142554.021676094,1709142554.020859567,/rigid_bodies.rigidbodies[2].pose.position.y,0.6529898625381659
83.348471301,1709142554.031453445,1709142554.030983775,/rigid_bodies.rigidbodies[2].pose.position.y,0.6532202853056321
83.357728025,1709142554.040710169,1709142554.040351309,/rigid_bodies.rigidbodies[2].pose.position.y,0.6537293883246086
83.367610877,1709142554.050593021,1709142554.050247520,/rigid_bodies.rigidbodies[2].pose.position.y,0.6539903673425568
83.37786284,1709142554.060844984,1709142554.060502065,/rigid_bodies.rigidbodies[2].pose.position.y,0.6535736094794266
83.38795174,1709142554.070933884,1709142554.070516425,/rigid_bodies.rigidbodies[2].pose.position.y,0.6529550143299909
83.398395112,1709142554.081377256,1709142554.081004352,/rigid_bodies.rigidbodies[2].pose.position.y,0.653033975027044
83.408182926,1709142554.091165070,1709142554.090743701,/rigid_bodies.rigidbodies[2].pose.position.y,0.6535489619941939
83.417791501,1709142554.100773645,1709142554.100542228,/rigid_bodies.rigidbodies[2].pose.position.y,0.6538868707679778
83.427728561,1709142554.110710705,1709142554.110353117,/rigid_bodies.rigidbodies[2].pose.position.y,0.653699197868893
83.438194128,1709142554.121176272,1709142554.120638178,/rigid_bodies.rigidbodies[2].pose.position.y,0.6531785216089832
83.448365188,1709142554.131347332,1709142554.130831984,/rigid_bodies.rigidbodies[2].pose.position.y,0.6530666332137599
83.458183044,1709142554.141165188,1709142554.140501242,/rigid_bodies.rigidbodies[2].pose.position.y,0.6535325368332537
83.466894592,1709142554.149876736,1709142554.149270860,/rigid_bodies.rigidbodies[2].pose.position.y,0.6538809115903405
83.478050931,1709142554.161033075,1709142554.160606035,/rigid_bodies.rigidbodies[2].pose.position.y,0.6537177551720904
83.488832401,1709142554.171814545,1709142554.171105909,/rigid_bodies.rigidbodies[2].pose.position.y,0.6532475864261656
83.498713968,1709142554.181696112,1709142554.181138682,/rigid_bodies.rigidbodies[2].pose.position.y,0.6530098807747792
83.508067756,1709142554.191049900,1709142554.190570871,/rigid_bodies.rigidbodies[2].pose.position.y,0.6533870104018303
83.518836892,1709142554.201819036,1709142554.201155739,/rigid_bodies.rigidbodies[2].pose.position.y,0.6538464317823177
83.52841211,1709142554.211394254,1709142554.210682339,/rigid_bodies.rigidbodies[2].pose.position.y,0.653765507633402
83.537842016,1709142554.220824160,1709142554.220286541,/rigid_bodies.rigidbodies[2].pose.position.y,0.6533043201105315
83.548997855,1709142554.231979999,1709142554.231308725,/rigid_bodies.rigidbodies[2].pose.position.y,0.6530136663824707
83.558570365,1709142554.241552509,1709142554.240878863,/rigid_bodies.rigidbodies[2].pose.position.y,0.6532687683198438
83.568231561,1709142554.251213705,1709142554.250847723,/rigid_bodies.rigidbodies[2].pose.position.y,0.6538270307430383
83.578174797,1709142554.261156941,1709142554.260548760,/rigid_bodies.rigidbodies[2].pose.position.y,0.6539692255549484
83.588468856,1709142554.271451000,1709142554.270691553,/rigid_bodies.rigidbodies[2].pose.position.y,0.6534549467980193
83.597735056,1709142554.280717200,1709142554.280306074,/rigid_bodies.rigidbodies[2].pose.position.y,0.652974834119961
83.607736318,1709142554.290718462,1709142554.290305487,/rigid_bodies.rigidbodies[2].pose.position.y,0.6531484398787227
83.617815997,1709142554.300798141,1709142554.300463395,/rigid_bodies.rigidbodies[2].pose.position.y,0.6537002348773195
83.62776248,1709142554.310744624,1709142554.310379802,/rigid_bodies.rigidbodies[2].pose.position.y,0.6539877966601456
83.638473773,1709142554.321455917,1709142554.321053453,/rigid_bodies.rigidbodies[2].pose.position.y,0.653591712007074
83.649109652,1709142554.332091796,1709142554.331461414,/rigid_bodies.rigidbodies[2].pose.position.y,0.6530156782216675
83.65808142,1709142554.341063564,1709142554.340534194,/rigid_bodies.rigidbodies[2].pose.position.y,0.6529805285207446
83.668462055,1709142554.351444199,1709142554.350830306,/rigid_bodies.rigidbodies[2].pose.position.y,0.6535506844677084
83.678015118,1709142554.360997262,1709142554.360352021,/rigid_bodies.rigidbodies[2].pose.position.y,0.6539258921967636
83.688487786,1709142554.371469930,1709142554.370739170,/rigid_bodies.rigidbodies[2].pose.position.y,0.6537729905229159
83.698800379,1709142554.381782523,1709142554.381182408,/rigid_bodies.rigidbodies[2].pose.position.y,0.6532148327737113
83.708510307,1709142554.391492451,1709142554.390796453,/rigid_bodies.rigidbodies[2].pose.position.y,0.6529454155620692
83.718281873,1709142554.401264017,1709142554.400766987,/rigid_bodies.rigidbodies[2].pose.position.y,0.6533786722876682
83.727945606,1709142554.410927750,1709142554.410376463,/rigid_bodies.rigidbodies[2].pose.position.y,0.6538738226252456
83.738097217,1709142554.421079361,1709142554.420556346,/rigid_bodies.rigidbodies[2].pose.position.y,0.6538792174508454
83.749107592,1709142554.432089736,1709142554.431613309,/rigid_bodies.rigidbodies[2].pose.position.y,0.6533461682106797
83.758604185,1709142554.441586329,1709142554.441056692,/rigid_bodies.rigidbodies[2].pose.position.y,0.6529209884897792
83.768259942,1709142554.451242086,1709142554.450662289,/rigid_bodies.rigidbodies[2].pose.position.y,0.6532027468588686
83.778049425,1709142554.461031569,1709142554.460451493,/rigid_bodies.rigidbodies[2].pose.position.y,0.6537760883910135
83.788263665,1709142554.471245809,1709142554.470652742,/rigid_bodies.rigidbodies[2].pose.position.y,0.6538800078992817
83.798332928,1709142554.481315072,1709142554.480813939,/rigid_bodies.rigidbodies[2].pose.position.y,0.6534100566642893
83.807936462,1709142554.490918606,1709142554.490549197,/rigid_bodies.rigidbodies[2].pose.position.y,0.6530132889421852
83.818172837,1709142554.501154981,1709142554.500844325,/rigid_bodies.rigidbodies[2].pose.position.y,0.6531969325763456
83.827865471,1709142554.510847615,1709142554.510513236,/rigid_bodies.rigidbodies[2].pose.position.y,0.6536939311248814
83.838387053,1709142554.521369197,1709142554.520846208,/rigid_bodies.rigidbodies[2].pose.position.y,0.6539097536037614
83.84860803,1709142554.531590174,1709142554.531075521,/rigid_bodies.rigidbodies[2].pose.position.y,0.6535815173783364
83.85791145,1709142554.540893594,1709142554.540527698,/rigid_bodies.rigidbodies[2].pose.position.y,0.6530694207168828
83.868398817,1709142554.551380961,1709142554.550983115,/rigid_bodies.rigidbodies[2].pose.position.y,0.6530390168642904
83.878163955,1709142554.561146099,1709142554.560795650,/rigid_bodies.rigidbodies[2].pose.position.y,0.65355684888722
83.888256653,1709142554.571238797,1709142554.570731243,/rigid_bodies.rigidbodies[2].pose.position.y,0.6539137535439152
83.89872686,1709142554.581709004,1709142554.581237090,/rigid_bodies.rigidbodies[2].pose.position.y,0.6537275103489284
83.907787615,1709142554.590769759,1709142554.590547841,/rigid_bodies.rigidbodies[2].pose.position.y,0.6531510010191154
83.918516548,1709142554.601498692,1709142554.600877010,/rigid_bodies.rigidbodies[2].pose.position.y,0.652987230073808
83.92816777,1709142554.611149914,1709142554.610664230,/rigid_bodies.rigidbodies[2].pose.position.y,0.6534517711680697
83.938142692,1709142554.621124836,1709142554.620797052,/rigid_bodies.rigidbodies[2].pose.position.y,0.6539254763474945
83.94836816,1709142554.631350304,1709142554.631038322,/rigid_bodies.rigidbodies[2].pose.position.y,0.653793403993725
83.958196792,1709142554.641178936,1709142554.640828021,/rigid_bodies.rigidbodies[2].pose.position.y,0.6532395647695256
83.968007703,1709142554.650989847,1709142554.650697714,/rigid_bodies.rigidbodies[2].pose.position.y,0.6529309579882264
83.978188434,1709142554.661170578,1709142554.660598083,/rigid_bodies.rigidbodies[2].pose.position.y,0.6533239499283595
83.983954643,1709142554.666936787,1709142554.666440366,/rigid_bodies.rigidbodies[2].pose.position.y,0.6538691966849325
83.998511471,1709142554.681493615,1709142554.681066737,/rigid_bodies.rigidbodies[2].pose.position.y,0.653919475727931
84.008150152,1709142554.691132296,1709142554.690592313,/rigid_bodies.rigidbodies[2].pose.position.y,0.6534109896161724
84.018464959,1709142554.701447103,1709142554.700916498,/rigid_bodies.rigidbodies[2].pose.position.y,0.6529946695218344
84.028071267,1709142554.711053411,1709142554.710688709,/rigid_bodies.rigidbodies[2].pose.position.y,0.6531205070053883
84.037832388,1709142554.720814532,1709142554.720569670,/rigid_bodies.rigidbodies[2].pose.position.y,0.6536727023937198
84.048420917,1709142554.731403061,1709142554.730974082,/rigid_bodies.rigidbodies[2].pose.position.y,0.6539113355739823
84.058212506,1709142554.741194650,1709142554.740901446,/rigid_bodies.rigidbodies[2].pose.position.y,0.6535139575185599
84.068564949,1709142554.751547093,1709142554.751196554,/rigid_bodies.rigidbodies[2].pose.position.y,0.6529939019197789
84.077725904,1709142554.760708048,1709142554.760453899,/rigid_bodies.rigidbodies[2].pose.position.y,0.6531157039745444
84.088501097,1709142554.771483241,1709142554.770920510,/rigid_bodies.rigidbodies[2].pose.position.y,0.6536658847217547
84.099033898,1709142554.782016042,1709142554.781460240,/rigid_bodies.rigidbodies[2].pose.position.y,0.6540062934362835
84.108280911,1709142554.791263055,1709142554.790733785,/rigid_bodies.rigidbodies[2].pose.position.y,0.6537027690559095
84.118414077,1709142554.801396221,1709142554.800835572,/rigid_bodies.rigidbodies[2].pose.position.y,0.6530722783926246
84.128706062,1709142554.811688206,1709142554.811005962,/rigid_bodies.rigidbodies[2].pose.position.y,0.6529261983510231
84.138117089,1709142554.821099233,1709142554.820634001,/rigid_bodies.rigidbodies[2].pose.position.y,0.6534998913728005
84.148472691,1709142554.831454835,1709142554.831008024,/rigid_bodies.rigidbodies[2].pose.position.y,0.6539528323082646
84.158426526,1709142554.841408670,1709142554.840778794,/rigid_bodies.rigidbodies[2].pose.position.y,0.6538235512588538
84.168072252,1709142554.851054396,1709142554.850557476,/rigid_bodies.rigidbodies[2].pose.position.y,0.6532645081333244
84.178312778,1709142554.861294922,1709142554.860812076,/rigid_bodies.rigidbodies[2].pose.position.y,0.6528914651557282
84.188777996,1709142554.871760140,1709142554.871094652,/rigid_bodies.rigidbodies[2].pose.position.y,0.6532862838063448
84.19852459,1709142554.881506734,1709142554.881114275,/rigid_bodies.rigidbodies[2].pose.position.y,0.6538283094402185
84.207568082,1709142554.890550226,1709142554.890337354,/rigid_bodies.rigidbodies[2].pose.position.y,0.6538465291304766
84.217695035,1709142554.900677179,1709142554.900512763,/rigid_bodies.rigidbodies[2].pose.position.y,0.6534006092144218
84.227210145,1709142554.910192289,1709142554.909921756,/rigid_bodies.rigidbodies[2].pose.position.y,0.6529591434125587
84.238586817,1709142554.921568961,1709142554.921175254,/rigid_bodies.rigidbodies[2].pose.position.y,0.6531220928926086
84.247867909,1709142554.930850053,1709142554.930533360,/rigid_bodies.rigidbodies[2].pose.position.y,0.653760556549911
84.258187673,1709142554.941169817,1709142554.940650949,/rigid_bodies.rigidbodies[2].pose.position.y,0.6539770661996746
84.268708422,1709142554.951690566,1709142554.951104313,/rigid_bodies.rigidbodies[2].pose.position.y,0.6535574429524831
84.278069139,1709142554.961051283,1709142554.960557768,/rigid_bodies.rigidbodies[2].pose.position.y,0.6530815901349285
84.288398684,1709142554.971380828,1709142554.970881798,/rigid_bodies.rigidbodies[2].pose.position.y,0.6531167932754718
84.298731917,1709142554.981714061,1709142554.981018455,/rigid_bodies.rigidbodies[2].pose.position.y,0.6535536941130654
84.307857703,1709142554.990839847,1709142554.990447763,/rigid_bodies.rigidbodies[2].pose.position.y,0.6538544465789291
84.318289651,1709142555.001271795,1709142555.000716888,/rigid_bodies.rigidbodies[2].pose.position.y,0.6535411757842695
84.328340395,1709142555.011322539,1709142555.010706328,/rigid_bodies.rigidbodies[2].pose.position.y,0.6530473727602794
84.338278361,1709142555.021260505,1709142555.020860691,/rigid_bodies.rigidbodies[2].pose.position.y,0.6530855359573859
84.348559866,1709142555.031542010,1709142555.031074676,/rigid_bodies.rigidbodies[2].pose.position.y,0.6535812258928438
84.358215435,1709142555.041197579,1709142555.040616357,/rigid_bodies.rigidbodies[2].pose.position.y,0.6539308580845222
84.368293277,1709142555.051275421,1709142555.050822540,/rigid_bodies.rigidbodies[2].pose.position.y,0.6537015433574502
84.37792909,1709142555.060911234,1709142555.060458471,/rigid_bodies.rigidbodies[2].pose.position.y,0.653113720071975
84.388244115,1709142555.071226259,1709142555.070673393,/rigid_bodies.rigidbodies[2].pose.position.y,0.6528980304234547
84.398465683,1709142555.081447827,1709142555.081009495,/rigid_bodies.rigidbodies[2].pose.position.y,0.6534146817789884
84.406638856,1709142555.089621000,1709142555.089088887,/rigid_bodies.rigidbodies[2].pose.position.y,0.6539560252092622
84.418136687,1709142555.101118831,1709142555.100630020,/rigid_bodies.rigidbodies[2].pose.position.y,0.6539545266564051
84.428149411,1709142555.111131555,1709142555.110644877,/rigid_bodies.rigidbodies[2].pose.position.y,0.6534199258285752
84.437857651,1709142555.120839795,1709142555.120504161,/rigid_bodies.rigidbodies[2].pose.position.y,0.6528723322597483
84.448454995,1709142555.131437139,1709142555.130957484,/rigid_bodies.rigidbodies[2].pose.position.y,0.6531387319708782
84.458171464,1709142555.141153608,1709142555.140764484,/rigid_bodies.rigidbodies[2].pose.position.y,0.6537827455331164
84.468189931,1709142555.151172075,1709142555.150685630,/rigid_bodies.rigidbodies[2].pose.position.y,0.6538821400988498
84.478763641,1709142555.161745785,1709142555.161026192,/rigid_bodies.rigidbodies[2].pose.position.y,0.6534744287715518
84.488796883,1709142555.171779027,1709142555.171207245,/rigid_bodies.rigidbodies[2].pose.position.y,0.6529563131262247
84.498597454,1709142555.181579598,1709142555.180950923,/rigid_bodies.rigidbodies[2].pose.position.y,0.6529769017999425
84.508452422,1709142555.191434566,1709142555.190764881,/rigid_bodies.rigidbodies[2].pose.position.y,0.6536195148106518
84.518177852,1709142555.201159996,1709142555.200774465,/rigid_bodies.rigidbodies[2].pose.position.y,0.6540032795701027
84.528525295,1709142555.211507439,1709142555.210928042,/rigid_bodies.rigidbodies[2].pose.position.y,0.6536893862157173
84.538398013,1709142555.221380157,1709142555.220861518,/rigid_bodies.rigidbodies[2].pose.position.y,0.6531928021723074
84.548236522,1709142555.231218666,1709142555.230795683,/rigid_bodies.rigidbodies[2].pose.position.y,0.6530563768887568
84.558183682,1709142555.241165826,1709142555.240612809,/rigid_bodies.rigidbodies[2].pose.position.y,0.6534669434703583
84.568158677,1709142555.251140821,1709142555.250665456,/rigid_bodies.rigidbodies[2].pose.position.y,0.6538899503363873
84.577660905,1709142555.260643049,1709142555.260021186,/rigid_bodies.rigidbodies[2].pose.position.y,0.6536810574527864
84.5881645,1709142555.271146644,1709142555.270543123,/rigid_bodies.rigidbodies[2].pose.position.y,0.6531529670653695
84.59835766,1709142555.281339804,1709142555.280897490,/rigid_bodies.rigidbodies[2].pose.position.y,0.6530143246351138
84.60791497700001,1709142555.290897121,1709142555.290352532,/rigid_bodies.rigidbodies[2].pose.position.y,0.653424379754274
84.618432765,1709142555.301414909,1709142555.300825634,/rigid_bodies.rigidbodies[2].pose.position.y,0.6539013026528165
84.628455769,1709142555.311437913,1709142555.310957260,/rigid_bodies.rigidbodies[2].pose.position.y,0.6538353703145913
84.638335934,1709142555.321318078,1709142555.320793678,/rigid_bodies.rigidbodies[2].pose.position.y,0.6532060992339809
84.648415857,1709142555.331398001,1709142555.330858943,/rigid_bodies.rigidbodies[2].pose.position.y,0.6528610728458566
84.657994353,1709142555.340976497,1709142555.340504329,/rigid_bodies.rigidbodies[2].pose.position.y,0.6532463619097684
84.668455716,1709142555.351437860,1709142555.350869376,/rigid_bodies.rigidbodies[2].pose.position.y,0.6538163406175204
84.677915988,1709142555.360898132,1709142555.360430611,/rigid_bodies.rigidbodies[2].pose.position.y,0.6540109989869569
84.689072051,1709142555.372054195,1709142555.371354068,/rigid_bodies.rigidbodies[2].pose.position.y,0.6535831921905157
84.698655595,1709142555.381637739,1709142555.381184083,/rigid_bodies.rigidbodies[2].pose.position.y,0.653009366401475
84.708524164,1709142555.391506308,1709142555.390904718,/rigid_bodies.rigidbodies[2].pose.position.y,0.6531128234692188
84.718510711,1709142555.401492855,1709142555.400777458,/rigid_bodies.rigidbodies[2].pose.position.y,0.6536447315632788
84.728424111,1709142555.411406255,1709142555.410897411,/rigid_bodies.rigidbodies[2].pose.position.y,0.6538642899323887
84.737511269,1709142555.420493413,1709142555.420128274,/rigid_bodies.rigidbodies[2].pose.position.y,0.6535827903751663
84.748658096,1709142555.431640240,1709142555.430999002,/rigid_bodies.rigidbodies[2].pose.position.y,0.6530765745579287
84.758179208,1709142555.441161352,1709142555.440649554,/rigid_bodies.rigidbodies[2].pose.position.y,0.652984334899041
84.768327122,1709142555.451309266,1709142555.450820994,/rigid_bodies.rigidbodies[2].pose.position.y,0.65353740395484
84.778145698,1709142555.461127842,1709142555.460654624,/rigid_bodies.rigidbodies[2].pose.position.y,0.6539082178872805
84.789029423,1709142555.472011567,1709142555.471433754,/rigid_bodies.rigidbodies[2].pose.position.y,0.653694589850874
84.798645661,1709142555.481627805,1709142555.481126979,/rigid_bodies.rigidbodies[2].pose.position.y,0.6532282916575272
84.808439509,1709142555.491421653,1709142555.490873849,/rigid_bodies.rigidbodies[2].pose.position.y,0.653022548248903
84.818694883,1709142555.501677027,1709142555.501097782,/rigid_bodies.rigidbodies[2].pose.position.y,0.6534215044675403
84.828386809,1709142555.511368953,1709142555.510817210,/rigid_bodies.rigidbodies[2].pose.position.y,0.6539512684209855
84.838376357,1709142555.521358501,1709142555.520844988,/rigid_bodies.rigidbodies[2].pose.position.y,0.6537695416331315
84.848353317,1709142555.531335461,1709142555.530734544,/rigid_bodies.rigidbodies[2].pose.position.y,0.653199374081431
84.858209962,1709142555.541192106,1709142555.540597772,/rigid_bodies.rigidbodies[2].pose.position.y,0.6529989919803981
84.868513674,1709142555.551495818,1709142555.550926014,/rigid_bodies.rigidbodies[2].pose.position.y,0.65333242425054
84.878250578,1709142555.561232722,1709142555.560859683,/rigid_bodies.rigidbodies[2].pose.position.y,0.6538630563248397
84.888260939,1709142555.571243083,1709142555.570817092,/rigid_bodies.rigidbodies[2].pose.position.y,0.6539097200129611
84.898699587,1709142555.581681731,1709142555.581147996,/rigid_bodies.rigidbodies[2].pose.position.y,0.6533198658896822
84.908292923,1709142555.591275067,1709142555.590685027,/rigid_bodies.rigidbodies[2].pose.position.y,0.6528445142912955
84.91854236,1709142555.601524504,1709142555.601023710,/rigid_bodies.rigidbodies[2].pose.position.y,0.6530777980021735
84.928403094,1709142555.611385238,1709142555.610890957,/rigid_bodies.rigidbodies[2].pose.position.y,0.6536687786956804
84.938744066,1709142555.621726210,1709142555.621329863,/rigid_bodies.rigidbodies[2].pose.position.y,0.6540143477189971
84.948313867,1709142555.631296011,1709142555.630718233,/rigid_bodies.rigidbodies[2].pose.position.y,0.6536957241049669
84.958600183,1709142555.641582327,1709142555.640839938,/rigid_bodies.rigidbodies[2].pose.position.y,0.6530373779995924
84.968691652,1709142555.651673796,1709142555.650975960,/rigid_bodies.rigidbodies[2].pose.position.y,0.6530346516802843
84.978107968,1709142555.661090112,1709142555.660592081,/rigid_bodies.rigidbodies[2].pose.position.y,0.6535386589591266
84.988542242,1709142555.671524386,1709142555.670883322,/rigid_bodies.rigidbodies[2].pose.position.y,0.6538507667497359
84.998890263,1709142555.681872407,1709142555.681154141,/rigid_bodies.rigidbodies[2].pose.position.y,0.6537220957011314
85.007886872,1709142555.690869016,1709142555.690428548,/rigid_bodies.rigidbodies[2].pose.position.y,0.6532006012116032
85.018749724,1709142555.701731868,1709142555.701216821,/rigid_bodies.rigidbodies[2].pose.position.y,0.6529755678339212
85.028451196,1709142555.711433340,1709142555.710773650,/rigid_bodies.rigidbodies[2].pose.position.y,0.6534465912594775
85.038084313,1709142555.721066457,1709142555.720663406,/rigid_bodies.rigidbodies[2].pose.position.y,0.6538525439341892
85.048348584,1709142555.731330728,1709142555.730789946,/rigid_bodies.rigidbodies[2].pose.position.y,0.653710484704704
85.058359178,1709142555.741341322,1709142555.740820647,/rigid_bodies.rigidbodies[2].pose.position.y,0.6533062141233582
85.068268876,1709142555.751251020,1709142555.750675253,/rigid_bodies.rigidbodies[2].pose.position.y,0.6529625744311309
85.078033698,1709142555.761015842,1709142555.760586805,/rigid_bodies.rigidbodies[2].pose.position.y,0.6532359520365583
85.088115141,1709142555.771097285,1709142555.770703259,/rigid_bodies.rigidbodies[2].pose.position.y,0.6537973600544359
85.098371183,1709142555.781353327,1709142555.780936856,/rigid_bodies.rigidbodies[2].pose.position.y,0.6538349405771076
85.108155382,1709142555.791137526,1709142555.790636029,/rigid_bodies.rigidbodies[2].pose.position.y,0.6533783709456755
85.118467048,1709142555.801449192,1709142555.800861297,/rigid_bodies.rigidbodies[2].pose.position.y,0.6530432331974442
85.128088464,1709142555.811070608,1709142555.810626012,/rigid_bodies.rigidbodies[2].pose.position.y,0.6532348367689365
85.138140294,1709142555.821122438,1709142555.820691767,/rigid_bodies.rigidbodies[2].pose.position.y,0.6537688133687395
85.148640981,1709142555.831623125,1709142555.831111596,/rigid_bodies.rigidbodies[2].pose.position.y,0.6539463380906598
85.157942482,1709142555.840924626,1709142555.840485259,/rigid_bodies.rigidbodies[2].pose.position.y,0.6534287777228022
85.167961692,1709142555.850943836,1709142555.850502211,/rigid_bodies.rigidbodies[2].pose.position.y,0.6529294209193129
85.173513336,1709142555.856495480,1709142555.856178727,/rigid_bodies.rigidbodies[2].pose.position.y,0.6530776782283487
85.188423941,1709142555.871406085,1709142555.870740732,/rigid_bodies.rigidbodies[2].pose.position.y,0.6536032554519381
85.198654553,1709142555.881636697,1709142555.880972732,/rigid_bodies.rigidbodies[2].pose.position.y,0.6539628926458384
85.208186363,1709142555.891168507,1709142555.890646101,/rigid_bodies.rigidbodies[2].pose.position.y,0.6537166893743974
85.218250244,1709142555.901232388,1709142555.900726542,/rigid_bodies.rigidbodies[2].pose.position.y,0.6531101014917073
85.227781964,1709142555.910764108,1709142555.910252961,/rigid_bodies.rigidbodies[2].pose.position.y,0.6529948148823317
85.238156628,1709142555.921138772,1709142555.920642979,/rigid_bodies.rigidbodies[2].pose.position.y,0.6534469598744926
85.248238347,1709142555.931220491,1709142555.930711472,/rigid_bodies.rigidbodies[2].pose.position.y,0.6537998348125839
85.2580329,1709142555.941015044,1709142555.940516120,/rigid_bodies.rigidbodies[2].pose.position.y,0.6537663518733232
85.268863832,1709142555.951845976,1709142555.951136330,/rigid_bodies.rigidbodies[2].pose.position.y,0.6532930785850735
85.278003155,1709142555.960985299,1709142555.960567159,/rigid_bodies.rigidbodies[2].pose.position.y,0.6529545479889199
85.288274982,1709142555.971257126,1709142555.970766800,/rigid_bodies.rigidbodies[2].pose.position.y,0.6533313759352187
85.298022194,1709142555.981004338,1709142555.980596664,/rigid_bodies.rigidbodies[2].pose.position.y,0.6538155734294042
85.307892671,1709142555.990874815,1709142555.990391435,/rigid_bodies.rigidbodies[2].pose.position.y,0.6538211368675947
85.318411646,1709142556.001393790,1709142556.000742026,/rigid_bodies.rigidbodies[2].pose.position.y,0.6533872366296128
85.328379776,1709142556.011361920,1709142556.010655282,/rigid_bodies.rigidbodies[2].pose.position.y,0.6529584877968165
85.33819622,1709142556.021178364,1709142556.020678641,/rigid_bodies.rigidbodies[2].pose.position.y,0.6531508584128917
85.348866258,1709142556.031848402,1709142556.031161222,/rigid_bodies.rigidbodies[2].pose.position.y,0.6537198578211778
85.35796937,1709142556.040951514,1709142556.040649356,/rigid_bodies.rigidbodies[2].pose.position.y,0.653826436041904
85.367338872,1709142556.050321016,1709142556.050033522,/rigid_bodies.rigidbodies[2].pose.position.y,0.6534336354298671
85.377596895,1709142556.060579039,1709142556.060317169,/rigid_bodies.rigidbodies[2].pose.position.y,0.6530610264920016
85.3879097,1709142556.070891844,1709142556.070606265,/rigid_bodies.rigidbodies[2].pose.position.y,0.6531179798776662
85.397920742,1709142556.080902886,1709142556.080654469,/rigid_bodies.rigidbodies[2].pose.position.y,0.6536560183476993
85.407691183,1709142556.090673327,1709142556.090418214,/rigid_bodies.rigidbodies[2].pose.position.y,0.6539597548606402
85.418003896,1709142556.100986040,1709142556.100627835,/rigid_bodies.rigidbodies[2].pose.position.y,0.6535744955955879
85.427516589,1709142556.110498733,1709142556.110243319,/rigid_bodies.rigidbodies[2].pose.position.y,0.6530420157172028
85.437714128,1709142556.120696272,1709142556.120401938,/rigid_bodies.rigidbodies[2].pose.position.y,0.6529895304799958
85.448268995,1709142556.131251139,1709142556.130786738,/rigid_bodies.rigidbodies[2].pose.position.y,0.6534187483552504
85.458329909,1709142556.141312053,1709142556.140767749,/rigid_bodies.rigidbodies[2].pose.position.y,0.6539356028040952
85.46816378,1709142556.151145924,1709142556.150616432,/rigid_bodies.rigidbodies[2].pose.position.y,0.6538649557388659
85.478206803,1709142556.161188947,1709142556.160512129,/rigid_bodies.rigidbodies[2].pose.position.y,0.6532413296490687
85.488066495,1709142556.171048639,1709142556.170477966,/rigid_bodies.rigidbodies[2].pose.position.y,0.6529733585314801
85.498991688,1709142556.181973832,1709142556.181506391,/rigid_bodies.rigidbodies[2].pose.position.y,0.6533380535648216
85.507727769,1709142556.190709913,1709142556.190368372,/rigid_bodies.rigidbodies[2].pose.position.y,0.6537744335921996
85.51837157,1709142556.201353714,1709142556.200684078,/rigid_bodies.rigidbodies[2].pose.position.y,0.6538223858552142
85.52791549,1709142556.210897634,1709142556.210417161,/rigid_bodies.rigidbodies[2].pose.position.y,0.653392761479001
85.538728956,1709142556.221711100,1709142556.221320547,/rigid_bodies.rigidbodies[2].pose.position.y,0.6530091101388461
85.548749733,1709142556.231731877,1709142556.231251925,/rigid_bodies.rigidbodies[2].pose.position.y,0.6532687959528247
85.557812678,1709142556.240794822,1709142556.240419520,/rigid_bodies.rigidbodies[2].pose.position.y,0.6536978075066796
85.568347189,1709142556.251329333,1709142556.250780906,/rigid_bodies.rigidbodies[2].pose.position.y,0.6537698461538527
85.578164641,1709142556.261146785,1709142556.260685806,/rigid_bodies.rigidbodies[2].pose.position.y,0.6535025833187473
85.588249315,1709142556.271231459,1709142556.270745308,/rigid_bodies.rigidbodies[2].pose.position.y,0.6530635722506561
85.598479294,1709142556.281461438,1709142556.280855508,/rigid_bodies.rigidbodies[2].pose.position.y,0.6531342283820684
85.608322853,1709142556.291304997,1709142556.290673345,/rigid_bodies.rigidbodies[2].pose.position.y,0.6536665600271486
85.618492092,1709142556.301474236,1709142556.301030905,/rigid_bodies.rigidbodies[2].pose.position.y,0.6538754558099595
85.62736245,1709142556.310344594,1709142556.310129664,/rigid_bodies.rigidbodies[2].pose.position.y,0.6535386856842135
85.636821823,1709142556.319803967,1709142556.319457532,/rigid_bodies.rigidbodies[2].pose.position.y,0.6531341993163235
85.647583894,1709142556.330566038,1709142556.330329653,/rigid_bodies.rigidbodies[2].pose.position.y,0.6530894338952877
85.657878084,1709142556.340860228,1709142556.340611885,/rigid_bodies.rigidbodies[2].pose.position.y,0.6535386503389354
85.668163962,1709142556.351146106,1709142556.350743300,/rigid_bodies.rigidbodies[2].pose.position.y,0.6539436358431603
85.677978115,1709142556.360960259,1709142556.360587643,/rigid_bodies.rigidbodies[2].pose.position.y,0.6536437730094145
85.688543324,1709142556.371525468,1709142556.370886905,/rigid_bodies.rigidbodies[2].pose.position.y,0.6531088325366765
85.698850569,1709142556.381832713,1709142556.381113172,/rigid_bodies.rigidbodies[2].pose.position.y,0.6529634487237082
85.7083225,1709142556.391304644,1709142556.390792647,/rigid_bodies.rigidbodies[2].pose.position.y,0.6533418808181072
85.718357948,1709142556.401340092,1709142556.400794869,/rigid_bodies.rigidbodies[2].pose.position.y,0.6538783137690716
85.728082391,1709142556.411064535,1709142556.410599183,/rigid_bodies.rigidbodies[2].pose.position.y,0.6539397737614226
85.738461086,1709142556.421443230,1709142556.420851714,/rigid_bodies.rigidbodies[2].pose.position.y,0.6533786757543615
85.74829494,1709142556.431277084,1709142556.430893294,/rigid_bodies.rigidbodies[2].pose.position.y,0.6529588738135161
85.758612495,1709142556.441594639,1709142556.440988350,/rigid_bodies.rigidbodies[2].pose.position.y,0.6531988954496093
85.768520049,1709142556.451502193,1709142556.450982192,/rigid_bodies.rigidbodies[2].pose.position.y,0.6536873388848302
85.777964912,1709142556.460947056,1709142556.460485225,/rigid_bodies.rigidbodies[2].pose.position.y,0.653911725645854
85.788738684,1709142556.471720828,1709142556.471059000,/rigid_bodies.rigidbodies[2].pose.position.y,0.6535274278449379
85.798918744,1709142556.481900888,1709142556.481177901,/rigid_bodies.rigidbodies[2].pose.position.y,0.6530213328929826
85.808135519,1709142556.491117663,1709142556.490703024,/rigid_bodies.rigidbodies[2].pose.position.y,0.6531400088353405
85.818190582,1709142556.501172726,1709142556.500781636,/rigid_bodies.rigidbodies[2].pose.position.y,0.6536231001562061
85.827948414,1709142556.510930558,1709142556.510381496,/rigid_bodies.rigidbodies[2].pose.position.y,0.6537885953273416
85.838110647,1709142556.521092791,1709142556.520719053,/rigid_bodies.rigidbodies[2].pose.position.y,0.6535914987591299
85.848216395,1709142556.531198539,1709142556.530797963,/rigid_bodies.rigidbodies[2].pose.position.y,0.6531330446322617
85.858422754,1709142556.541404898,1709142556.540882643,/rigid_bodies.rigidbodies[2].pose.position.y,0.6530576471308088
85.86763302,1709142556.550615164,1709142556.550157758,/rigid_bodies.rigidbodies[2].pose.position.y,0.6535294980651868
85.877714711,1709142556.560696855,1709142556.560449959,/rigid_bodies.rigidbodies[2].pose.position.y,0.6538329340152174
85.888461411,1709142556.571443555,1709142556.570881578,/rigid_bodies.rigidbodies[2].pose.position.y,0.6536280749274644
85.898086417,1709142556.581068561,1709142556.580750201,/rigid_bodies.rigidbodies[2].pose.position.y,0.6532222055299054
85.907909401,1709142556.590891545,1709142556.590436447,/rigid_bodies.rigidbodies[2].pose.position.y,0.6530503842812043
85.918767126,1709142556.601749270,1709142556.600986090,/rigid_bodies.rigidbodies[2].pose.position.y,0.6534365318244164
85.927896545,1709142556.610878689,1709142556.610583313,/rigid_bodies.rigidbodies[2].pose.position.y,0.6539300124872923
85.93852756,1709142556.621509704,1709142556.621204650,/rigid_bodies.rigidbodies[2].pose.position.y,0.6537770718117667
85.94839619,1709142556.631378334,1709142556.630889757,/rigid_bodies.rigidbodies[2].pose.position.y,0.653202103556334
85.957964061,1709142556.640946205,1709142556.640473878,/rigid_bodies.rigidbodies[2].pose.position.y,0.6529181745883257
85.968133289,1709142556.651115433,1709142556.650597066,/rigid_bodies.rigidbodies[2].pose.position.y,0.6531873180362939
85.97796608,1709142556.660948224,1709142556.660503383,/rigid_bodies.rigidbodies[2].pose.position.y,0.6537601031460848
85.988002399,1709142556.670984543,1709142556.670566784,/rigid_bodies.rigidbodies[2].pose.position.y,0.6539238193328274
85.998447879,1709142556.681430023,1709142556.680933257,/rigid_bodies.rigidbodies[2].pose.position.y,0.6534342048870586
86.007950099,1709142556.690932243,1709142556.690551475,/rigid_bodies.rigidbodies[2].pose.position.y,0.6529821611974472
86.018087224,1709142556.701069368,1709142556.700716106,/rigid_bodies.rigidbodies[2].pose.position.y,0.6531036590502901
86.027990934,1709142556.710973078,1709142556.710476729,/rigid_bodies.rigidbodies[2].pose.position.y,0.653581884057295
86.038663075,1709142556.721645219,1709142556.721024901,/rigid_bodies.rigidbodies[2].pose.position.y,0.6538558187139494
86.047997241,1709142556.730979385,1709142556.730613663,/rigid_bodies.rigidbodies[2].pose.position.y,0.6536130939660538
86.058191484,1709142556.741173628,1709142556.740586263,/rigid_bodies.rigidbodies[2].pose.position.y,0.6531061370162279
86.068599241,1709142556.751581385,1709142556.751002359,/rigid_bodies.rigidbodies[2].pose.position.y,0.6530901429941556
86.078421713,1709142556.761403857,1709142556.760869191,/rigid_bodies.rigidbodies[2].pose.position.y,0.6535577598448677
86.088108562,1709142556.771090706,1709142556.770592339,/rigid_bodies.rigidbodies[2].pose.position.y,0.6538267384742177
86.098606673,1709142556.781588817,1709142556.780986354,/rigid_bodies.rigidbodies[2].pose.position.y,0.6536916261099703
86.107838857,1709142556.790821001,1709142556.790439776,/rigid_bodies.rigidbodies[2].pose.position.y,0.6531696937478372
86.118429608,1709142556.801411752,1709142556.800954792,/rigid_bodies.rigidbodies[2].pose.position.y,0.6529463751725215
86.128284122,1709142556.811266266,1709142556.810681663,/rigid_bodies.rigidbodies[2].pose.position.y,0.6533803961949016
86.137975444,1709142556.820957588,1709142556.820524123,/rigid_bodies.rigidbodies[2].pose.position.y,0.6538026790325219
86.14862093,1709142556.831603074,1709142556.830982694,/rigid_bodies.rigidbodies[2].pose.position.y,0.6537260099317205
86.158451697,1709142556.841433841,1709142556.840884011,/rigid_bodies.rigidbodies[2].pose.position.y,0.6532862354132924
86.168438768,1709142556.851420912,1709142556.850796280,/rigid_bodies.rigidbodies[2].pose.position.y,0.652959485586653
86.178146604,1709142556.861128748,1709142556.860583548,/rigid_bodies.rigidbodies[2].pose.position.y,0.6532718665120897
86.188642335,1709142556.871624479,1709142556.870798514,/rigid_bodies.rigidbodies[2].pose.position.y,0.653857183822275
86.198412778,1709142556.881394922,1709142556.880905170,/rigid_bodies.rigidbodies[2].pose.position.y,0.653918829927398
86.207703126,1709142556.890685270,1709142556.890116806,/rigid_bodies.rigidbodies[2].pose.position.y,0.6534383706025733
86.218117798,1709142556.901099942,1709142556.900638935,/rigid_bodies.rigidbodies[2].pose.position.y,0.6530204242092614
86.228024526,1709142556.911006670,1709142556.910523977,/rigid_bodies.rigidbodies[2].pose.position.y,0.6530327761055804
86.23781918,1709142556.920801324,1709142556.920539787,/rigid_bodies.rigidbodies[2].pose.position.y,0.6535563468952525
86.247639078,1709142556.930621222,1709142556.930386709,/rigid_bodies.rigidbodies[2].pose.position.y,0.6539280162675795
86.257840563,1709142556.940822707,1709142556.940472630,/rigid_bodies.rigidbodies[2].pose.position.y,0.6536388302460847
86.268040186,1709142556.951022330,1709142556.950697519,/rigid_bodies.rigidbodies[2].pose.position.y,0.6530991474874615
86.277999665,1709142556.960981809,1709142556.960577474,/rigid_bodies.rigidbodies[2].pose.position.y,0.6529990923159732
86.28831011,1709142556.971292254,1709142556.970821946,/rigid_bodies.rigidbodies[2].pose.position.y,0.6534108613886547
86.29832413,1709142556.981306274,1709142556.980968894,/rigid_bodies.rigidbodies[2].pose.position.y,0.653817309018617
86.30847446,1709142556.991456604,1709142556.990871259,/rigid_bodies.rigidbodies[2].pose.position.y,0.6537230387077563
86.318608201,1709142557.001590345,1709142557.001031968,/rigid_bodies.rigidbodies[2].pose.position.y,0.6532485463495336
86.328041297,1709142557.011023441,1709142557.010613857,/rigid_bodies.rigidbodies[2].pose.position.y,0.6530766748140964
86.338400007,1709142557.021382151,1709142557.020828821,/rigid_bodies.rigidbodies[2].pose.position.y,0.6534334687177283
86.34783814,1709142557.030820284,1709142557.030579671,/rigid_bodies.rigidbodies[2].pose.position.y,0.6538043413124753
86.357819093,1709142557.040801237,1709142557.040452262,/rigid_bodies.rigidbodies[2].pose.position.y,0.6537663158919911
86.368622962,1709142557.051605106,1709142557.051081585,/rigid_bodies.rigidbodies[2].pose.position.y,0.6533144887381216
86.378431173,1709142557.061413317,1709142557.060906288,/rigid_bodies.rigidbodies[2].pose.position.y,0.6529877922904724
86.388391759,1709142557.071373903,1709142557.070816758,/rigid_bodies.rigidbodies[2].pose.position.y,0.6532352874875483
86.398316188,1709142557.081298332,1709142557.080686417,/rigid_bodies.rigidbodies[2].pose.position.y,0.6537296350039955
86.408220063,1709142557.091202207,1709142557.090678659,/rigid_bodies.rigidbodies[2].pose.position.y,0.6538266698760627
86.418394118,1709142557.101376262,1709142557.100834611,/rigid_bodies.rigidbodies[2].pose.position.y,0.6534376007515784
86.428210115,1709142557.111192259,1709142557.110648161,/rigid_bodies.rigidbodies[2].pose.position.y,0.6530038346101421
86.438130587,1709142557.121112731,1709142557.120699049,/rigid_bodies.rigidbodies[2].pose.position.y,0.6530717535057002
86.448322252,1709142557.131304396,1709142557.130809199,/rigid_bodies.rigidbodies[2].pose.position.y,0.6536231700935087
86.458465728,1709142557.141447872,1709142557.140960521,/rigid_bodies.rigidbodies[2].pose.position.y,0.653952279855411
86.468594558,1709142557.151576702,1709142557.150968657,/rigid_bodies.rigidbodies[2].pose.position.y,0.6536217188709211
86.478227536,1709142557.161209680,1709142557.160731176,/rigid_bodies.rigidbodies[2].pose.position.y,0.6531221765300428
86.488789791,1709142557.171771935,1709142557.171157529,/rigid_bodies.rigidbodies[2].pose.position.y,0.6529865386445632
86.498676292,1709142557.181658436,1709142557.181033714,/rigid_bodies.rigidbodies[2].pose.position.y,0.6533936835063877
86.507769553,1709142557.190751697,1709142557.190327005,/rigid_bodies.rigidbodies[2].pose.position.y,0.6539172372779749
86.518309651,1709142557.201291795,1709142557.200799338,/rigid_bodies.rigidbodies[2].pose.position.y,0.6538266437219021
86.528249217,1709142557.211231361,1709142557.210674190,/rigid_bodies.rigidbodies[2].pose.position.y,0.6533022142884506
86.537927334,1709142557.220909478,1709142557.220395070,/rigid_bodies.rigidbodies[2].pose.position.y,0.6529915667183407
86.548098887,1709142557.231081031,1709142557.230605049,/rigid_bodies.rigidbodies[2].pose.position.y,0.6532375429330587
86.557736884,1709142557.240719028,1709142557.240276796,/rigid_bodies.rigidbodies[2].pose.position.y,0.6537032264531103
86.568155081,1709142557.251137225,1709142557.250702065,/rigid_bodies.rigidbodies[2].pose.position.y,0.653850841933138
86.578271153,1709142557.261253297,1709142557.260683778,/rigid_bodies.rigidbodies[2].pose.position.y,0.653397247113542
86.588889337,1709142557.271871481,1709142557.271251949,/rigid_bodies.rigidbodies[2].pose.position.y,0.6530326023513331
86.598176648,1709142557.281158792,1709142557.280812841,/rigid_bodies.rigidbodies[2].pose.position.y,0.653192013881489
86.608081001,1709142557.291063145,1709142557.290646831,/rigid_bodies.rigidbodies[2].pose.position.y,0.6536483979222211
86.618355588,1709142557.301337732,1709142557.300899310,/rigid_bodies.rigidbodies[2].pose.position.y,0.6538680239876434
86.627903198,1709142557.310885342,1709142557.310576773,/rigid_bodies.rigidbodies[2].pose.position.y,0.6535692636742609
86.637840709,1709142557.320822853,1709142557.320429033,/rigid_bodies.rigidbodies[2].pose.position.y,0.6530786425918366
86.649055223,1709142557.332037367,1709142557.331544078,/rigid_bodies.rigidbodies[2].pose.position.y,0.6530619299724325
86.658351099,1709142557.341333243,1709142557.340943335,/rigid_bodies.rigidbodies[2].pose.position.y,0.6535371834999679
86.668806287,1709142557.351788431,1709142557.351331663,/rigid_bodies.rigidbodies[2].pose.position.y,0.6538496374356272
86.677837563,1709142557.360819707,1709142557.360410815,/rigid_bodies.rigidbodies[2].pose.position.y,0.6537072800013444
86.688356097,1709142557.371338241,1709142557.370920972,/rigid_bodies.rigidbodies[2].pose.position.y,0.6532345237465996
86.698701278,1709142557.381683422,1709142557.381238623,/rigid_bodies.rigidbodies[2].pose.position.y,0.6529973983841331
86.708538981,1709142557.391521125,1709142557.391083676,/rigid_bodies.rigidbodies[2].pose.position.y,0.6533945272462062
86.718300343,1709142557.401282487,1709142557.400902798,/rigid_bodies.rigidbodies[2].pose.position.y,0.6538236043174627
86.728065707,1709142557.411047851,1709142557.410768631,/rigid_bodies.rigidbodies[2].pose.position.y,0.6537255581931425
86.738298788,1709142557.421280932,1709142557.420826483,/rigid_bodies.rigidbodies[2].pose.position.y,0.653302289047577
86.748232791,1709142557.431214935,1709142557.430926233,/rigid_bodies.rigidbodies[2].pose.position.y,0.6530035940813129
86.758790802,1709142557.441772946,1709142557.441136417,/rigid_bodies.rigidbodies[2].pose.position.y,0.653204116174245
86.768408754,1709142557.451390898,1709142557.450937740,/rigid_bodies.rigidbodies[2].pose.position.y,0.6537505812416541
86.778049091,1709142557.461031235,1709142557.460507002,/rigid_bodies.rigidbodies[2].pose.position.y,0.6539017739543943
86.788539274,1709142557.471521418,1709142557.471063361,/rigid_bodies.rigidbodies[2].pose.position.y,0.6534744186260248
86.79832091,1709142557.481303054,1709142557.480778835,/rigid_bodies.rigidbodies[2].pose.position.y,0.6530518736445917
86.807923734,1709142557.490905878,1709142557.490575198,/rigid_bodies.rigidbodies[2].pose.position.y,0.6531297181972979
86.818513873,1709142557.501496017,1709142557.500888347,/rigid_bodies.rigidbodies[2].pose.position.y,0.6535759943186581
86.828368236,1709142557.511350380,1709142557.510710427,/rigid_bodies.rigidbodies[2].pose.position.y,0.6538982477383198
86.838523407,1709142557.521505551,1709142557.521067784,/rigid_bodies.rigidbodies[2].pose.position.y,0.6536225598129847
86.848785398,1709142557.531767542,1709142557.531312741,/rigid_bodies.rigidbodies[2].pose.position.y,0.6531201214236567
86.858247727,1709142557.541229871,1709142557.540702012,/rigid_bodies.rigidbodies[2].pose.position.y,0.6530643096877267
86.868295808,1709142557.551277952,1709142557.550848571,/rigid_bodies.rigidbodies[2].pose.position.y,0.6534534600708147
86.878117294,1709142557.561099438,1709142557.560704399,/rigid_bodies.rigidbodies[2].pose.position.y,0.6538387163334484
86.888483817,1709142557.571465961,1709142557.570880669,/rigid_bodies.rigidbodies[2].pose.position.y,0.6537677415382332
86.898825544,1709142557.581807688,1709142557.581106034,/rigid_bodies.rigidbodies[2].pose.position.y,0.6532380772169817
86.908620976,1709142557.591603120,1709142557.591129240,/rigid_bodies.rigidbodies[2].pose.position.y,0.6530013167524825
86.918859927,1709142557.601842071,1709142557.601195253,/rigid_bodies.rigidbodies[2].pose.position.y,0.6533492488113181
86.928446472,1709142557.611428616,1709142557.610803162,/rigid_bodies.rigidbodies[2].pose.position.y,0.6538005577048216
86.937931557,1709142557.620913701,1709142557.620552866,/rigid_bodies.rigidbodies[2].pose.position.y,0.6538401475360086
86.948791958,1709142557.631774102,1709142557.631211761,/rigid_bodies.rigidbodies[2].pose.position.y,0.6534273501031895
86.958251659,1709142557.641233803,1709142557.640692239,/rigid_bodies.rigidbodies[2].pose.position.y,0.6530168452015995
86.968281179,1709142557.651263323,1709142557.650773975,/rigid_bodies.rigidbodies[2].pose.position.y,0.6531650949291451
86.977956385,1709142557.660938529,1709142557.660488734,/rigid_bodies.rigidbodies[2].pose.position.y,0.6536838947560785
86.988558549,1709142557.671540693,1709142557.670909483,/rigid_bodies.rigidbodies[2].pose.position.y,0.6538699465274502
86.998497505,1709142557.681479649,1709142557.680996885,/rigid_bodies.rigidbodies[2].pose.position.y,0.6535536895731827
87.008518345,1709142557.691500489,1709142557.690840202,/rigid_bodies.rigidbodies[2].pose.position.y,0.6531201485003688
87.01874703,1709142557.701729174,1709142557.701065416,/rigid_bodies.rigidbodies[2].pose.position.y,0.6530690189021804
87.028164225,1709142557.711146369,1709142557.710568985,/rigid_bodies.rigidbodies[2].pose.position.y,0.6535171691809993
87.038512027,1709142557.721494171,1709142557.720945683,/rigid_bodies.rigidbodies[2].pose.position.y,0.6538741726401498
87.048575503,1709142557.731557647,1709142557.730932055,/rigid_bodies.rigidbodies[2].pose.position.y,0.6536592275605594
87.058028284,1709142557.741010428,1709142557.740474433,/rigid_bodies.rigidbodies[2].pose.position.y,0.6532060133202581
87.06852415,1709142557.751506294,1709142557.750898763,/rigid_bodies.rigidbodies[2].pose.position.y,0.6530474778844656
87.078069148,1709142557.761051292,1709142557.760549808,/rigid_bodies.rigidbodies[2].pose.position.y,0.6533075868114336
87.088458515,1709142557.771440659,1709142557.770906691,/rigid_bodies.rigidbodies[2].pose.position.y,0.6537604384837883
87.098170856,1709142557.781153000,1709142557.780576637,/rigid_bodies.rigidbodies[2].pose.position.y,0.6537907974096054
87.108147626,1709142557.791129770,1709142557.790623577,/rigid_bodies.rigidbodies[2].pose.position.y,0.653359284727605
87.118066327,1709142557.801048471,1709142557.800559961,/rigid_bodies.rigidbodies[2].pose.position.y,0.6530897086632153
87.128032518,1709142557.811014662,1709142557.810598810,/rigid_bodies.rigidbodies[2].pose.position.y,0.6532592871031949
87.138402232,1709142557.821384376,1709142557.820818746,/rigid_bodies.rigidbodies[2].pose.position.y,0.6536743659941824
87.148400678,1709142557.831382822,1709142557.830877348,/rigid_bodies.rigidbodies[2].pose.position.y,0.6538219503279703
87.158567726,1709142557.841549870,1709142557.840961989,/rigid_bodies.rigidbodies[2].pose.position.y,0.6534576059579197
87.167768295,1709142557.850750439,1709142557.850204952,/rigid_bodies.rigidbodies[2].pose.position.y,0.6530273935916563
87.178215047,1709142557.861197191,1709142557.860692099,/rigid_bodies.rigidbodies[2].pose.position.y,0.6531525379019503
87.188133773,1709142557.871115917,1709142557.870662973,/rigid_bodies.rigidbodies[2].pose.position.y,0.6535813274360358
87.199020247,1709142557.882002391,1709142557.881346483,/rigid_bodies.rigidbodies[2].pose.position.y,0.6538086354312199
87.20783268,1709142557.890814824,1709142557.890447869,/rigid_bodies.rigidbodies[2].pose.position.y,0.6536078992234431
87.218661699,1709142557.901643843,1709142557.900985649,/rigid_bodies.rigidbodies[2].pose.position.y,0.6531246265420573
87.22827853,1709142557.911260674,1709142557.910728297,/rigid_bodies.rigidbodies[2].pose.position.y,0.6530391629892573
87.238347598,1709142557.921329742,1709142557.920777129,/rigid_bodies.rigidbodies[2].pose.position.y,0.6534598040040873
87.248574823,1709142557.931556967,1709142557.931028063,/rigid_bodies.rigidbodies[2].pose.position.y,0.6538061204112277
87.258347402,1709142557.941329546,1709142557.940659841,/rigid_bodies.rigidbodies[2].pose.position.y,0.6537078727211136
87.268521127,1709142557.951503271,1709142557.950938787,/rigid_bodies.rigidbodies[2].pose.position.y,0.653279174262585
87.278043431,1709142557.961025575,1709142557.960540439,/rigid_bodies.rigidbodies[2].pose.position.y,0.653001307265386
87.289323841,1709142557.972305985,1709142557.971653607,/rigid_bodies.rigidbodies[2].pose.position.y,0.6533049350253385
87.298305256,1709142557.981287400,1709142557.980930836,/rigid_bodies.rigidbodies[2].pose.position.y,0.6538056870465301
87.307793259,1709142557.990775403,1709142557.990305585,/rigid_bodies.rigidbodies[2].pose.position.y,0.6537907606555244
87.318778413,1709142558.001760557,1709142558.001278224,/rigid_bodies.rigidbodies[2].pose.position.y,0.6533381533322462
87.328007805,1709142558.010989949,1709142558.010449177,/rigid_bodies.rigidbodies[2].pose.position.y,0.6530016250846863
87.338038579,1709142558.021020723,1709142558.020758009,/rigid_bodies.rigidbodies[2].pose.position.y,0.6531327188147467
87.348410054,1709142558.031392198,1709142558.030933911,/rigid_bodies.rigidbodies[2].pose.position.y,0.6536176546392876
87.357682934,1709142558.040665078,1709142558.040334850,/rigid_bodies.rigidbodies[2].pose.position.y,0.6538728313006025
87.367632154,1709142558.050614298,1709142558.050281336,/rigid_bodies.rigidbodies[2].pose.position.y,0.6535636019267013
87.377717689,1709142558.060699833,1709142558.060390040,/rigid_bodies.rigidbodies[2].pose.position.y,0.6531684065912975
87.387785527,1709142558.070767671,1709142558.070554689,/rigid_bodies.rigidbodies[2].pose.position.y,0.6531250519303803
87.398132919,1709142558.081115063,1709142558.080829812,/rigid_bodies.rigidbodies[2].pose.position.y,0.6534605813044997
87.407698984,1709142558.090681128,1709142558.090434651,/rigid_bodies.rigidbodies[2].pose.position.y,0.6538164449234676
87.417631349,1709142558.100613493,1709142558.100445105,/rigid_bodies.rigidbodies[2].pose.position.y,0.653703650573527
87.427570015,1709142558.110552159,1709142558.110247539,/rigid_bodies.rigidbodies[2].pose.position.y,0.6532317212870892
87.438685897,1709142558.121668041,1709142558.121192525,/rigid_bodies.rigidbodies[2].pose.position.y,0.6530428168767847
87.448456882,1709142558.131439026,1709142558.130917429,/rigid_bodies.rigidbodies[2].pose.position.y,0.653357521222952
87.458148015,1709142558.141130159,1709142558.140533376,/rigid_bodies.rigidbodies[2].pose.position.y,0.6537552659650545
87.468070591,1709142558.151052735,1709142558.150523597,/rigid_bodies.rigidbodies[2].pose.position.y,0.6537738690983395
87.478448616,1709142558.161430760,1709142558.160791601,/rigid_bodies.rigidbodies[2].pose.position.y,0.6533685920825205
87.488302446,1709142558.171284590,1709142558.170776422,/rigid_bodies.rigidbodies[2].pose.position.y,0.6529955828702808
87.498528219,1709142558.181510363,1709142558.180899635,/rigid_bodies.rigidbodies[2].pose.position.y,0.6532441149104945
87.507894867,1709142558.190877011,1709142558.190432822,/rigid_bodies.rigidbodies[2].pose.position.y,0.6536269203809542
87.518354735,1709142558.201336879,1709142558.200751399,/rigid_bodies.rigidbodies[2].pose.position.y,0.6537671503597605
87.528146774,1709142558.211128918,1709142558.210672476,/rigid_bodies.rigidbodies[2].pose.position.y,0.6534959435841775
87.537850065,1709142558.220832209,1709142558.220399823,/rigid_bodies.rigidbodies[2].pose.position.y,0.6531308289272701
87.548990354,1709142558.231972498,1709142558.231302200,/rigid_bodies.rigidbodies[2].pose.position.y,0.6531775683959676
87.558154444,1709142558.241136588,1709142558.240562699,/rigid_bodies.rigidbodies[2].pose.position.y,0.6536068702715093
87.56820889,1709142558.251191034,1709142558.250637638,/rigid_bodies.rigidbodies[2].pose.position.y,0.6538397503655579
87.577796486,1709142558.260778630,1709142558.260150292,/rigid_bodies.rigidbodies[2].pose.position.y,0.6536028171239118
87.589219635,1709142558.272201779,1709142558.271423698,/rigid_bodies.rigidbodies[2].pose.position.y,0.653172703597694
87.598125764,1709142558.281107908,1709142558.280678123,/rigid_bodies.rigidbodies[2].pose.position.y,0.6530401267664935
87.607982477,1709142558.290964621,1709142558.290472362,/rigid_bodies.rigidbodies[2].pose.position.y,0.6534130489603903
87.618353153,1709142558.301335297,1709142558.300638758,/rigid_bodies.rigidbodies[2].pose.position.y,0.6538394525502607
87.628651868,1709142558.311634012,1709142558.310806704,/rigid_bodies.rigidbodies[2].pose.position.y,0.6537482161479781
87.638146275,1709142558.321128419,1709142558.320635064,/rigid_bodies.rigidbodies[2].pose.position.y,0.6533150338254763
87.648629067,1709142558.331611211,1709142558.331130782,/rigid_bodies.rigidbodies[2].pose.position.y,0.6530792417730447
87.657803343,1709142558.340785487,1709142558.340408533,/rigid_bodies.rigidbodies[2].pose.position.y,0.6532703262185244
87.667922563,1709142558.350904707,1709142558.350644750,/rigid_bodies.rigidbodies[2].pose.position.y,0.6537186568920706
87.677725902,1709142558.360708046,1709142558.360417046,/rigid_bodies.rigidbodies[2].pose.position.y,0.6538069596474195
87.688052905,1709142558.371035049,1709142558.370687087,/rigid_bodies.rigidbodies[2].pose.position.y,0.653392167269855
87.698958829,1709142558.381940973,1709142558.381434863,/rigid_bodies.rigidbodies[2].pose.position.y,0.6530645051762785
87.708585005,1709142558.391567149,1709142558.390976869,/rigid_bodies.rigidbodies[2].pose.position.y,0.6532045405801801
87.718283717,1709142558.401265861,1709142558.400562365,/rigid_bodies.rigidbodies[2].pose.position.y,0.6536007088673191
87.727794306,1709142558.410776450,1709142558.410357218,/rigid_bodies.rigidbodies[2].pose.position.y,0.6538457119041358
87.738141502,1709142558.421123646,1709142558.420660002,/rigid_bodies.rigidbodies[2].pose.position.y,0.6536308870637306
87.748398493,1709142558.431380637,1709142558.430823494,/rigid_bodies.rigidbodies[2].pose.position.y,0.6531698739424103
87.757891804,1709142558.440873948,1709142558.440439238,/rigid_bodies.rigidbodies[2].pose.position.y,0.6530965781282775
87.767982059,1709142558.450964203,1709142558.450589013,/rigid_bodies.rigidbodies[2].pose.position.y,0.6534836743306056
87.777695548,1709142558.460677692,1709142558.460242553,/rigid_bodies.rigidbodies[2].pose.position.y,0.6537768705596871
87.78823399,1709142558.471216134,1709142558.470752740,/rigid_bodies.rigidbodies[2].pose.position.y,0.6537537408787969
87.7982466,1709142558.481228744,1709142558.480814919,/rigid_bodies.rigidbodies[2].pose.position.y,0.6532797104504546
87.808214322,1709142558.491196466,1709142558.490864883,/rigid_bodies.rigidbodies[2].pose.position.y,0.65302365758364
87.817952139,1709142558.500934283,1709142558.500555489,/rigid_bodies.rigidbodies[2].pose.position.y,0.6533481688123636
87.827810931,1709142558.510793075,1709142558.510388484,/rigid_bodies.rigidbodies[2].pose.position.y,0.6537565486009281
87.838414381,1709142558.521396525,1709142558.520934815,/rigid_bodies.rigidbodies[2].pose.position.y,0.6537672674830637
87.848580819,1709142558.531562963,1709142558.531163696,/rigid_bodies.rigidbodies[2].pose.position.y,0.6534033903760542
87.857728341,1709142558.540710485,1709142558.540290164,/rigid_bodies.rigidbodies[2].pose.position.y,0.6530522165019443
87.868427275,1709142558.551409419,1709142558.550884567,/rigid_bodies.rigidbodies[2].pose.position.y,0.653209654972105
87.877962706,1709142558.560944850,1709142558.560546512,/rigid_bodies.rigidbodies[2].pose.position.y,0.6536885756355652
87.888117316,1709142558.571099460,1709142558.570682462,/rigid_bodies.rigidbodies[2].pose.position.y,0.6538970641500904
87.898857435,1709142558.581839579,1709142558.581255868,/rigid_bodies.rigidbodies[2].pose.position.y,0.6536321205799072
87.908255016,1709142558.591237160,1709142558.590570800,/rigid_bodies.rigidbodies[2].pose.position.y,0.6532158258642231
87.918572405,1709142558.601554549,1709142558.600888002,/rigid_bodies.rigidbodies[2].pose.position.y,0.6530971863417951
87.928444538,1709142558.611426682,1709142558.610870243,/rigid_bodies.rigidbodies[2].pose.position.y,0.6534030845506289
87.938195022,1709142558.621177166,1709142558.620708664,/rigid_bodies.rigidbodies[2].pose.position.y,0.6537403753161949
87.948453751,1709142558.631435895,1709142558.630902024,/rigid_bodies.rigidbodies[2].pose.position.y,0.6536509690302514
87.95828411,1709142558.641266254,1709142558.640721237,/rigid_bodies.rigidbodies[2].pose.position.y,0.653270351092825
87.968002501,1709142558.650984645,1709142558.650553983,/rigid_bodies.rigidbodies[2].pose.position.y,0.6531697027468184
87.978467342,1709142558.661449486,1709142558.660828990,/rigid_bodies.rigidbodies[2].pose.position.y,0.6534068012609421
87.988504622,1709142558.671486766,1709142558.670825300,/rigid_bodies.rigidbodies[2].pose.position.y,0.6537397381667863
87.99891773,1709142558.681899874,1709142558.681232782,/rigid_bodies.rigidbodies[2].pose.position.y,0.6537737844890431
88.008582562,1709142558.691564706,1709142558.691156779,/rigid_bodies.rigidbodies[2].pose.position.y,0.6533673937367172
88.018242146,1709142558.701224290,1709142558.700785255,/rigid_bodies.rigidbodies[2].pose.position.y,0.6531030380998014
88.02812016,1709142558.711102304,1709142558.710574916,/rigid_bodies.rigidbodies[2].pose.position.y,0.6533175364277829
88.03786788,1709142558.720850024,1709142558.720372368,/rigid_bodies.rigidbodies[2].pose.position.y,0.6536627140354807
88.048606874,1709142558.731589018,1709142558.730981583,/rigid_bodies.rigidbodies[2].pose.position.y,0.6537567354556366
88.058515978,1709142558.741498122,1709142558.740961447,/rigid_bodies.rigidbodies[2].pose.position.y,0.6534348108563156
88.067943057,1709142558.750925201,1709142558.750546075,/rigid_bodies.rigidbodies[2].pose.position.y,0.6530523931233112
88.078241577,1709142558.761223721,1709142558.760545933,/rigid_bodies.rigidbodies[2].pose.position.y,0.6532053541951139
88.088245526,1709142558.771227670,1709142558.770735968,/rigid_bodies.rigidbodies[2].pose.position.y,0.6536228474134578
88.0984948,1709142558.781476944,1709142558.781038496,/rigid_bodies.rigidbodies[2].pose.position.y,0.6538485301251629
88.107812516,1709142558.790794660,1709142558.790335639,/rigid_bodies.rigidbodies[2].pose.position.y,0.6536355397583912
88.11780289,1709142558.800785034,1709142558.800407928,/rigid_bodies.rigidbodies[2].pose.position.y,0.6531689762024232
88.127520523,1709142558.810502667,1709142558.810179964,/rigid_bodies.rigidbodies[2].pose.position.y,0.6530385947106572
88.13865387,1709142558.821636014,1709142558.821081939,/rigid_bodies.rigidbodies[2].pose.position.y,0.6534320328321724
88.148186281,1709142558.831168425,1709142558.830738620,/rigid_bodies.rigidbodies[2].pose.position.y,0.6538398959760174
88.157915786,1709142558.840897930,1709142558.840432649,/rigid_bodies.rigidbodies[2].pose.position.y,0.6537751444670997
88.168200082,1709142558.851182226,1709142558.850709835,/rigid_bodies.rigidbodies[2].pose.position.y,0.6533330419455694
88.178130859,1709142558.861113003,1709142558.860564650,/rigid_bodies.rigidbodies[2].pose.position.y,0.6530183122657022
88.187960115,1709142558.870942259,1709142558.870545346,/rigid_bodies.rigidbodies[2].pose.position.y,0.6532254890011255
88.199014105,1709142558.881996249,1709142558.881408014,/rigid_bodies.rigidbodies[2].pose.position.y,0.6536977463287202
88.208465566,1709142558.891447710,1709142558.890834324,/rigid_bodies.rigidbodies[2].pose.position.y,0.6537819236350958
88.218237753,1709142558.901219897,1709142558.900734681,/rigid_bodies.rigidbodies[2].pose.position.y,0.653439946555244
88.223399384,1709142558.906381528,1709142558.906055194,/rigid_bodies.rigidbodies[2].pose.position.y,0.6531597404655267
88.238266365,1709142558.921248509,1709142558.920918518,/rigid_bodies.rigidbodies[2].pose.position.y,0.6532139895734266
88.247621696,1709142558.930603840,1709142558.930392686,/rigid_bodies.rigidbodies[2].pose.position.y,0.6535660935657017
88.257609577,1709142558.940591721,1709142558.940369795,/rigid_bodies.rigidbodies[2].pose.position.y,0.6538090885397898
88.267747479,1709142558.950729623,1709142558.950517596,/rigid_bodies.rigidbodies[2].pose.position.y,0.6535417459117023
88.277562249,1709142558.960544393,1709142558.960335530,/rigid_bodies.rigidbodies[2].pose.position.y,0.653164639284812
88.287693206,1709142558.970675350,1709142558.970516165,/rigid_bodies.rigidbodies[2].pose.position.y,0.653119241965834
88.298151905,1709142558.981134049,1709142558.980881581,/rigid_bodies.rigidbodies[2].pose.position.y,0.6534051023190995
88.307325076,1709142558.990307220,1709142558.990217064,/rigid_bodies.rigidbodies[2].pose.position.y,0.6537807517950397
88.315898337,1709142558.998880481,1709142558.998718385,/rigid_bodies.rigidbodies[2].pose.position.y,0.6537504262966163
88.326606668,1709142559.009588812,1709142559.009309091,/rigid_bodies.rigidbodies[2].pose.position.y,0.6532620477382407
88.336913706,1709142559.019895850,1709142559.019463403,/rigid_bodies.rigidbodies[2].pose.position.y,0.6530825115464184
88.348666313,1709142559.031648457,1709142559.031130083,/rigid_bodies.rigidbodies[2].pose.position.y,0.6533748671567642
88.357970196,1709142559.040952340,1709142559.040533604,/rigid_bodies.rigidbodies[2].pose.position.y,0.6536998635630541
88.368080086,1709142559.051062230,1709142559.050714933,/rigid_bodies.rigidbodies[2].pose.position.y,0.6537369831470339
88.377490401,1709142559.060472545,1709142559.060111495,/rigid_bodies.rigidbodies[2].pose.position.y,0.6533916850317147
88.388253662,1709142559.071235806,1709142559.070760245,/rigid_bodies.rigidbodies[2].pose.position.y,0.6530656045155764
88.398447762,1709142559.081429906,1709142559.081044500,/rigid_bodies.rigidbodies[2].pose.position.y,0.6532128028173552
88.407872964,1709142559.090855108,1709142559.090490067,/rigid_bodies.rigidbodies[2].pose.position.y,0.6535802952891221
88.418573498,1709142559.101555642,1709142559.101089167,/rigid_bodies.rigidbodies[2].pose.position.y,0.6537461529854453
88.427863849,1709142559.110845993,1709142559.110497723,/rigid_bodies.rigidbodies[2].pose.position.y,0.653589000960902
88.438316718,1709142559.121298862,1709142559.120923182,/rigid_bodies.rigidbodies[2].pose.position.y,0.653220577720048
88.447927442,1709142559.130909586,1709142559.130674844,/rigid_bodies.rigidbodies[2].pose.position.y,0.6531423649225344
88.458401606,1709142559.141383750,1709142559.140914910,/rigid_bodies.rigidbodies[2].pose.position.y,0.6535218461520417
88.468272497,1709142559.151254641,1709142559.150857808,/rigid_bodies.rigidbodies[2].pose.position.y,0.6537702308261839
88.479258375,1709142559.162240519,1709142559.161716837,/rigid_bodies.rigidbodies[2].pose.position.y,0.653635189951771
88.488259382,1709142559.171241526,1709142559.170746139,/rigid_bodies.rigidbodies[2].pose.position.y,0.6532945833495141
88.498419433,1709142559.181401577,1709142559.181004304,/rigid_bodies.rigidbodies[2].pose.position.y,0.6531172458228616
88.508377452,1709142559.191359596,1709142559.190837678,/rigid_bodies.rigidbodies[2].pose.position.y,0.6533756040483948
88.518368591,1709142559.201350735,1709142559.200955166,/rigid_bodies.rigidbodies[2].pose.position.y,0.6536969230314708
88.528051985,1709142559.211034129,1709142559.210576674,/rigid_bodies.rigidbodies[2].pose.position.y,0.6536121298848107
88.538065492,1709142559.221047636,1709142559.220634628,/rigid_bodies.rigidbodies[2].pose.position.y,0.6532653156987759
88.548709371,1709142559.231691515,1709142559.230992584,/rigid_bodies.rigidbodies[2].pose.position.y,0.6531621618941714
88.558117164,1709142559.241099308,1709142559.240546743,/rigid_bodies.rigidbodies[2].pose.position.y,0.6533482388375605
88.568524799,1709142559.251506943,1709142559.250902019,/rigid_bodies.rigidbodies[2].pose.position.y,0.6536907841604
88.57807783,1709142559.261059974,1709142559.260467760,/rigid_bodies.rigidbodies[2].pose.position.y,0.6538088037287669
88.588391264,1709142559.271373408,1709142559.270857591,/rigid_bodies.rigidbodies[2].pose.position.y,0.653468225960352
88.598124073,1709142559.281106217,1709142559.280666589,/rigid_bodies.rigidbodies[2].pose.position.y,0.6531488257632857
88.608316581,1709142559.291298725,1709142559.290753328,/rigid_bodies.rigidbodies[2].pose.position.y,0.6531917473936074
88.617979001,1709142559.300961145,1709142559.300440629,/rigid_bodies.rigidbodies[2].pose.position.y,0.6534930872590445
88.628297264,1709142559.311279408,1709142559.310707284,/rigid_bodies.rigidbodies[2].pose.position.y,0.6537796070018453
88.638297908,1709142559.321280052,1709142559.320676921,/rigid_bodies.rigidbodies[2].pose.position.y,0.6535730870322273
88.648326967,1709142559.331309111,1709142559.330836374,/rigid_bodies.rigidbodies[2].pose.position.y,0.6531226980152577
88.657896124,1709142559.340878268,1709142559.340504767,/rigid_bodies.rigidbodies[2].pose.position.y,0.6531034332406545
88.668807893,1709142559.351790037,1709142559.351197383,/rigid_bodies.rigidbodies[2].pose.position.y,0.6534536557194557
88.673651998,1709142559.356634142,1709142559.356271096,/rigid_bodies.rigidbodies[2].pose.position.y,0.6537907297733762
88.688452188,1709142559.371434332,1709142559.370801920,/rigid_bodies.rigidbodies[2].pose.position.y,0.6537750022231857
88.699122543,1709142559.382104687,1709142559.381451664,/rigid_bodies.rigidbodies[2].pose.position.y,0.6533678423565862
88.707795823,1709142559.390777967,1709142559.390478187,/rigid_bodies.rigidbodies[2].pose.position.y,0.6530786722798656
88.718665401,1709142559.401647545,1709142559.401072655,/rigid_bodies.rigidbodies[2].pose.position.y,0.6533068355628175
88.728542963,1709142559.411525107,1709142559.410929035,/rigid_bodies.rigidbodies[2].pose.position.y,0.6536419786502783
88.738225253,1709142559.421207397,1709142559.420799618,/rigid_bodies.rigidbodies[2].pose.position.y,0.6536978840945367
88.748664231,1709142559.431646375,1709142559.431032882,/rigid_bodies.rigidbodies[2].pose.position.y,0.6534976586963448
88.758105376,1709142559.441087520,1709142559.440561438,/rigid_bodies.rigidbodies[2].pose.position.y,0.6531766512321813
88.76830446700001,1709142559.451286611,1709142559.450790393,/rigid_bodies.rigidbodies[2].pose.position.y,0.6531613832963746
88.778333864,1709142559.461316008,1709142559.460712029,/rigid_bodies.rigidbodies[2].pose.position.y,0.6535304194104262
88.788503456,1709142559.471485600,1709142559.470891056,/rigid_bodies.rigidbodies[2].pose.position.y,0.6537513843180431
88.798381209,1709142559.481363353,1709142559.480838319,/rigid_bodies.rigidbodies[2].pose.position.y,0.653589588372948
88.808270481,1709142559.491252625,1709142559.490663286,/rigid_bodies.rigidbodies[2].pose.position.y,0.6532663661383934
88.818814327,1709142559.501796471,1709142559.501130245,/rigid_bodies.rigidbodies[2].pose.position.y,0.6531576031765431
88.828150105,1709142559.511132249,1709142559.510725954,/rigid_bodies.rigidbodies[2].pose.position.y,0.6534186420810965
88.838326239,1709142559.521308383,1709142559.520818958,/rigid_bodies.rigidbodies[2].pose.position.y,0.6537295039857763
88.848613911,1709142559.531596055,1709142559.531102075,/rigid_bodies.rigidbodies[2].pose.position.y,0.6535897231503266
88.858219424,1709142559.541201568,1709142559.540731778,/rigid_bodies.rigidbodies[2].pose.position.y,0.6532925437519579
88.868209318,1709142559.551191462,1709142559.550710220,/rigid_bodies.rigidbodies[2].pose.position.y,0.653223748193744
88.878111098,1709142559.561093242,1709142559.560619088,/rigid_bodies.rigidbodies[2].pose.position.y,0.6533755353126635
88.888330456,1709142559.571312600,1709142559.570793957,/rigid_bodies.rigidbodies[2].pose.position.y,0.6536716992898819
88.898244944,1709142559.581227088,1709142559.580703028,/rigid_bodies.rigidbodies[2].pose.position.y,0.6536969334861513
88.908374353,1709142559.591356497,1709142559.590904268,/rigid_bodies.rigidbodies[2].pose.position.y,0.6533868455739387
88.918219357,1709142559.601201501,1709142559.600764567,/rigid_bodies.rigidbodies[2].pose.position.y,0.6531814575712124
88.92788952,1709142559.610871664,1709142559.610314216,/rigid_bodies.rigidbodies[2].pose.position.y,0.6532993253466406
88.938426202,1709142559.621408346,1709142559.621060033,/rigid_bodies.rigidbodies[2].pose.position.y,0.6535793442627752
88.948598591,1709142559.631580735,1709142559.631050847,/rigid_bodies.rigidbodies[2].pose.position.y,0.6537497203507003
88.958493717,1709142559.641475861,1709142559.640836747,/rigid_bodies.rigidbodies[2].pose.position.y,0.6534945742275686
88.96794445,1709142559.650926594,1709142559.650390643,/rigid_bodies.rigidbodies[2].pose.position.y,0.6531199244213638
88.979044557,1709142559.662026701,1709142559.661494087,/rigid_bodies.rigidbodies[2].pose.position.y,0.6531347042318033
88.988141288,1709142559.671123432,1709142559.670652210,/rigid_bodies.rigidbodies[2].pose.position.y,0.6534855833665846
88.998746485,1709142559.681728629,1709142559.680988864,/rigid_bodies.rigidbodies[2].pose.position.y,0.6537576444499715
89.008148229,1709142559.691130373,1709142559.690615138,/rigid_bodies.rigidbodies[2].pose.position.y,0.6536885583804242
89.018219302,1709142559.701201446,1709142559.700694487,/rigid_bodies.rigidbodies[2].pose.position.y,0.6532766251531661
89.029367392,1709142559.712349536,1709142559.711789369,/rigid_bodies.rigidbodies[2].pose.position.y,0.6531221071348231
89.038415333,1709142559.721397477,1709142559.720994051,/rigid_bodies.rigidbodies[2].pose.position.y,0.6533672121068351
89.048401429,1709142559.731383573,1709142559.731003716,/rigid_bodies.rigidbodies[2].pose.position.y,0.653651492840038
89.05816326,1709142559.741145404,1709142559.740652289,/rigid_bodies.rigidbodies[2].pose.position.y,0.653679877538234
89.068253426,1709142559.751235570,1709142559.750814717,/rigid_bodies.rigidbodies[2].pose.position.y,0.6534352933020048
89.07788421,1709142559.760866354,1709142559.760481097,/rigid_bodies.rigidbodies[2].pose.position.y,0.6531314716147035
89.088653549,1709142559.771635693,1709142559.771041239,/rigid_bodies.rigidbodies[2].pose.position.y,0.6532299148440783
89.098710216,1709142559.781692360,1709142559.781179499,/rigid_bodies.rigidbodies[2].pose.position.y,0.6535950867301573
89.10795852,1709142559.790940664,1709142559.790553689,/rigid_bodies.rigidbodies[2].pose.position.y,0.6537179863820569
89.118623806,1709142559.801605950,1709142559.801020121,/rigid_bodies.rigidbodies[2].pose.position.y,0.6534715971784923
89.128450667,1709142559.811432811,1709142559.810970644,/rigid_bodies.rigidbodies[2].pose.position.y,0.6532259943266941
89.138107415,1709142559.821089559,1709142559.820793287,/rigid_bodies.rigidbodies[2].pose.position.y,0.6532051609113451
89.148543893,1709142559.831526037,1709142559.831089948,/rigid_bodies.rigidbodies[2].pose.position.y,0.6535219374366315
89.158269216,1709142559.841251360,1709142559.840695404,/rigid_bodies.rigidbodies[2].pose.position.y,0.6537573190819287
89.168039748,1709142559.851021892,1709142559.850645825,/rigid_bodies.rigidbodies[2].pose.position.y,0.6535935098308224
89.178402717,1709142559.861384861,1709142559.861016882,/rigid_bodies.rigidbodies[2].pose.position.y,0.6532352614885022
89.188415179,1709142559.871397323,1709142559.870909368,/rigid_bodies.rigidbodies[2].pose.position.y,0.6531598195533598
89.198359046,1709142559.881341190,1709142559.880917981,/rigid_bodies.rigidbodies[2].pose.position.y,0.6533820596929646
89.20849372,1709142559.891475864,1709142559.890924697,/rigid_bodies.rigidbodies[2].pose.position.y,0.6536959487129621
89.218741437,1709142559.901723581,1709142559.901057147,/rigid_bodies.rigidbodies[2].pose.position.y,0.6536467077287876
89.228068557,1709142559.911050701,1709142559.910639500,/rigid_bodies.rigidbodies[2].pose.position.y,0.653309225651676
89.238215113,1709142559.921197257,1709142559.920786234,/rigid_bodies.rigidbodies[2].pose.position.y,0.6531729090473275
89.248613856,1709142559.931596000,1709142559.930933774,/rigid_bodies.rigidbodies[2].pose.position.y,0.6533097439685172
89.25827456,1709142559.941256704,1709142559.940805871,/rigid_bodies.rigidbodies[2].pose.position.y,0.6535892610086224
89.268334698,1709142559.951316842,1709142559.950766536,/rigid_bodies.rigidbodies[2].pose.position.y,0.6537594272731392
89.278138874,1709142559.961121018,1709142559.960732495,/rigid_bodies.rigidbodies[2].pose.position.y,0.6535115663093392
89.288106349,1709142559.971088493,1709142559.970632221,/rigid_bodies.rigidbodies[2].pose.position.y,0.6531798093444608
89.298552098,1709142559.981534242,1709142559.981020580,/rigid_bodies.rigidbodies[2].pose.position.y,0.6532038221572458
89.308072047,1709142559.991054191,1709142559.990287591,/rigid_bodies.rigidbodies[2].pose.position.y,0.6534812996926056
89.318139713,1709142560.001121857,1709142560.000692735,/rigid_bodies.rigidbodies[2].pose.position.y,0.6536571272206483
89.328401358,1709142560.011383502,1709142560.010795349,/rigid_bodies.rigidbodies[2].pose.position.y,0.6535363658226252
89.338180678,1709142560.021162822,1709142560.020630771,/rigid_bodies.rigidbodies[2].pose.position.y,0.653237514794076
89.347912714,1709142560.030894858,1709142560.030534166,/rigid_bodies.rigidbodies[2].pose.position.y,0.6531940974930461
89.357547068,1709142560.040529212,1709142560.040218849,/rigid_bodies.rigidbodies[2].pose.position.y,0.6535031163955136
89.367575027,1709142560.050557171,1709142560.050304589,/rigid_bodies.rigidbodies[2].pose.position.y,0.6537217840367471
89.377928293,1709142560.060910437,1709142560.060495626,/rigid_bodies.rigidbodies[2].pose.position.y,0.6535711417846297
89.387795362,1709142560.070777506,1709142560.070506779,/rigid_bodies.rigidbodies[2].pose.position.y,0.653284961663729
89.398123797,1709142560.081105941,1709142560.080802609,/rigid_bodies.rigidbodies[2].pose.position.y,0.6531748162323793
89.407438028,1709142560.090420172,1709142560.090244481,/rigid_bodies.rigidbodies[2].pose.position.y,0.6533881298922495
89.417464795,1709142560.100446939,1709142560.100152594,/rigid_bodies.rigidbodies[2].pose.position.y,0.6537151096153637
89.427785347,1709142560.110767491,1709142560.110317012,/rigid_bodies.rigidbodies[2].pose.position.y,0.6536789758204917
89.438018752,1709142560.121000896,1709142560.120564337,/rigid_bodies.rigidbodies[2].pose.position.y,0.6533480680327417
89.448630274,1709142560.131612418,1709142560.130984681,/rigid_bodies.rigidbodies[2].pose.position.y,0.6531183722015562
89.457884484,1709142560.140866628,1709142560.140530379,/rigid_bodies.rigidbodies[2].pose.position.y,0.6532198969026887
89.468449059,1709142560.151431203,1709142560.151026796,/rigid_bodies.rigidbodies[2].pose.position.y,0.6535979013714664
89.478156076,1709142560.161138220,1709142560.160805985,/rigid_bodies.rigidbodies[2].pose.position.y,0.6538377572061079
89.488044068,1709142560.171026212,1709142560.170739239,/rigid_bodies.rigidbodies[2].pose.position.y,0.6535544398313744
89.498215864,1709142560.181198008,1709142560.180837014,/rigid_bodies.rigidbodies[2].pose.position.y,0.6532060001997262
89.507653854,1709142560.190635998,1709142560.190281057,/rigid_bodies.rigidbodies[2].pose.position.y,0.6531781717826696
89.518293341,1709142560.201275485,1709142560.200858904,/rigid_bodies.rigidbodies[2].pose.position.y,0.6534143315830284
89.527975009,1709142560.210957153,1709142560.210609076,/rigid_bodies.rigidbodies[2].pose.position.y,0.6537044664970809
89.538058507,1709142560.221040651,1709142560.220728761,/rigid_bodies.rigidbodies[2].pose.position.y,0.6536911295488577
89.548447691,1709142560.231429835,1709142560.230948246,/rigid_bodies.rigidbodies[2].pose.position.y,0.6533259131989486
89.557883798,1709142560.240865942,1709142560.240370187,/rigid_bodies.rigidbodies[2].pose.position.y,0.653142626998517
89.568217158,1709142560.251199302,1709142560.250847205,/rigid_bodies.rigidbodies[2].pose.position.y,0.6533283372104393
89.578276611,1709142560.261258755,1709142560.260728741,/rigid_bodies.rigidbodies[2].pose.position.y,0.6535696063514879
89.588130686,1709142560.271112830,1709142560.270747248,/rigid_bodies.rigidbodies[2].pose.position.y,0.6536244697993454
89.59825496,1709142560.281237104,1709142560.280821007,/rigid_bodies.rigidbodies[2].pose.position.y,0.6534427403384273
89.607878789,1709142560.290860933,1709142560.290430543,/rigid_bodies.rigidbodies[2].pose.position.y,0.6532262344989505
89.618151557,1709142560.301133701,1709142560.300752598,/rigid_bodies.rigidbodies[2].pose.position.y,0.6533288645839658
89.627716215,1709142560.310698359,1709142560.310384940,/rigid_bodies.rigidbodies[2].pose.position.y,0.6535941450072177
89.638119563,1709142560.321101707,1709142560.320816455,/rigid_bodies.rigidbodies[2].pose.position.y,0.6536397181185728
89.648198902,1709142560.331181046,1709142560.330721454,/rigid_bodies.rigidbodies[2].pose.position.y,0.6534434224198606
89.657683544,1709142560.340665688,1709142560.340312503,/rigid_bodies.rigidbodies[2].pose.position.y,0.6532194146199981
89.668475004,1709142560.351457148,1709142560.350963127,/rigid_bodies.rigidbodies[2].pose.position.y,0.6532338462545603
89.677674446,1709142560.360656590,1709142560.360373846,/rigid_bodies.rigidbodies[2].pose.position.y,0.6535412814655891
89.688016419,1709142560.370998563,1709142560.370711961,/rigid_bodies.rigidbodies[2].pose.position.y,0.6537453841198065
89.698277813,1709142560.381259957,1709142560.380805367,/rigid_bodies.rigidbodies[2].pose.position.y,0.6535332867679308
89.7077029,1709142560.390685044,1709142560.390469425,/rigid_bodies.rigidbodies[2].pose.position.y,0.6532221525607533
89.718040662,1709142560.401022806,1709142560.400781924,/rigid_bodies.rigidbodies[2].pose.position.y,0.6531485387190952
89.728596789,1709142560.411578933,1709142560.411165811,/rigid_bodies.rigidbodies[2].pose.position.y,0.6533783266578426
89.737774122,1709142560.420756266,1709142560.420602575,/rigid_bodies.rigidbodies[2].pose.position.y,0.6537199369239031
89.74836629,1709142560.431348434,1709142560.430996327,/rigid_bodies.rigidbodies[2].pose.position.y,0.6536892730119869
89.757904226,1709142560.440886370,1709142560.440458837,/rigid_bodies.rigidbodies[2].pose.position.y,0.6533407026653326
89.768495388,1709142560.451477532,1709142560.450878842,/rigid_bodies.rigidbodies[2].pose.position.y,0.6531555485592635
89.778190069,1709142560.461172213,1709142560.460601821,/rigid_bodies.rigidbodies[2].pose.position.y,0.6533238062954904
89.788502243,1709142560.471484387,1709142560.470924435,/rigid_bodies.rigidbodies[2].pose.position.y,0.6535780959150925
89.798878617,1709142560.481860761,1709142560.481138550,/rigid_bodies.rigidbodies[2].pose.position.y,0.6537167999369611
89.808184047,1709142560.491166191,1709142560.490584562,/rigid_bodies.rigidbodies[2].pose.position.y,0.6535256828293687
89.81848811,1709142560.501470254,1709142560.500950842,/rigid_bodies.rigidbodies[2].pose.position.y,0.6532799366709965
89.828324514,1709142560.511306658,1709142560.510676802,/rigid_bodies.rigidbodies[2].pose.position.y,0.6532938048596788
89.83841673,1709142560.521398874,1709142560.520873124,/rigid_bodies.rigidbodies[2].pose.position.y,0.6534661018159598
89.848591925,1709142560.531574069,1709142560.530996331,/rigid_bodies.rigidbodies[2].pose.position.y,0.6536263241191967
89.858276442,1709142560.541258586,1709142560.540670487,/rigid_bodies.rigidbodies[2].pose.position.y,0.6535062969560795
89.868665371,1709142560.551647515,1709142560.550976815,/rigid_bodies.rigidbodies[2].pose.position.y,0.6532120890007495
89.878221398,1709142560.561203542,1709142560.560615729,/rigid_bodies.rigidbodies[2].pose.position.y,0.6532017190158083
89.888442579,1709142560.571424723,1709142560.570657322,/rigid_bodies.rigidbodies[2].pose.position.y,0.6534776649834255
89.899153521,1709142560.582135665,1709142560.581523177,/rigid_bodies.rigidbodies[2].pose.position.y,0.6537136179289635
89.907897935,1709142560.590880079,1709142560.590409693,/rigid_bodies.rigidbodies[2].pose.position.y,0.6536812486666517
89.918673224,1709142560.601655368,1709142560.600900255,/rigid_bodies.rigidbodies[2].pose.position.y,0.6533158442332846
89.928506253,1709142560.611488397,1709142560.610817112,/rigid_bodies.rigidbodies[2].pose.position.y,0.6530945667005722
89.937538643,1709142560.620520787,1709142560.620079926,/rigid_bodies.rigidbodies[2].pose.position.y,0.6533246722089489
89.948611081,1709142560.631593225,1709142560.630985213,/rigid_bodies.rigidbodies[2].pose.position.y,0.6536769185257453
89.958086991,1709142560.641069135,1709142560.640506828,/rigid_bodies.rigidbodies[2].pose.position.y,0.6537320045495543
89.968328831,1709142560.651310975,1709142560.650873172,/rigid_bodies.rigidbodies[2].pose.position.y,0.6534216619063524
89.978288508,1709142560.661270652,1709142560.660738137,/rigid_bodies.rigidbodies[2].pose.position.y,0.6531738659018768
89.988893401,1709142560.671875545,1709142560.671137096,/rigid_bodies.rigidbodies[2].pose.position.y,0.6531761061155809
89.998128091,1709142560.681110235,1709142560.680713526,/rigid_bodies.rigidbodies[2].pose.position.y,0.6534625448933202
90.008228463,1709142560.691210607,1709142560.690625161,/rigid_bodies.rigidbodies[2].pose.position.y,0.6537300083469568
90.018563227,1709142560.701545371,1709142560.700898346,/rigid_bodies.rigidbodies[2].pose.position.y,0.6535607394989946
90.02894823,1709142560.711930374,1709142560.711466702,/rigid_bodies.rigidbodies[2].pose.position.y,0.6532430474793083
90.038531572,1709142560.721513716,1709142560.721002154,/rigid_bodies.rigidbodies[2].pose.position.y,0.6531653604474466
90.048539593,1709142560.731521737,1709142560.730982487,/rigid_bodies.rigidbodies[2].pose.position.y,0.6533752138767921
90.057597329,1709142560.740579473,1709142560.740119661,/rigid_bodies.rigidbodies[2].pose.position.y,0.6536600605571111
90.068574441,1709142560.751556585,1709142560.751068749,/rigid_bodies.rigidbodies[2].pose.position.y,0.6536468774687186
90.078324671,1709142560.761306815,1709142560.760709634,/rigid_bodies.rigidbodies[2].pose.position.y,0.6533651874697026
90.088333279,1709142560.771315423,1709142560.770849911,/rigid_bodies.rigidbodies[2].pose.position.y,0.6532506222143202
90.098497776,1709142560.781479920,1709142560.780963419,/rigid_bodies.rigidbodies[2].pose.position.y,0.6533412792364316
90.107931062,1709142560.790913206,1709142560.790379720,/rigid_bodies.rigidbodies[2].pose.position.y,0.6535414989435554
90.118502552,1709142560.801484696,1709142560.800996954,/rigid_bodies.rigidbodies[2].pose.position.y,0.6535695861679925
90.128090287,1709142560.811072431,1709142560.810604273,/rigid_bodies.rigidbodies[2].pose.position.y,0.6533500827847145
90.13677817,1709142560.819760314,1709142560.819358274,/rigid_bodies.rigidbodies[2].pose.position.y,0.6532091845707969
90.146910347,1709142560.829892491,1709142560.829393692,/rigid_bodies.rigidbodies[2].pose.position.y,0.6533384354335222
90.158162814,1709142560.841144958,1709142560.840625577,/rigid_bodies.rigidbodies[2].pose.position.y,0.6535672019804605
90.16794686,1709142560.850929004,1709142560.850507521,/rigid_bodies.rigidbodies[2].pose.position.y,0.6536655976115436
90.1776228,1709142560.860604944,1709142560.860114444,/rigid_bodies.rigidbodies[2].pose.position.y,0.6534727194425157
90.188424946,1709142560.871407090,1709142560.870781615,/rigid_bodies.rigidbodies[2].pose.position.y,0.6531722424502218
90.198114533,1709142560.881096677,1709142560.880698715,/rigid_bodies.rigidbodies[2].pose.position.y,0.6531384321803276
90.207416668,1709142560.890398812,1709142560.890021432,/rigid_bodies.rigidbodies[2].pose.position.y,0.6534490333931907
90.218304659,1709142560.901286803,1709142560.900769140,/rigid_bodies.rigidbodies[2].pose.position.y,0.6537245623683609
90.22801627,1709142560.910998414,1709142560.910558244,/rigid_bodies.rigidbodies[2].pose.position.y,0.6535776141210038
90.238160913,1709142560.921143057,1709142560.920759576,/rigid_bodies.rigidbodies[2].pose.position.y,0.6532772996096445
90.248168725,1709142560.931150869,1709142560.930663906,/rigid_bodies.rigidbodies[2].pose.position.y,0.6531655375669291
90.258236768,1709142560.941218912,1709142560.940652704,/rigid_bodies.rigidbodies[2].pose.position.y,0.6533299848048213
90.268099356,1709142560.951081500,1709142560.950668047,/rigid_bodies.rigidbodies[2].pose.position.y,0.6536903227435661
90.277813634,1709142560.960795778,1709142560.960408062,/rigid_bodies.rigidbodies[2].pose.position.y,0.6536809957592342
90.288065389,1709142560.971047533,1709142560.970719011,/rigid_bodies.rigidbodies[2].pose.position.y,0.6533441791004178
90.298651796,1709142560.981633940,1709142560.981126932,/rigid_bodies.rigidbodies[2].pose.position.y,0.6531542350121677
90.308041228,1709142560.991023372,1709142560.990610442,/rigid_bodies.rigidbodies[2].pose.position.y,0.6532250000903058
90.313836562,1709142560.996818706,1709142560.996336125,/rigid_bodies.rigidbodies[2].pose.position.y,0.6535323206312957
90.328217642,1709142561.011199786,1709142561.010758055,/rigid_bodies.rigidbodies[2].pose.position.y,0.653713004472194
90.338328463,1709142561.021310607,1709142561.020865443,/rigid_bodies.rigidbodies[2].pose.position.y,0.6535026888866843
90.348755512,1709142561.031737656,1709142561.031098856,/rigid_bodies.rigidbodies[2].pose.position.y,0.6532518736432712
90.358257817,1709142561.041239961,1709142561.040745200,/rigid_bodies.rigidbodies[2].pose.position.y,0.6532815122414356
90.368640668,1709142561.051622812,1709142561.051150171,/rigid_bodies.rigidbodies[2].pose.position.y,0.6534585821213579
90.377489214,1709142561.060471358,1709142561.059965195,/rigid_bodies.rigidbodies[2].pose.position.y,0.6536502191668373
90.388413635,1709142561.071395779,1709142561.070904411,/rigid_bodies.rigidbodies[2].pose.position.y,0.6535293820355121
90.398933339,1709142561.081915483,1709142561.081356383,/rigid_bodies.rigidbodies[2].pose.position.y,0.6532404569541143
90.408381364,1709142561.091363508,1709142561.090786444,/rigid_bodies.rigidbodies[2].pose.position.y,0.6532260419000838
90.418549015,1709142561.101531159,1709142561.100875054,/rigid_bodies.rigidbodies[2].pose.position.y,0.6534614651741772
90.428342244,1709142561.111324388,1709142561.110765147,/rigid_bodies.rigidbodies[2].pose.position.y,0.6536906317133734
90.438334295,1709142561.121316439,1709142561.120947850,/rigid_bodies.rigidbodies[2].pose.position.y,0.6536148844264399
90.448310048,1709142561.131292192,1709142561.130767418,/rigid_bodies.rigidbodies[2].pose.position.y,0.653284865966173
90.458025991,1709142561.141008135,1709142561.140477961,/rigid_bodies.rigidbodies[2].pose.position.y,0.6530944578454904
90.46833918,1709142561.151321324,1709142561.150769384,/rigid_bodies.rigidbodies[2].pose.position.y,0.6532874314538619
90.478230219,1709142561.161212363,1709142561.160753370,/rigid_bodies.rigidbodies[2].pose.position.y,0.6536550530829054
90.488466269,1709142561.171448413,1709142561.170847243,/rigid_bodies.rigidbodies[2].pose.position.y,0.6537022671297028
90.498846507,1709142561.181828651,1709142561.181140586,/rigid_bodies.rigidbodies[2].pose.position.y,0.6534695164128276
90.508444727,1709142561.191426871,1709142561.190728163,/rigid_bodies.rigidbodies[2].pose.position.y,0.6532330641852894
90.518170465,1709142561.201152609,1709142561.200600569,/rigid_bodies.rigidbodies[2].pose.position.y,0.6532128352509594
90.528194891,1709142561.211177035,1709142561.210421251,/rigid_bodies.rigidbodies[2].pose.position.y,0.6535168761505091
90.538604407,1709142561.221586551,1709142561.221111052,/rigid_bodies.rigidbodies[2].pose.position.y,0.6536983237415832
90.547966537,1709142561.230948681,1709142561.230503466,/rigid_bodies.rigidbodies[2].pose.position.y,0.653525317847746
90.558522932,1709142561.241505076,1709142561.240794235,/rigid_bodies.rigidbodies[2].pose.position.y,0.65323074190952
90.568397631,1709142561.251379775,1709142561.250836016,/rigid_bodies.rigidbodies[2].pose.position.y,0.6531176231389159
90.578092972,1709142561.261075116,1709142561.260572144,/rigid_bodies.rigidbodies[2].pose.position.y,0.6533503645559035
90.588335534,1709142561.271317678,1709142561.270722906,/rigid_bodies.rigidbodies[2].pose.position.y,0.6537120539552934
90.598366966,1709142561.281349110,1709142561.280710409,/rigid_bodies.rigidbodies[2].pose.position.y,0.6536637062944624
90.608011787,1709142561.290993931,1709142561.290551281,/rigid_bodies.rigidbodies[2].pose.position.y,0.6533207396625347
90.618414266,1709142561.301396410,1709142561.300876461,/rigid_bodies.rigidbodies[2].pose.position.y,0.6531689876915678
90.628296146,1709142561.311278290,1709142561.310681514,/rigid_bodies.rigidbodies[2].pose.position.y,0.6533091434245802
90.638006272,1709142561.320988416,1709142561.320607616,/rigid_bodies.rigidbodies[2].pose.position.y,0.6535931941978902
90.648461305,1709142561.331443449,1709142561.331002396,/rigid_bodies.rigidbodies[2].pose.position.y,0.6537056093266841
90.658235798,1709142561.341217942,1709142561.340532960,/rigid_bodies.rigidbodies[2].pose.position.y,0.653379419427158
90.668436657,1709142561.351418801,1709142561.350978192,/rigid_bodies.rigidbodies[2].pose.position.y,0.6531621678594535
90.677882827,1709142561.360864971,1709142561.360396326,/rigid_bodies.rigidbodies[2].pose.position.y,0.653266383541953
90.688388871,1709142561.371371015,1709142561.370731782,/rigid_bodies.rigidbodies[2].pose.position.y,0.6535025044351249
90.698798518,1709142561.381780662,1709142561.381234553,/rigid_bodies.rigidbodies[2].pose.position.y,0.6536687610648391
90.707629501,1709142561.390611645,1709142561.390293784,/rigid_bodies.rigidbodies[2].pose.position.y,0.6534446560526207
90.718551614,1709142561.401533758,1709142561.400865105,/rigid_bodies.rigidbodies[2].pose.position.y,0.6531872799373328
90.728260663,1709142561.411242807,1709142561.410647469,/rigid_bodies.rigidbodies[2].pose.position.y,0.6531816447801868
90.738078041,1709142561.421060185,1709142561.420639573,/rigid_bodies.rigidbodies[2].pose.position.y,0.6534761047852767
90.748226058,1709142561.431208202,1709142561.430803394,/rigid_bodies.rigidbodies[2].pose.position.y,0.6537448363294388
90.758439398,1709142561.441421542,1709142561.440802564,/rigid_bodies.rigidbodies[2].pose.position.y,0.6536316395530479
90.768344898,1709142561.451327042,1709142561.450743858,/rigid_bodies.rigidbodies[2].pose.position.y,0.6532585635482437
90.778506457,1709142561.461488601,1709142561.460816220,/rigid_bodies.rigidbodies[2].pose.position.y,0.6530923910506762
90.788694585,1709142561.471676729,1709142561.470954496,/rigid_bodies.rigidbodies[2].pose.position.y,0.6532991641626215
90.798526987,1709142561.481509131,1709142561.480985095,/rigid_bodies.rigidbodies[2].pose.position.y,0.6536148554424601
90.808500656,1709142561.491482800,1709142561.490752897,/rigid_bodies.rigidbodies[2].pose.position.y,0.6536083546267798
90.818062303,1709142561.501044447,1709142561.500321665,/rigid_bodies.rigidbodies[2].pose.position.y,0.6533619908307325
90.82815194,1709142561.511134084,1709142561.510604710,/rigid_bodies.rigidbodies[2].pose.position.y,0.6531665727242072
90.83829692,1709142561.521279064,1709142561.520860895,/rigid_bodies.rigidbodies[2].pose.position.y,0.6532482756037551
90.848385417,1709142561.531367561,1709142561.530972668,/rigid_bodies.rigidbodies[2].pose.position.y,0.6535926756842695
90.858416191,1709142561.541398335,1709142561.541006968,/rigid_bodies.rigidbodies[2].pose.position.y,0.6537625089357516
90.868271897,1709142561.551254041,1709142561.550794581,/rigid_bodies.rigidbodies[2].pose.position.y,0.6535078515195389
90.878441066,1709142561.561423210,1709142561.560816281,/rigid_bodies.rigidbodies[2].pose.position.y,0.653258214758846
90.887774269,1709142561.570756413,1709142561.570365686,/rigid_bodies.rigidbodies[2].pose.position.y,0.6532219722282382
90.89866,1709142561.581642144,1709142561.581138777,/rigid_bodies.rigidbodies[2].pose.position.y,0.653416944954481
90.908363107,1709142561.591345251,1709142561.590873031,/rigid_bodies.rigidbodies[2].pose.position.y,0.6536715303894157
90.918173694,1709142561.601155838,1709142561.600685309,/rigid_bodies.rigidbodies[2].pose.position.y,0.653520154916144
90.928363899,1709142561.611346043,1709142561.610688946,/rigid_bodies.rigidbodies[2].pose.position.y,0.653215049020977
90.938285171,1709142561.621267315,1709142561.620832724,/rigid_bodies.rigidbodies[2].pose.position.y,0.6531902203752578
90.948320075,1709142561.631302219,1709142561.630859613,/rigid_bodies.rigidbodies[2].pose.position.y,0.6534059996157665
90.958271411,1709142561.641253555,1709142561.640786429,/rigid_bodies.rigidbodies[2].pose.position.y,0.6536861891811151
90.968569767,1709142561.651551911,1709142561.650860369,/rigid_bodies.rigidbodies[2].pose.position.y,0.6536743730856592
90.978700098,1709142561.661682242,1709142561.661148651,/rigid_bodies.rigidbodies[2].pose.position.y,0.6533445670815647
90.988665166,1709142561.671647310,1709142561.670923846,/rigid_bodies.rigidbodies[2].pose.position.y,0.6531759038727121
90.998295349,1709142561.681277493,1709142561.680822317,/rigid_bodies.rigidbodies[2].pose.position.y,0.6533407826496748
91.008305639,1709142561.691287783,1709142561.690762820,/rigid_bodies.rigidbodies[2].pose.position.y,0.6536203783313143
91.018488481,1709142561.701470625,1709142561.700784577,/rigid_bodies.rigidbodies[2].pose.position.y,0.6537307728034781
91.028008613,1709142561.710990757,1709142561.710547180,/rigid_bodies.rigidbodies[2].pose.position.y,0.6534629004043269
91.038400524,1709142561.721382668,1709142561.720949625,/rigid_bodies.rigidbodies[2].pose.position.y,0.653122515037587
91.048094669,1709142561.731076813,1709142561.730646817,/rigid_bodies.rigidbodies[2].pose.position.y,0.6531257903846522
91.058203399,1709142561.741185543,1709142561.740665744,/rigid_bodies.rigidbodies[2].pose.position.y,0.6534364545073681
91.068493715,1709142561.751475859,1709142561.750957346,/rigid_bodies.rigidbodies[2].pose.position.y,0.6536779243774206
91.078680084,1709142561.761662228,1709142561.761048359,/rigid_bodies.rigidbodies[2].pose.position.y,0.6535866713401457
91.088649075,1709142561.771631219,1709142561.770982295,/rigid_bodies.rigidbodies[2].pose.position.y,0.6532946600651443
91.098339415,1709142561.781321559,1709142561.780851911,/rigid_bodies.rigidbodies[2].pose.position.y,0.6531558691554983
91.108383078,1709142561.791365222,1709142561.790817850,/rigid_bodies.rigidbodies[2].pose.position.y,0.6533243002589556
91.118807695,1709142561.801789839,1709142561.801088364,/rigid_bodies.rigidbodies[2].pose.position.y,0.6536305389003924
91.12814814,1709142561.811130284,1709142561.810576793,/rigid_bodies.rigidbodies[2].pose.position.y,0.6536334255496842
91.138237274,1709142561.821219418,1709142561.820772936,/rigid_bodies.rigidbodies[2].pose.position.y,0.653391084181933
91.148825639,1709142561.831807783,1709142561.831246528,/rigid_bodies.rigidbodies[2].pose.position.y,0.6532489018079939
91.158330244,1709142561.841312388,1709142561.840728884,/rigid_bodies.rigidbodies[2].pose.position.y,0.6532773343083018
91.168366214,1709142561.851348358,1709142561.850902053,/rigid_bodies.rigidbodies[2].pose.position.y,0.6534926129793879
91.17848258,1709142561.861464724,1709142561.860724512,/rigid_bodies.rigidbodies[2].pose.position.y,0.6535917692391848
91.188551336,1709142561.871533480,1709142561.870823797,/rigid_bodies.rigidbodies[2].pose.position.y,0.6533811811143383
91.198899955,1709142561.881882099,1709142561.881260125,/rigid_bodies.rigidbodies[2].pose.position.y,0.6532695238763451
91.208306182,1709142561.891288326,1709142561.890685239,/rigid_bodies.rigidbodies[2].pose.position.y,0.6533113039431977
91.217805271,1709142561.900787415,1709142561.900256680,/rigid_bodies.rigidbodies[2].pose.position.y,0.6534854380364062
91.228579461,1709142561.911561605,1709142561.911012700,/rigid_bodies.rigidbodies[2].pose.position.y,0.6536370166067578
91.238155726,1709142561.921137870,1709142561.920765168,/rigid_bodies.rigidbodies[2].pose.position.y,0.6534804356840479
91.248082903,1709142561.931065047,1709142561.930638113,/rigid_bodies.rigidbodies[2].pose.position.y,0.653234045597926
91.257604202,1709142561.940586346,1709142561.939982770,/rigid_bodies.rigidbodies[2].pose.position.y,0.6532267628829289
91.26821759,1709142561.951199734,1709142561.950663948,/rigid_bodies.rigidbodies[2].pose.position.y,0.6534263956189188
91.277994479,1709142561.960976623,1709142561.960552121,/rigid_bodies.rigidbodies[2].pose.position.y,0.6536404722012217
91.288814593,1709142561.971796737,1709142561.971198498,/rigid_bodies.rigidbodies[2].pose.position.y,0.6536198503974534
91.298227603,1709142561.981209747,1709142561.980803531,/rigid_bodies.rigidbodies[2].pose.position.y,0.6533305038514657
91.308185183,1709142561.991167327,1709142561.990655209,/rigid_bodies.rigidbodies[2].pose.position.y,0.6531760906103604
91.318104752,1709142562.001086896,1709142562.000643372,/rigid_bodies.rigidbodies[2].pose.position.y,0.6533903765176838
91.328186978,1709142562.011169122,1709142562.010655479,/rigid_bodies.rigidbodies[2].pose.position.y,0.6535951259621854
91.337925527,1709142562.020907671,1709142562.020497752,/rigid_bodies.rigidbodies[2].pose.position.y,0.6536584432742955
91.348377923,1709142562.031360067,1709142562.030908786,/rigid_bodies.rigidbodies[2].pose.position.y,0.6534776365729572
91.357620657,1709142562.040602801,1709142562.040277428,/rigid_bodies.rigidbodies[2].pose.position.y,0.6531971810962889
91.367565027,1709142562.050547171,1709142562.050304534,/rigid_bodies.rigidbodies[2].pose.position.y,0.6532305736017457
91.377592906,1709142562.060575050,1709142562.060347158,/rigid_bodies.rigidbodies[2].pose.position.y,0.6534592251958289
91.387776215,1709142562.070758359,1709142562.070508503,/rigid_bodies.rigidbodies[2].pose.position.y,0.6536455328983384
91.397733984,1709142562.080716128,1709142562.080465793,/rigid_bodies.rigidbodies[2].pose.position.y,0.6535736665558629
91.40735532,1709142562.090337464,1709142562.090196039,/rigid_bodies.rigidbodies[2].pose.position.y,0.653340132912042
91.417821285,1709142562.100803429,1709142562.100605984,/rigid_bodies.rigidbodies[2].pose.position.y,0.6532047344272918
91.428024993,1709142562.111007137,1709142562.110641542,/rigid_bodies.rigidbodies[2].pose.position.y,0.6533328480396894
91.438270241,1709142562.121252385,1709142562.120780302,/rigid_bodies.rigidbodies[2].pose.position.y,0.653593490770845
91.448633919,1709142562.131616063,1709142562.130997996,/rigid_bodies.rigidbodies[2].pose.position.y,0.653607461900574
91.458189354,1709142562.141171498,1709142562.140604359,/rigid_bodies.rigidbodies[2].pose.position.y,0.6534248393348187
91.46819209,1709142562.151174234,1709142562.150671566,/rigid_bodies.rigidbodies[2].pose.position.y,0.6532621656582919
91.477868954,1709142562.160851098,1709142562.160397502,/rigid_bodies.rigidbodies[2].pose.position.y,0.6532736828484023
91.488216444,1709142562.171198588,1709142562.170732552,/rigid_bodies.rigidbodies[2].pose.position.y,0.6534742107623839
91.498247846,1709142562.181229990,1709142562.180718315,/rigid_bodies.rigidbodies[2].pose.position.y,0.6535451491764016
91.50778253,1709142562.190764674,1709142562.190323665,/rigid_bodies.rigidbodies[2].pose.position.y,0.6533567463299659
91.518821704,1709142562.201803848,1709142562.201059202,/rigid_bodies.rigidbodies[2].pose.position.y,0.6532388226072396
91.528063108,1709142562.211045252,1709142562.210586395,/rigid_bodies.rigidbodies[2].pose.position.y,0.6532854696778857
91.538366294,1709142562.221348438,1709142562.220815002,/rigid_bodies.rigidbodies[2].pose.position.y,0.6534128116623504
91.548787794,1709142562.231769938,1709142562.231163236,/rigid_bodies.rigidbodies[2].pose.position.y,0.6536096168620223
91.557911212,1709142562.240893356,1709142562.240475950,/rigid_bodies.rigidbodies[2].pose.position.y,0.6535737635157558
91.56866795,1709142562.251650094,1709142562.251024729,/rigid_bodies.rigidbodies[2].pose.position.y,0.6533717890647165
91.577981992,1709142562.260964136,1709142562.260627306,/rigid_bodies.rigidbodies[2].pose.position.y,0.6532714140269382
91.588077958,1709142562.271060102,1709142562.270680171,/rigid_bodies.rigidbodies[2].pose.position.y,0.6532869184695982
91.598710274,1709142562.281692418,1709142562.281032194,/rigid_bodies.rigidbodies[2].pose.position.y,0.6534431492305154
91.608137414,1709142562.291119558,1709142562.290675563,/rigid_bodies.rigidbodies[2].pose.position.y,0.6535359691971232
91.618276146,1709142562.301258290,1709142562.300717944,/rigid_bodies.rigidbodies[2].pose.position.y,0.6533912527990422
91.628176717,1709142562.311158861,1709142562.310648795,/rigid_bodies.rigidbodies[2].pose.position.y,0.6532509620011624
91.637853024,1709142562.320835168,1709142562.320507862,/rigid_bodies.rigidbodies[2].pose.position.y,0.6532867912570411
91.64808607,1709142562.331068214,1709142562.330681468,/rigid_bodies.rigidbodies[2].pose.position.y,0.653440510811969
91.657852282,1709142562.340834426,1709142562.340454885,/rigid_bodies.rigidbodies[2].pose.position.y,0.6535420774408471
91.66836161,1709142562.351343754,1709142562.350802775,/rigid_bodies.rigidbodies[2].pose.position.y,0.6534890407922962
91.678184254,1709142562.361166398,1709142562.360662823,/rigid_bodies.rigidbodies[2].pose.position.y,0.6533140861554759
91.688727782,1709142562.371709926,1709142562.371014646,/rigid_bodies.rigidbodies[2].pose.position.y,0.6532692985284227
91.698884945,1709142562.381867089,1709142562.381346619,/rigid_bodies.rigidbodies[2].pose.position.y,0.6533584569679413
91.708299906,1709142562.391282050,1709142562.390990053,/rigid_bodies.rigidbodies[2].pose.position.y,0.6534404222081702
91.717805377,1709142562.400787521,1709142562.400565433,/rigid_bodies.rigidbodies[2].pose.position.y,0.6535013348676036
91.727321015,1709142562.410303159,1709142562.410115098,/rigid_bodies.rigidbodies[2].pose.position.y,0.6534530000226901
91.737656669,1709142562.420638813,1709142562.420263070,/rigid_bodies.rigidbodies[2].pose.position.y,0.6533585326346443
91.748635651,1709142562.431617795,1709142562.431007195,/rigid_bodies.rigidbodies[2].pose.position.y,0.6533959121346992
91.758389252,1709142562.441371396,1709142562.440932955,/rigid_bodies.rigidbodies[2].pose.position.y,0.6535503622552319
91.768174637,1709142562.451156781,1709142562.450697250,/rigid_bodies.rigidbodies[2].pose.position.y,0.6535372310721534
91.778251996,1709142562.461234140,1709142562.460755321,/rigid_bodies.rigidbodies[2].pose.position.y,0.6533783101831706
91.788042681,1709142562.471024825,1709142562.470674877,/rigid_bodies.rigidbodies[2].pose.position.y,0.6532808901416138
91.798601534,1709142562.481583678,1709142562.481202189,/rigid_bodies.rigidbodies[2].pose.position.y,0.6532908287157398
91.808008523,1709142562.490990667,1709142562.490494145,/rigid_bodies.rigidbodies[2].pose.position.y,0.6534719745676261
91.818856066,1709142562.501838210,1709142562.501176897,/rigid_bodies.rigidbodies[2].pose.position.y,0.6535740370401443
91.828356546,1709142562.511338690,1709142562.510925012,/rigid_bodies.rigidbodies[2].pose.position.y,0.6534602767012114
91.838097741,1709142562.521079885,1709142562.520670972,/rigid_bodies.rigidbodies[2].pose.position.y,0.6533238978197742
91.848560862,1709142562.531543006,1709142562.530965060,/rigid_bodies.rigidbodies[2].pose.position.y,0.6532328606790649
91.859360425,1709142562.542342569,1709142562.541727634,/rigid_bodies.rigidbodies[2].pose.position.y,0.6532961173295331
91.868538628,1709142562.551520772,1709142562.551005566,/rigid_bodies.rigidbodies[2].pose.position.y,0.6535188221268543
91.878161814,1709142562.561143958,1709142562.560545582,/rigid_bodies.rigidbodies[2].pose.position.y,0.6536066655902222
91.888740878,1709142562.571723022,1709142562.571000111,/rigid_bodies.rigidbodies[2].pose.position.y,0.6535026511925552
91.898575686,1709142562.581557830,1709142562.580999401,/rigid_bodies.rigidbodies[2].pose.position.y,0.6533433722182792
91.90846901,1709142562.591451154,1709142562.590811538,/rigid_bodies.rigidbodies[2].pose.position.y,0.6532489790398336
91.918530857,1709142562.601513001,1709142562.600911780,/rigid_bodies.rigidbodies[2].pose.position.y,0.6533875314254091
91.928046339,1709142562.611028483,1709142562.610578249,/rigid_bodies.rigidbodies[2].pose.position.y,0.6535449323350907
91.938332689,1709142562.621314833,1709142562.620731233,/rigid_bodies.rigidbodies[2].pose.position.y,0.6535132823232178
91.948439942,1709142562.631422086,1709142562.630760540,/rigid_bodies.rigidbodies[2].pose.position.y,0.6533312313622224
91.958124455,1709142562.641106599,1709142562.640596201,/rigid_bodies.rigidbodies[2].pose.position.y,0.653245310802869
91.96827084,1709142562.651252984,1709142562.650664120,/rigid_bodies.rigidbodies[2].pose.position.y,0.6533395028615904
91.978059121,1709142562.661041265,1709142562.660472972,/rigid_bodies.rigidbodies[2].pose.position.y,0.6534962514478355
91.988446761,1709142562.671428905,1709142562.671013356,/rigid_bodies.rigidbodies[2].pose.position.y,0.6535798757391539
91.998124537,1709142562.681106681,1709142562.680739495,/rigid_bodies.rigidbodies[2].pose.position.y,0.6535458705650533
92.007833416,1709142562.690815560,1709142562.690421478,/rigid_bodies.rigidbodies[2].pose.position.y,0.6534102827178732
92.017994568,1709142562.700976712,1709142562.700567533,/rigid_bodies.rigidbodies[2].pose.position.y,0.6533292832252253
92.028414423,1709142562.711396567,1709142562.710841644,/rigid_bodies.rigidbodies[2].pose.position.y,0.653395123423001
92.038065873,1709142562.721048017,1709142562.720634469,/rigid_bodies.rigidbodies[2].pose.position.y,0.6534786246932481
92.048207599,1709142562.731189743,1709142562.730811699,/rigid_bodies.rigidbodies[2].pose.position.y,0.6534817185874792
92.058400235,1709142562.741382379,1709142562.740914362,/rigid_bodies.rigidbodies[2].pose.position.y,0.6533862468205237
92.06815117,1709142562.751133314,1709142562.750717170,/rigid_bodies.rigidbodies[2].pose.position.y,0.6532924901547972
92.078387604,1709142562.761369748,1709142562.760994664,/rigid_bodies.rigidbodies[2].pose.position.y,0.653411512114389
92.088523128,1709142562.771505272,1709142562.771078847,/rigid_bodies.rigidbodies[2].pose.position.y,0.6535127384778586
92.098736752,1709142562.781718896,1709142562.781194259,/rigid_bodies.rigidbodies[2].pose.position.y,0.6534954166489542
92.107756267,1709142562.790738411,1709142562.790405727,/rigid_bodies.rigidbodies[2].pose.position.y,0.6533919320884857
92.118073747,1709142562.801055891,1709142562.800614592,/rigid_bodies.rigidbodies[2].pose.position.y,0.6532627939418759
92.128487929,1709142562.811470073,1709142562.810765202,/rigid_bodies.rigidbodies[2].pose.position.y,0.6532730376126169
92.13828273,1709142562.821264874,1709142562.820802541,/rigid_bodies.rigidbodies[2].pose.position.y,0.6534431359450618
92.148109757,1709142562.831091901,1709142562.830693197,/rigid_bodies.rigidbodies[2].pose.position.y,0.6535850341937656
92.158222556,1709142562.841204700,1709142562.840695816,/rigid_bodies.rigidbodies[2].pose.position.y,0.6535350745115452
92.168140438,1709142562.851122582,1709142562.850680945,/rigid_bodies.rigidbodies[2].pose.position.y,0.6534111921915713
92.177471819,1709142562.860453963,1709142562.859973170,/rigid_bodies.rigidbodies[2].pose.position.y,0.6532698525283688
92.188548747,1709142562.871530891,1709142562.870928053,/rigid_bodies.rigidbodies[2].pose.position.y,0.6533444661053645
92.198281539,1709142562.881263683,1709142562.880714695,/rigid_bodies.rigidbodies[2].pose.position.y,0.6535344881719011
92.207712668,1709142562.890694812,1709142562.890269716,/rigid_bodies.rigidbodies[2].pose.position.y,0.6535103899079061
92.218227954,1709142562.901210098,1709142562.900753452,/rigid_bodies.rigidbodies[2].pose.position.y,0.6533535055372192
92.228099407,1709142562.911081551,1709142562.910543326,/rigid_bodies.rigidbodies[2].pose.position.y,0.6532940520957385
92.238379983,1709142562.921362127,1709142562.920976330,/rigid_bodies.rigidbodies[2].pose.position.y,0.6533291457605898
92.248821879,1709142562.931804023,1709142562.931333422,/rigid_bodies.rigidbodies[2].pose.position.y,0.6535199467473704
92.258353908,1709142562.941336052,1709142562.940805093,/rigid_bodies.rigidbodies[2].pose.position.y,0.6536002762658951
92.268466394,1709142562.951448538,1709142562.951022232,/rigid_bodies.rigidbodies[2].pose.position.y,0.6534288793922777
92.278011293,1709142562.960993437,1709142562.960537674,/rigid_bodies.rigidbodies[2].pose.position.y,0.6532598440943275
92.288519615,1709142562.971501759,1709142562.970936123,/rigid_bodies.rigidbodies[2].pose.position.y,0.653250036482325
92.298054995,1709142562.981037139,1709142562.980680451,/rigid_bodies.rigidbodies[2].pose.position.y,0.6533937421117515
92.307562498,1709142562.990544642,1709142562.990279077,/rigid_bodies.rigidbodies[2].pose.position.y,0.653601574732191
92.317890253,1709142563.000872397,1709142563.000498356,/rigid_bodies.rigidbodies[2].pose.position.y,0.6535832248887904
92.327990796,1709142563.010972940,1709142563.010390158,/rigid_bodies.rigidbodies[2].pose.position.y,0.6533387924601268
92.338961339,1709142563.021943483,1709142563.021228860,/rigid_bodies.rigidbodies[2].pose.position.y,0.6532564523681398
92.348669942,1709142563.031652086,1709142563.030939723,/rigid_bodies.rigidbodies[2].pose.position.y,0.6533757840167257
92.358133366,1709142563.041115510,1709142563.040660344,/rigid_bodies.rigidbodies[2].pose.position.y,0.6535747427477027
92.367772275,1709142563.050754419,1709142563.050165474,/rigid_bodies.rigidbodies[2].pose.position.y,0.6536475800140866
92.378453615,1709142563.061435759,1709142563.060785258,/rigid_bodies.rigidbodies[2].pose.position.y,0.653432175023736
92.388444163,1709142563.071426307,1709142563.070952876,/rigid_bodies.rigidbodies[2].pose.position.y,0.6531377425275865
92.398446061,1709142563.081428205,1709142563.080732482,/rigid_bodies.rigidbodies[2].pose.position.y,0.6532087220844139
92.408478082,1709142563.091460226,1709142563.090905196,/rigid_bodies.rigidbodies[2].pose.position.y,0.653482800207614
92.418279246,1709142563.101261390,1709142563.100792721,/rigid_bodies.rigidbodies[2].pose.position.y,0.6536825910521277
92.428362278,1709142563.111344422,1709142563.110650653,/rigid_bodies.rigidbodies[2].pose.position.y,0.6536067334798334
92.438270555,1709142563.121252699,1709142563.120793567,/rigid_bodies.rigidbodies[2].pose.position.y,0.6532950306720937
92.448329855,1709142563.131311999,1709142563.130879141,/rigid_bodies.rigidbodies[2].pose.position.y,0.6531241328845278
92.458456183,1709142563.141438327,1709142563.140721476,/rigid_bodies.rigidbodies[2].pose.position.y,0.653324619246209
92.468330446,1709142563.151312590,1709142563.150756960,/rigid_bodies.rigidbodies[2].pose.position.y,0.6536042181313628
92.477957574,1709142563.160939718,1709142563.160464868,/rigid_bodies.rigidbodies[2].pose.position.y,0.6536584872156964
92.488477518,1709142563.171459662,1709142563.170847494,/rigid_bodies.rigidbodies[2].pose.position.y,0.6534840628406192
92.498597921,1709142563.181580065,1709142563.181030427,/rigid_bodies.rigidbodies[2].pose.position.y,0.6532070475740441
92.508099167,1709142563.191081311,1709142563.190561618,/rigid_bodies.rigidbodies[2].pose.position.y,0.6532374809455364
92.518621503,1709142563.201603647,1709142563.200956336,/rigid_bodies.rigidbodies[2].pose.position.y,0.6534720749608095
92.528215915,1709142563.211198059,1709142563.210641901,/rigid_bodies.rigidbodies[2].pose.position.y,0.6536029587234223
92.538128887,1709142563.221111031,1709142563.220596174,/rigid_bodies.rigidbodies[2].pose.position.y,0.653509299908615
92.548459528,1709142563.231441672,1709142563.230959722,/rigid_bodies.rigidbodies[2].pose.position.y,0.6532984085697299
92.558203372,1709142563.241185516,1709142563.240600256,/rigid_bodies.rigidbodies[2].pose.position.y,0.6532362695571262
92.568322714,1709142563.251304858,1709142563.250812077,/rigid_bodies.rigidbodies[2].pose.position.y,0.6534270742242115
92.578139237,1709142563.261121381,1709142563.260609601,/rigid_bodies.rigidbodies[2].pose.position.y,0.653653435372788
92.588352807,1709142563.271334951,1709142563.270741579,/rigid_bodies.rigidbodies[2].pose.position.y,0.6535616176203852
92.598419737,1709142563.281401881,1709142563.280948445,/rigid_bodies.rigidbodies[2].pose.position.y,0.6533706896609462
92.607931716,1709142563.290913860,1709142563.290439861,/rigid_bodies.rigidbodies[2].pose.position.y,0.6533054589491477
92.618657664,1709142563.301639808,1709142563.300911904,/rigid_bodies.rigidbodies[2].pose.position.y,0.6533923438212467
92.627796211,1709142563.310778355,1709142563.310362104,/rigid_bodies.rigidbodies[2].pose.position.y,0.6535871695576545
92.638377784,1709142563.321359928,1709142563.320809084,/rigid_bodies.rigidbodies[2].pose.position.y,0.6536001347741297
92.648510695,1709142563.331492839,1709142563.330943633,/rigid_bodies.rigidbodies[2].pose.position.y,0.6533200518187385
92.658507244,1709142563.341489388,1709142563.341087709,/rigid_bodies.rigidbodies[2].pose.position.y,0.6531841893482067
92.668804472,1709142563.351786616,1709142563.351106222,/rigid_bodies.rigidbodies[2].pose.position.y,0.6533355643136233
92.678024374,1709142563.361006518,1709142563.360569988,/rigid_bodies.rigidbodies[2].pose.position.y,0.6535813829596628
92.689041385,1709142563.372023529,1709142563.371386550,/rigid_bodies.rigidbodies[2].pose.position.y,0.6537340523689253
92.698543648,1709142563.381525792,1709142563.380979025,/rigid_bodies.rigidbodies[2].pose.position.y,0.6534464136722044
92.708758055,1709142563.391740199,1709142563.391126341,/rigid_bodies.rigidbodies[2].pose.position.y,0.6530879254990108
92.718207166,1709142563.401189310,1709142563.400702240,/rigid_bodies.rigidbodies[2].pose.position.y,0.653177955322326
92.728357318,1709142563.411339462,1709142563.410682522,/rigid_bodies.rigidbodies[2].pose.position.y,0.65347916554182
92.738097761,1709142563.421079905,1709142563.420626290,/rigid_bodies.rigidbodies[2].pose.position.y,0.6537476433858321
92.748396774,1709142563.431378918,1709142563.430874221,/rigid_bodies.rigidbodies[2].pose.position.y,0.653645420776411
92.758099544,1709142563.441081688,1709142563.440582576,/rigid_bodies.rigidbodies[2].pose.position.y,0.6532609955188399
92.768030232,1709142563.451012376,1709142563.450623945,/rigid_bodies.rigidbodies[2].pose.position.y,0.6530985240554222
92.777857717,1709142563.460839861,1709142563.460423225,/rigid_bodies.rigidbodies[2].pose.position.y,0.653333810480437
92.788413998,1709142563.471396142,1709142563.470875676,/rigid_bodies.rigidbodies[2].pose.position.y,0.6536797751449329
92.798678017,1709142563.481660161,1709142563.481073538,/rigid_bodies.rigidbodies[2].pose.position.y,0.6537494774452036
92.808275657,1709142563.491257801,1709142563.490693944,/rigid_bodies.rigidbodies[2].pose.position.y,0.6534885805207717
92.818524509,1709142563.501506653,1709142563.500959691,/rigid_bodies.rigidbodies[2].pose.position.y,0.6531425543932505
92.828469592,1709142563.511451736,1709142563.510767018,/rigid_bodies.rigidbodies[2].pose.position.y,0.6531677592749341
92.837980657,1709142563.520962801,1709142563.520603081,/rigid_bodies.rigidbodies[2].pose.position.y,0.6535178810989503
92.848155723,1709142563.531137867,1709142563.530662841,/rigid_bodies.rigidbodies[2].pose.position.y,0.6537432412009967
92.858352231,1709142563.541334375,1709142563.540770497,/rigid_bodies.rigidbodies[2].pose.position.y,0.6535601341452699
92.868274979,1709142563.551257123,1709142563.550762458,/rigid_bodies.rigidbodies[2].pose.position.y,0.6532635273588745
92.878106982,1709142563.561089126,1709142563.560587532,/rigid_bodies.rigidbodies[2].pose.position.y,0.653143084975525
92.888119646,1709142563.571101790,1709142563.570635718,/rigid_bodies.rigidbodies[2].pose.position.y,0.6533832714223421
92.898706848,1709142563.581688992,1709142563.580996720,/rigid_bodies.rigidbodies[2].pose.position.y,0.6536881150932229
92.908065012,1709142563.591047156,1709142563.590636557,/rigid_bodies.rigidbodies[2].pose.position.y,0.653649807470358
92.918217906,1709142563.601200050,1709142563.600720196,/rigid_bodies.rigidbodies[2].pose.position.y,0.6533504121538714
92.928483813,1709142563.611465957,1709142563.610785655,/rigid_bodies.rigidbodies[2].pose.position.y,0.6531728247203419
92.938144856,1709142563.621127000,1709142563.620806786,/rigid_bodies.rigidbodies[2].pose.position.y,0.6533166147983719
92.948398421,1709142563.631380565,1709142563.630888119,/rigid_bodies.rigidbodies[2].pose.position.y,0.6536164244341525
92.958005844,1709142563.640987988,1709142563.640455884,/rigid_bodies.rigidbodies[2].pose.position.y,0.6536997368878426
92.968129402,1709142563.651111546,1709142563.650755962,/rigid_bodies.rigidbodies[2].pose.position.y,0.6533975245346447
92.97873544,1709142563.661717584,1709142563.661259192,/rigid_bodies.rigidbodies[2].pose.position.y,0.6530950552928471
92.989119707,1709142563.672101851,1709142563.671426965,/rigid_bodies.rigidbodies[2].pose.position.y,0.6531360450455346
92.998112069,1709142563.681094213,1709142563.680710479,/rigid_bodies.rigidbodies[2].pose.position.y,0.6534668971921926
93.008101157,1709142563.691083301,1709142563.690521716,/rigid_bodies.rigidbodies[2].pose.position.y,0.6537228539528245
93.018030133,1709142563.701012277,1709142563.700547435,/rigid_bodies.rigidbodies[2].pose.position.y,0.6535526492364212
93.027785992,1709142563.710768136,1709142563.710304769,/rigid_bodies.rigidbodies[2].pose.position.y,0.653229489399731
93.038024364,1709142563.721006508,1709142563.720575011,/rigid_bodies.rigidbodies[2].pose.position.y,0.6531598602811612
93.047864139,1709142563.730846283,1709142563.730559596,/rigid_bodies.rigidbodies[2].pose.position.y,0.6533693406006945
93.057804305,1709142563.740786449,1709142563.740315284,/rigid_bodies.rigidbodies[2].pose.position.y,0.6536617660922234
93.06818809,1709142563.751170234,1709142563.750658646,/rigid_bodies.rigidbodies[2].pose.position.y,0.6536404428976793
93.077863695,1709142563.760845839,1709142563.760383884,/rigid_bodies.rigidbodies[2].pose.position.y,0.653389471931543
93.088080993,1709142563.771063137,1709142563.770604369,/rigid_bodies.rigidbodies[2].pose.position.y,0.6531772410275787
93.098436775,1709142563.781418919,1709142563.780863118,/rigid_bodies.rigidbodies[2].pose.position.y,0.6532639457359791
93.108073408,1709142563.791055552,1709142563.790478103,/rigid_bodies.rigidbodies[2].pose.position.y,0.6535436951838575
93.118532256,1709142563.801514400,1709142563.800870432,/rigid_bodies.rigidbodies[2].pose.position.y,0.6536408284738349
93.127608743,1709142563.810590887,1709142563.810059313,/rigid_bodies.rigidbodies[2].pose.position.y,0.653390513407547
93.138416679,1709142563.821398823,1709142563.820831922,/rigid_bodies.rigidbodies[2].pose.position.y,0.6531835793576958
93.148636233,1709142563.831618377,1709142563.830977176,/rigid_bodies.rigidbodies[2].pose.position.y,0.65322313954389
93.158228127,1709142563.841210271,1709142563.840690902,/rigid_bodies.rigidbodies[2].pose.position.y,0.6535259345171469
93.168019432,1709142563.851001576,1709142563.850448878,/rigid_bodies.rigidbodies[2].pose.position.y,0.6537232008948733
93.178096197,1709142563.861078341,1709142563.860508371,/rigid_bodies.rigidbodies[2].pose.position.y,0.6534902448793495
93.188151682,1709142563.871133826,1709142563.870668938,/rigid_bodies.rigidbodies[2].pose.position.y,0.653148489948042
93.198669196,1709142563.881651340,1709142563.881047149,/rigid_bodies.rigidbodies[2].pose.position.y,0.6531173264181633
93.208149971,1709142563.891132115,1709142563.890579399,/rigid_bodies.rigidbodies[2].pose.position.y,0.6534278089273727
93.218075351,1709142563.901057495,1709142563.900725892,/rigid_bodies.rigidbodies[2].pose.position.y,0.653767679626464
93.228100708,1709142563.911082852,1709142563.910562305,/rigid_bodies.rigidbodies[2].pose.position.y,0.6536880093189019
93.238500108,1709142563.921482252,1709142563.921004718,/rigid_bodies.rigidbodies[2].pose.position.y,0.6532746006348118
93.248004738,1709142563.930986882,1709142563.930501051,/rigid_bodies.rigidbodies[2].pose.position.y,0.6530752446807108
93.257811108,1709142563.940793252,1709142563.940320282,/rigid_bodies.rigidbodies[2].pose.position.y,0.6532261250637331
93.267695822,1709142563.950677966,1709142563.950195706,/rigid_bodies.rigidbodies[2].pose.position.y,0.6536103633937802
93.278434999,1709142563.961417143,1709142563.960954995,/rigid_bodies.rigidbodies[2].pose.position.y,0.6537410196441509
93.28836295,1709142563.971345094,1709142563.970694097,/rigid_bodies.rigidbodies[2].pose.position.y,0.6534925688613659
93.298351447,1709142563.981333591,1709142563.980865443,/rigid_bodies.rigidbodies[2].pose.position.y,0.6531388579868808
93.307957008,1709142563.990939152,1709142563.990342225,/rigid_bodies.rigidbodies[2].pose.position.y,0.6530639198169428
93.3188929,1709142564.001875044,1709142564.001213332,/rigid_bodies.rigidbodies[2].pose.position.y,0.6534512319385517
93.328023052,1709142564.011005196,1709142564.010552611,/rigid_bodies.rigidbodies[2].pose.position.y,0.6537677826926187
93.338495482,1709142564.021477626,1709142564.021152729,/rigid_bodies.rigidbodies[2].pose.position.y,0.6536726241868184
93.348877312,1709142564.031859456,1709142564.031327509,/rigid_bodies.rigidbodies[2].pose.position.y,0.6533413511758157
93.357920266,1709142564.040902410,1709142564.040616993,/rigid_bodies.rigidbodies[2].pose.position.y,0.6531396796191687
93.367597037,1709142564.050579181,1709142564.050304209,/rigid_bodies.rigidbodies[2].pose.position.y,0.6533261339677007
93.377563862,1709142564.060546006,1709142564.060317784,/rigid_bodies.rigidbodies[2].pose.position.y,0.6536266530385098
93.387784159,1709142564.070766303,1709142564.070599008,/rigid_bodies.rigidbodies[2].pose.position.y,0.6536173788668059
93.398041578,1709142564.081023722,1709142564.080839245,/rigid_bodies.rigidbodies[2].pose.position.y,0.6533903325364414
93.407530716,1709142564.090512860,1709142564.090294889,/rigid_bodies.rigidbodies[2].pose.position.y,0.653187197416367
93.417688921,1709142564.100671065,1709142564.100407111,/rigid_bodies.rigidbodies[2].pose.position.y,0.6532297830192721
93.427724279,1709142564.110706423,1709142564.110515761,/rigid_bodies.rigidbodies[2].pose.position.y,0.653549531965397
93.437747397,1709142564.120729541,1709142564.120418404,/rigid_bodies.rigidbodies[2].pose.position.y,0.6536939447258505
93.448145343,1709142564.131127487,1709142564.130805692,/rigid_bodies.rigidbodies[2].pose.position.y,0.6534967909654271
93.45836031,1709142564.141342454,1709142564.140768566,/rigid_bodies.rigidbodies[2].pose.position.y,0.6532403527334567
93.46783795,1709142564.150820094,1709142564.150474070,/rigid_bodies.rigidbodies[2].pose.position.y,0.6531535314285883
93.47814383,1709142564.161125974,1709142564.160588711,/rigid_bodies.rigidbodies[2].pose.position.y,0.6534302394406686
93.4884178,1709142564.171399944,1709142564.170841211,/rigid_bodies.rigidbodies[2].pose.position.y,0.6537417515639293
93.49854367,1709142564.181525814,1709142564.180998879,/rigid_bodies.rigidbodies[2].pose.position.y,0.6536261685526432
93.503792921,1709142564.186775065,1709142564.186220697,/rigid_bodies.rigidbodies[2].pose.position.y,0.6532698280364833
93.518562786,1709142564.201544930,1709142564.200931777,/rigid_bodies.rigidbodies[2].pose.position.y,0.6531798946932725
93.528445765,1709142564.211427909,1709142564.210855039,/rigid_bodies.rigidbodies[2].pose.position.y,0.6533591383529641
93.538080416,1709142564.221062560,1709142564.220721233,/rigid_bodies.rigidbodies[2].pose.position.y,0.6535700651497426
93.547725661,1709142564.230707805,1709142564.230541379,/rigid_bodies.rigidbodies[2].pose.position.y,0.6536000767828642
93.557574374,1709142564.240556518,1709142564.240317113,/rigid_bodies.rigidbodies[2].pose.position.y,0.6533538292633715
93.567832576,1709142564.250814720,1709142564.250499173,/rigid_bodies.rigidbodies[2].pose.position.y,0.6531236701649347
93.577532472,1709142564.260514616,1709142564.260307218,/rigid_bodies.rigidbodies[2].pose.position.y,0.653262303230562
93.587766323,1709142564.270748467,1709142564.270556928,/rigid_bodies.rigidbodies[2].pose.position.y,0.6536108061813753
93.598137405,1709142564.281119549,1709142564.280855214,/rigid_bodies.rigidbodies[2].pose.position.y,0.6537470552825456
93.603808514,1709142564.286790658,1709142564.286277986,/rigid_bodies.rigidbodies[2].pose.position.y,0.6535353617767798
93.618183322,1709142564.301165466,1709142564.300742164,/rigid_bodies.rigidbodies[2].pose.position.y,0.6531844402255014
93.628786608,1709142564.311768752,1709142564.311266284,/rigid_bodies.rigidbodies[2].pose.position.y,0.653102179046026
93.63823498,1709142564.321217124,1709142564.320858072,/rigid_bodies.rigidbodies[2].pose.position.y,0.6534169180306684
93.648553837,1709142564.331535981,1709142564.331116565,/rigid_bodies.rigidbodies[2].pose.position.y,0.6536698750205336
93.658217876,1709142564.341200020,1709142564.340678903,/rigid_bodies.rigidbodies[2].pose.position.y,0.6535944355238702
93.668341548,1709142564.351323692,1709142564.350814988,/rigid_bodies.rigidbodies[2].pose.position.y,0.6533362914519956
93.677194528,1709142564.360176672,1709142564.359918306,/rigid_bodies.rigidbodies[2].pose.position.y,0.653133479820116
93.688093709,1709142564.371075853,1709142564.370677255,/rigid_bodies.rigidbodies[2].pose.position.y,0.6533311110204152
93.693857121,1709142564.376839265,1709142564.376425150,/rigid_bodies.rigidbodies[2].pose.position.y,0.6536298114826662
93.707927963,1709142564.390910107,1709142564.390608607,/rigid_bodies.rigidbodies[2].pose.position.y,0.6536463960987574
93.718102432,1709142564.401084576,1709142564.400765808,/rigid_bodies.rigidbodies[2].pose.position.y,0.6534388922078913
93.728167701,1709142564.411149845,1709142564.410792382,/rigid_bodies.rigidbodies[2].pose.position.y,0.6531507836741726
93.737658537,1709142564.420640681,1709142564.420473007,/rigid_bodies.rigidbodies[2].pose.position.y,0.6531782290405664
93.747654387,1709142564.430636531,1709142564.430442647,/rigid_bodies.rigidbodies[2].pose.position.y,0.6535067014164612
93.757827863,1709142564.440810007,1709142564.440558199,/rigid_bodies.rigidbodies[2].pose.position.y,0.6537405553062701
93.76810398800001,1709142564.451086132,1709142564.450693533,/rigid_bodies.rigidbodies[2].pose.position.y,0.6535479482182633
93.778097599,1709142564.461079743,1709142564.460590208,/rigid_bodies.rigidbodies[2].pose.position.y,0.6532346283918232
93.786861943,1709142564.469844087,1709142564.469404244,/rigid_bodies.rigidbodies[2].pose.position.y,0.6531266817145562
93.798696936,1709142564.481679080,1709142564.481310411,/rigid_bodies.rigidbodies[2].pose.position.y,0.6533721292146201
93.808635882,1709142564.491618026,1709142564.490947299,/rigid_bodies.rigidbodies[2].pose.position.y,0.6536662004309128
93.818406099,1709142564.501388243,1709142564.500769621,/rigid_bodies.rigidbodies[2].pose.position.y,0.653690898041329
93.828079616,1709142564.511061760,1709142564.510566712,/rigid_bodies.rigidbodies[2].pose.position.y,0.653365969065577
93.83819489,1709142564.521177034,1709142564.520797646,/rigid_bodies.rigidbodies[2].pose.position.y,0.6531614988393034
93.848505992,1709142564.531488136,1709142564.530978094,/rigid_bodies.rigidbodies[2].pose.position.y,0.6532848449153168
93.857944368,1709142564.540926512,1709142564.540525092,/rigid_bodies.rigidbodies[2].pose.position.y,0.6535322405411853
93.868411261,1709142564.551393405,1709142564.550903361,/rigid_bodies.rigidbodies[2].pose.position.y,0.6536767160153127
93.87814569,1709142564.561127834,1709142564.560838704,/rigid_bodies.rigidbodies[2].pose.position.y,0.6534488373524637
93.887882734,1709142564.570864878,1709142564.570593683,/rigid_bodies.rigidbodies[2].pose.position.y,0.653137086617108
93.898248884,1709142564.581231028,1709142564.580895953,/rigid_bodies.rigidbodies[2].pose.position.y,0.6531415994279961
93.90807619,1709142564.591058334,1709142564.590684877,/rigid_bodies.rigidbodies[2].pose.position.y,0.6534063563366777
93.917810023,1709142564.600792167,1709142564.600447126,/rigid_bodies.rigidbodies[2].pose.position.y,0.6536634473930081
93.927875412,1709142564.610857556,1709142564.610295018,/rigid_bodies.rigidbodies[2].pose.position.y,0.653639922945282
93.938137874,1709142564.621120018,1709142564.620802820,/rigid_bodies.rigidbodies[2].pose.position.y,0.6533186515939713
93.94826409,1709142564.631246234,1709142564.630852325,/rigid_bodies.rigidbodies[2].pose.position.y,0.6531761823837771
93.958083649,1709142564.641065793,1709142564.640593575,/rigid_bodies.rigidbodies[2].pose.position.y,0.6533597331642262
93.968396773,1709142564.651378917,1709142564.650871259,/rigid_bodies.rigidbodies[2].pose.position.y,0.6535859984633715
93.977932522,1709142564.660914666,1709142564.660500920,/rigid_bodies.rigidbodies[2].pose.position.y,0.6535929640619444
93.987988223,1709142564.670970367,1709142564.670676641,/rigid_bodies.rigidbodies[2].pose.position.y,0.6533094940260812
93.998196142,1709142564.681178286,1709142564.680743945,/rigid_bodies.rigidbodies[2].pose.position.y,0.6530993658970036
94.00773959,1709142564.690721734,1709142564.690368827,/rigid_bodies.rigidbodies[2].pose.position.y,0.6532568356327443
94.018480998,1709142564.701463142,1709142564.701066322,/rigid_bodies.rigidbodies[2].pose.position.y,0.6535786227188604
94.027863318,1709142564.710845462,1709142564.710489323,/rigid_bodies.rigidbodies[2].pose.position.y,0.6537035620682567
94.03798852,1709142564.720970664,1709142564.720628367,/rigid_bodies.rigidbodies[2].pose.position.y,0.6534673677467733
94.048374005,1709142564.731356149,1709142564.730893599,/rigid_bodies.rigidbodies[2].pose.position.y,0.653228195802702
94.05804667,1709142564.741028814,1709142564.740423288,/rigid_bodies.rigidbodies[2].pose.position.y,0.6532234696186374
94.068196477,1709142564.751178621,1709142564.750660040,/rigid_bodies.rigidbodies[2].pose.position.y,0.6534559653087749
94.07788002,1709142564.760862164,1709142564.760459398,/rigid_bodies.rigidbodies[2].pose.position.y,0.6536671945889703
94.087943687,1709142564.770925831,1709142564.770531682,/rigid_bodies.rigidbodies[2].pose.position.y,0.6535874216602948
94.098265187,1709142564.781247331,1709142564.780882384,/rigid_bodies.rigidbodies[2].pose.position.y,0.6532532327787351
94.107910794,1709142564.790892938,1709142564.790410199,/rigid_bodies.rigidbodies[2].pose.position.y,0.653133682404698
94.118534425,1709142564.801516569,1709142564.800856895,/rigid_bodies.rigidbodies[2].pose.position.y,0.6532906545591641
94.128429717,1709142564.811411861,1709142564.810786462,/rigid_bodies.rigidbodies[2].pose.position.y,0.6535833574292277
94.138100422,1709142564.821082566,1709142564.820597026,/rigid_bodies.rigidbodies[2].pose.position.y,0.6536957190427732
94.14866862,1709142564.831650764,1709142564.830955431,/rigid_bodies.rigidbodies[2].pose.position.y,0.6534340696384782
94.157918303,1709142564.840900447,1709142564.840424555,/rigid_bodies.rigidbodies[2].pose.position.y,0.6531816049008928
94.168464761,1709142564.851446905,1709142564.850871107,/rigid_bodies.rigidbodies[2].pose.position.y,0.6532179291583529
94.178216337,1709142564.861198481,1709142564.860721826,/rigid_bodies.rigidbodies[2].pose.position.y,0.6534760472019915
94.188781767,1709142564.871763911,1709142564.871025423,/rigid_bodies.rigidbodies[2].pose.position.y,0.6536783761322456
94.19885379,1709142564.881835934,1709142564.881210135,/rigid_bodies.rigidbodies[2].pose.position.y,0.6535393143822111
94.208031613,1709142564.891013757,1709142564.890491402,/rigid_bodies.rigidbodies[2].pose.position.y,0.6532197483868584
94.218290128,1709142564.901272272,1709142564.900711858,/rigid_bodies.rigidbodies[2].pose.position.y,0.6531659721421318
94.227721219,1709142564.910703363,1709142564.910300601,/rigid_bodies.rigidbodies[2].pose.position.y,0.653419640684013
94.238232445,1709142564.921214589,1709142564.920864771,/rigid_bodies.rigidbodies[2].pose.position.y,0.6536362927828226
94.248546366,1709142564.931528510,1709142564.931144831,/rigid_bodies.rigidbodies[2].pose.position.y,0.6535857527819042
94.257456478,1709142564.940438622,1709142564.940048623,/rigid_bodies.rigidbodies[2].pose.position.y,0.6533247644910288
94.2677185,1709142564.950700644,1709142564.950308323,/rigid_bodies.rigidbodies[2].pose.position.y,0.6531860600901989
94.278118812,1709142564.961100956,1709142564.960706758,/rigid_bodies.rigidbodies[2].pose.position.y,0.6533278242890838
94.288049885,1709142564.971032029,1709142564.970589000,/rigid_bodies.rigidbodies[2].pose.position.y,0.6536359507531991
94.298559568,1709142564.981541712,1709142564.980951364,/rigid_bodies.rigidbodies[2].pose.position.y,0.653659300085973
94.307898002,1709142564.990880146,1709142564.990499094,/rigid_bodies.rigidbodies[2].pose.position.y,0.6533881862196277
94.318047275,1709142565.001029419,1709142565.000726131,/rigid_bodies.rigidbodies[2].pose.position.y,0.6531330530035817
94.327423309,1709142565.010405453,1709142565.010080622,/rigid_bodies.rigidbodies[2].pose.position.y,0.6531361262648423
94.338397876,1709142565.021380020,1709142565.021024882,/rigid_bodies.rigidbodies[2].pose.position.y,0.653437988600257
94.348166626,1709142565.031148770,1709142565.030742713,/rigid_bodies.rigidbodies[2].pose.position.y,0.6536832083136951
94.358261198,1709142565.041243342,1709142565.040621203,/rigid_bodies.rigidbodies[2].pose.position.y,0.6535552451954759
94.368380879,1709142565.051363023,1709142565.050748555,/rigid_bodies.rigidbodies[2].pose.position.y,0.6532720745481531
94.378064453,1709142565.061046597,1709142565.060643587,/rigid_bodies.rigidbodies[2].pose.position.y,0.6531805678058005
94.388094275,1709142565.071076419,1709142565.070691730,/rigid_bodies.rigidbodies[2].pose.position.y,0.653340080757571
94.398521121,1709142565.081503265,1709142565.080872037,/rigid_bodies.rigidbodies[2].pose.position.y,0.6536449726495879
94.408219852,1709142565.091201996,1709142565.090840624,/rigid_bodies.rigidbodies[2].pose.position.y,0.6536538901192591
94.418190407,1709142565.101172551,1709142565.100878356,/rigid_bodies.rigidbodies[2].pose.position.y,0.6533573015737191
94.428696238,1709142565.111678382,1709142565.111013324,/rigid_bodies.rigidbodies[2].pose.position.y,0.6532012252259487
94.437845678,1709142565.120827822,1709142565.120611735,/rigid_bodies.rigidbodies[2].pose.position.y,0.6532863463738416
94.448231843,1709142565.131213987,1709142565.130892150,/rigid_bodies.rigidbodies[2].pose.position.y,0.6535158009056509
94.458651284,1709142565.141633428,1709142565.141172560,/rigid_bodies.rigidbodies[2].pose.position.y,0.6536757120783152
94.467982926,1709142565.150965070,1709142565.150653257,/rigid_bodies.rigidbodies[2].pose.position.y,0.65349258313602
94.477490045,1709142565.160472189,1709142565.160102746,/rigid_bodies.rigidbodies[2].pose.position.y,0.6531948213761272
94.488330525,1709142565.171312669,1709142565.170882550,/rigid_bodies.rigidbodies[2].pose.position.y,0.6532377373414737
94.498569414,1709142565.181551558,1709142565.181004530,/rigid_bodies.rigidbodies[2].pose.position.y,0.6534853917978068
94.508508881,1709142565.191491025,1709142565.191027287,/rigid_bodies.rigidbodies[2].pose.position.y,0.6536437022123847
94.518168538,1709142565.201150682,1709142565.200678073,/rigid_bodies.rigidbodies[2].pose.position.y,0.653559046065664
94.527817993,1709142565.210800137,1709142565.210431959,/rigid_bodies.rigidbodies[2].pose.position.y,0.6532858458649446
94.538147284,1709142565.221129428,1709142565.220680387,/rigid_bodies.rigidbodies[2].pose.position.y,0.6531428591954165
94.547685987,1709142565.230668131,1709142565.230180418,/rigid_bodies.rigidbodies[2].pose.position.y,0.6533552202291666
94.558202119,1709142565.241184263,1709142565.240663997,/rigid_bodies.rigidbodies[2].pose.position.y,0.653598728755233
94.568248081,1709142565.251230225,1709142565.250779271,/rigid_bodies.rigidbodies[2].pose.position.y,0.6536202386987388
94.577602123,1709142565.260584267,1709142565.260153200,/rigid_bodies.rigidbodies[2].pose.position.y,0.6534214233803427
94.588278295,1709142565.271260439,1709142565.270753481,/rigid_bodies.rigidbodies[2].pose.position.y,0.6531836942663146
94.598303451,1709142565.281285595,1709142565.280796115,/rigid_bodies.rigidbodies[2].pose.position.y,0.6532800962085434
94.608384794,1709142565.291366938,1709142565.290861780,/rigid_bodies.rigidbodies[2].pose.position.y,0.6535805911765052
94.618133831,1709142565.301115975,1709142565.300736801,/rigid_bodies.rigidbodies[2].pose.position.y,0.6536913371510661
94.628079679,1709142565.311061823,1709142565.310659322,/rigid_bodies.rigidbodies[2].pose.position.y,0.6535341882878998
94.637743384,1709142565.320725528,1709142565.320360385,/rigid_bodies.rigidbodies[2].pose.position.y,0.6533037848024542
94.648051734,1709142565.331033878,1709142565.330654420,/rigid_bodies.rigidbodies[2].pose.position.y,0.653217186317484
94.657580913,1709142565.340563057,1709142565.340194043,/rigid_bodies.rigidbodies[2].pose.position.y,0.6534389750081905
94.668452542,1709142565.351434686,1709142565.350945532,/rigid_bodies.rigidbodies[2].pose.position.y,0.6536402201111008
94.67759651,1709142565.360578654,1709142565.360170181,/rigid_bodies.rigidbodies[2].pose.position.y,0.6535424841049052
94.688144928,1709142565.371127072,1709142565.370644993,/rigid_bodies.rigidbodies[2].pose.position.y,0.653296193535641
94.69860306,1709142565.381585204,1709142565.381075438,/rigid_bodies.rigidbodies[2].pose.position.y,0.6532058403010769
94.706547341,1709142565.389529485,1709142565.389059531,/rigid_bodies.rigidbodies[2].pose.position.y,0.6533114428746182
94.71868507,1709142565.401667214,1709142565.401048798,/rigid_bodies.rigidbodies[2].pose.position.y,0.6535663718601434
94.728093083,1709142565.411075227,1709142565.410637178,/rigid_bodies.rigidbodies[2].pose.position.y,0.6536203658481818
94.738273842,1709142565.421255986,1709142565.420806865,/rigid_bodies.rigidbodies[2].pose.position.y,0.6533714035430305
94.748383337,1709142565.431365481,1709142565.430951926,/rigid_bodies.rigidbodies[2].pose.position.y,0.6532223851009246
94.75817083,1709142565.441152974,1709142565.440567442,/rigid_bodies.rigidbodies[2].pose.position.y,0.6532844524147532
94.768296172,1709142565.451278316,1709142565.450719509,/rigid_bodies.rigidbodies[2].pose.position.y,0.6535063476912106
94.778110214,1709142565.461092358,1709142565.460666115,/rigid_bodies.rigidbodies[2].pose.position.y,0.6536185386601582
94.788500052,1709142565.471482196,1709142565.470861529,/rigid_bodies.rigidbodies[2].pose.position.y,0.6534401417122502
94.798676807,1709142565.481658951,1709142565.481108506,/rigid_bodies.rigidbodies[2].pose.position.y,0.6531481684806819
94.807557256,1709142565.490539400,1709142565.490214527,/rigid_bodies.rigidbodies[2].pose.position.y,0.6531821535309852
94.818289386,1709142565.501271530,1709142565.500786879,/rigid_bodies.rigidbodies[2].pose.position.y,0.6534243448120262
94.827901665,1709142565.510883809,1709142565.510307339,/rigid_bodies.rigidbodies[2].pose.position.y,0.653618755680965
94.83834776,1709142565.521329904,1709142565.520889504,/rigid_bodies.rigidbodies[2].pose.position.y,0.6536340683921948
94.848471729,1709142565.531453873,1709142565.530876984,/rigid_bodies.rigidbodies[2].pose.position.y,0.6533307475902889
94.858369062,1709142565.541351206,1709142565.540750072,/rigid_bodies.rigidbodies[2].pose.position.y,0.6531460265289314
94.868647792,1709142565.551629936,1709142565.551056736,/rigid_bodies.rigidbodies[2].pose.position.y,0.6533192002436105
94.878663528,1709142565.561645672,1709142565.560900184,/rigid_bodies.rigidbodies[2].pose.position.y,0.6535295849108583
94.889187791,1709142565.572169935,1709142565.571470224,/rigid_bodies.rigidbodies[2].pose.position.y,0.6535920504508463
94.897739721,1709142565.580721865,1709142565.580236595,/rigid_bodies.rigidbodies[2].pose.position.y,0.6534412593462305
94.90776567,1709142565.590747814,1709142565.590149795,/rigid_bodies.rigidbodies[2].pose.position.y,0.6532057485901459
94.91818003,1709142565.601162174,1709142565.600519528,/rigid_bodies.rigidbodies[2].pose.position.y,0.6532187385482329
94.92795127,1709142565.610933414,1709142565.610527700,/rigid_bodies.rigidbodies[2].pose.position.y,0.6534508999332302
94.937929258,1709142565.620911402,1709142565.620595569,/rigid_bodies.rigidbodies[2].pose.position.y,0.6535958185119445
94.948253052,1709142565.631235196,1709142565.630834666,/rigid_bodies.rigidbodies[2].pose.position.y,0.653534169534641
94.957887551,1709142565.640869695,1709142565.640520179,/rigid_bodies.rigidbodies[2].pose.position.y,0.6533322136516804
94.968534824,1709142565.651516968,1709142565.651040051,/rigid_bodies.rigidbodies[2].pose.position.y,0.6531874884575132
94.978386278,1709142565.661368422,1709142565.660941947,/rigid_bodies.rigidbodies[2].pose.position.y,0.6533290585676498
94.988378684,1709142565.671360828,1709142565.670930451,/rigid_bodies.rigidbodies[2].pose.position.y,0.6535786957913711
94.998476709,1709142565.681458853,1709142565.681024482,/rigid_bodies.rigidbodies[2].pose.position.y,0.6535884240091863
95.008325928,1709142565.691308072,1709142565.690786292,/rigid_bodies.rigidbodies[2].pose.position.y,0.6534398207339764
95.018260023,1709142565.701242167,1709142565.700911552,/rigid_bodies.rigidbodies[2].pose.position.y,0.653283178225181
95.027672092,1709142565.710654236,1709142565.710295125,/rigid_bodies.rigidbodies[2].pose.position.y,0.6532734493347149
95.037942222,1709142565.720924366,1709142565.720669118,/rigid_bodies.rigidbodies[2].pose.position.y,0.6534755027838234
95.048218215,1709142565.731200359,1709142565.730869295,/rigid_bodies.rigidbodies[2].pose.position.y,0.653628417511839
95.058108769,1709142565.741090913,1709142565.740637027,/rigid_bodies.rigidbodies[2].pose.position.y,0.653490867545869
95.068170809,1709142565.751152953,1709142565.750732181,/rigid_bodies.rigidbodies[2].pose.position.y,0.6533205421858823
95.078119016,1709142565.761101160,1709142565.760652895,/rigid_bodies.rigidbodies[2].pose.position.y,0.6532770053678466
95.088291599,1709142565.771273743,1709142565.770916676,/rigid_bodies.rigidbodies[2].pose.position.y,0.6533710848232175
95.097773837,1709142565.780755981,1709142565.780446005,/rigid_bodies.rigidbodies[2].pose.position.y,0.6535973502911896
95.108128422,1709142565.791110566,1709142565.790644620,/rigid_bodies.rigidbodies[2].pose.position.y,0.6535516728083075
95.118504109,1709142565.801486253,1709142565.801043511,/rigid_bodies.rigidbodies[2].pose.position.y,0.653308772006143
95.127931972,1709142565.810914116,1709142565.810644692,/rigid_bodies.rigidbodies[2].pose.position.y,0.653243548972285
95.138183017,1709142565.821165161,1709142565.820830170,/rigid_bodies.rigidbodies[2].pose.position.y,0.6533480482795592
95.148118137,1709142565.831100281,1709142565.830823577,/rigid_bodies.rigidbodies[2].pose.position.y,0.6535020119586983
95.157846152,1709142565.840828296,1709142565.840472797,/rigid_bodies.rigidbodies[2].pose.position.y,0.6536002879269796
95.168304185,1709142565.851286329,1709142565.850773501,/rigid_bodies.rigidbodies[2].pose.position.y,0.653491207174312
95.177558144,1709142565.860540288,1709142565.860215097,/rigid_bodies.rigidbodies[2].pose.position.y,0.6533035374052544
95.188274966,1709142565.871257110,1709142565.870807952,/rigid_bodies.rigidbodies[2].pose.position.y,0.6533542701083409
95.198563142,1709142565.881545286,1709142565.881000825,/rigid_bodies.rigidbodies[2].pose.position.y,0.6535018548050807
95.208277444,1709142565.891259588,1709142565.890832777,/rigid_bodies.rigidbodies[2].pose.position.y,0.6535804467112034
95.218004637,1709142565.900986781,1709142565.900563626,/rigid_bodies.rigidbodies[2].pose.position.y,0.6535065583644657
95.228101626,1709142565.911083770,1709142565.910704469,/rigid_bodies.rigidbodies[2].pose.position.y,0.653247581582598
95.238167606,1709142565.921149750,1709142565.920747298,/rigid_bodies.rigidbodies[2].pose.position.y,0.6531894515791156
95.248086833,1709142565.931068977,1709142565.930537865,/rigid_bodies.rigidbodies[2].pose.position.y,0.6533816349348265
95.258426324,1709142565.941408468,1709142565.940754356,/rigid_bodies.rigidbodies[2].pose.position.y,0.6535842446401084
95.268396743,1709142565.951378887,1709142565.950987854,/rigid_bodies.rigidbodies[2].pose.position.y,0.6536132522080075
95.277837872,1709142565.960820016,1709142565.960392486,/rigid_bodies.rigidbodies[2].pose.position.y,0.6534323126517676
95.288174989,1709142565.971157133,1709142565.970658271,/rigid_bodies.rigidbodies[2].pose.position.y,0.653219165635423
95.298059056,1709142565.981041200,1709142565.980564522,/rigid_bodies.rigidbodies[2].pose.position.y,0.6532900001531119
95.308374831,1709142565.991356975,1709142565.990753314,/rigid_bodies.rigidbodies[2].pose.position.y,0.6535019079406874
95.318590542,1709142566.001572686,1709142566.001091138,/rigid_bodies.rigidbodies[2].pose.position.y,0.6536254021072077
95.327850055,1709142566.010832199,1709142566.010424838,/rigid_bodies.rigidbodies[2].pose.position.y,0.6535137925293322
95.338160121,1709142566.021142265,1709142566.020680157,/rigid_bodies.rigidbodies[2].pose.position.y,0.6533241842311415
95.345954312,1709142566.028936456,1709142566.028500647,/rigid_bodies.rigidbodies[2].pose.position.y,0.6531946442836297
95.357919745,1709142566.040901889,1709142566.040553119,/rigid_bodies.rigidbodies[2].pose.position.y,0.6533327544178893
95.36770389,1709142566.050686034,1709142566.050513503,/rigid_bodies.rigidbodies[2].pose.position.y,0.653591686715328
95.377638966,1709142566.060621110,1709142566.060286915,/rigid_bodies.rigidbodies[2].pose.position.y,0.6535353539020571
95.387835009,1709142566.070817153,1709142566.070570359,/rigid_bodies.rigidbodies[2].pose.position.y,0.6532888701598237
95.397740132,1709142566.080722276,1709142566.080438872,/rigid_bodies.rigidbodies[2].pose.position.y,0.6532019089198049
95.406717811,1709142566.089699955,1709142566.089460618,/rigid_bodies.rigidbodies[2].pose.position.y,0.6532821246048633
95.418349053,1709142566.101331197,1709142566.100838909,/rigid_bodies.rigidbodies[2].pose.position.y,0.6535077470202776
95.427551058,1709142566.110533202,1709142566.109904349,/rigid_bodies.rigidbodies[2].pose.position.y,0.6536568368558531
95.438204884,1709142566.121187028,1709142566.120717469,/rigid_bodies.rigidbodies[2].pose.position.y,0.6534932272190322
95.448463372,1709142566.131445516,1709142566.130936036,/rigid_bodies.rigidbodies[2].pose.position.y,0.6533247445739089
95.457914659,1709142566.140896803,1709142566.140349653,/rigid_bodies.rigidbodies[2].pose.position.y,0.6532779079372754
95.4682521,1709142566.151234244,1709142566.150738740,/rigid_bodies.rigidbodies[2].pose.position.y,0.6533991537506758
95.477926943,1709142566.160909087,1709142566.160430210,/rigid_bodies.rigidbodies[2].pose.position.y,0.6536194417910228
95.488824664,1709142566.171806808,1709142566.171023126,/rigid_bodies.rigidbodies[2].pose.position.y,0.6535351108632662
95.498965818,1709142566.181947962,1709142566.181134864,/rigid_bodies.rigidbodies[2].pose.position.y,0.6532668233169842
95.508091858,1709142566.191074002,1709142566.190604363,/rigid_bodies.rigidbodies[2].pose.position.y,0.6531855266176396
95.518782169,1709142566.201764313,1709142566.201062347,/rigid_bodies.rigidbodies[2].pose.position.y,0.6533839930337443
95.52795706,1709142566.210939204,1709142566.210190947,/rigid_bodies.rigidbodies[2].pose.position.y,0.6536297140647189
95.538368214,1709142566.221350358,1709142566.220892691,/rigid_bodies.rigidbodies[2].pose.position.y,0.6536742979949373
95.548189938,1709142566.231172082,1709142566.230544048,/rigid_bodies.rigidbodies[2].pose.position.y,0.6533806393441541
95.558180438,1709142566.241162582,1709142566.240705545,/rigid_bodies.rigidbodies[2].pose.position.y,0.6531891416417082
95.568462675,1709142566.251444819,1709142566.250924552,/rigid_bodies.rigidbodies[2].pose.position.y,0.6532904898410998
95.578517288,1709142566.261499432,1709142566.260829170,/rigid_bodies.rigidbodies[2].pose.position.y,0.6534544448826803
95.588572122,1709142566.271554266,1709142566.270982766,/rigid_bodies.rigidbodies[2].pose.position.y,0.653603806413009
95.598755738,1709142566.281737882,1709142566.281113922,/rigid_bodies.rigidbodies[2].pose.position.y,0.6535823556538309
95.6080301,1709142566.291012244,1709142566.290542423,/rigid_bodies.rigidbodies[2].pose.position.y,0.6533566397896319
95.618835578,1709142566.301817722,1709142566.301083882,/rigid_bodies.rigidbodies[2].pose.position.y,0.6532567120062139
95.62781162,1709142566.310793764,1709142566.310244058,/rigid_bodies.rigidbodies[2].pose.position.y,0.6534271244752333
95.638103682,1709142566.321085826,1709142566.320736784,/rigid_bodies.rigidbodies[2].pose.position.y,0.6535831429777754
95.643701229,1709142566.326683373,1709142566.326198995,/rigid_bodies.rigidbodies[2].pose.position.y,0.6535875964849063
95.658826559,1709142566.341808703,1709142566.341230935,/rigid_bodies.rigidbodies[2].pose.position.y,0.6533608128828381
95.668614738,1709142566.351596882,1709142566.351066459,/rigid_bodies.rigidbodies[2].pose.position.y,0.6531877893945912
95.678497947,1709142566.361480091,1709142566.360769780,/rigid_bodies.rigidbodies[2].pose.position.y,0.6533059203786329
95.688669175,1709142566.371651319,1709142566.370941949,/rigid_bodies.rigidbodies[2].pose.position.y,0.6535743647651098
95.698911444,1709142566.381893588,1709142566.381450582,/rigid_bodies.rigidbodies[2].pose.position.y,0.6535747808722702
95.70852285,1709142566.391504994,1709142566.390872171,/rigid_bodies.rigidbodies[2].pose.position.y,0.6533792425339223
95.718293496,1709142566.401275640,1709142566.400746210,/rigid_bodies.rigidbodies[2].pose.position.y,0.6532322889125858
95.728168483,1709142566.411150627,1709142566.410572245,/rigid_bodies.rigidbodies[2].pose.position.y,0.6532478355318566
95.738081054,1709142566.421063198,1709142566.420616290,/rigid_bodies.rigidbodies[2].pose.position.y,0.6534757944886557
95.748673789,1709142566.431655933,1709142566.431064850,/rigid_bodies.rigidbodies[2].pose.position.y,0.6536455408042791
95.758402765,1709142566.441384909,1709142566.440900171,/rigid_bodies.rigidbodies[2].pose.position.y,0.6535313896878618
95.767789535,1709142566.450771679,1709142566.450563490,/rigid_bodies.rigidbodies[2].pose.position.y,0.6533359150695704
95.778195655,1709142566.461177799,1709142566.460919468,/rigid_bodies.rigidbodies[2].pose.position.y,0.6532323191119844
95.787683386,1709142566.470665530,1709142566.470440444,/rigid_bodies.rigidbodies[2].pose.position.y,0.6533726612505184
95.798112965,1709142566.481095109,1709142566.480672527,/rigid_bodies.rigidbodies[2].pose.position.y,0.6536738101374118
95.808248508,1709142566.491230652,1709142566.490639783,/rigid_bodies.rigidbodies[2].pose.position.y,0.6536440688868025
95.818694942,1709142566.501677086,1709142566.501159719,/rigid_bodies.rigidbodies[2].pose.position.y,0.6533427235358743
95.827988385,1709142566.510970529,1709142566.510222431,/rigid_bodies.rigidbodies[2].pose.position.y,0.6531610677894327
95.838176388,1709142566.521158532,1709142566.520689528,/rigid_bodies.rigidbodies[2].pose.position.y,0.6532886556282335
95.848235823,1709142566.531217967,1709142566.530742144,/rigid_bodies.rigidbodies[2].pose.position.y,0.6535503075088863
95.858078849,1709142566.541060993,1709142566.540511402,/rigid_bodies.rigidbodies[2].pose.position.y,0.6537385572463212
95.868010294,1709142566.550992438,1709142566.550443702,/rigid_bodies.rigidbodies[2].pose.position.y,0.6535798890572512
95.877517151,1709142566.560499295,1709142566.560040691,/rigid_bodies.rigidbodies[2].pose.position.y,0.6533105964219537
95.88873443,1709142566.571716574,1709142566.571013218,/rigid_bodies.rigidbodies[2].pose.position.y,0.6532624994617261
95.898175772,1709142566.581157916,1709142566.580627926,/rigid_bodies.rigidbodies[2].pose.position.y,0.6533841874491572
95.907976908,1709142566.590959052,1709142566.590566224,/rigid_bodies.rigidbodies[2].pose.position.y,0.6535851527970087
95.918613066,1709142566.601595210,1709142566.600957045,/rigid_bodies.rigidbodies[2].pose.position.y,0.6536509810032776
95.92752569,1709142566.610507834,1709142566.610019905,/rigid_bodies.rigidbodies[2].pose.position.y,0.6533974895116202
95.937470613,1709142566.620452757,1709142566.620040247,/rigid_bodies.rigidbodies[2].pose.position.y,0.6532260397533904
95.9482478,1709142566.631229944,1709142566.630704217,/rigid_bodies.rigidbodies[2].pose.position.y,0.65334351333083
95.957882107,1709142566.640864251,1709142566.640290358,/rigid_bodies.rigidbodies[2].pose.position.y,0.6535825391766452
95.968120579,1709142566.651102723,1709142566.650660945,/rigid_bodies.rigidbodies[2].pose.position.y,0.6536633053604736
95.973657779,1709142566.656639923,1709142566.656195335,/rigid_bodies.rigidbodies[2].pose.position.y,0.6534899886369314
95.98828278,1709142566.671264924,1709142566.670842530,/rigid_bodies.rigidbodies[2].pose.position.y,0.653220646988091
95.99830765,1709142566.681289794,1709142566.680817926,/rigid_bodies.rigidbodies[2].pose.position.y,0.6532629594148839
96.008206027,1709142566.691188171,1709142566.690561037,/rigid_bodies.rigidbodies[2].pose.position.y,0.6535456257605858
96.018078344,1709142566.701060488,1709142566.700574671,/rigid_bodies.rigidbodies[2].pose.position.y,0.6535842558090847
96.028165206,1709142566.711147350,1709142566.710681944,/rigid_bodies.rigidbodies[2].pose.position.y,0.6534329122303674
96.038326192,1709142566.721308336,1709142566.720759915,/rigid_bodies.rigidbodies[2].pose.position.y,0.6532777838349607
96.048214351,1709142566.731196495,1709142566.730711234,/rigid_bodies.rigidbodies[2].pose.position.y,0.653260173751482
96.058022816,1709142566.741004960,1709142566.740502479,/rigid_bodies.rigidbodies[2].pose.position.y,0.6534691210725725
96.068566069,1709142566.751548213,1709142566.750918776,/rigid_bodies.rigidbodies[2].pose.position.y,0.653633635359473
96.078388029,1709142566.761370173,1709142566.760807573,/rigid_bodies.rigidbodies[2].pose.position.y,0.653608179887939
96.088264812,1709142566.771246956,1709142566.770790596,/rigid_bodies.rigidbodies[2].pose.position.y,0.6534332394636615
96.098410063,1709142566.781392207,1709142566.780903417,/rigid_bodies.rigidbodies[2].pose.position.y,0.6532287351910525
96.108665101,1709142566.791647245,1709142566.791111265,/rigid_bodies.rigidbodies[2].pose.position.y,0.6532846765719869
96.118183903,1709142566.801166047,1709142566.800735148,/rigid_bodies.rigidbodies[2].pose.position.y,0.6535760304318974
96.128405774,1709142566.811387918,1709142566.810738854,/rigid_bodies.rigidbodies[2].pose.position.y,0.653667406740308
96.138031772,1709142566.821013916,1709142566.820553145,/rigid_bodies.rigidbodies[2].pose.position.y,0.6534484707675143
96.143781487,1709142566.826763631,1709142566.826268824,/rigid_bodies.rigidbodies[2].pose.position.y,0.6531906379570195
96.158612848,1709142566.841594992,1709142566.841081516,/rigid_bodies.rigidbodies[2].pose.position.y,0.6531280103769607
96.168475932,1709142566.851458076,1709142566.850905164,/rigid_bodies.rigidbodies[2].pose.position.y,0.6533774499155316
96.178184061,1709142566.861166205,1709142566.860706527,/rigid_bodies.rigidbodies[2].pose.position.y,0.6536194316408553
96.188186137,1709142566.871168281,1709142566.870718984,/rigid_bodies.rigidbodies[2].pose.position.y,0.6535750245635253
96.198310579,1709142566.881292723,1709142566.880846855,/rigid_bodies.rigidbodies[2].pose.position.y,0.6533206407051987
96.20819484,1709142566.891176984,1709142566.890623308,/rigid_bodies.rigidbodies[2].pose.position.y,0.6532367620256418
96.218424,1709142566.901406144,1709142566.900903796,/rigid_bodies.rigidbodies[2].pose.position.y,0.6533295314001057
96.228261679,1709142566.911243823,1709142566.910687910,/rigid_bodies.rigidbodies[2].pose.position.y,0.653494760498687
96.238173515,1709142566.921155659,1709142566.920739966,/rigid_bodies.rigidbodies[2].pose.position.y,0.6535989917977288
96.248891613,1709142566.931873757,1709142566.931367047,/rigid_bodies.rigidbodies[2].pose.position.y,0.6534326509800905
96.25809791,1709142566.941080054,1709142566.940546736,/rigid_bodies.rigidbodies[2].pose.position.y,0.6531852128303361
96.268286258,1709142566.951268402,1709142566.950773276,/rigid_bodies.rigidbodies[2].pose.position.y,0.6532351827996278
96.278606722,1709142566.961588866,1709142566.961157035,/rigid_bodies.rigidbodies[2].pose.position.y,0.6534861623253836
96.288450963,1709142566.971433107,1709142566.970801542,/rigid_bodies.rigidbodies[2].pose.position.y,0.65365548025308
96.298761251,1709142566.981743395,1709142566.981053245,/rigid_bodies.rigidbodies[2].pose.position.y,0.653572305964698
96.308594746,1709142566.991576890,1709142566.991126154,/rigid_bodies.rigidbodies[2].pose.position.y,0.6532833070319607
96.318682251,1709142567.001664395,1709142567.001022794,/rigid_bodies.rigidbodies[2].pose.position.y,0.6531779706151224
96.328796748,1709142567.011778892,1709142567.011063791,/rigid_bodies.rigidbodies[2].pose.position.y,0.653375210942878
96.338487135,1709142567.021469279,1709142567.021002324,/rigid_bodies.rigidbodies[2].pose.position.y,0.6535702930275488
96.348127343,1709142567.031109487,1709142567.030824524,/rigid_bodies.rigidbodies[2].pose.position.y,0.6536192689385559
96.357455222,1709142567.040437366,1709142567.040265585,/rigid_bodies.rigidbodies[2].pose.position.y,0.6534422061873819
96.366664165,1709142567.049646309,1709142567.049348456,/rigid_bodies.rigidbodies[2].pose.position.y,0.6531827188251011
96.377704804,1709142567.060686948,1709142567.060349839,/rigid_bodies.rigidbodies[2].pose.position.y,0.6532387691280207
96.388347102,1709142567.071329246,1709142567.070871532,/rigid_bodies.rigidbodies[2].pose.position.y,0.6534516184614045
96.398200419,1709142567.081182563,1709142567.080747530,/rigid_bodies.rigidbodies[2].pose.position.y,0.6535837774636971
96.407560409,1709142567.090542553,1709142567.090293305,/rigid_bodies.rigidbodies[2].pose.position.y,0.6535715371671292
96.418010944,1709142567.100993088,1709142567.100584551,/rigid_bodies.rigidbodies[2].pose.position.y,0.6533593746099225
96.428144768,1709142567.111126912,1709142567.110722283,/rigid_bodies.rigidbodies[2].pose.position.y,0.6532058193173226
96.438297943,1709142567.121280087,1709142567.120980316,/rigid_bodies.rigidbodies[2].pose.position.y,0.6533867260974867
96.45018424,1709142567.133166384,1709142567.132680397,/rigid_bodies.rigidbodies[2].pose.position.y,0.6536053024584895
96.458372826,1709142567.141354970,1709142567.140851260,/rigid_bodies.rigidbodies[2].pose.position.y,0.6535807635375134
96.46817808,1709142567.151160224,1709142567.150737747,/rigid_bodies.rigidbodies[2].pose.position.y,0.6533837503976305
96.47841525,1709142567.161397394,1709142567.160846361,/rigid_bodies.rigidbodies[2].pose.position.y,0.6532454533787071
96.488372119,1709142567.171354263,1709142567.170901959,/rigid_bodies.rigidbodies[2].pose.position.y,0.6533192164326141
96.498413932,1709142567.181396076,1709142567.180872788,/rigid_bodies.rigidbodies[2].pose.position.y,0.6535124972337848
96.508013075,1709142567.190995219,1709142567.190531373,/rigid_bodies.rigidbodies[2].pose.position.y,0.6535826080863195
96.518339504,1709142567.201321648,1709142567.200830140,/rigid_bodies.rigidbodies[2].pose.position.y,0.6534605171092608
96.527940933,1709142567.210923077,1709142567.210498614,/rigid_bodies.rigidbodies[2].pose.position.y,0.6533394161836338
96.538044103,1709142567.221026247,1709142567.220541263,/rigid_bodies.rigidbodies[2].pose.position.y,0.6533452354272665
96.548497124,1709142567.231479268,1709142567.231032035,/rigid_bodies.rigidbodies[2].pose.position.y,0.6534361747828511
96.557929514,1709142567.240911658,1709142567.240429737,/rigid_bodies.rigidbodies[2].pose.position.y,0.6535877817336397
96.568307627,1709142567.251289771,1709142567.250752856,/rigid_bodies.rigidbodies[2].pose.position.y,0.6535334050368677
96.578342031,1709142567.261324175,1709142567.260914657,/rigid_bodies.rigidbodies[2].pose.position.y,0.653297631903054
96.588446793,1709142567.271428937,1709142567.270921477,/rigid_bodies.rigidbodies[2].pose.position.y,0.6532337154907449
96.59809461,1709142567.281076754,1709142567.280649144,/rigid_bodies.rigidbodies[2].pose.position.y,0.6533269642286205
96.608198547,1709142567.291180691,1709142567.290810606,/rigid_bodies.rigidbodies[2].pose.position.y,0.6535664755163906
96.618176839,1709142567.301158983,1709142567.300739907,/rigid_bodies.rigidbodies[2].pose.position.y,0.6536826228178508
96.628040003,1709142567.311022147,1709142567.310574042,/rigid_bodies.rigidbodies[2].pose.position.y,0.6534437636891463
96.638526608,1709142567.321508752,1709142567.320918861,/rigid_bodies.rigidbodies[2].pose.position.y,0.65322676169705
96.645162216,1709142567.328144360,1709142567.327753808,/rigid_bodies.rigidbodies[2].pose.position.y,0.6532828147199161
96.658517148,1709142567.341499292,1709142567.341031048,/rigid_bodies.rigidbodies[2].pose.position.y,0.6534344886421471
96.668226195,1709142567.351208339,1709142567.350829439,/rigid_bodies.rigidbodies[2].pose.position.y,0.6535837220715566
96.677769068,1709142567.360751212,1709142567.360459491,/rigid_bodies.rigidbodies[2].pose.position.y,0.6535321250798821
96.688432482,1709142567.371414626,1709142567.370863497,/rigid_bodies.rigidbodies[2].pose.position.y,0.6532873072720188
96.698199374,1709142567.381181518,1709142567.380697356,/rigid_bodies.rigidbodies[2].pose.position.y,0.6532342223005901
96.7080237,1709142567.391005844,1709142567.390625134,/rigid_bodies.rigidbodies[2].pose.position.y,0.6533958068625624
96.718293304,1709142567.401275448,1709142567.400852189,/rigid_bodies.rigidbodies[2].pose.position.y,0.6536291875856491
96.72830212,1709142567.411284264,1709142567.410751606,/rigid_bodies.rigidbodies[2].pose.position.y,0.6536723225604799
96.737982968,1709142567.420965112,1709142567.420698397,/rigid_bodies.rigidbodies[2].pose.position.y,0.6534317755834542
96.748424521,1709142567.431406665,1709142567.430850218,/rigid_bodies.rigidbodies[2].pose.position.y,0.6531866244544454
96.758382357,1709142567.441364501,1709142567.440998402,/rigid_bodies.rigidbodies[2].pose.position.y,0.653253935737107
96.76863963,1709142567.451621774,1709142567.451090402,/rigid_bodies.rigidbodies[2].pose.position.y,0.6534952910208763
96.778009454,1709142567.460991598,1709142567.460620096,/rigid_bodies.rigidbodies[2].pose.position.y,0.6536011771184699
96.788250482,1709142567.471232626,1709142567.470834349,/rigid_bodies.rigidbodies[2].pose.position.y,0.6534981193023723
96.798428736,1709142567.481410880,1709142567.480931724,/rigid_bodies.rigidbodies[2].pose.position.y,0.6532977922892828
96.808446372,1709142567.491428516,1709142567.490956286,/rigid_bodies.rigidbodies[2].pose.position.y,0.6531868676906294
96.818023219,1709142567.501005363,1709142567.500643777,/rigid_bodies.rigidbodies[2].pose.position.y,0.6534262468160928
96.828878209,1709142567.511860353,1709142567.511374413,/rigid_bodies.rigidbodies[2].pose.position.y,0.6536242226848497
96.838264812,1709142567.521246956,1709142567.520763650,/rigid_bodies.rigidbodies[2].pose.position.y,0.6535691967281937
96.848010528,1709142567.530992672,1709142567.530623179,/rigid_bodies.rigidbodies[2].pose.position.y,0.6534410317396568
96.857698542,1709142567.540680686,1709142567.540350481,/rigid_bodies.rigidbodies[2].pose.position.y,0.6532177231332877
96.868680691,1709142567.551662835,1709142567.551130500,/rigid_bodies.rigidbodies[2].pose.position.y,0.653218111038587
96.877670317,1709142567.560652461,1709142567.560276783,/rigid_bodies.rigidbodies[2].pose.position.y,0.6535334861992248
96.888095269,1709142567.571077413,1709142567.570645299,/rigid_bodies.rigidbodies[2].pose.position.y,0.6536362354623252
96.898362376,1709142567.581344520,1709142567.580841538,/rigid_bodies.rigidbodies[2].pose.position.y,0.6535450522201738
96.908018619,1709142567.591000763,1709142567.590585756,/rigid_bodies.rigidbodies[2].pose.position.y,0.6533125450156333
96.918188205,1709142567.601170349,1709142567.600843436,/rigid_bodies.rigidbodies[2].pose.position.y,0.6531455427526579
96.928279473,1709142567.611261617,1709142567.610746548,/rigid_bodies.rigidbodies[2].pose.position.y,0.6533342534701246
96.938404607,1709142567.621386751,1709142567.621053077,/rigid_bodies.rigidbodies[2].pose.position.y,0.6535790827843797
96.948293611,1709142567.631275755,1709142567.630792218,/rigid_bodies.rigidbodies[2].pose.position.y,0.6535868373862121
96.957772267,1709142567.640754411,1709142567.640160933,/rigid_bodies.rigidbodies[2].pose.position.y,0.6534344942322099
96.968292379,1709142567.651274523,1709142567.650791454,/rigid_bodies.rigidbodies[2].pose.position.y,0.6533190552338397
96.978044936,1709142567.661027080,1709142567.660526689,/rigid_bodies.rigidbodies[2].pose.position.y,0.6533450557476405
96.988665901,1709142567.671648045,1709142567.671036120,/rigid_bodies.rigidbodies[2].pose.position.y,0.6535523873148454
96.999127294,1709142567.682109438,1709142567.681552796,/rigid_bodies.rigidbodies[2].pose.position.y,0.6535658785772764
97.007703598,1709142567.690685742,1709142567.690377155,/rigid_bodies.rigidbodies[2].pose.position.y,0.6533812912634054
97.01835438,1709142567.701336524,1709142567.700871100,/rigid_bodies.rigidbodies[2].pose.position.y,0.6533034761064123
97.027326105,1709142567.710308249,1709142567.710119748,/rigid_bodies.rigidbodies[2].pose.position.y,0.6532900364973535
97.038232789,1709142567.721214933,1709142567.720758896,/rigid_bodies.rigidbodies[2].pose.position.y,0.6534203254735673
97.048484163,1709142567.731466307,1709142567.730896317,/rigid_bodies.rigidbodies[2].pose.position.y,0.6535817070319437
97.058674923,1709142567.741657067,1709142567.740927028,/rigid_bodies.rigidbodies[2].pose.position.y,0.6535338894106703
97.068052521,1709142567.751034665,1709142567.750590639,/rigid_bodies.rigidbodies[2].pose.position.y,0.6532807858779492
97.077946325,1709142567.760928469,1709142567.760424111,/rigid_bodies.rigidbodies[2].pose.position.y,0.653193805288162
97.088534168,1709142567.771516312,1709142567.770851548,/rigid_bodies.rigidbodies[2].pose.position.y,0.6533715004000709
97.097766994,1709142567.780749138,1709142567.780223890,/rigid_bodies.rigidbodies[2].pose.position.y,0.6535285070871817
97.107628716,1709142567.790610860,1709142567.790211281,/rigid_bodies.rigidbodies[2].pose.position.y,0.6536033201475411
97.118498889,1709142567.801481033,1709142567.800769304,/rigid_bodies.rigidbodies[2].pose.position.y,0.6534393604024133
97.127914023,1709142567.810896167,1709142567.810413004,/rigid_bodies.rigidbodies[2].pose.position.y,0.6532294214497073
97.138003195,1709142567.820985339,1709142567.820679386,/rigid_bodies.rigidbodies[2].pose.position.y,0.6533348196200207
97.148425513,1709142567.831407657,1709142567.830826288,/rigid_bodies.rigidbodies[2].pose.position.y,0.6535044068052556
97.158239824,1709142567.841221968,1709142567.840741729,/rigid_bodies.rigidbodies[2].pose.position.y,0.6536068498970837
97.167995799,1709142567.850977943,1709142567.850546092,/rigid_bodies.rigidbodies[2].pose.position.y,0.6535485972134797
97.177776993,1709142567.860759137,1709142567.860221622,/rigid_bodies.rigidbodies[2].pose.position.y,0.6533002148016517
97.187778071,1709142567.870760215,1709142567.870066926,/rigid_bodies.rigidbodies[2].pose.position.y,0.6531281986941561
97.198101902,1709142567.881084046,1709142567.880637609,/rigid_bodies.rigidbodies[2].pose.position.y,0.6532848781075277
97.207602398,1709142567.890584542,1709142567.890122623,/rigid_bodies.rigidbodies[2].pose.position.y,0.6534838032293391
97.218195927,1709142567.901178071,1709142567.900794423,/rigid_bodies.rigidbodies[2].pose.position.y,0.6536300861101073
97.228260734,1709142567.911242878,1709142567.910879793,/rigid_bodies.rigidbodies[2].pose.position.y,0.6535225808802748
97.23793835,1709142567.920920494,1709142567.920698872,/rigid_bodies.rigidbodies[2].pose.position.y,0.6532710821225273
97.248120484,1709142567.931102628,1709142567.930810875,/rigid_bodies.rigidbodies[2].pose.position.y,0.6533307858627723
97.257862577,1709142567.940844721,1709142567.940528836,/rigid_bodies.rigidbodies[2].pose.position.y,0.6535201941138635
97.268456315,1709142567.951438459,1709142567.951005357,/rigid_bodies.rigidbodies[2].pose.position.y,0.6535541408828154
97.278485216,1709142567.961467360,1709142567.961050877,/rigid_bodies.rigidbodies[2].pose.position.y,0.653478035289723
97.288259616,1709142567.971241760,1709142567.970851793,/rigid_bodies.rigidbodies[2].pose.position.y,0.6533379615311369
97.297985267,1709142567.980967411,1709142567.980608015,/rigid_bodies.rigidbodies[2].pose.position.y,0.6532546531820508
97.308253575,1709142567.991235719,1709142567.990812705,/rigid_bodies.rigidbodies[2].pose.position.y,0.6534187620886936
97.318234857,1709142568.001217001,1709142568.000784980,/rigid_bodies.rigidbodies[2].pose.position.y,0.6535627831533922
97.3276776,1709142568.010659744,1709142568.010205935,/rigid_bodies.rigidbodies[2].pose.position.y,0.6535052086151644
97.338474251,1709142568.021456395,1709142568.020858322,/rigid_bodies.rigidbodies[2].pose.position.y,0.65339755772402
97.348573093,1709142568.031555237,1709142568.031075487,/rigid_bodies.rigidbodies[2].pose.position.y,0.653257127339419
97.357915653,1709142568.040897797,1709142568.040544072,/rigid_bodies.rigidbodies[2].pose.position.y,0.6532898406607108
97.367270245,1709142568.050252389,1709142568.049970544,/rigid_bodies.rigidbodies[2].pose.position.y,0.653525463585866
97.378092119,1709142568.061074263,1709142568.060889111,/rigid_bodies.rigidbodies[2].pose.position.y,0.6536280532496827
97.387193283,1709142568.070175427,1709142568.069968120,/rigid_bodies.rigidbodies[2].pose.position.y,0.6534759700584325
97.397843253,1709142568.080825397,1709142568.080603161,/rigid_bodies.rigidbodies[2].pose.position.y,0.6532876429336847
97.408207502,1709142568.091189646,1709142568.091002307,/rigid_bodies.rigidbodies[2].pose.position.y,0.6531957188890766
97.417649838,1709142568.100631982,1709142568.100403901,/rigid_bodies.rigidbodies[2].pose.position.y,0.6533748373034345
97.427463439,1709142568.110445583,1709142568.110277238,/rigid_bodies.rigidbodies[2].pose.position.y,0.6536502059718416
97.437887783,1709142568.120869927,1709142568.120623920,/rigid_bodies.rigidbodies[2].pose.position.y,0.6536112705757141
97.448152199,1709142568.131134343,1709142568.130797918,/rigid_bodies.rigidbodies[2].pose.position.y,0.6533357849543117
97.458062555,1709142568.141044699,1709142568.140661287,/rigid_bodies.rigidbodies[2].pose.position.y,0.6532313181694523
97.468417743,1709142568.151399887,1709142568.150912588,/rigid_bodies.rigidbodies[2].pose.position.y,0.6532796065164742
97.478229472,1709142568.161211616,1709142568.160771945,/rigid_bodies.rigidbodies[2].pose.position.y,0.6534500746031715
97.487983506,1709142568.170965650,1709142568.170332482,/rigid_bodies.rigidbodies[2].pose.position.y,0.6536250653938964
97.498175338,1709142568.181157482,1709142568.180544091,/rigid_bodies.rigidbodies[2].pose.position.y,0.6535265257448991
97.50839678,1709142568.191378924,1709142568.190834756,/rigid_bodies.rigidbodies[2].pose.position.y,0.6533401874211531
97.518450306,1709142568.201432450,1709142568.200734089,/rigid_bodies.rigidbodies[2].pose.position.y,0.6532937598291223
97.52787984,1709142568.210861984,1709142568.210319831,/rigid_bodies.rigidbodies[2].pose.position.y,0.6533415718968731
97.537336976,1709142568.220319120,1709142568.219782973,/rigid_bodies.rigidbodies[2].pose.position.y,0.6535020433022878
97.547734734,1709142568.230716878,1709142568.230141318,/rigid_bodies.rigidbodies[2].pose.position.y,0.6535250574753589
97.557024715,1709142568.240006859,1709142568.239441583,/rigid_bodies.rigidbodies[2].pose.position.y,0.65333909526383
97.567723386,1709142568.250705530,1709142568.250205257,/rigid_bodies.rigidbodies[2].pose.position.y,0.6532782802679983
97.577213236,1709142568.260195380,1709142568.259809347,/rigid_bodies.rigidbodies[2].pose.position.y,0.6534023336623453
97.588182149,1709142568.271164293,1709142568.270614095,/rigid_bodies.rigidbodies[2].pose.position.y,0.6535743970821895
97.598456891,1709142568.281439035,1709142568.280948086,/rigid_bodies.rigidbodies[2].pose.position.y,0.6535879317925497
97.607885935,1709142568.290868079,1709142568.290356075,/rigid_bodies.rigidbodies[2].pose.position.y,0.6533984049580596
97.618102369,1709142568.301084513,1709142568.300513924,/rigid_bodies.rigidbodies[2].pose.position.y,0.6531524486900744
97.62866077,1709142568.311642914,1709142568.310978663,/rigid_bodies.rigidbodies[2].pose.position.y,0.6532052763746446
97.637429125,1709142568.320411269,1709142568.319962402,/rigid_bodies.rigidbodies[2].pose.position.y,0.6534488400309194
97.648285884,1709142568.331268028,1709142568.330661385,/rigid_bodies.rigidbodies[2].pose.position.y,0.6535714165704443
97.657634358,1709142568.340616502,1709142568.340141005,/rigid_bodies.rigidbodies[2].pose.position.y,0.6535516994869257
97.66813197,1709142568.351114114,1709142568.350547204,/rigid_bodies.rigidbodies[2].pose.position.y,0.6533619101847984
97.677462851,1709142568.360444995,1709142568.359937734,/rigid_bodies.rigidbodies[2].pose.position.y,0.653178570381895
97.687266179,1709142568.370248323,1709142568.369745110,/rigid_bodies.rigidbodies[2].pose.position.y,0.6533585150627514
97.697379312,1709142568.380361456,1709142568.379673860,/rigid_bodies.rigidbodies[2].pose.position.y,0.6535973350489112
97.707498943,1709142568.390481087,1709142568.390053617,/rigid_bodies.rigidbodies[2].pose.position.y,0.6536315434352632
97.717720689,1709142568.400702833,1709142568.400285705,/rigid_bodies.rigidbodies[2].pose.position.y,0.6534834471386833
97.728341979,1709142568.411324123,1709142568.410730871,/rigid_bodies.rigidbodies[2].pose.position.y,0.6532038094003222
97.737563328,1709142568.420545472,1709142568.419999502,/rigid_bodies.rigidbodies[2].pose.position.y,0.6531399634725443
97.747847785,1709142568.430829929,1709142568.430377526,/rigid_bodies.rigidbodies[2].pose.position.y,0.6534163602294215
97.756877341,1709142568.439859485,1709142568.439238594,/rigid_bodies.rigidbodies[2].pose.position.y,0.6535674389412112
97.767660774,1709142568.450642918,1709142568.450104023,/rigid_bodies.rigidbodies[2].pose.position.y,0.6535424925816801
97.777911429,1709142568.460893573,1709142568.460517939,/rigid_bodies.rigidbodies[2].pose.position.y,0.653408533321933
97.787526899,1709142568.470509043,1709142568.470315564,/rigid_bodies.rigidbodies[2].pose.position.y,0.6532365319131365
97.798449451,1709142568.481431595,1709142568.481125799,/rigid_bodies.rigidbodies[2].pose.position.y,0.6533310500029601
97.807553003,1709142568.490535147,1709142568.490261557,/rigid_bodies.rigidbodies[2].pose.position.y,0.6535187045785954
97.817527913,1709142568.500510057,1709142568.500142396,/rigid_bodies.rigidbodies[2].pose.position.y,0.6535276857791829
97.827396558,1709142568.510378702,1709142568.509825389,/rigid_bodies.rigidbodies[2].pose.position.y,0.6534478444687735
97.838063112,1709142568.521045256,1709142568.520672408,/rigid_bodies.rigidbodies[2].pose.position.y,0.6533159128276194
97.848328461,1709142568.531310605,1709142568.530746812,/rigid_bodies.rigidbodies[2].pose.position.y,0.6532410057220753
97.858160549,1709142568.541142693,1709142568.540609573,/rigid_bodies.rigidbodies[2].pose.position.y,0.6534551848848574
97.867494513,1709142568.550476657,1709142568.549950733,/rigid_bodies.rigidbodies[2].pose.position.y,0.6536206187614019
97.878577983,1709142568.561560127,1709142568.561072945,/rigid_bodies.rigidbodies[2].pose.position.y,0.6534840226721745
97.88730201,1709142568.570284154,1709142568.569733405,/rigid_bodies.rigidbodies[2].pose.position.y,0.6532762945695408
97.897522078,1709142568.580504222,1709142568.580039887,/rigid_bodies.rigidbodies[2].pose.position.y,0.6532062543681894
97.907996079,1709142568.590978223,1709142568.590552726,/rigid_bodies.rigidbodies[2].pose.position.y,0.6533753273690363
97.918529523,1709142568.601511667,1709142568.600891046,/rigid_bodies.rigidbodies[2].pose.position.y,0.6535798924861662
97.927785715,1709142568.610767859,1709142568.610287387,/rigid_bodies.rigidbodies[2].pose.position.y,0.6535643916025173
97.938088306,1709142568.621070450,1709142568.620636192,/rigid_bodies.rigidbodies[2].pose.position.y,0.6533274514994594
97.947807435,1709142568.630789579,1709142568.630269410,/rigid_bodies.rigidbodies[2].pose.position.y,0.6532378651406338
97.957606837,1709142568.640588981,1709142568.640173041,/rigid_bodies.rigidbodies[2].pose.position.y,0.6533406557380951
97.968107676,1709142568.651089820,1709142568.650327198,/rigid_bodies.rigidbodies[2].pose.position.y,0.6535078807328829
97.977176427,1709142568.660158571,1709142568.659660910,/rigid_bodies.rigidbodies[2].pose.position.y,0.6536307875122825
97.987935687,1709142568.670917831,1709142568.670449698,/rigid_bodies.rigidbodies[2].pose.position.y,0.6535360210947831
97.99790761,1709142568.680889754,1709142568.680349996,/rigid_bodies.rigidbodies[2].pose.position.y,0.6532459092724965
98.007500991,1709142568.690483135,1709142568.690134215,/rigid_bodies.rigidbodies[2].pose.position.y,0.6531845413144824
98.018387027,1709142568.701369171,1709142568.700945602,/rigid_bodies.rigidbodies[2].pose.position.y,0.6533891554639933
98.028223713,1709142568.711205857,1709142568.710676781,/rigid_bodies.rigidbodies[2].pose.position.y,0.6535959984837888
98.037979532,1709142568.720961676,1709142568.720502586,/rigid_bodies.rigidbodies[2].pose.position.y,0.6536452008676551
98.048261459,1709142568.731243603,1709142568.730717623,/rigid_bodies.rigidbodies[2].pose.position.y,0.65334845802072
98.058138647,1709142568.741120791,1709142568.740407065,/rigid_bodies.rigidbodies[2].pose.position.y,0.6531711811929171
98.068302972,1709142568.751285116,1709142568.750750916,/rigid_bodies.rigidbodies[2].pose.position.y,0.6532912080737844
98.07870198,1709142568.761684124,1709142568.761139774,/rigid_bodies.rigidbodies[2].pose.position.y,0.6535003486505075
98.088162481,1709142568.771144625,1709142568.770800861,/rigid_bodies.rigidbodies[2].pose.position.y,0.6535720101816678
98.097586604,1709142568.780568748,1709142568.780272956,/rigid_bodies.rigidbodies[2].pose.position.y,0.6534929339627388
98.106860761,1709142568.789842905,1709142568.789614300,/rigid_bodies.rigidbodies[2].pose.position.y,0.6532943812544854
98.117385474,1709142568.800367618,1709142568.800122509,/rigid_bodies.rigidbodies[2].pose.position.y,0.6532697197779447
98.127415417,1709142568.810397561,1709142568.810142750,/rigid_bodies.rigidbodies[2].pose.position.y,0.6534797976691303
98.137546349,1709142568.820528493,1709142568.820342878,/rigid_bodies.rigidbodies[2].pose.position.y,0.6535813298994544
98.147077227,1709142568.830059371,1709142568.829866080,/rigid_bodies.rigidbodies[2].pose.position.y,0.6535341689282478
98.15725293,1709142568.840235074,1709142568.840012489,/rigid_bodies.rigidbodies[2].pose.position.y,0.6533350453322534
98.167775867,1709142568.850758011,1709142568.850412269,/rigid_bodies.rigidbodies[2].pose.position.y,0.653099174229123
98.177913509,1709142568.860895653,1709142568.860439772,/rigid_bodies.rigidbodies[2].pose.position.y,0.6532907668165482
98.188460258,1709142568.871442402,1709142568.870957335,/rigid_bodies.rigidbodies[2].pose.position.y,0.6535845987262551
98.198174462,1709142568.881156606,1709142568.880658614,/rigid_bodies.rigidbodies[2].pose.position.y,0.6536246824075732
98.20772721,1709142568.890709354,1709142568.890267796,/rigid_bodies.rigidbodies[2].pose.position.y,0.6534929923168984
98.218015317,1709142568.900997461,1709142568.900503949,/rigid_bodies.rigidbodies[2].pose.position.y,0.6532707181957891
98.227824131,1709142568.910806275,1709142568.910111247,/rigid_bodies.rigidbodies[2].pose.position.y,0.6532480223979767
98.238178963,1709142568.921161107,1709142568.920770229,/rigid_bodies.rigidbodies[2].pose.position.y,0.6535320854643695
98.24799392,1709142568.930976064,1709142568.930522990,/rigid_bodies.rigidbodies[2].pose.position.y,0.653629989671213
98.258113076,1709142568.941095220,1709142568.940497038,/rigid_bodies.rigidbodies[2].pose.position.y,0.653475660640349
98.268205234,1709142568.951187378,1709142568.950721807,/rigid_bodies.rigidbodies[2].pose.position.y,0.6532776608406126
98.278030551,1709142568.961012695,1709142568.960494277,/rigid_bodies.rigidbodies[2].pose.position.y,0.6531861874329045
98.287892279,1709142568.970874423,1709142568.970515411,/rigid_bodies.rigidbodies[2].pose.position.y,0.6533321964437836
98.298288133,1709142568.981270277,1709142568.980851338,/rigid_bodies.rigidbodies[2].pose.position.y,0.6535793757614554
98.307973123,1709142568.990955267,1709142568.990508991,/rigid_bodies.rigidbodies[2].pose.position.y,0.6535983424874328
98.319034306,1709142569.002016450,1709142569.001388614,/rigid_bodies.rigidbodies[2].pose.position.y,0.6534071898635857
98.327944063,1709142569.010926207,1709142569.010410288,/rigid_bodies.rigidbodies[2].pose.position.y,0.6532473110740593
98.338124688,1709142569.021106832,1709142569.020713130,/rigid_bodies.rigidbodies[2].pose.position.y,0.6532775007011561
98.348243913,1709142569.031226057,1709142569.030919791,/rigid_bodies.rigidbodies[2].pose.position.y,0.6534810381870266
98.357741636,1709142569.040723780,1709142569.040436670,/rigid_bodies.rigidbodies[2].pose.position.y,0.6536267448813692
98.367722476,1709142569.050704620,1709142569.050479990,/rigid_bodies.rigidbodies[2].pose.position.y,0.653439502507493
98.377490061,1709142569.060472205,1709142569.060280922,/rigid_bodies.rigidbodies[2].pose.position.y,0.653207537916823
98.388116958,1709142569.071099102,1709142569.070808555,/rigid_bodies.rigidbodies[2].pose.position.y,0.6532243098252823
98.398255129,1709142569.081237273,1709142569.080897388,/rigid_bodies.rigidbodies[2].pose.position.y,0.6533892651251765
98.40851833,1709142569.091500474,1709142569.090971871,/rigid_bodies.rigidbodies[2].pose.position.y,0.6536167038970967
98.417670033,1709142569.100652177,1709142569.100249477,/rigid_bodies.rigidbodies[2].pose.position.y,0.6536057854579996
98.428507829,1709142569.111489973,1709142569.111028849,/rigid_bodies.rigidbodies[2].pose.position.y,0.6533322907522481
98.43806423,1709142569.121046374,1709142569.120603123,/rigid_bodies.rigidbodies[2].pose.position.y,0.6531898810009762
98.448112015,1709142569.131094159,1709142569.130704418,/rigid_bodies.rigidbodies[2].pose.position.y,0.6533355907687107
98.458286927,1709142569.141269071,1709142569.140751594,/rigid_bodies.rigidbodies[2].pose.position.y,0.6534931542709533
98.468454144,1709142569.151436288,1709142569.150957723,/rigid_bodies.rigidbodies[2].pose.position.y,0.6536313321909984
98.478358889,1709142569.161341033,1709142569.160926036,/rigid_bodies.rigidbodies[2].pose.position.y,0.6535332986921222
98.488270527,1709142569.171252671,1709142569.170818524,/rigid_bodies.rigidbodies[2].pose.position.y,0.653238836880367
98.498367788,1709142569.181349932,1709142569.180906038,/rigid_bodies.rigidbodies[2].pose.position.y,0.6531787401577056
98.507824225,1709142569.190806369,1709142569.190502128,/rigid_bodies.rigidbodies[2].pose.position.y,0.6533520973835416
98.517995651,1709142569.200977795,1709142569.200451231,/rigid_bodies.rigidbodies[2].pose.position.y,0.6535425230457313
98.528220985,1709142569.211203129,1709142569.210582798,/rigid_bodies.rigidbodies[2].pose.position.y,0.6535845404086891
98.538461269,1709142569.221443413,1709142569.220956613,/rigid_bodies.rigidbodies[2].pose.position.y,0.6533541615515541
98.548700729,1709142569.231682873,1709142569.231233223,/rigid_bodies.rigidbodies[2].pose.position.y,0.6531837813854126
98.558335642,1709142569.241317786,1709142569.240772631,/rigid_bodies.rigidbodies[2].pose.position.y,0.6533479885251906
98.568410024,1709142569.251392168,1709142569.250785751,/rigid_bodies.rigidbodies[2].pose.position.y,0.653576695793538
98.577959257,1709142569.260941401,1709142569.260426002,/rigid_bodies.rigidbodies[2].pose.position.y,0.653598460478187
98.58886047,1709142569.271842614,1709142569.271128611,/rigid_bodies.rigidbodies[2].pose.position.y,0.6534491226548017
98.598551916,1709142569.281534060,1709142569.281030467,/rigid_bodies.rigidbodies[2].pose.position.y,0.6532142007217953
98.608066366,1709142569.291048510,1709142569.290524560,/rigid_bodies.rigidbodies[2].pose.position.y,0.6531496226001781
98.618914512,1709142569.301896656,1709142569.301151959,/rigid_bodies.rigidbodies[2].pose.position.y,0.6533604020646067
98.628263802,1709142569.311245946,1709142569.310611336,/rigid_bodies.rigidbodies[2].pose.position.y,0.6535550611251771
98.638485344,1709142569.321467488,1709142569.320891493,/rigid_bodies.rigidbodies[2].pose.position.y,0.6535494659632756
98.649146018,1709142569.332128162,1709142569.331537598,/rigid_bodies.rigidbodies[2].pose.position.y,0.6534575349379763
98.65867578,1709142569.341657924,1709142569.341067632,/rigid_bodies.rigidbodies[2].pose.position.y,0.6532289318541148
98.668443008,1709142569.351425152,1709142569.350960590,/rigid_bodies.rigidbodies[2].pose.position.y,0.653277246308295
98.678831812,1709142569.361813956,1709142569.361197432,/rigid_bodies.rigidbodies[2].pose.position.y,0.6535626175073732
98.688416263,1709142569.371398407,1709142569.370722129,/rigid_bodies.rigidbodies[2].pose.position.y,0.653555409393106
98.698903778,1709142569.381885922,1709142569.381341997,/rigid_bodies.rigidbodies[2].pose.position.y,0.6533881115540229
98.70755305,1709142569.390535194,1709142569.390183742,/rigid_bodies.rigidbodies[2].pose.position.y,0.6532553647147077
98.718102874,1709142569.401085018,1709142569.400517332,/rigid_bodies.rigidbodies[2].pose.position.y,0.6532397108460438
98.728334361,1709142569.411316505,1709142569.410753941,/rigid_bodies.rigidbodies[2].pose.position.y,0.6534714096870969
98.738067948,1709142569.421050092,1709142569.420593187,/rigid_bodies.rigidbodies[2].pose.position.y,0.6536028033371072
98.748359215,1709142569.431341359,1709142569.430824122,/rigid_bodies.rigidbodies[2].pose.position.y,0.653489073702374
98.758104347,1709142569.441086491,1709142569.440669028,/rigid_bodies.rigidbodies[2].pose.position.y,0.6533552063599264
98.768525068,1709142569.451507212,1709142569.450989112,/rigid_bodies.rigidbodies[2].pose.position.y,0.6532875887024646
98.777568834,1709142569.460550978,1709142569.460130300,/rigid_bodies.rigidbodies[2].pose.position.y,0.6533403195143538
98.788071277,1709142569.471053421,1709142569.470608274,/rigid_bodies.rigidbodies[2].pose.position.y,0.6535305352079644
98.798387004,1709142569.481369148,1709142569.480834227,/rigid_bodies.rigidbodies[2].pose.position.y,0.6535783358562057
98.808183822,1709142569.491165966,1709142569.490690694,/rigid_bodies.rigidbodies[2].pose.position.y,0.6534265082467845
98.818621875,1709142569.501604019,1709142569.501124060,/rigid_bodies.rigidbodies[2].pose.position.y,0.6532995446084799
98.828618346,1709142569.511600490,1709142569.510943088,/rigid_bodies.rigidbodies[2].pose.position.y,0.6532907836366206
98.838318161,1709142569.521300305,1709142569.520853540,/rigid_bodies.rigidbodies[2].pose.position.y,0.653438410831879
98.848395011,1709142569.531377155,1709142569.530888304,/rigid_bodies.rigidbodies[2].pose.position.y,0.6535918332423045
98.858100038,1709142569.541082182,1709142569.540551158,/rigid_bodies.rigidbodies[2].pose.position.y,0.6534337771081465
98.868232373,1709142569.551214517,1709142569.550785423,/rigid_bodies.rigidbodies[2].pose.position.y,0.6532126585127414
98.877978827,1709142569.560960971,1709142569.560482785,/rigid_bodies.rigidbodies[2].pose.position.y,0.6532564569781039
98.888486131,1709142569.571468275,1709142569.570927403,/rigid_bodies.rigidbodies[2].pose.position.y,0.6534753226971076
98.898568531,1709142569.581550675,1709142569.581055115,/rigid_bodies.rigidbodies[2].pose.position.y,0.6536204142052168
98.907891432,1709142569.590873576,1709142569.590510453,/rigid_bodies.rigidbodies[2].pose.position.y,0.6535691469775348
98.918199723,1709142569.601181867,1709142569.600780481,/rigid_bodies.rigidbodies[2].pose.position.y,0.6533421831887508
98.92848602,1709142569.611468164,1709142569.611006893,/rigid_bodies.rigidbodies[2].pose.position.y,0.6531812422531408
98.938255871,1709142569.621238015,1709142569.620804466,/rigid_bodies.rigidbodies[2].pose.position.y,0.6533317191270912
98.948465327,1709142569.631447471,1709142569.630903381,/rigid_bodies.rigidbodies[2].pose.position.y,0.653492326235125
98.958447698,1709142569.641429842,1709142569.640852969,/rigid_bodies.rigidbodies[2].pose.position.y,0.6535651446191574
98.963755375,1709142569.646737519,1709142569.646295974,/rigid_bodies.rigidbodies[2].pose.position.y,0.6534961467243934
98.978373269,1709142569.661355413,1709142569.660878475,/rigid_bodies.rigidbodies[2].pose.position.y,0.6532116746555822
98.988623363,1709142569.671605507,1709142569.670939734,/rigid_bodies.rigidbodies[2].pose.position.y,0.6531433246660746
98.998296542,1709142569.681278686,1709142569.680916570,/rigid_bodies.rigidbodies[2].pose.position.y,0.6534299452188426
99.007888317,1709142569.690870461,1709142569.690488636,/rigid_bodies.rigidbodies[2].pose.position.y,0.6536302569266902
99.01847326,1709142569.701455404,1709142569.700886391,/rigid_bodies.rigidbodies[2].pose.position.y,0.6536471034045532
99.028633706,1709142569.711615850,1709142569.710987575,/rigid_bodies.rigidbodies[2].pose.position.y,0.6534368292281661
99.038294559,1709142569.721276703,1709142569.720800889,/rigid_bodies.rigidbodies[2].pose.position.y,0.6531916768009126
99.048374544,1709142569.731356688,1709142569.730703008,/rigid_bodies.rigidbodies[2].pose.position.y,0.6532626264316558
99.058524185,1709142569.741506329,1709142569.740906755,/rigid_bodies.rigidbodies[2].pose.position.y,0.6534953131021475
99.068516048,1709142569.751498192,1709142569.750998716,/rigid_bodies.rigidbodies[2].pose.position.y,0.6535257399470238
99.078071061,1709142569.761053205,1709142569.760571007,/rigid_bodies.rigidbodies[2].pose.position.y,0.6534855667048218
99.088466669,1709142569.771448813,1709142569.770879326,/rigid_bodies.rigidbodies[2].pose.position.y,0.6533509873352574
99.098696066,1709142569.781678210,1709142569.781099015,/rigid_bodies.rigidbodies[2].pose.position.y,0.6532220067470222
99.108765987,1709142569.791748131,1709142569.791165131,/rigid_bodies.rigidbodies[2].pose.position.y,0.6533672809033853
99.118484701,1709142569.801466845,1709142569.800778516,/rigid_bodies.rigidbodies[2].pose.position.y,0.6535750186970364
99.128179563,1709142569.811161707,1709142569.810661833,/rigid_bodies.rigidbodies[2].pose.position.y,0.6535454751597147
99.138480494,1709142569.821462638,1709142569.820943244,/rigid_bodies.rigidbodies[2].pose.position.y,0.6534161236131973
99.1484751,1709142569.831457244,1709142569.830896403,/rigid_bodies.rigidbodies[2].pose.position.y,0.6532124805053647
99.157975299,1709142569.840957443,1709142569.840447175,/rigid_bodies.rigidbodies[2].pose.position.y,0.6532375961351616
99.168256717,1709142569.851238861,1709142569.850683231,/rigid_bodies.rigidbodies[2].pose.position.y,0.6535277206185386
99.177963161,1709142569.860945305,1709142569.860400900,/rigid_bodies.rigidbodies[2].pose.position.y,0.6536042819910575
99.187994918,1709142569.870977062,1709142569.870493919,/rigid_bodies.rigidbodies[2].pose.position.y,0.6534388731811535
99.198714026,1709142569.881696170,1709142569.880967078,/rigid_bodies.rigidbodies[2].pose.position.y,0.65330171632494
99.207851748,1709142569.890833892,1709142569.890421085,/rigid_bodies.rigidbodies[2].pose.position.y,0.6532458846881339
99.218087272,1709142569.901069416,1709142569.900627130,/rigid_bodies.rigidbodies[2].pose.position.y,0.6533900594930857
99.229019287,1709142569.912001431,1709142569.911253972,/rigid_bodies.rigidbodies[2].pose.position.y,0.6535757417898723
99.238553136,1709142569.921535280,1709142569.920953545,/rigid_bodies.rigidbodies[2].pose.position.y,0.6535323051708802
99.248148164,1709142569.931130308,1709142569.930652576,/rigid_bodies.rigidbodies[2].pose.position.y,0.6533701187190201
99.258124461,1709142569.941106605,1709142569.940495394,/rigid_bodies.rigidbodies[2].pose.position.y,0.6532871663226645
99.268211325,1709142569.951193469,1709142569.950759380,/rigid_bodies.rigidbodies[2].pose.position.y,0.653291443962675
99.278291611,1709142569.961273755,1709142569.960792343,/rigid_bodies.rigidbodies[2].pose.position.y,0.6534599083233381
99.288498263,1709142569.971480407,1709142569.970721817,/rigid_bodies.rigidbodies[2].pose.position.y,0.6536231028565139
99.299036534,1709142569.982018678,1709142569.981268066,/rigid_bodies.rigidbodies[2].pose.position.y,0.6534646542038522
99.307810425,1709142569.990792569,1709142569.990440421,/rigid_bodies.rigidbodies[2].pose.position.y,0.6532833983874188
99.318262985,1709142570.001245129,1709142570.000711125,/rigid_bodies.rigidbodies[2].pose.position.y,0.6532396940862578
99.328429971,1709142570.011412115,1709142570.010687140,/rigid_bodies.rigidbodies[2].pose.position.y,0.653377049779466
99.338058711,1709142570.021040855,1709142570.020654222,/rigid_bodies.rigidbodies[2].pose.position.y,0.653570885589068
99.348036459,1709142570.031018603,1709142570.030629356,/rigid_bodies.rigidbodies[2].pose.position.y,0.6535496539489103
99.357827474,1709142570.040809618,1709142570.040501295,/rigid_bodies.rigidbodies[2].pose.position.y,0.6533310730148254
99.368278303,1709142570.051260447,1709142570.050931480,/rigid_bodies.rigidbodies[2].pose.position.y,0.6532964329697244
99.377237724,1709142570.060219868,1709142570.060015995,/rigid_bodies.rigidbodies[2].pose.position.y,0.6534173658477335
99.388042317,1709142570.071024461,1709142570.070715610,/rigid_bodies.rigidbodies[2].pose.position.y,0.6535375829561867
99.398370479,1709142570.081352623,1709142570.081033917,/rigid_bodies.rigidbodies[2].pose.position.y,0.6536080240692923
99.407786223,1709142570.090768367,1709142570.090585951,/rigid_bodies.rigidbodies[2].pose.position.y,0.6534394229671744
99.417969571,1709142570.100951715,1709142570.100633514,/rigid_bodies.rigidbodies[2].pose.position.y,0.653199289228228
99.427811445,1709142570.110793589,1709142570.110488649,/rigid_bodies.rigidbodies[2].pose.position.y,0.6532587719617811
99.438477763,1709142570.121459907,1709142570.120890006,/rigid_bodies.rigidbodies[2].pose.position.y,0.6534598387441343
99.448947207,1709142570.131929351,1709142570.131309397,/rigid_bodies.rigidbodies[2].pose.position.y,0.6535794967563096
99.453940186,1709142570.136922330,1709142570.136420468,/rigid_bodies.rigidbodies[2].pose.position.y,0.6535400252450884
99.46848677,1709142570.151468914,1709142570.150979273,/rigid_bodies.rigidbodies[2].pose.position.y,0.653279564528383
99.478753547,1709142570.161735691,1709142570.161259003,/rigid_bodies.rigidbodies[2].pose.position.y,0.6531387126411625
99.488315311,1709142570.171297455,1709142570.170715539,/rigid_bodies.rigidbodies[2].pose.position.y,0.6533738263287293
99.498541124,1709142570.181523268,1709142570.180971109,/rigid_bodies.rigidbodies[2].pose.position.y,0.6536060792522908
99.507940559,1709142570.190922703,1709142570.190521584,/rigid_bodies.rigidbodies[2].pose.position.y,0.6536297573745005
99.514425832,1709142570.197407976,1709142570.196768465,/rigid_bodies.rigidbodies[2].pose.position.y,0.653438929630853
99.528420429,1709142570.211402573,1709142570.210873773,/rigid_bodies.rigidbodies[2].pose.position.y,0.6531923669749188
99.538267729,1709142570.221249873,1709142570.220766018,/rigid_bodies.rigidbodies[2].pose.position.y,0.6532325167123106
99.548298129,1709142570.231280273,1709142570.230807832,/rigid_bodies.rigidbodies[2].pose.position.y,0.6535276391705197
99.557836417,1709142570.240818561,1709142570.240462226,/rigid_bodies.rigidbodies[2].pose.position.y,0.6536157020812724
99.568814198,1709142570.251796342,1709142570.251339384,/rigid_bodies.rigidbodies[2].pose.position.y,0.6535320928678936
99.578325334,1709142570.261307478,1709142570.260798128,/rigid_bodies.rigidbodies[2].pose.position.y,0.6533179493798084
99.588446473,1709142570.271428617,1709142570.270861237,/rigid_bodies.rigidbodies[2].pose.position.y,0.6530898248311529
99.598659786,1709142570.281641930,1709142570.281074509,/rigid_bodies.rigidbodies[2].pose.position.y,0.6532848379162574
99.607908956,1709142570.290891100,1709142570.290376526,/rigid_bodies.rigidbodies[2].pose.position.y,0.6536031550426752
99.618753928,1709142570.301736072,1709142570.301205688,/rigid_bodies.rigidbodies[2].pose.position.y,0.6535785986948698
99.628312612,1709142570.311294756,1709142570.310557797,/rigid_bodies.rigidbodies[2].pose.position.y,0.6534140421768199
99.638536922,1709142570.321519066,1709142570.321081923,/rigid_bodies.rigidbodies[2].pose.position.y,0.6532381158516842
99.648768082,1709142570.331750226,1709142570.331104981,/rigid_bodies.rigidbodies[2].pose.position.y,0.6532267447531892
99.658215811,1709142570.341197955,1709142570.340518620,/rigid_bodies.rigidbodies[2].pose.position.y,0.6535227136862483
99.66821755,1709142570.351199694,1709142570.350759355,/rigid_bodies.rigidbodies[2].pose.position.y,0.6536242703391695
99.678217534,1709142570.361199678,1709142570.360660912,/rigid_bodies.rigidbodies[2].pose.position.y,0.6534668229650805
99.688773668,1709142570.371755812,1709142570.371090869,/rigid_bodies.rigidbodies[2].pose.position.y,0.6532923040116217
99.698946275,1709142570.381928419,1709142570.381370593,/rigid_bodies.rigidbodies[2].pose.position.y,0.6532312043075421
99.708371232,1709142570.391353376,1709142570.390839612,/rigid_bodies.rigidbodies[2].pose.position.y,0.6533794432599572
99.71882555,1709142570.401807694,1709142570.401229171,/rigid_bodies.rigidbodies[2].pose.position.y,0.6536297699949617
99.728437506,1709142570.411419650,1709142570.410933177,/rigid_bodies.rigidbodies[2].pose.position.y,0.6535547240751255
99.738292439,1709142570.421274583,1709142570.420817914,/rigid_bodies.rigidbodies[2].pose.position.y,0.6533273403831578
99.74894564,1709142570.431927784,1709142570.431304452,/rigid_bodies.rigidbodies[2].pose.position.y,0.6531862713138813
99.758331765,1709142570.441313909,1709142570.440641280,/rigid_bodies.rigidbodies[2].pose.position.y,0.6532195730943454
99.768172826,1709142570.451154970,1709142570.450643433,/rigid_bodies.rigidbodies[2].pose.position.y,0.6535321494230867
99.778081031,1709142570.461063175,1709142570.460512782,/rigid_bodies.rigidbodies[2].pose.position.y,0.6537443353305343
99.788277904,1709142570.471260048,1709142570.470698687,/rigid_bodies.rigidbodies[2].pose.position.y,0.6534765431293615
99.798911874,1709142570.481894018,1709142570.481418540,/rigid_bodies.rigidbodies[2].pose.position.y,0.6532405340275448
99.807854965,1709142570.490837109,1709142570.490510598,/rigid_bodies.rigidbodies[2].pose.position.y,0.6532415351012134
99.818117328,1709142570.501099472,1709142570.500738285,/rigid_bodies.rigidbodies[2].pose.position.y,0.6533613032294006
99.827625998,1709142570.510608142,1709142570.510411363,/rigid_bodies.rigidbodies[2].pose.position.y,0.6535777424591196
99.837434372,1709142570.520416516,1709142570.520264651,/rigid_bodies.rigidbodies[2].pose.position.y,0.6535809313925083
99.847989651,1709142570.530971795,1709142570.530745745,/rigid_bodies.rigidbodies[2].pose.position.y,0.6533044131911475
99.858078806,1709142570.541060950,1709142570.540622993,/rigid_bodies.rigidbodies[2].pose.position.y,0.653197180341386
99.868903786,1709142570.551885930,1709142570.551247039,/rigid_bodies.rigidbodies[2].pose.position.y,0.6532864097960498
99.878250347,1709142570.561232491,1709142570.560746943,/rigid_bodies.rigidbodies[2].pose.position.y,0.6534774238477183
99.888299128,1709142570.571281272,1709142570.570871127,/rigid_bodies.rigidbodies[2].pose.position.y,0.6536064922026753
99.898406854,1709142570.581388998,1709142570.580793561,/rigid_bodies.rigidbodies[2].pose.position.y,0.653445060619887
99.90839195,1709142570.591374094,1709142570.590697254,/rigid_bodies.rigidbodies[2].pose.position.y,0.6531955356997713
99.918448089,1709142570.601430233,1709142570.600968404,/rigid_bodies.rigidbodies[2].pose.position.y,0.6532427377561625
99.928179618,1709142570.611161762,1709142570.610653398,/rigid_bodies.rigidbodies[2].pose.position.y,0.6534122600258111
99.938462337,1709142570.621444481,1709142570.620862169,/rigid_bodies.rigidbodies[2].pose.position.y,0.6535668703157849
99.949305676,1709142570.632287820,1709142570.631799764,/rigid_bodies.rigidbodies[2].pose.position.y,0.653580781354658
99.958035027,1709142570.641017171,1709142570.640539061,/rigid_bodies.rigidbodies[2].pose.position.y,0.6533386246575164
99.968490657,1709142570.651472801,1709142570.650820865,/rigid_bodies.rigidbodies[2].pose.position.y,0.6532648198152513
99.978464203,1709142570.661446347,1709142570.661000341,/rigid_bodies.rigidbodies[2].pose.position.y,0.6534731601185244
99.988763363,1709142570.671745507,1709142570.671082476,/rigid_bodies.rigidbodies[2].pose.position.y,0.6535715965205878
99.998378417,1709142570.681360561,1709142570.680787799,/rigid_bodies.rigidbodies[2].pose.position.y,0.6535613246776644
100.007947994,1709142570.690930138,1709142570.690592755,/rigid_bodies.rigidbodies[2].pose.position.y,0.6534058087408
100.018078146,1709142570.701060290,1709142570.700567070,/rigid_bodies.rigidbodies[2].pose.position.y,0.6531261436449736
100.028657618,1709142570.711639762,1709142570.711036185,/rigid_bodies.rigidbodies[2].pose.position.y,0.6532204107388139
100.03818785,1709142570.721169994,1709142570.720639560,/rigid_bodies.rigidbodies[2].pose.position.y,0.6535476486389984
100.048356911,1709142570.731339055,1709142570.730746016,/rigid_bodies.rigidbodies[2].pose.position.y,0.6536052258400029
100.058370619,1709142570.741352763,1709142570.740699345,/rigid_bodies.rigidbodies[2].pose.position.y,0.6535201312469635
100.06785558,1709142570.750837724,1709142570.750511825,/rigid_bodies.rigidbodies[2].pose.position.y,0.6532697638000395
100.078401201,1709142570.761383345,1709142570.760887101,/rigid_bodies.rigidbodies[2].pose.position.y,0.6530958834263836
100.088389782,1709142570.771371926,1709142570.770799014,/rigid_bodies.rigidbodies[2].pose.position.y,0.6533776161710185
100.098142636,1709142570.781124780,1709142570.780539927,/rigid_bodies.rigidbodies[2].pose.position.y,0.6537125745365361
100.108643481,1709142570.791625625,1709142570.791158746,/rigid_bodies.rigidbodies[2].pose.position.y,0.6536489778759429
100.118343972,1709142570.801326116,1709142570.800693029,/rigid_bodies.rigidbodies[2].pose.position.y,0.6534622680211284
100.128907843,1709142570.811889987,1709142570.811172696,/rigid_bodies.rigidbodies[2].pose.position.y,0.6532343592975509
100.138571085,1709142570.821553229,1709142570.821000216,/rigid_bodies.rigidbodies[2].pose.position.y,0.6532256262077849
100.148317087,1709142570.831299231,1709142570.830732070,/rigid_bodies.rigidbodies[2].pose.position.y,0.653533843933003
100.158387142,1709142570.841369286,1709142570.840802586,/rigid_bodies.rigidbodies[2].pose.position.y,0.6536095309372515
100.168529148,1709142570.851511292,1709142570.850969478,/rigid_bodies.rigidbodies[2].pose.position.y,0.6534001401374968
100.178251305,1709142570.861233449,1709142570.860595251,/rigid_bodies.rigidbodies[2].pose.position.y,0.6532371580306022
100.188033605,1709142570.871015749,1709142570.870612390,/rigid_bodies.rigidbodies[2].pose.position.y,0.653140714345515
100.198588802,1709142570.881570946,1709142570.881045730,/rigid_bodies.rigidbodies[2].pose.position.y,0.6533349531625126
100.207872021,1709142570.890854165,1709142570.890425832,/rigid_bodies.rigidbodies[2].pose.position.y,0.6536868218183896
100.218832342,1709142570.901814486,1709142570.901256899,/rigid_bodies.rigidbodies[2].pose.position.y,0.6536422396406939
100.228419509,1709142570.911401653,1709142570.911075302,/rigid_bodies.rigidbodies[2].pose.position.y,0.6534265836919158
100.238400159,1709142570.921382303,1709142570.920823430,/rigid_bodies.rigidbodies[2].pose.position.y,0.653273628137263
100.248610966,1709142570.931593110,1709142570.931048825,/rigid_bodies.rigidbodies[2].pose.position.y,0.6532210940281522
100.25793829,1709142570.940920434,1709142570.940556300,/rigid_bodies.rigidbodies[2].pose.position.y,0.6534691256616607
100.268678727,1709142570.951660871,1709142570.951188259,/rigid_bodies.rigidbodies[2].pose.position.y,0.6536241520805215
100.278332176,1709142570.961314320,1709142570.960933556,/rigid_bodies.rigidbodies[2].pose.position.y,0.6534259187838471
100.288391071,1709142570.971373215,1709142570.970929288,/rigid_bodies.rigidbodies[2].pose.position.y,0.6532611359239157
100.299496966,1709142570.982479110,1709142570.981629537,/rigid_bodies.rigidbodies[2].pose.position.y,0.6533035058672856
100.308291118,1709142570.991273262,1709142570.990673774,/rigid_bodies.rigidbodies[2].pose.position.y,0.6534355158922526
100.318217717,1709142571.001199861,1709142571.000723291,/rigid_bodies.rigidbodies[2].pose.position.y,0.6536126108471773
100.328210118,1709142571.011192262,1709142571.010761655,/rigid_bodies.rigidbodies[2].pose.position.y,0.653535642589622
100.338586597,1709142571.021568741,1709142571.021046437,/rigid_bodies.rigidbodies[2].pose.position.y,0.6532096327154086
100.348337971,1709142571.031320115,1709142571.030802650,/rigid_bodies.rigidbodies[2].pose.position.y,0.6531044833938432
100.358679166,1709142571.041661310,1709142571.040945875,/rigid_bodies.rigidbodies[2].pose.position.y,0.6532856084087983
100.368403734,1709142571.051385878,1709142571.050807227,/rigid_bodies.rigidbodies[2].pose.position.y,0.6535583025885865
100.378359388,1709142571.061341532,1709142571.060885915,/rigid_bodies.rigidbodies[2].pose.position.y,0.6537131115172221
100.388319204,1709142571.071301348,1709142571.070872538,/rigid_bodies.rigidbodies[2].pose.position.y,0.6535162421771427
100.397980778,1709142571.080962922,1709142571.080525418,/rigid_bodies.rigidbodies[2].pose.position.y,0.6532183619599384
100.40779868,1709142571.090780824,1709142571.090476209,/rigid_bodies.rigidbodies[2].pose.position.y,0.6532376064622182
100.417903426,1709142571.100885570,1709142571.100590418,/rigid_bodies.rigidbodies[2].pose.position.y,0.6534394796829028
100.427739718,1709142571.110721862,1709142571.110326787,/rigid_bodies.rigidbodies[2].pose.position.y,0.6535572167454478
100.438134611,1709142571.121116755,1709142571.120643549,/rigid_bodies.rigidbodies[2].pose.position.y,0.6535530038138032
100.448414411,1709142571.131396555,1709142571.130724061,/rigid_bodies.rigidbodies[2].pose.position.y,0.6533282236905373
100.458169463,1709142571.141151607,1709142571.140489813,/rigid_bodies.rigidbodies[2].pose.position.y,0.6531782941077368
100.468437207,1709142571.151419351,1709142571.150835788,/rigid_bodies.rigidbodies[2].pose.position.y,0.6533530720558436
100.478519053,1709142571.161501197,1709142571.160988799,/rigid_bodies.rigidbodies[2].pose.position.y,0.6535614291013183
100.488446592,1709142571.171428736,1709142571.170756874,/rigid_bodies.rigidbodies[2].pose.position.y,0.6535614058520637
100.498454095,1709142571.181436239,1709142571.180989304,/rigid_bodies.rigidbodies[2].pose.position.y,0.6534233768409348
100.508133976,1709142571.191116120,1709142571.190616751,/rigid_bodies.rigidbodies[2].pose.position.y,0.6531817626708225
100.51851095,1709142571.201493094,1709142571.200953659,/rigid_bodies.rigidbodies[2].pose.position.y,0.6531894596361009
100.528492724,1709142571.211474868,1709142571.211086516,/rigid_bodies.rigidbodies[2].pose.position.y,0.6534512184481815
100.538378974,1709142571.221361118,1709142571.220780005,/rigid_bodies.rigidbodies[2].pose.position.y,0.653597262708421
100.548790708,1709142571.231772852,1709142571.231189212,/rigid_bodies.rigidbodies[2].pose.position.y,0.6535766866970876
100.55826827,1709142571.241250414,1709142571.240766529,/rigid_bodies.rigidbodies[2].pose.position.y,0.6534062379658965
100.568089133,1709142571.251071277,1709142571.250653469,/rigid_bodies.rigidbodies[2].pose.position.y,0.6532466301328046
100.578400368,1709142571.261382512,1709142571.260877403,/rigid_bodies.rigidbodies[2].pose.position.y,0.653390510993859
100.588701529,1709142571.271683673,1709142571.271164647,/rigid_bodies.rigidbodies[2].pose.position.y,0.6535917872300596
100.598924002,1709142571.281906146,1709142571.281525749,/rigid_bodies.rigidbodies[2].pose.position.y,0.6534801946104181
100.607854791,1709142571.290836935,1709142571.290469678,/rigid_bodies.rigidbodies[2].pose.position.y,0.6533081285095523
100.61831201,1709142571.301294154,1709142571.300788540,/rigid_bodies.rigidbodies[2].pose.position.y,0.653172531744675
100.628345589,1709142571.311327733,1709142571.311031477,/rigid_bodies.rigidbodies[2].pose.position.y,0.6532216363928225
100.638192811,1709142571.321174955,1709142571.320630565,/rigid_bodies.rigidbodies[2].pose.position.y,0.6535263616585819
100.648332745,1709142571.331314889,1709142571.330888770,/rigid_bodies.rigidbodies[2].pose.position.y,0.6536562581885224
100.657887416,1709142571.340869560,1709142571.340452280,/rigid_bodies.rigidbodies[2].pose.position.y,0.653494434704782
100.668499471,1709142571.351481615,1709142571.351013925,/rigid_bodies.rigidbodies[2].pose.position.y,0.6532809968877061
100.678049752,1709142571.361031896,1709142571.360652869,/rigid_bodies.rigidbodies[2].pose.position.y,0.6532335107100686
100.688100638,1709142571.371082782,1709142571.370729130,/rigid_bodies.rigidbodies[2].pose.position.y,0.6533811360719004
100.698649221,1709142571.381631365,1709142571.381176078,/rigid_bodies.rigidbodies[2].pose.position.y,0.6536251917983544
100.708272658,1709142571.391254802,1709142571.390819576,/rigid_bodies.rigidbodies[2].pose.position.y,0.6535897547866176
100.718047408,1709142571.401029552,1709142571.400722794,/rigid_bodies.rigidbodies[2].pose.position.y,0.6533718337581838
100.728292956,1709142571.411275100,1709142571.410829222,/rigid_bodies.rigidbodies[2].pose.position.y,0.653228131382648
100.738132467,1709142571.421114611,1709142571.420800449,/rigid_bodies.rigidbodies[2].pose.position.y,0.6532907897102971
100.748344805,1709142571.431326949,1709142571.431012360,/rigid_bodies.rigidbodies[2].pose.position.y,0.6534963556544536
100.757940986,1709142571.440923130,1709142571.440525255,/rigid_bodies.rigidbodies[2].pose.position.y,0.6536116445996591
100.768188037,1709142571.451170181,1709142571.450682801,/rigid_bodies.rigidbodies[2].pose.position.y,0.6533985123402856
100.778113406,1709142571.461095550,1709142571.460780167,/rigid_bodies.rigidbodies[2].pose.position.y,0.6531909738511138
100.788185608,1709142571.471167752,1709142571.470803274,/rigid_bodies.rigidbodies[2].pose.position.y,0.6531871372234234
100.798808284,1709142571.481790428,1709142571.481205661,/rigid_bodies.rigidbodies[2].pose.position.y,0.6533898231592363
100.808004305,1709142571.490986449,1709142571.490628955,/rigid_bodies.rigidbodies[2].pose.position.y,0.6536160069657515
100.818018418,1709142571.501000562,1709142571.500561601,/rigid_bodies.rigidbodies[2].pose.position.y,0.6536280066781915
100.828004533,1709142571.510986677,1709142571.510550855,/rigid_bodies.rigidbodies[2].pose.position.y,0.6533864260088871
100.838087454,1709142571.521069598,1709142571.520747920,/rigid_bodies.rigidbodies[2].pose.position.y,0.6531881285274406
100.848369751,1709142571.531351895,1709142571.530801154,/rigid_bodies.rigidbodies[2].pose.position.y,0.6532865672041903
100.857876869,1709142571.540859013,1709142571.540357518,/rigid_bodies.rigidbodies[2].pose.position.y,0.6535332836195666
100.86366979,1709142571.546651934,1709142571.546241419,/rigid_bodies.rigidbodies[2].pose.position.y,0.6536021415603168
100.878087415,1709142571.561069559,1709142571.560567894,/rigid_bodies.rigidbodies[2].pose.position.y,0.6534900547693515
100.888374143,1709142571.571356287,1709142571.570804667,/rigid_bodies.rigidbodies[2].pose.position.y,0.6532904702091592
100.898323088,1709142571.581305232,1709142571.580814638,/rigid_bodies.rigidbodies[2].pose.position.y,0.6532420466216764
100.908172217,1709142571.591154361,1709142571.590666794,/rigid_bodies.rigidbodies[2].pose.position.y,0.6534336719600061
100.918365857,1709142571.601348001,1709142571.600873488,/rigid_bodies.rigidbodies[2].pose.position.y,0.6536025865090317
100.928206188,1709142571.611188332,1709142571.610792595,/rigid_bodies.rigidbodies[2].pose.position.y,0.6535718729405766
100.93838513,1709142571.621367274,1709142571.620914655,/rigid_bodies.rigidbodies[2].pose.position.y,0.6533559220839322
100.947909435,1709142571.630891579,1709142571.630514442,/rigid_bodies.rigidbodies[2].pose.position.y,0.6532106615080336
100.958090118,1709142571.641072262,1709142571.640509015,/rigid_bodies.rigidbodies[2].pose.position.y,0.6532883581033447
100.968281267,1709142571.651263411,1709142571.650758672,/rigid_bodies.rigidbodies[2].pose.position.y,0.6535248412370838
100.978198009,1709142571.661180153,1709142571.660692727,/rigid_bodies.rigidbodies[2].pose.position.y,0.6536372316823255
100.98794759,1709142571.670929734,1709142571.670575451,/rigid_bodies.rigidbodies[2].pose.position.y,0.6534878244728363
100.998293405,1709142571.681275549,1709142571.680777555,/rigid_bodies.rigidbodies[2].pose.position.y,0.6533390999206541
101.007953425,1709142571.690935569,1709142571.690514385,/rigid_bodies.rigidbodies[2].pose.position.y,0.6532757098021774
101.018317533,1709142571.701299677,1709142571.700807542,/rigid_bodies.rigidbodies[2].pose.position.y,0.6534032034414757
101.027936916,1709142571.710919060,1709142571.710536764,/rigid_bodies.rigidbodies[2].pose.position.y,0.6535752708237955
101.038189492,1709142571.721171636,1709142571.720686601,/rigid_bodies.rigidbodies[2].pose.position.y,0.6535292306926015
101.048101669,1709142571.731083813,1709142571.730535389,/rigid_bodies.rigidbodies[2].pose.position.y,0.6533534595576336
101.057983245,1709142571.740965389,1709142571.740396079,/rigid_bodies.rigidbodies[2].pose.position.y,0.6532428492103651
101.068819608,1709142571.751801752,1709142571.751300178,/rigid_bodies.rigidbodies[2].pose.position.y,0.6532894910604117
101.078402307,1709142571.761384451,1709142571.760865180,/rigid_bodies.rigidbodies[2].pose.position.y,0.6534807057460911
101.088474335,1709142571.771456479,1709142571.770885980,/rigid_bodies.rigidbodies[2].pose.position.y,0.6535797470538176
101.098880689,1709142571.781862833,1709142571.781258165,/rigid_bodies.rigidbodies[2].pose.position.y,0.6534295366488976
101.107947978,1709142571.790930122,1709142571.790550841,/rigid_bodies.rigidbodies[2].pose.position.y,0.6532758212746395
101.118314611,1709142571.801296755,1709142571.800757879,/rigid_bodies.rigidbodies[2].pose.position.y,0.6532958802864954
101.128548321,1709142571.811530465,1709142571.811005709,/rigid_bodies.rigidbodies[2].pose.position.y,0.6534258591298546
101.138274401,1709142571.821256545,1709142571.820723247,/rigid_bodies.rigidbodies[2].pose.position.y,0.6535747907242656
101.148523275,1709142571.831505419,1709142571.830936709,/rigid_bodies.rigidbodies[2].pose.position.y,0.6535262321325724
101.158485009,1709142571.841467153,1709142571.840751006,/rigid_bodies.rigidbodies[2].pose.position.y,0.6533589612045951
101.168196131,1709142571.851178275,1709142571.850657934,/rigid_bodies.rigidbodies[2].pose.position.y,0.653291443812508
101.178341526,1709142571.861323670,1709142571.860802698,/rigid_bodies.rigidbodies[2].pose.position.y,0.6533472024844452
101.188333754,1709142571.871315898,1709142571.870730816,/rigid_bodies.rigidbodies[2].pose.position.y,0.6534825924424439
101.198579141,1709142571.881561285,1709142571.880897625,/rigid_bodies.rigidbodies[2].pose.position.y,0.6535340156006139
101.208098544,1709142571.891080688,1709142571.890701076,/rigid_bodies.rigidbodies[2].pose.position.y,0.6534064670227466
101.218718003,1709142571.901700147,1709142571.901200793,/rigid_bodies.rigidbodies[2].pose.position.y,0.6532525072118058
101.227816097,1709142571.910798241,1709142571.910414664,/rigid_bodies.rigidbodies[2].pose.position.y,0.6532744952111367
101.238198535,1709142571.921180679,1709142571.920809973,/rigid_bodies.rigidbodies[2].pose.position.y,0.6534769779100463
101.248668635,1709142571.931650779,1709142571.931138783,/rigid_bodies.rigidbodies[2].pose.position.y,0.6536123094599753
101.258203094,1709142571.941185238,1709142571.940590195,/rigid_bodies.rigidbodies[2].pose.position.y,0.6535612904659868
101.268301785,1709142571.951283929,1709142571.950792458,/rigid_bodies.rigidbodies[2].pose.position.y,0.6533841425695914
101.274282928,1709142571.957265072,1709142571.956634113,/rigid_bodies.rigidbodies[2].pose.position.y,0.6532392859085572
101.288331334,1709142571.971313478,1709142571.970787186,/rigid_bodies.rigidbodies[2].pose.position.y,0.6533348118876656
101.298513209,1709142571.981495353,1709142571.980974448,/rigid_bodies.rigidbodies[2].pose.position.y,0.6535285693484291
101.308279222,1709142571.991261366,1709142571.990677821,/rigid_bodies.rigidbodies[2].pose.position.y,0.6535493302347452
101.318692914,1709142572.001675058,1709142572.001160195,/rigid_bodies.rigidbodies[2].pose.position.y,0.6534300893069213
101.328067761,1709142572.011049905,1709142572.010725556,/rigid_bodies.rigidbodies[2].pose.position.y,0.6532436926385665
101.338237462,1709142572.021219606,1709142572.020801272,/rigid_bodies.rigidbodies[2].pose.position.y,0.653234635367728
101.348401127,1709142572.031383271,1709142572.030909146,/rigid_bodies.rigidbodies[2].pose.position.y,0.6534866480010514
101.35775635,1709142572.040738494,1709142572.040443644,/rigid_bodies.rigidbodies[2].pose.position.y,0.6536239096935534
101.368060904,1709142572.051043048,1709142572.050753712,/rigid_bodies.rigidbodies[2].pose.position.y,0.6534968023050964
101.377676069,1709142572.060658213,1709142572.060469457,/rigid_bodies.rigidbodies[2].pose.position.y,0.6533431437096514
101.387771072,1709142572.070753216,1709142572.070533223,/rigid_bodies.rigidbodies[2].pose.position.y,0.6531973211197121
101.397881936,1709142572.080864080,1709142572.080588563,/rigid_bodies.rigidbodies[2].pose.position.y,0.6533391158984097
101.407662354,1709142572.090644498,1709142572.090482803,/rigid_bodies.rigidbodies[2].pose.position.y,0.6535763857628811
101.41772416,1709142572.100706304,1709142572.100507365,/rigid_bodies.rigidbodies[2].pose.position.y,0.6535859460423052
101.427887485,1709142572.110869629,1709142572.110660188,/rigid_bodies.rigidbodies[2].pose.position.y,0.6534282691578418
101.438123193,1709142572.121105337,1709142572.120756817,/rigid_bodies.rigidbodies[2].pose.position.y,0.6532959022638876
101.448088664,1709142572.131070808,1709142572.130735580,/rigid_bodies.rigidbodies[2].pose.position.y,0.6532332857389478
101.457975693,1709142572.140957837,1709142572.140527245,/rigid_bodies.rigidbodies[2].pose.position.y,0.6534412582262469
101.468263901,1709142572.151246045,1709142572.150798623,/rigid_bodies.rigidbodies[2].pose.position.y,0.6535920142806173
101.478447636,1709142572.161429780,1709142572.161006461,/rigid_bodies.rigidbodies[2].pose.position.y,0.6535204287545593
101.486729883,1709142572.169712027,1709142572.169262830,/rigid_bodies.rigidbodies[2].pose.position.y,0.6533885647060691
101.498263704,1709142572.181245848,1709142572.180769250,/rigid_bodies.rigidbodies[2].pose.position.y,0.65334288436578
101.508285672,1709142572.191267816,1709142572.190821281,/rigid_bodies.rigidbodies[2].pose.position.y,0.6533782271789436
101.518343229,1709142572.201325373,1709142572.200741731,/rigid_bodies.rigidbodies[2].pose.position.y,0.6535021252294423
101.527922024,1709142572.210904168,1709142572.210451091,/rigid_bodies.rigidbodies[2].pose.position.y,0.6535353415046037
101.53828605,1709142572.221268194,1709142572.220772625,/rigid_bodies.rigidbodies[2].pose.position.y,0.6533541177731924
101.548013893,1709142572.230996037,1709142572.230628488,/rigid_bodies.rigidbodies[2].pose.position.y,0.6532176967592893
101.55807899,1709142572.241061134,1709142572.240572974,/rigid_bodies.rigidbodies[2].pose.position.y,0.6532580909624544
101.568785535,1709142572.251767679,1709142572.251206493,/rigid_bodies.rigidbodies[2].pose.position.y,0.6533919145876214
101.578884947,1709142572.261867091,1709142572.261263357,/rigid_bodies.rigidbodies[2].pose.position.y,0.6535675765316158
101.58839012,1709142572.271372264,1709142572.270872103,/rigid_bodies.rigidbodies[2].pose.position.y,0.6535392022956258
101.598681862,1709142572.281664006,1709142572.281013832,/rigid_bodies.rigidbodies[2].pose.position.y,0.6533620435876005
101.608072315,1709142572.291054459,1709142572.290625736,/rigid_bodies.rigidbodies[2].pose.position.y,0.6533630185478295
101.618327046,1709142572.301309190,1709142572.300835574,/rigid_bodies.rigidbodies[2].pose.position.y,0.6534292715615585
101.628001884,1709142572.310984028,1709142572.310621462,/rigid_bodies.rigidbodies[2].pose.position.y,0.6535149933086425
101.638096478,1709142572.321078622,1709142572.320670279,/rigid_bodies.rigidbodies[2].pose.position.y,0.6535541441465503
101.648171269,1709142572.331153413,1709142572.330717257,/rigid_bodies.rigidbodies[2].pose.position.y,0.6533862051023166
101.658375474,1709142572.341357618,1709142572.340823892,/rigid_bodies.rigidbodies[2].pose.position.y,0.65325628014791
101.66848305,1709142572.351465194,1709142572.350853302,/rigid_bodies.rigidbodies[2].pose.position.y,0.6533026343004676
101.678551219,1709142572.361533363,1709142572.360969097,/rigid_bodies.rigidbodies[2].pose.position.y,0.6534054011924337
101.688472669,1709142572.371454813,1709142572.371017402,/rigid_bodies.rigidbodies[2].pose.position.y,0.6534918753185499
101.698576066,1709142572.381558210,1709142572.381002210,/rigid_bodies.rigidbodies[2].pose.position.y,0.6534926316522691
101.708456256,1709142572.391438400,1709142572.390848581,/rigid_bodies.rigidbodies[2].pose.position.y,0.6533379298910194
101.71805033,1709142572.401032474,1709142572.400524541,/rigid_bodies.rigidbodies[2].pose.position.y,0.6532671407308657
101.728452889,1709142572.411435033,1709142572.410866196,/rigid_bodies.rigidbodies[2].pose.position.y,0.6534256054478018
101.738550793,1709142572.421532937,1709142572.420980879,/rigid_bodies.rigidbodies[2].pose.position.y,0.6535579436346054
101.748470103,1709142572.431452247,1709142572.431070792,/rigid_bodies.rigidbodies[2].pose.position.y,0.6535468623238545
101.753793675,1709142572.436775819,1709142572.436403637,/rigid_bodies.rigidbodies[2].pose.position.y,0.6534935719350129
101.7682799,1709142572.451262044,1709142572.450786291,/rigid_bodies.rigidbodies[2].pose.position.y,0.6533147690673632
101.778293258,1709142572.461275402,1709142572.460875356,/rigid_bodies.rigidbodies[2].pose.position.y,0.6532477909638216
101.788330413,1709142572.471312557,1709142572.470859135,/rigid_bodies.rigidbodies[2].pose.position.y,0.6533950524011771
101.799038449,1709142572.482020593,1709142572.481444885,/rigid_bodies.rigidbodies[2].pose.position.y,0.6535217628401968
101.808245518,1709142572.491227662,1709142572.490632869,/rigid_bodies.rigidbodies[2].pose.position.y,0.6534971232500337
101.818547623,1709142572.501529767,1709142572.500922814,/rigid_bodies.rigidbodies[2].pose.position.y,0.6534239911430136
101.828494122,1709142572.511476266,1709142572.510883950,/rigid_bodies.rigidbodies[2].pose.position.y,0.6532788420731692
101.833631475,1709142572.516613619,1709142572.516281716,/rigid_bodies.rigidbodies[2].pose.position.y,0.6533721115227433
101.847949037,1709142572.530931181,1709142572.530761267,/rigid_bodies.rigidbodies[2].pose.position.y,0.653586434841398
101.857421718,1709142572.540403862,1709142572.540110507,/rigid_bodies.rigidbodies[2].pose.position.y,0.653566147230174
101.868328806,1709142572.551310950,1709142572.550872851,/rigid_bodies.rigidbodies[2].pose.position.y,0.6534493659238994
101.878179297,1709142572.561161441,1709142572.560618671,/rigid_bodies.rigidbodies[2].pose.position.y,0.6532981014160737
101.888549404,1709142572.571531548,1709142572.570825005,/rigid_bodies.rigidbodies[2].pose.position.y,0.6532509065741858
101.894156021,1709142572.577138165,1709142572.576524545,/rigid_bodies.rigidbodies[2].pose.position.y,0.6534116451688352
101.908181152,1709142572.591163296,1709142572.590642309,/rigid_bodies.rigidbodies[2].pose.position.y,0.6535354321061297
101.918357339,1709142572.601339483,1709142572.600737811,/rigid_bodies.rigidbodies[2].pose.position.y,0.653487759642009
101.928488418,1709142572.611470562,1709142572.610836242,/rigid_bodies.rigidbodies[2].pose.position.y,0.6534285765837394
101.938236058,1709142572.621218202,1709142572.620754246,/rigid_bodies.rigidbodies[2].pose.position.y,0.6533282172966169
101.948503078,1709142572.631485222,1709142572.630871418,/rigid_bodies.rigidbodies[2].pose.position.y,0.6533276349315519
101.958337621,1709142572.641319765,1709142572.640738806,/rigid_bodies.rigidbodies[2].pose.position.y,0.6534784283256867
101.96839515,1709142572.651377294,1709142572.650802065,/rigid_bodies.rigidbodies[2].pose.position.y,0.6535187426650001
101.978447628,1709142572.661429772,1709142572.660852787,/rigid_bodies.rigidbodies[2].pose.position.y,0.6533865140707185
101.988713677,1709142572.671695821,1709142572.671098152,/rigid_bodies.rigidbodies[2].pose.position.y,0.6532780839485605
101.998213606,1709142572.681195750,1709142572.680728581,/rigid_bodies.rigidbodies[2].pose.position.y,0.6532422059595004
102.007984749,1709142572.690966893,1709142572.690648359,/rigid_bodies.rigidbodies[2].pose.position.y,0.6533675444593197
102.018330868,1709142572.701313012,1709142572.700919388,/rigid_bodies.rigidbodies[2].pose.position.y,0.6535333379206819
102.028095558,1709142572.711077702,1709142572.710643321,/rigid_bodies.rigidbodies[2].pose.position.y,0.6534914068108661
102.038233017,1709142572.721215161,1709142572.720780065,/rigid_bodies.rigidbodies[2].pose.position.y,0.6533358192993727
102.048445811,1709142572.731427955,1709142572.730970565,/rigid_bodies.rigidbodies[2].pose.position.y,0.6533017301357209
102.054032413,1709142572.737014557,1709142572.736442688,/rigid_bodies.rigidbodies[2].pose.position.y,0.6533346045638151
102.068295498,1709142572.751277642,1709142572.750838579,/rigid_bodies.rigidbodies[2].pose.position.y,0.653479682317007
102.078118304,1709142572.761100448,1709142572.760634221,/rigid_bodies.rigidbodies[2].pose.position.y,0.6535967465382659
102.088832079,1709142572.771814223,1709142572.771155619,/rigid_bodies.rigidbodies[2].pose.position.y,0.653478136414831
102.098516366,1709142572.781498510,1709142572.780948764,/rigid_bodies.rigidbodies[2].pose.position.y,0.6533456794242569
102.108333948,1709142572.791316092,1709142572.790786751,/rigid_bodies.rigidbodies[2].pose.position.y,0.6533435804711076
102.118453035,1709142572.801435179,1709142572.800796855,/rigid_bodies.rigidbodies[2].pose.position.y,0.6533425547493507
102.128170138,1709142572.811152282,1709142572.810772789,/rigid_bodies.rigidbodies[2].pose.position.y,0.6534362405822717
102.138328846,1709142572.821310990,1709142572.820783208,/rigid_bodies.rigidbodies[2].pose.position.y,0.6534485426217844
102.148423539,1709142572.831405683,1709142572.830834609,/rigid_bodies.rigidbodies[2].pose.position.y,0.6533234956122519
102.157951547,1709142572.840933691,1709142572.840473339,/rigid_bodies.rigidbodies[2].pose.position.y,0.6532955784006099
102.16836852,1709142572.851350664,1709142572.850829425,/rigid_bodies.rigidbodies[2].pose.position.y,0.6533912773661031
102.178706991,1709142572.861689135,1709142572.861016966,/rigid_bodies.rigidbodies[2].pose.position.y,0.6534523109164834
102.188154767,1709142572.871136911,1709142572.870643363,/rigid_bodies.rigidbodies[2].pose.position.y,0.6534888605127651
102.198546905,1709142572.881529049,1709142572.880986579,/rigid_bodies.rigidbodies[2].pose.position.y,0.6533855370416728
102.208036934,1709142572.891019078,1709142572.890422085,/rigid_bodies.rigidbodies[2].pose.position.y,0.6532748160245039
102.218371744,1709142572.901353888,1709142572.900852746,/rigid_bodies.rigidbodies[2].pose.position.y,0.6533236724270423
102.228771958,1709142572.911754102,1709142572.910978650,/rigid_bodies.rigidbodies[2].pose.position.y,0.6534125627537729
102.23827892,1709142572.921261064,1709142572.920731792,/rigid_bodies.rigidbodies[2].pose.position.y,0.6534468864442888
102.248353154,1709142572.931335298,1709142572.930891450,/rigid_bodies.rigidbodies[2].pose.position.y,0.6534430069575556
102.258125886,1709142572.941108030,1709142572.940449753,/rigid_bodies.rigidbodies[2].pose.position.y,0.6533328497010915
102.268775477,1709142572.951757621,1709142572.951140271,/rigid_bodies.rigidbodies[2].pose.position.y,0.6532649464638166
102.278230105,1709142572.961212249,1709142572.960658615,/rigid_bodies.rigidbodies[2].pose.position.y,0.6533699163093358
102.288196818,1709142572.971178962,1709142572.970696949,/rigid_bodies.rigidbodies[2].pose.position.y,0.6535210579303132
102.298525998,1709142572.981508142,1709142572.980949618,/rigid_bodies.rigidbodies[2].pose.position.y,0.6535274528199168
102.308596317,1709142572.991578461,1709142572.991022384,/rigid_bodies.rigidbodies[2].pose.position.y,0.6534555275507413
102.318831445,1709142573.001813589,1709142573.001063083,/rigid_bodies.rigidbodies[2].pose.position.y,0.6532878518828028
102.328016878,1709142573.010999022,1709142573.010490779,/rigid_bodies.rigidbodies[2].pose.position.y,0.6532299202317927
102.338193283,1709142573.021175427,1709142573.020644142,/rigid_bodies.rigidbodies[2].pose.position.y,0.6534038695224825
102.348877867,1709142573.031860011,1709142573.031133757,/rigid_bodies.rigidbodies[2].pose.position.y,0.6534941270963901
102.35852113,1709142573.041503274,1709142573.040759561,/rigid_bodies.rigidbodies[2].pose.position.y,0.6534420758099418
102.367933184,1709142573.050915328,1709142573.050559017,/rigid_bodies.rigidbodies[2].pose.position.y,0.6534010322398165
102.378364249,1709142573.061346393,1709142573.060964325,/rigid_bodies.rigidbodies[2].pose.position.y,0.6532979202423016
102.388373942,1709142573.071356086,1709142573.070911852,/rigid_bodies.rigidbodies[2].pose.position.y,0.6533415278947398
102.398692897,1709142573.081675041,1709142573.081203124,/rigid_bodies.rigidbodies[2].pose.position.y,0.6534966787833393
102.408201043,1709142573.091183187,1709142573.090661074,/rigid_bodies.rigidbodies[2].pose.position.y,0.6535679665130207
102.418461477,1709142573.101443621,1709142573.100934405,/rigid_bodies.rigidbodies[2].pose.position.y,0.6534575247749597
102.427601965,1709142573.110584109,1709142573.110357022,/rigid_bodies.rigidbodies[2].pose.position.y,0.6533207483019409
102.437971396,1709142573.120953540,1709142573.120473204,/rigid_bodies.rigidbodies[2].pose.position.y,0.6532605058825608
102.447932319,1709142573.130914463,1709142573.130673045,/rigid_bodies.rigidbodies[2].pose.position.y,0.6533539506599993
102.457692061,1709142573.140674205,1709142573.140338530,/rigid_bodies.rigidbodies[2].pose.position.y,0.6535067495316584
102.468217114,1709142573.151199258,1709142573.150765218,/rigid_bodies.rigidbodies[2].pose.position.y,0.6534801037804333
102.47832874,1709142573.161310884,1709142573.160715092,/rigid_bodies.rigidbodies[2].pose.position.y,0.6533863715498723
102.488499931,1709142573.171482075,1709142573.170968290,/rigid_bodies.rigidbodies[2].pose.position.y,0.653320411163509
102.498355725,1709142573.181337869,1709142573.180743326,/rigid_bodies.rigidbodies[2].pose.position.y,0.6533054091666233
102.508636305,1709142573.191618449,1709142573.191000123,/rigid_bodies.rigidbodies[2].pose.position.y,0.6534389187557935
102.517941226,1709142573.200923370,1709142573.200458935,/rigid_bodies.rigidbodies[2].pose.position.y,0.6535513522255745
102.528109333,1709142573.211091477,1709142573.210587781,/rigid_bodies.rigidbodies[2].pose.position.y,0.6534609891490119
102.538632863,1709142573.221615007,1709142573.220968764,/rigid_bodies.rigidbodies[2].pose.position.y,0.653374183815986
102.548090767,1709142573.231072911,1709142573.230636950,/rigid_bodies.rigidbodies[2].pose.position.y,0.653337526200583
102.55821658,1709142573.241198724,1709142573.240694217,/rigid_bodies.rigidbodies[2].pose.position.y,0.6533799679931289
102.568418388,1709142573.251400532,1709142573.250898032,/rigid_bodies.rigidbodies[2].pose.position.y,0.6535353370950928
102.578223999,1709142573.261206143,1709142573.260699743,/rigid_bodies.rigidbodies[2].pose.position.y,0.6534980670985393
102.588158365,1709142573.271140509,1709142573.270635360,/rigid_bodies.rigidbodies[2].pose.position.y,0.6533039778612999
102.598303856,1709142573.281286000,1709142573.280706435,/rigid_bodies.rigidbodies[2].pose.position.y,0.6532274207008257
102.608270479,1709142573.291252623,1709142573.290653017,/rigid_bodies.rigidbodies[2].pose.position.y,0.6532576933299125
102.618423477,1709142573.301405621,1709142573.300861847,/rigid_bodies.rigidbodies[2].pose.position.y,0.6533953445122269
102.628633286,1709142573.311615430,1709142573.311154965,/rigid_bodies.rigidbodies[2].pose.position.y,0.653530460225013
102.64554058,1709142573.328522724,1709142573.328086215,/rigid_bodies.rigidbodies[2].pose.position.y,0.6535016020651424
102.648788974,1709142573.331771118,1709142573.331258339,/rigid_bodies.rigidbodies[2].pose.position.y,0.65334540861994
102.659032273,1709142573.342014417,1709142573.341410151,/rigid_bodies.rigidbodies[2].pose.position.y,0.653346887871965
102.668539678,1709142573.351521822,1709142573.351030052,/rigid_bodies.rigidbodies[2].pose.position.y,0.6533904428106556
102.678634303,1709142573.361616447,1709142573.361150966,/rigid_bodies.rigidbodies[2].pose.position.y,0.6534805586479221
102.688631415,1709142573.371613559,1709142573.370969313,/rigid_bodies.rigidbodies[2].pose.position.y,0.653530847254936
102.698595684,1709142573.381577828,1709142573.381090676,/rigid_bodies.rigidbodies[2].pose.position.y,0.6533926600443075
102.70818351,1709142573.391165654,1709142573.390759678,/rigid_bodies.rigidbodies[2].pose.position.y,0.6533053141486798
102.718326424,1709142573.401308568,1709142573.400689960,/rigid_bodies.rigidbodies[2].pose.position.y,0.6533510074779526
102.728555983,1709142573.411538127,1709142573.410871686,/rigid_bodies.rigidbodies[2].pose.position.y,0.6533837822081182
102.73835397,1709142573.421336114,1709142573.420926922,/rigid_bodies.rigidbodies[2].pose.position.y,0.6534855207425534
102.748270111,1709142573.431252255,1709142573.430787166,/rigid_bodies.rigidbodies[2].pose.position.y,0.6535019987263277
102.757991324,1709142573.440973468,1709142573.440305505,/rigid_bodies.rigidbodies[2].pose.position.y,0.6533859248464999
102.768062497,1709142573.451044641,1709142573.450633956,/rigid_bodies.rigidbodies[2].pose.position.y,0.6533361359379837
102.778370619,1709142573.461352763,1709142573.460831684,/rigid_bodies.rigidbodies[2].pose.position.y,0.6534401854242144
102.788923708,1709142573.471905852,1709142573.471246992,/rigid_bodies.rigidbodies[2].pose.position.y,0.6534809161540861
102.798235041,1709142573.481217185,1709142573.480726530,/rigid_bodies.rigidbodies[2].pose.position.y,0.6534773948946553
102.807925956,1709142573.490908100,1709142573.490596975,/rigid_bodies.rigidbodies[2].pose.position.y,0.6534143969581567
102.818484859,1709142573.501467003,1709142573.500809641,/rigid_bodies.rigidbodies[2].pose.position.y,0.6532965585470859
102.828193781,1709142573.511175925,1709142573.510903258,/rigid_bodies.rigidbodies[2].pose.position.y,0.6533505085973479
102.83815423,1709142573.521136374,1709142573.520794118,/rigid_bodies.rigidbodies[2].pose.position.y,0.653493083586898
102.848618296,1709142573.531600440,1709142573.531131575,/rigid_bodies.rigidbodies[2].pose.position.y,0.6534572011091373
102.858027863,1709142573.541010007,1709142573.540491934,/rigid_bodies.rigidbodies[2].pose.position.y,0.6534308485959519
102.86829477,1709142573.551276914,1709142573.550795317,/rigid_bodies.rigidbodies[2].pose.position.y,0.6533835732689794
102.878329105,1709142573.561311249,1709142573.560736005,/rigid_bodies.rigidbodies[2].pose.position.y,0.6533384141441224
102.888462075,1709142573.571444219,1709142573.570907501,/rigid_bodies.rigidbodies[2].pose.position.y,0.6534241808709859
102.898762516,1709142573.581744660,1709142573.581321117,/rigid_bodies.rigidbodies[2].pose.position.y,0.6535204110965788
102.908580661,1709142573.591562805,1709142573.590927547,/rigid_bodies.rigidbodies[2].pose.position.y,0.653511428040981
102.91802931,1709142573.601011454,1709142573.600468509,/rigid_bodies.rigidbodies[2].pose.position.y,0.6534458884038188
102.927950756,1709142573.610932900,1709142573.610452031,/rigid_bodies.rigidbodies[2].pose.position.y,0.653295546731771
102.938494089,1709142573.621476233,1709142573.620886417,/rigid_bodies.rigidbodies[2].pose.position.y,0.6532407837840948
102.948420372,1709142573.631402516,1709142573.630881660,/rigid_bodies.rigidbodies[2].pose.position.y,0.653394108510633
102.958125988,1709142573.641108132,1709142573.640693416,/rigid_bodies.rigidbodies[2].pose.position.y,0.6534965071177328
102.968322101,1709142573.651304245,1709142573.650815748,/rigid_bodies.rigidbodies[2].pose.position.y,0.6534838405439135
102.978457546,1709142573.661439690,1709142573.661099085,/rigid_bodies.rigidbodies[2].pose.position.y,0.6534472982839549
102.988120413,1709142573.671102557,1709142573.670720288,/rigid_bodies.rigidbodies[2].pose.position.y,0.6533564293092788
102.99854452,1709142573.681526664,1709142573.681138360,/rigid_bodies.rigidbodies[2].pose.position.y,0.6533810154232393
103.007942444,1709142573.690924588,1709142573.690390834,/rigid_bodies.rigidbodies[2].pose.position.y,0.6534806606978089
103.018820874,1709142573.701803018,1709142573.701270492,/rigid_bodies.rigidbodies[2].pose.position.y,0.6534790370831791
103.02859882,1709142573.711580964,1709142573.710894929,/rigid_bodies.rigidbodies[2].pose.position.y,0.653387925205621
103.038363716,1709142573.721345860,1709142573.721023560,/rigid_bodies.rigidbodies[2].pose.position.y,0.6533154725246914
103.048515697,1709142573.731497841,1709142573.730949918,/rigid_bodies.rigidbodies[2].pose.position.y,0.6532504635122692
103.058382848,1709142573.741364992,1709142573.740824070,/rigid_bodies.rigidbodies[2].pose.position.y,0.6533492881510926
103.06817978,1709142573.751161924,1709142573.750730260,/rigid_bodies.rigidbodies[2].pose.position.y,0.6535057240307647
103.078440174,1709142573.761422318,1709142573.761063779,/rigid_bodies.rigidbodies[2].pose.position.y,0.6535047478590735
103.088430287,1709142573.771412431,1709142573.771111014,/rigid_bodies.rigidbodies[2].pose.position.y,0.6534282682228255
103.098367371,1709142573.781349515,1709142573.781139939,/rigid_bodies.rigidbodies[2].pose.position.y,0.6533880916776131
103.107804372,1709142573.790786516,1709142573.790452389,/rigid_bodies.rigidbodies[2].pose.position.y,0.6533842198302587
103.118281785,1709142573.801263929,1709142573.800798197,/rigid_bodies.rigidbodies[2].pose.position.y,0.6534827290453734
103.128445619,1709142573.811427763,1709142573.811161956,/rigid_bodies.rigidbodies[2].pose.position.y,0.6535296598697741
103.137799603,1709142573.820781747,1709142573.820454182,/rigid_bodies.rigidbodies[2].pose.position.y,0.6533807714630105
103.148209674,1709142573.831191818,1709142573.830723134,/rigid_bodies.rigidbodies[2].pose.position.y,0.6533995793485168
103.157988912,1709142573.840971056,1709142573.840497606,/rigid_bodies.rigidbodies[2].pose.position.y,0.6533973768763963
103.168563504,1709142573.851545648,1709142573.851029144,/rigid_bodies.rigidbodies[2].pose.position.y,0.6533766289164904
103.178339568,1709142573.861321712,1709142573.860868031,/rigid_bodies.rigidbodies[2].pose.position.y,0.653508495685874
103.188229417,1709142573.871211561,1709142573.870735817,/rigid_bodies.rigidbodies[2].pose.position.y,0.6535163398557965
103.198450723,1709142573.881432867,1709142573.881085758,/rigid_bodies.rigidbodies[2].pose.position.y,0.6533933498931962
103.208480814,1709142573.891462958,1709142573.891002647,/rigid_bodies.rigidbodies[2].pose.position.y,0.6533411213646432
103.21805614,1709142573.901038284,1709142573.900718151,/rigid_bodies.rigidbodies[2].pose.position.y,0.65334137708348
103.227871657,1709142573.910853801,1709142573.910534059,/rigid_bodies.rigidbodies[2].pose.position.y,0.6534835369984345
103.238413577,1709142573.921395721,1709142573.920914693,/rigid_bodies.rigidbodies[2].pose.position.y,0.653590877233397
103.248211506,1709142573.931193650,1709142573.930744198,/rigid_bodies.rigidbodies[2].pose.position.y,0.6534679109499059
103.258421557,1709142573.941403701,1709142573.940931176,/rigid_bodies.rigidbodies[2].pose.position.y,0.6533301279671971
103.268475965,1709142573.951458109,1709142573.950853743,/rigid_bodies.rigidbodies[2].pose.position.y,0.6533543582437393
103.277528047,1709142573.960510191,1709142573.960146686,/rigid_bodies.rigidbodies[2].pose.position.y,0.6533894706231045
103.287813501,1709142573.970795645,1709142573.970490049,/rigid_bodies.rigidbodies[2].pose.position.y,0.6534831658582224
103.298621262,1709142573.981603406,1709142573.981149396,/rigid_bodies.rigidbodies[2].pose.position.y,0.6535170529294816
103.30775645,1709142573.990738594,1709142573.990320270,/rigid_bodies.rigidbodies[2].pose.position.y,0.653396052266682
103.318564149,1709142574.001546293,1709142574.001115675,/rigid_bodies.rigidbodies[2].pose.position.y,0.6533229975767608
103.3281858,1709142574.011167944,1709142574.010755500,/rigid_bodies.rigidbodies[2].pose.position.y,0.6533506574979099
103.338162799,1709142574.021144943,1709142574.020714789,/rigid_bodies.rigidbodies[2].pose.position.y,0.6534151107617284
103.348372188,1709142574.031354332,1709142574.030925221,/rigid_bodies.rigidbodies[2].pose.position.y,0.6535343647656402
103.358152554,1709142574.041134698,1709142574.040825610,/rigid_bodies.rigidbodies[2].pose.position.y,0.6535052928009131
103.367928178,1709142574.050910322,1709142574.050641059,/rigid_bodies.rigidbodies[2].pose.position.y,0.6533320055840343
103.377524062,1709142574.060506206,1709142574.060219105,/rigid_bodies.rigidbodies[2].pose.position.y,0.653293743350424
103.387336823,1709142574.070318967,1709142574.070016417,/rigid_bodies.rigidbodies[2].pose.position.y,0.6533964819689063
103.397970701,1709142574.080952845,1709142574.080609325,/rigid_bodies.rigidbodies[2].pose.position.y,0.6534831273416061
103.407647463,1709142574.090629607,1709142574.090385945,/rigid_bodies.rigidbodies[2].pose.position.y,0.6535304286887085
103.417678582,1709142574.100660726,1709142574.100432871,/rigid_bodies.rigidbodies[2].pose.position.y,0.6534669964039374
103.428241044,1709142574.111223188,1709142574.110879847,/rigid_bodies.rigidbodies[2].pose.position.y,0.6533523524551196
103.438319983,1709142574.121302127,1709142574.120813835,/rigid_bodies.rigidbodies[2].pose.position.y,0.6533916516486881
103.448354397,1709142574.131336541,1709142574.130846439,/rigid_bodies.rigidbodies[2].pose.position.y,0.6534849564125005
103.458141008,1709142574.141123152,1709142574.140697988,/rigid_bodies.rigidbodies[2].pose.position.y,0.6534985796286412
103.467949826,1709142574.150931970,1709142574.150547875,/rigid_bodies.rigidbodies[2].pose.position.y,0.6534870544472676
103.47852915,1709142574.161511294,1709142574.161112885,/rigid_bodies.rigidbodies[2].pose.position.y,0.6534210099509787
103.488380085,1709142574.171362229,1709142574.170919167,/rigid_bodies.rigidbodies[2].pose.position.y,0.6532955069502698
103.498461714,1709142574.181443858,1709142574.181038831,/rigid_bodies.rigidbodies[2].pose.position.y,0.6533672431788273
103.508110763,1709142574.191092907,1709142574.190796116,/rigid_bodies.rigidbodies[2].pose.position.y,0.6534729717373737
103.518330679,1709142574.201312823,1709142574.200840102,/rigid_bodies.rigidbodies[2].pose.position.y,0.6534831290196647
103.527902334,1709142574.210884478,1709142574.210555946,/rigid_bodies.rigidbodies[2].pose.position.y,0.6534682249530922
103.53794814,1709142574.220930284,1709142574.220595594,/rigid_bodies.rigidbodies[2].pose.position.y,0.65335991173784
103.548222734,1709142574.231204878,1709142574.230777606,/rigid_bodies.rigidbodies[2].pose.position.y,0.6533407833987493
103.558463058,1709142574.241445202,1709142574.240865661,/rigid_bodies.rigidbodies[2].pose.position.y,0.653509213320027
103.568604102,1709142574.251586246,1709142574.251111528,/rigid_bodies.rigidbodies[2].pose.position.y,0.6535320839257327
103.578096425,1709142574.261078569,1709142574.260651888,/rigid_bodies.rigidbodies[2].pose.position.y,0.6534535223269137
103.587914813,1709142574.270896957,1709142574.270602639,/rigid_bodies.rigidbodies[2].pose.position.y,0.6534195617896508
103.598233485,1709142574.281215629,1709142574.280870861,/rigid_bodies.rigidbodies[2].pose.position.y,0.653341425607843
103.607889086,1709142574.290871230,1709142574.290609322,/rigid_bodies.rigidbodies[2].pose.position.y,0.6534382300806699
103.618205533,1709142574.301187677,1709142574.300804814,/rigid_bodies.rigidbodies[2].pose.position.y,0.6535297431667467
103.628003134,1709142574.310985278,1709142574.310715570,/rigid_bodies.rigidbodies[2].pose.position.y,0.6534460496496856
103.633621481,1709142574.316603625,1709142574.316350988,/rigid_bodies.rigidbodies[2].pose.position.y,0.6533876992142273
103.648294133,1709142574.331276277,1709142574.330845789,/rigid_bodies.rigidbodies[2].pose.position.y,0.6533067273431313
103.658249397,1709142574.341231541,1709142574.340635853,/rigid_bodies.rigidbodies[2].pose.position.y,0.6532815531632629
103.668437754,1709142574.351419898,1709142574.350957099,/rigid_bodies.rigidbodies[2].pose.position.y,0.653445749254612
103.678265091,1709142574.361247235,1709142574.360898782,/rigid_bodies.rigidbodies[2].pose.position.y,0.6535523761338612
103.688789923,1709142574.371772067,1709142574.371184592,/rigid_bodies.rigidbodies[2].pose.position.y,0.6534875619495163
103.698256036,1709142574.381238180,1709142574.380802709,/rigid_bodies.rigidbodies[2].pose.position.y,0.6534290029383732
103.708299795,1709142574.391281939,1709142574.390829314,/rigid_bodies.rigidbodies[2].pose.position.y,0.653389354976715
103.71828188,1709142574.401264024,1709142574.400760983,/rigid_bodies.rigidbodies[2].pose.position.y,0.6533786322268478
103.728243092,1709142574.411225236,1709142574.410695965,/rigid_bodies.rigidbodies[2].pose.position.y,0.6535310977939284
103.738595072,1709142574.421577216,1709142574.421100311,/rigid_bodies.rigidbodies[2].pose.position.y,0.6535323523631605
103.748306018,1709142574.431288162,1709142574.430891297,/rigid_bodies.rigidbodies[2].pose.position.y,0.653383382422108
103.757775258,1709142574.440757402,1709142574.440485834,/rigid_bodies.rigidbodies[2].pose.position.y,0.6533564772204984
103.768443548,1709142574.451425692,1709142574.450976630,/rigid_bodies.rigidbodies[2].pose.position.y,0.6532953958221087
103.778268698,1709142574.461250842,1709142574.460859054,/rigid_bodies.rigidbodies[2].pose.position.y,0.6533466644643254
103.788070322,1709142574.471052466,1709142574.470626926,/rigid_bodies.rigidbodies[2].pose.position.y,0.6535182043384081
103.798592549,1709142574.481574693,1709142574.480986618,/rigid_bodies.rigidbodies[2].pose.position.y,0.6535138161476719
103.807500612,1709142574.490482756,1709142574.490164865,/rigid_bodies.rigidbodies[2].pose.position.y,0.6533986112196055
103.818589353,1709142574.501571497,1709142574.501164200,/rigid_bodies.rigidbodies[2].pose.position.y,0.6533595312631071
103.828497981,1709142574.511480125,1709142574.510772153,/rigid_bodies.rigidbodies[2].pose.position.y,0.6533955352125731
103.838289955,1709142574.521272099,1709142574.520683726,/rigid_bodies.rigidbodies[2].pose.position.y,0.6535028243880721
103.847877523,1709142574.530859667,1709142574.530598118,/rigid_bodies.rigidbodies[2].pose.position.y,0.6535500392002215
103.858323588,1709142574.541305732,1709142574.540816055,/rigid_bodies.rigidbodies[2].pose.position.y,0.6533979628902383
103.867987278,1709142574.550969422,1709142574.550599636,/rigid_bodies.rigidbodies[2].pose.position.y,0.6533094817473382
103.877522834,1709142574.560504978,1709142574.560311143,/rigid_bodies.rigidbodies[2].pose.position.y,0.6533611836735116
103.887755748,1709142574.570737892,1709142574.570479634,/rigid_bodies.rigidbodies[2].pose.position.y,0.6533963101303557
103.898171277,1709142574.581153421,1709142574.580797111,/rigid_bodies.rigidbodies[2].pose.position.y,0.6535138403650673
103.907794887,1709142574.590777031,1709142574.590382840,/rigid_bodies.rigidbodies[2].pose.position.y,0.653490920124528
103.918380163,1709142574.601362307,1709142574.600789820,/rigid_bodies.rigidbodies[2].pose.position.y,0.6533518881333618
103.929107669,1709142574.612089813,1709142574.611467461,/rigid_bodies.rigidbodies[2].pose.position.y,0.6533468078325521
103.938456186,1709142574.621438330,1709142574.620844668,/rigid_bodies.rigidbodies[2].pose.position.y,0.6534310131822605
103.948714796,1709142574.631696940,1709142574.631076363,/rigid_bodies.rigidbodies[2].pose.position.y,0.653471662917435
103.957923252,1709142574.640905396,1709142574.640408168,/rigid_bodies.rigidbodies[2].pose.position.y,0.6535292449365369
103.96821281,1709142574.651194954,1709142574.650653946,/rigid_bodies.rigidbodies[2].pose.position.y,0.6534680559825572
103.978427483,1709142574.661409627,1709142574.660883927,/rigid_bodies.rigidbodies[2].pose.position.y,0.6533208762176071
103.988469951,1709142574.671452095,1709142574.670883885,/rigid_bodies.rigidbodies[2].pose.position.y,0.6533026476356445
103.99846649,1709142574.681448634,1709142574.681012677,/rigid_bodies.rigidbodies[2].pose.position.y,0.6534003293939502
104.008276747,1709142574.691258891,1709142574.690788038,/rigid_bodies.rigidbodies[2].pose.position.y,0.6535022160584305
104.018507207,1709142574.701489351,1709142574.700924866,/rigid_bodies.rigidbodies[2].pose.position.y,0.6535214957517073
104.028508666,1709142574.711490810,1709142574.710823019,/rigid_bodies.rigidbodies[2].pose.position.y,0.6533964566920651
104.034235972,1709142574.717218116,1709142574.716548378,/rigid_bodies.rigidbodies[2].pose.position.y,0.6533035231773692
104.048517673,1709142574.731499817,1709142574.730918145,/rigid_bodies.rigidbodies[2].pose.position.y,0.6534207060410674
104.058168364,1709142574.741150508,1709142574.740537835,/rigid_bodies.rigidbodies[2].pose.position.y,0.653538939801089
104.068361797,1709142574.751343941,1709142574.750639006,/rigid_bodies.rigidbodies[2].pose.position.y,0.6535332878045558
104.078884503,1709142574.761866647,1709142574.761094694,/rigid_bodies.rigidbodies[2].pose.position.y,0.6534966206092828
104.08898973,1709142574.771971874,1709142574.771288968,/rigid_bodies.rigidbodies[2].pose.position.y,0.653367334308695
104.098796149,1709142574.781778293,1709142574.781046701,/rigid_bodies.rigidbodies[2].pose.position.y,0.6532763533257346
104.10835255,1709142574.791334694,1709142574.790683197,/rigid_bodies.rigidbodies[2].pose.position.y,0.6533383773448183
104.118243341,1709142574.801225485,1709142574.800624646,/rigid_bodies.rigidbodies[2].pose.position.y,0.653443758938328
104.127868146,1709142574.810850290,1709142574.810357576,/rigid_bodies.rigidbodies[2].pose.position.y,0.6534947816249106
104.13864812,1709142574.821630264,1709142574.820890529,/rigid_bodies.rigidbodies[2].pose.position.y,0.6535041769351813
104.148379159,1709142574.831361303,1709142574.830694098,/rigid_bodies.rigidbodies[2].pose.position.y,0.6533418345448223
104.158457742,1709142574.841439886,1709142574.840798826,/rigid_bodies.rigidbodies[2].pose.position.y,0.6533431705956741
104.16842996,1709142574.851412104,1709142574.850912065,/rigid_bodies.rigidbodies[2].pose.position.y,0.6535016905654462
104.178286992,1709142574.861269136,1709142574.860805306,/rigid_bodies.rigidbodies[2].pose.position.y,0.653501229851996
104.188653511,1709142574.871635655,1709142574.871086803,/rigid_bodies.rigidbodies[2].pose.position.y,0.6534674092329363
104.198785464,1709142574.881767608,1709142574.881118365,/rigid_bodies.rigidbodies[2].pose.position.y,0.6534592728542481
104.207862373,1709142574.890844517,1709142574.890423612,/rigid_bodies.rigidbodies[2].pose.position.y,0.6533830192369405
104.218204233,1709142574.901186377,1709142574.900689290,/rigid_bodies.rigidbodies[2].pose.position.y,0.6534293306725525
104.228431121,1709142574.911413265,1709142574.910904472,/rigid_bodies.rigidbodies[2].pose.position.y,0.6534659222085011
104.238259927,1709142574.921242071,1709142574.920722299,/rigid_bodies.rigidbodies[2].pose.position.y,0.6534080242295288
104.248751743,1709142574.931733887,1709142574.931141154,/rigid_bodies.rigidbodies[2].pose.position.y,0.6534271024031647
104.258699153,1709142574.941681297,1709142574.940992993,/rigid_bodies.rigidbodies[2].pose.position.y,0.6533988252595442
104.268291098,1709142574.951273242,1709142574.950913761,/rigid_bodies.rigidbodies[2].pose.position.y,0.653342400310399
104.278077738,1709142574.961059882,1709142574.960697561,/rigid_bodies.rigidbodies[2].pose.position.y,0.6534436313407482
104.288465439,1709142574.971447583,1709142574.970951135,/rigid_bodies.rigidbodies[2].pose.position.y,0.6534946200353612
104.298425569,1709142574.981407713,1709142574.980968462,/rigid_bodies.rigidbodies[2].pose.position.y,0.653414961953209
104.308143241,1709142574.991125385,1709142574.990603223,/rigid_bodies.rigidbodies[2].pose.position.y,0.6533995400853222
104.318135324,1709142575.001117468,1709142575.000629399,/rigid_bodies.rigidbodies[2].pose.position.y,0.6533627117544314
104.327920739,1709142575.010902883,1709142575.010496215,/rigid_bodies.rigidbodies[2].pose.position.y,0.6534330524493993
104.338485301,1709142575.021467445,1709142575.020900111,/rigid_bodies.rigidbodies[2].pose.position.y,0.6535842595153707
104.3486053,1709142575.031587444,1709142575.030954917,/rigid_bodies.rigidbodies[2].pose.position.y,0.6534878185733586
104.358180195,1709142575.041162339,1709142575.040692893,/rigid_bodies.rigidbodies[2].pose.position.y,0.6533779400565703
104.368169632,1709142575.051151776,1709142575.050664089,/rigid_bodies.rigidbodies[2].pose.position.y,0.6533818613936702
104.378215093,1709142575.061197237,1709142575.060697079,/rigid_bodies.rigidbodies[2].pose.position.y,0.6533418177646632
104.388041809,1709142575.071023953,1709142575.070613600,/rigid_bodies.rigidbodies[2].pose.position.y,0.6533981460200611
104.39904415,1709142575.082026294,1709142575.081524232,/rigid_bodies.rigidbodies[2].pose.position.y,0.6535296663883082
104.408727136,1709142575.091709280,1709142575.091099790,/rigid_bodies.rigidbodies[2].pose.position.y,0.6534448909478998
104.418748343,1709142575.101730487,1709142575.101061754,/rigid_bodies.rigidbodies[2].pose.position.y,0.6533079760123052
104.428581892,1709142575.111564036,1709142575.111077979,/rigid_bodies.rigidbodies[2].pose.position.y,0.6532948056625939
104.438451053,1709142575.121433197,1709142575.120794345,/rigid_bodies.rigidbodies[2].pose.position.y,0.6532997349809038
104.448163071,1709142575.131145215,1709142575.130717855,/rigid_bodies.rigidbodies[2].pose.position.y,0.6535196231435341
104.457821696,1709142575.140803840,1709142575.140453224,/rigid_bodies.rigidbodies[2].pose.position.y,0.6535736523655781
104.467676712,1709142575.150658856,1709142575.150518867,/rigid_bodies.rigidbodies[2].pose.position.y,0.6534211472472803
104.473401796,1709142575.156383940,1709142575.156264765,/rigid_bodies.rigidbodies[2].pose.position.y,0.6533822962694749
104.488462204,1709142575.171444348,1709142575.170924093,/rigid_bodies.rigidbodies[2].pose.position.y,0.6533920244173299
104.498874202,1709142575.181856346,1709142575.181206858,/rigid_bodies.rigidbodies[2].pose.position.y,0.6534425866042699
104.5085335,1709142575.191515644,1709142575.190955530,/rigid_bodies.rigidbodies[2].pose.position.y,0.6535469536281434
104.518873624,1709142575.201855768,1709142575.201343791,/rigid_bodies.rigidbodies[2].pose.position.y,0.6534880548260544
104.528543427,1709142575.211525571,1709142575.210952210,/rigid_bodies.rigidbodies[2].pose.position.y,0.6533497479098769
104.53852056,1709142575.221502704,1709142575.220839562,/rigid_bodies.rigidbodies[2].pose.position.y,0.6532908304927371
104.548355182,1709142575.231337326,1709142575.230853370,/rigid_bodies.rigidbodies[2].pose.position.y,0.6533512892183447
104.558991671,1709142575.241973815,1709142575.241248960,/rigid_bodies.rigidbodies[2].pose.position.y,0.6534418158467807
104.56873497,1709142575.251717114,1709142575.251079429,/rigid_bodies.rigidbodies[2].pose.position.y,0.6535800499175549
104.578889073,1709142575.261871217,1709142575.261259081,/rigid_bodies.rigidbodies[2].pose.position.y,0.6534401531315764
104.588670288,1709142575.271652432,1709142575.270980966,/rigid_bodies.rigidbodies[2].pose.position.y,0.6532802883235305
104.598626663,1709142575.281608807,1709142575.281032300,/rigid_bodies.rigidbodies[2].pose.position.y,0.6533295674349507
104.607779679,1709142575.290761823,1709142575.290372742,/rigid_bodies.rigidbodies[2].pose.position.y,0.6534604430051079
104.619018816,1709142575.302000960,1709142575.301225476,/rigid_bodies.rigidbodies[2].pose.position.y,0.6535555772477423
104.626919774,1709142575.309901918,1709142575.309375236,/rigid_bodies.rigidbodies[2].pose.position.y,0.6535723585412794
104.638943565,1709142575.321925709,1709142575.321158632,/rigid_bodies.rigidbodies[2].pose.position.y,0.6533944641866364
104.648869947,1709142575.331852091,1709142575.331156374,/rigid_bodies.rigidbodies[2].pose.position.y,0.6532938047847806
104.657997169,1709142575.340979313,1709142575.340508961,/rigid_bodies.rigidbodies[2].pose.position.y,0.653391805749903
104.668768164,1709142575.351750308,1709142575.351136711,/rigid_bodies.rigidbodies[2].pose.position.y,0.6534445217465903
104.678650732,1709142575.361632876,1709142575.360845583,/rigid_bodies.rigidbodies[2].pose.position.y,0.6534564634186576
104.688536792,1709142575.371518936,1709142575.370979244,/rigid_bodies.rigidbodies[2].pose.position.y,0.653436355215611
104.698534323,1709142575.381516467,1709142575.380921594,/rigid_bodies.rigidbodies[2].pose.position.y,0.6532418459280636
104.708612725,1709142575.391594869,1709142575.390937861,/rigid_bodies.rigidbodies[2].pose.position.y,0.65324882052691
104.719048931,1709142575.402031075,1709142575.401427597,/rigid_bodies.rigidbodies[2].pose.position.y,0.6534382573265988
104.729242229,1709142575.412224373,1709142575.411496940,/rigid_bodies.rigidbodies[2].pose.position.y,0.6535186393789135
104.738334353,1709142575.421316497,1709142575.420811175,/rigid_bodies.rigidbodies[2].pose.position.y,0.6535368178658567
104.748241313,1709142575.431223457,1709142575.430823216,/rigid_bodies.rigidbodies[2].pose.position.y,0.6534821563265403
104.757967134,1709142575.440949278,1709142575.440502430,/rigid_bodies.rigidbodies[2].pose.position.y,0.6533140219804769
104.768416464,1709142575.451398608,1709142575.450856587,/rigid_bodies.rigidbodies[2].pose.position.y,0.6533538382376024
104.778373912,1709142575.461356056,1709142575.460958966,/rigid_bodies.rigidbodies[2].pose.position.y,0.6534728145792152
104.787995206,1709142575.470977350,1709142575.470568445,/rigid_bodies.rigidbodies[2].pose.position.y,0.653472883732641
104.798425071,1709142575.481407215,1709142575.480850699,/rigid_bodies.rigidbodies[2].pose.position.y,0.6534351053791313
104.807893908,1709142575.490876052,1709142575.490526945,/rigid_bodies.rigidbodies[2].pose.position.y,0.6533486098179437
104.818446733,1709142575.501428877,1709142575.501042014,/rigid_bodies.rigidbodies[2].pose.position.y,0.6532921837029713
104.828370365,1709142575.511352509,1709142575.510820418,/rigid_bodies.rigidbodies[2].pose.position.y,0.6534415477487845
104.838462398,1709142575.521444542,1709142575.520897357,/rigid_bodies.rigidbodies[2].pose.position.y,0.6534919998519874
104.848320259,1709142575.531302403,1709142575.530849922,/rigid_bodies.rigidbodies[2].pose.position.y,0.6534567771708227
104.857879893,1709142575.540862037,1709142575.540369205,/rigid_bodies.rigidbodies[2].pose.position.y,0.6534431667464878
104.868335836,1709142575.551317980,1709142575.550800740,/rigid_bodies.rigidbodies[2].pose.position.y,0.6533158681241639
104.878490719,1709142575.561472863,1709142575.561121920,/rigid_bodies.rigidbodies[2].pose.position.y,0.653307480134172
104.887960122,1709142575.570942266,1709142575.570494722,/rigid_bodies.rigidbodies[2].pose.position.y,0.6534831095216956
104.898134974,1709142575.581117118,1709142575.580708592,/rigid_bodies.rigidbodies[2].pose.position.y,0.6535248474667147
104.907928002,1709142575.590910146,1709142575.590580514,/rigid_bodies.rigidbodies[2].pose.position.y,0.653454664253362
104.917476868,1709142575.600459012,1709142575.600085628,/rigid_bodies.rigidbodies[2].pose.position.y,0.6534178874933358
104.928379317,1709142575.611361461,1709142575.610913966,/rigid_bodies.rigidbodies[2].pose.position.y,0.6533360098101224
104.933809168,1709142575.616791312,1709142575.616382023,/rigid_bodies.rigidbodies[2].pose.position.y,0.653381261363244
104.948705064,1709142575.631687208,1709142575.631124387,/rigid_bodies.rigidbodies[2].pose.position.y,0.6535250010806287
104.958429087,1709142575.641411231,1709142575.640726252,/rigid_bodies.rigidbodies[2].pose.position.y,0.6534306445997687
104.968425459,1709142575.651407603,1709142575.650835990,/rigid_bodies.rigidbodies[2].pose.position.y,0.6533759559921581
104.978322933,1709142575.661305077,1709142575.660879598,/rigid_bodies.rigidbodies[2].pose.position.y,0.6533983550632412
104.988551032,1709142575.671533176,1709142575.670992452,/rigid_bodies.rigidbodies[2].pose.position.y,0.6533674069943285
104.998718798,1709142575.681700942,1709142575.681204482,/rigid_bodies.rigidbodies[2].pose.position.y,0.6534823273805956
105.008199361,1709142575.691181505,1709142575.690611993,/rigid_bodies.rigidbodies[2].pose.position.y,0.6535106871167115
105.018358364,1709142575.701340508,1709142575.700816791,/rigid_bodies.rigidbodies[2].pose.position.y,0.6533609009867313
105.028250538,1709142575.711232682,1709142575.710776432,/rigid_bodies.rigidbodies[2].pose.position.y,0.6533498291311618
105.038600751,1709142575.721582895,1709142575.720977530,/rigid_bodies.rigidbodies[2].pose.position.y,0.6533778883366191
105.048891913,1709142575.731874057,1709142575.731233958,/rigid_bodies.rigidbodies[2].pose.position.y,0.6534134537980731
105.058603214,1709142575.741585358,1709142575.740882370,/rigid_bodies.rigidbodies[2].pose.position.y,0.6535601408073973
105.069034054,1709142575.752016198,1709142575.751374078,/rigid_bodies.rigidbodies[2].pose.position.y,0.6535237235566502
105.078356516,1709142575.761338660,1709142575.760839795,/rigid_bodies.rigidbodies[2].pose.position.y,0.6533845479476763
105.088474121,1709142575.771456265,1709142575.770792733,/rigid_bodies.rigidbodies[2].pose.position.y,0.6533776420100348
105.098650681,1709142575.781632825,1709142575.781102685,/rigid_bodies.rigidbodies[2].pose.position.y,0.6533987784328892
105.108111597,1709142575.791093741,1709142575.790603774,/rigid_bodies.rigidbodies[2].pose.position.y,0.6534848843661076
105.118169779,1709142575.801151923,1709142575.800595409,/rigid_bodies.rigidbodies[2].pose.position.y,0.6535032229835486
105.128275808,1709142575.811257952,1709142575.810678465,/rigid_bodies.rigidbodies[2].pose.position.y,0.6533383771647043
105.138447007,1709142575.821429151,1709142575.820818739,/rigid_bodies.rigidbodies[2].pose.position.y,0.6532303751863738
105.148839868,1709142575.831822012,1709142575.831252694,/rigid_bodies.rigidbodies[2].pose.position.y,0.653354139992513
105.158057875,1709142575.841040019,1709142575.840486283,/rigid_bodies.rigidbodies[2].pose.position.y,0.6534912600972416
105.169091051,1709142575.852073195,1709142575.851342127,/rigid_bodies.rigidbodies[2].pose.position.y,0.6535722235533166
105.178945709,1709142575.861927853,1709142575.861269447,/rigid_bodies.rigidbodies[2].pose.position.y,0.6535478767712344
105.188730587,1709142575.871712731,1709142575.871041275,/rigid_bodies.rigidbodies[2].pose.position.y,0.6534097297781585
105.198816472,1709142575.881798616,1709142575.881079265,/rigid_bodies.rigidbodies[2].pose.position.y,0.6532925830551782
105.208106347,1709142575.891088491,1709142575.890563010,/rigid_bodies.rigidbodies[2].pose.position.y,0.6533503862520531
105.218388878,1709142575.901371022,1709142575.900865542,/rigid_bodies.rigidbodies[2].pose.position.y,0.6534493457542057
105.228423374,1709142575.911405518,1709142575.910802496,/rigid_bodies.rigidbodies[2].pose.position.y,0.6535392623598621
105.23839886,1709142575.921381004,1709142575.920769458,/rigid_bodies.rigidbodies[2].pose.position.y,0.6534933720666848
105.248529037,1709142575.931511181,1709142575.930785577,/rigid_bodies.rigidbodies[2].pose.position.y,0.6533131695177846
105.258515248,1709142575.941497392,1709142575.940820482,/rigid_bodies.rigidbodies[2].pose.position.y,0.6532645894302636
105.268663196,1709142575.951645340,1709142575.950950511,/rigid_bodies.rigidbodies[2].pose.position.y,0.653426847871091
105.278416188,1709142575.961398332,1709142575.960798207,/rigid_bodies.rigidbodies[2].pose.position.y,0.6534959878743986
105.288618934,1709142575.971601078,1709142575.970943830,/rigid_bodies.rigidbodies[2].pose.position.y,0.6534881919186704
105.298749447,1709142575.981731591,1709142575.981135953,/rigid_bodies.rigidbodies[2].pose.position.y,0.6534291138341045
105.308190725,1709142575.991172869,1709142575.990609237,/rigid_bodies.rigidbodies[2].pose.position.y,0.6532895382173023
105.3186135,1709142576.001595644,1709142576.001055654,/rigid_bodies.rigidbodies[2].pose.position.y,0.6533171969879311
105.328698793,1709142576.011680937,1709142576.011001712,/rigid_bodies.rigidbodies[2].pose.position.y,0.6534496878085707
105.338676469,1709142576.021658613,1709142576.021034485,/rigid_bodies.rigidbodies[2].pose.position.y,0.6534744497444596
105.348860393,1709142576.031842537,1709142576.031073511,/rigid_bodies.rigidbodies[2].pose.position.y,0.6534820815673457
105.358370039,1709142576.041352183,1709142576.040789323,/rigid_bodies.rigidbodies[2].pose.position.y,0.653398265388888
105.368393016,1709142576.051375160,1709142576.050844946,/rigid_bodies.rigidbodies[2].pose.position.y,0.6532892394311786
105.378351607,1709142576.061333751,1709142576.061102731,/rigid_bodies.rigidbodies[2].pose.position.y,0.6533947472960221
105.387766295,1709142576.070748439,1709142576.070546123,/rigid_bodies.rigidbodies[2].pose.position.y,0.6534891285115181
105.398386725,1709142576.081368869,1709142576.080932841,/rigid_bodies.rigidbodies[2].pose.position.y,0.6534439936581794
105.40739326,1709142576.090375404,1709142576.090175937,/rigid_bodies.rigidbodies[2].pose.position.y,0.6533934915755671
105.417811739,1709142576.100793883,1709142576.100524292,/rigid_bodies.rigidbodies[2].pose.position.y,0.6533444642616284
105.42800441,1709142576.110986554,1709142576.110548614,/rigid_bodies.rigidbodies[2].pose.position.y,0.6533497244164032
105.437935634,1709142576.120917778,1709142576.120615633,/rigid_bodies.rigidbodies[2].pose.position.y,0.6534308351126006
105.448137395,1709142576.131119539,1709142576.130809997,/rigid_bodies.rigidbodies[2].pose.position.y,0.6534487649367986
105.458043161,1709142576.141025305,1709142576.140611052,/rigid_bodies.rigidbodies[2].pose.position.y,0.6534371472133504
105.46903437,1709142576.152016514,1709142576.151478125,/rigid_bodies.rigidbodies[2].pose.position.y,0.65339288764479
105.478757881,1709142576.161740025,1709142576.161000401,/rigid_bodies.rigidbodies[2].pose.position.y,0.6533290060313736
105.488883753,1709142576.171865897,1709142576.171233970,/rigid_bodies.rigidbodies[2].pose.position.y,0.6533370226760665
105.49898421,1709142576.181966354,1709142576.181233330,/rigid_bodies.rigidbodies[2].pose.position.y,0.6535303106977433
105.508204503,1709142576.191186647,1709142576.190636457,/rigid_bodies.rigidbodies[2].pose.position.y,0.6535219877207625
105.518256248,1709142576.201238392,1709142576.200695790,/rigid_bodies.rigidbodies[2].pose.position.y,0.653436396659371
105.529156374,1709142576.212138518,1709142576.211474464,/rigid_bodies.rigidbodies[2].pose.position.y,0.6533916271320211
105.538531531,1709142576.221513675,1709142576.220953685,/rigid_bodies.rigidbodies[2].pose.position.y,0.6533435342587987
105.548462218,1709142576.231444362,1709142576.230905313,/rigid_bodies.rigidbodies[2].pose.position.y,0.6533715304542681
105.558643145,1709142576.241625289,1709142576.240935674,/rigid_bodies.rigidbodies[2].pose.position.y,0.6534533725932842
105.568948347,1709142576.251930491,1709142576.251276186,/rigid_bodies.rigidbodies[2].pose.position.y,0.6534309795779779
105.578851622,1709142576.261833766,1709142576.261212396,/rigid_bodies.rigidbodies[2].pose.position.y,0.6533878778933
105.588607312,1709142576.271589456,1709142576.270919305,/rigid_bodies.rigidbodies[2].pose.position.y,0.6533822339994855
105.598890437,1709142576.281872581,1709142576.281119508,/rigid_bodies.rigidbodies[2].pose.position.y,0.6533871229090918
105.60825997,1709142576.291242114,1709142576.290665203,/rigid_bodies.rigidbodies[2].pose.position.y,0.6534457676221118
105.618281608,1709142576.301263752,1709142576.300671289,/rigid_bodies.rigidbodies[2].pose.position.y,0.6535253712173531
105.628793462,1709142576.311775606,1709142576.311006814,/rigid_bodies.rigidbodies[2].pose.position.y,0.6534618429440644
105.638939849,1709142576.321921993,1709142576.321296388,/rigid_bodies.rigidbodies[2].pose.position.y,0.6533797945980953
105.6480559,1709142576.331038044,1709142576.330630498,/rigid_bodies.rigidbodies[2].pose.position.y,0.6533578330053947
105.65830305,1709142576.341285194,1709142576.340677455,/rigid_bodies.rigidbodies[2].pose.position.y,0.653394066579156
105.6683215,1709142576.351303644,1709142576.350825689,/rigid_bodies.rigidbodies[2].pose.position.y,0.6534371593829843
105.67872346,1709142576.361705604,1709142576.361114702,/rigid_bodies.rigidbodies[2].pose.position.y,0.6534304626744167
105.688512732,1709142576.371494876,1709142576.370800620,/rigid_bodies.rigidbodies[2].pose.position.y,0.6533724754976474
105.697956063,1709142576.380938207,1709142576.380619263,/rigid_bodies.rigidbodies[2].pose.position.y,0.6533691392615866
105.707918613,1709142576.390900757,1709142576.390521514,/rigid_bodies.rigidbodies[2].pose.position.y,0.6533747692000993
105.71868285,1709142576.401664994,1709142576.401172703,/rigid_bodies.rigidbodies[2].pose.position.y,0.6534294111920456
105.728101349,1709142576.411083493,1709142576.410763348,/rigid_bodies.rigidbodies[2].pose.position.y,0.653496212128982
105.738314204,1709142576.421296348,1709142576.420839510,/rigid_bodies.rigidbodies[2].pose.position.y,0.653478680044872
105.748510042,1709142576.431492186,1709142576.431129981,/rigid_bodies.rigidbodies[2].pose.position.y,0.6533489591053114
105.75822645,1709142576.441208594,1709142576.440824729,/rigid_bodies.rigidbodies[2].pose.position.y,0.6533160483392259
105.768267021,1709142576.451249165,1709142576.450837051,/rigid_bodies.rigidbodies[2].pose.position.y,0.6534415230058035
105.778208712,1709142576.461190856,1709142576.460771399,/rigid_bodies.rigidbodies[2].pose.position.y,0.6534874584103991
105.788560261,1709142576.471542405,1709142576.471018661,/rigid_bodies.rigidbodies[2].pose.position.y,0.6534898550752524
105.798469475,1709142576.481451619,1709142576.480847722,/rigid_bodies.rigidbodies[2].pose.position.y,0.6533926162744724
105.807603972,1709142576.490586116,1709142576.490367273,/rigid_bodies.rigidbodies[2].pose.position.y,0.6532726306303958
105.818466439,1709142576.501448583,1709142576.501045367,/rigid_bodies.rigidbodies[2].pose.position.y,0.6533364261859952
105.827855246,1709142576.510837390,1709142576.510593751,/rigid_bodies.rigidbodies[2].pose.position.y,0.6534941567340478
105.83840726,1709142576.521389404,1709142576.520847927,/rigid_bodies.rigidbodies[2].pose.position.y,0.6535493926079156
105.848510336,1709142576.531492480,1709142576.531034496,/rigid_bodies.rigidbodies[2].pose.position.y,0.6535118034648449
105.853635009,1709142576.536617153,1709142576.536394601,/rigid_bodies.rigidbodies[2].pose.position.y,0.6533524234694399
105.868282181,1709142576.551264325,1709142576.550899719,/rigid_bodies.rigidbodies[2].pose.position.y,0.6532852905716637
105.878333744,1709142576.561315888,1709142576.561015072,/rigid_bodies.rigidbodies[2].pose.position.y,0.6534075671126318
105.887764473,1709142576.570746617,1709142576.570502623,/rigid_bodies.rigidbodies[2].pose.position.y,0.6535030065661267
105.897846719,1709142576.580828863,1709142576.580588459,/rigid_bodies.rigidbodies[2].pose.position.y,0.6535287065089999
105.907628639,1709142576.590610783,1709142576.590497011,/rigid_bodies.rigidbodies[2].pose.position.y,0.6534680439028164
105.917873293,1709142576.600855437,1709142576.600614963,/rigid_bodies.rigidbodies[2].pose.position.y,0.6533325884685902
105.928359709,1709142576.611341853,1709142576.611031813,/rigid_bodies.rigidbodies[2].pose.position.y,0.6532906887902894
105.93789629,1709142576.620878434,1709142576.620650301,/rigid_bodies.rigidbodies[2].pose.position.y,0.6534375532334927
105.948392357,1709142576.631374501,1709142576.630960050,/rigid_bodies.rigidbodies[2].pose.position.y,0.6534748509648305
105.958094318,1709142576.641076462,1709142576.640657664,/rigid_bodies.rigidbodies[2].pose.position.y,0.6534562626127834
105.968242328,1709142576.651224472,1709142576.650798921,/rigid_bodies.rigidbodies[2].pose.position.y,0.6533948758534541
105.978199573,1709142576.661181717,1709142576.660874771,/rigid_bodies.rigidbodies[2].pose.position.y,0.6532990548827153
105.988314371,1709142576.671296515,1709142576.670950634,/rigid_bodies.rigidbodies[2].pose.position.y,0.6533841352390645
105.99854121,1709142576.681523354,1709142576.681013361,/rigid_bodies.rigidbodies[2].pose.position.y,0.6535811322568126
106.007918919,1709142576.690901063,1709142576.690534848,/rigid_bodies.rigidbodies[2].pose.position.y,0.6535331972166963
106.018318769,1709142576.701300913,1709142576.700843720,/rigid_bodies.rigidbodies[2].pose.position.y,0.6534220451870918
106.028443522,1709142576.711425666,1709142576.710954279,/rigid_bodies.rigidbodies[2].pose.position.y,0.6533335981838213
106.038048573,1709142576.721030717,1709142576.720678132,/rigid_bodies.rigidbodies[2].pose.position.y,0.6533146557649733
106.048720691,1709142576.731702835,1709142576.731264426,/rigid_bodies.rigidbodies[2].pose.position.y,0.6534832315277282
106.057964212,1709142576.740946356,1709142576.740553025,/rigid_bodies.rigidbodies[2].pose.position.y,0.6535521487909473
106.068227882,1709142576.751210026,1709142576.750742135,/rigid_bodies.rigidbodies[2].pose.position.y,0.6534194803734626
106.078043702,1709142576.761025846,1709142576.760731793,/rigid_bodies.rigidbodies[2].pose.position.y,0.6533584697546634
106.08828623,1709142576.771268374,1709142576.770687209,/rigid_bodies.rigidbodies[2].pose.position.y,0.6533064075526034
106.098278997,1709142576.781261141,1709142576.780774735,/rigid_bodies.rigidbodies[2].pose.position.y,0.653378544060455
106.108213474,1709142576.791195618,1709142576.790767664,/rigid_bodies.rigidbodies[2].pose.position.y,0.6535682698417928
106.118332414,1709142576.801314558,1709142576.800907044,/rigid_bodies.rigidbodies[2].pose.position.y,0.65355579695419
106.128255347,1709142576.811237491,1709142576.810914040,/rigid_bodies.rigidbodies[2].pose.position.y,0.6533945587693423
106.138082436,1709142576.821064580,1709142576.820653980,/rigid_bodies.rigidbodies[2].pose.position.y,0.6533207959046576
106.148249922,1709142576.831232066,1709142576.830834157,/rigid_bodies.rigidbodies[2].pose.position.y,0.6533364999546777
106.158162715,1709142576.841144859,1709142576.840762881,/rigid_bodies.rigidbodies[2].pose.position.y,0.6534733376457943
106.168083686,1709142576.851065830,1709142576.850681710,/rigid_bodies.rigidbodies[2].pose.position.y,0.6535781919201525
106.178344543,1709142576.861326687,1709142576.860923878,/rigid_bodies.rigidbodies[2].pose.position.y,0.6534763608337975
106.188060596,1709142576.871042740,1709142576.870659389,/rigid_bodies.rigidbodies[2].pose.position.y,0.6532852623084646
106.198083437,1709142576.881065581,1709142576.880655075,/rigid_bodies.rigidbodies[2].pose.position.y,0.6532914913528067
106.208114833,1709142576.891096977,1709142576.890576020,/rigid_bodies.rigidbodies[2].pose.position.y,0.6533910673896811
106.218550386,1709142576.901532530,1709142576.901025968,/rigid_bodies.rigidbodies[2].pose.position.y,0.6535252261062738
106.228497531,1709142576.911479675,1709142576.911091298,/rigid_bodies.rigidbodies[2].pose.position.y,0.6535344102664128
106.23887735,1709142576.921859494,1709142576.921431008,/rigid_bodies.rigidbodies[2].pose.position.y,0.6534152183110729
106.248332938,1709142576.931315082,1709142576.930959513,/rigid_bodies.rigidbodies[2].pose.position.y,0.6532995100502501
106.257957931,1709142576.940940075,1709142576.940598503,/rigid_bodies.rigidbodies[2].pose.position.y,0.6533618445816021
106.268097817,1709142576.951079961,1709142576.950669806,/rigid_bodies.rigidbodies[2].pose.position.y,0.6534935652768666
106.278214055,1709142576.961196199,1709142576.960852396,/rigid_bodies.rigidbodies[2].pose.position.y,0.6535704346044873
106.288145751,1709142576.971127895,1709142576.970770410,/rigid_bodies.rigidbodies[2].pose.position.y,0.6534709573005211
106.298623599,1709142576.981605743,1709142576.981024382,/rigid_bodies.rigidbodies[2].pose.position.y,0.6532794170685036
106.307898811,1709142576.990880955,1709142576.990406048,/rigid_bodies.rigidbodies[2].pose.position.y,0.6532453584650153
106.317964385,1709142577.000946529,1709142577.000499244,/rigid_bodies.rigidbodies[2].pose.position.y,0.6534299430198427
106.328243772,1709142577.011225916,1709142577.010802762,/rigid_bodies.rigidbodies[2].pose.position.y,0.6535434034499406
106.338508281,1709142577.021490425,1709142577.020928795,/rigid_bodies.rigidbodies[2].pose.position.y,0.6535601322398348
106.348305048,1709142577.031287192,1709142577.030877424,/rigid_bodies.rigidbodies[2].pose.position.y,0.6534031913199218
106.35835535,1709142577.041337494,1709142577.040930420,/rigid_bodies.rigidbodies[2].pose.position.y,0.6532324679052861
106.368585466,1709142577.051567610,1709142577.050987078,/rigid_bodies.rigidbodies[2].pose.position.y,0.6533527598979438
106.378626042,1709142577.061608186,1709142577.061086202,/rigid_bodies.rigidbodies[2].pose.position.y,0.6535284540386701
106.388261976,1709142577.071244120,1709142577.070719658,/rigid_bodies.rigidbodies[2].pose.position.y,0.6535290066889693
106.39843208,1709142577.081414224,1709142577.080900567,/rigid_bodies.rigidbodies[2].pose.position.y,0.6535130138164078
106.408520305,1709142577.091502449,1709142577.090934625,/rigid_bodies.rigidbodies[2].pose.position.y,0.6533294813257137
106.41853773,1709142577.101519874,1709142577.101004074,/rigid_bodies.rigidbodies[2].pose.position.y,0.653252649049076
106.424230681,1709142577.107212825,1709142577.106668099,/rigid_bodies.rigidbodies[2].pose.position.y,0.6534695683448006
106.43920784,1709142577.122189984,1709142577.121213580,/rigid_bodies.rigidbodies[2].pose.position.y,0.6536013705919429
106.448337211,1709142577.131319355,1709142577.130771693,/rigid_bodies.rigidbodies[2].pose.position.y,0.653572794453329
106.45866099,1709142577.141643134,1709142577.140975462,/rigid_bodies.rigidbodies[2].pose.position.y,0.6534400995085121
106.468214006,1709142577.151196150,1709142577.150666422,/rigid_bodies.rigidbodies[2].pose.position.y,0.6532380235122399
106.4783515,1709142577.161333644,1709142577.160847546,/rigid_bodies.rigidbodies[2].pose.position.y,0.6532980919148202
106.487993291,1709142577.170975435,1709142577.170550549,/rigid_bodies.rigidbodies[2].pose.position.y,0.6534798663825171
106.498140208,1709142577.181122352,1709142577.180856271,/rigid_bodies.rigidbodies[2].pose.position.y,0.6535041835876384
106.507958551,1709142577.190940695,1709142577.190689013,/rigid_bodies.rigidbodies[2].pose.position.y,0.6534463475860319
106.518421133,1709142577.201403277,1709142577.201014776,/rigid_bodies.rigidbodies[2].pose.position.y,0.6533476182745044
106.528813368,1709142577.211795512,1709142577.211173723,/rigid_bodies.rigidbodies[2].pose.position.y,0.6532486097498208
106.538057087,1709142577.221039231,1709142577.220583033,/rigid_bodies.rigidbodies[2].pose.position.y,0.6534399453988049
106.548403038,1709142577.231385182,1709142577.230828370,/rigid_bodies.rigidbodies[2].pose.position.y,0.653619257415981
106.558520195,1709142577.241502339,1709142577.240830013,/rigid_bodies.rigidbodies[2].pose.position.y,0.6535157078636911
106.568258122,1709142577.251240266,1709142577.250726167,/rigid_bodies.rigidbodies[2].pose.position.y,0.6534399432762972
106.578139318,1709142577.261121462,1709142577.260697795,/rigid_bodies.rigidbodies[2].pose.position.y,0.6533170694069
106.58889629,1709142577.271878434,1709142577.271162699,/rigid_bodies.rigidbodies[2].pose.position.y,0.6533246260038035
106.598420905,1709142577.281403049,1709142577.280918318,/rigid_bodies.rigidbodies[2].pose.position.y,0.6535001906311673
106.608023808,1709142577.291005952,1709142577.290552859,/rigid_bodies.rigidbodies[2].pose.position.y,0.6535317528181827
106.618781828,1709142577.301763972,1709142577.301276020,/rigid_bodies.rigidbodies[2].pose.position.y,0.6533380539661123
106.628524709,1709142577.311506853,1709142577.311071080,/rigid_bodies.rigidbodies[2].pose.position.y,0.6532800604930395
106.638414959,1709142577.321397103,1709142577.320886348,/rigid_bodies.rigidbodies[2].pose.position.y,0.6532730323545956
106.648790731,1709142577.331772875,1709142577.331108707,/rigid_bodies.rigidbodies[2].pose.position.y,0.6534242385313174
106.658219094,1709142577.341201238,1709142577.340701315,/rigid_bodies.rigidbodies[2].pose.position.y,0.6535997063186739
106.668296923,1709142577.351279067,1709142577.350890202,/rigid_bodies.rigidbodies[2].pose.position.y,0.6535197802113765
106.678978807,1709142577.361960951,1709142577.361496382,/rigid_bodies.rigidbodies[2].pose.position.y,0.6533846458305881
106.688276557,1709142577.371258701,1709142577.370792276,/rigid_bodies.rigidbodies[2].pose.position.y,0.6533454540543439
106.697954812,1709142577.380936956,1709142577.380648217,/rigid_bodies.rigidbodies[2].pose.position.y,0.6533591578844028
106.708051087,1709142577.391033231,1709142577.390648931,/rigid_bodies.rigidbodies[2].pose.position.y,0.6535312020522269
106.71863325,1709142577.401615394,1709142577.401073361,/rigid_bodies.rigidbodies[2].pose.position.y,0.6535929625293008
106.728679435,1709142577.411661579,1709142577.411111729,/rigid_bodies.rigidbodies[2].pose.position.y,0.6533787682404115
106.73849833,1709142577.421480474,1709142577.420958447,/rigid_bodies.rigidbodies[2].pose.position.y,0.6532215833133496
106.748335648,1709142577.431317792,1709142577.430760275,/rigid_bodies.rigidbodies[2].pose.position.y,0.6532314611048037
106.758575273,1709142577.441557417,1709142577.440931534,/rigid_bodies.rigidbodies[2].pose.position.y,0.653354136765084
106.768613796,1709142577.451595940,1709142577.451025215,/rigid_bodies.rigidbodies[2].pose.position.y,0.6535430563024465
106.778810009,1709142577.461792153,1709142577.461205199,/rigid_bodies.rigidbodies[2].pose.position.y,0.653513495683459
106.788439283,1709142577.471421427,1709142577.470838119,/rigid_bodies.rigidbodies[2].pose.position.y,0.6532833903495754
106.799413109,1709142577.482395253,1709142577.481701268,/rigid_bodies.rigidbodies[2].pose.position.y,0.653276520791699
106.8082191,1709142577.491201244,1709142577.490643400,/rigid_bodies.rigidbodies[2].pose.position.y,0.6534034476469062
106.818876672,1709142577.501858816,1709142577.501268750,/rigid_bodies.rigidbodies[2].pose.position.y,0.6535647944306018
106.828774046,1709142577.511756190,1709142577.511118693,/rigid_bodies.rigidbodies[2].pose.position.y,0.6536642302498562
106.838196414,1709142577.521178558,1709142577.520696488,/rigid_bodies.rigidbodies[2].pose.position.y,0.6535056091044356
106.84839835,1709142577.531380494,1709142577.530716736,/rigid_bodies.rigidbodies[2].pose.position.y,0.6532460393568683
106.856573604,1709142577.539555748,1709142577.539009797,/rigid_bodies.rigidbodies[2].pose.position.y,0.6532431040356628
106.868725256,1709142577.551707400,1709142577.551126294,/rigid_bodies.rigidbodies[2].pose.position.y,0.6533460469147929
106.878716152,1709142577.561698296,1709142577.561071962,/rigid_bodies.rigidbodies[2].pose.position.y,0.6534873495434764
106.888788172,1709142577.571770316,1709142577.571119055,/rigid_bodies.rigidbodies[2].pose.position.y,0.6535402748186212
106.89884716,1709142577.581829304,1709142577.581212970,/rigid_bodies.rigidbodies[2].pose.position.y,0.6533285169271588
106.908289365,1709142577.591271509,1709142577.590663343,/rigid_bodies.rigidbodies[2].pose.position.y,0.6532043817345295
106.918852449,1709142577.601834593,1709142577.601032612,/rigid_bodies.rigidbodies[2].pose.position.y,0.6533820518224458
106.92885062,1709142577.611832764,1709142577.611081928,/rigid_bodies.rigidbodies[2].pose.position.y,0.6535218276091304
106.938455281,1709142577.621437425,1709142577.620837465,/rigid_bodies.rigidbodies[2].pose.position.y,0.6535389862097255
106.948596687,1709142577.631578831,1709142577.630887423,/rigid_bodies.rigidbodies[2].pose.position.y,0.6534836585733009
106.958684405,1709142577.641666549,1709142577.640962956,/rigid_bodies.rigidbodies[2].pose.position.y,0.6532969575387096
106.968292737,1709142577.651274881,1709142577.650801881,/rigid_bodies.rigidbodies[2].pose.position.y,0.6533460182794933
106.977766965,1709142577.660749109,1709142577.660340464,/rigid_bodies.rigidbodies[2].pose.position.y,0.6535421963836338
106.98787375,1709142577.670855894,1709142577.670547979,/rigid_bodies.rigidbodies[2].pose.position.y,0.6535252554887983
106.998203648,1709142577.681185792,1709142577.680910870,/rigid_bodies.rigidbodies[2].pose.position.y,0.6534615269359269
107.008043793,1709142577.691025937,1709142577.690585134,/rigid_bodies.rigidbodies[2].pose.position.y,0.6533058966360387
107.01928789,1709142577.702270034,1709142577.701475242,/rigid_bodies.rigidbodies[2].pose.position.y,0.6531567080357519
107.02828949,1709142577.711271634,1709142577.710697479,/rigid_bodies.rigidbodies[2].pose.position.y,0.6533391850781417
107.038942366,1709142577.721924510,1709142577.721324830,/rigid_bodies.rigidbodies[2].pose.position.y,0.6535828887871769
107.048926249,1709142577.731908393,1709142577.731215588,/rigid_bodies.rigidbodies[2].pose.position.y,0.653571861724549
107.058163407,1709142577.741145551,1709142577.740631376,/rigid_bodies.rigidbodies[2].pose.position.y,0.653433101653703
107.068856015,1709142577.751838159,1709142577.751182577,/rigid_bodies.rigidbodies[2].pose.position.y,0.6532930988833997
107.078324627,1709142577.761306771,1709142577.760742179,/rigid_bodies.rigidbodies[2].pose.position.y,0.6532817722010272
107.088823448,1709142577.771805592,1709142577.771290093,/rigid_bodies.rigidbodies[2].pose.position.y,0.6535207989156331
107.098860642,1709142577.781842786,1709142577.781165352,/rigid_bodies.rigidbodies[2].pose.position.y,0.6535862590945476
107.108094784,1709142577.791076928,1709142577.790549663,/rigid_bodies.rigidbodies[2].pose.position.y,0.6534654504395735
107.118453846,1709142577.801435990,1709142577.800914713,/rigid_bodies.rigidbodies[2].pose.position.y,0.6533640891956447
107.129094354,1709142577.812076498,1709142577.811554407,/rigid_bodies.rigidbodies[2].pose.position.y,0.6532036606545577
107.138619098,1709142577.821601242,1709142577.820979111,/rigid_bodies.rigidbodies[2].pose.position.y,0.6532800591620639
107.148572639,1709142577.831554783,1709142577.831081437,/rigid_bodies.rigidbodies[2].pose.position.y,0.6535782468821845
10.982802492,1709142481.665784636,1709142481.665526305,/rigid_bodies.rigidbodies[2].pose.position.z,0
10.992638691,1709142481.675620835,1709142481.675445675,/rigid_bodies.rigidbodies[2].pose.position.z,0.18418391719256713
11.002464015,1709142481.685446159,1709142481.685265658,/rigid_bodies.rigidbodies[2].pose.position.z,0.18420151841898746
11.012590914,1709142481.695573058,1709142481.695362739,/rigid_bodies.rigidbodies[2].pose.position.z,0.18440912399837026
11.022801406,1709142481.705783550,1709142481.705431598,/rigid_bodies.rigidbodies[2].pose.position.z,0.1845094408849756
11.032490472,1709142481.715472616,1709142481.715205122,/rigid_bodies.rigidbodies[2].pose.position.z,0.18422924859276035
11.042614155,1709142481.725596299,1709142481.725243583,/rigid_bodies.rigidbodies[2].pose.position.z,0.18402193299265104
11.053076454,1709142481.736058598,1709142481.735541495,/rigid_bodies.rigidbodies[2].pose.position.z,0.18391341764646676
11.062713976,1709142481.745696120,1709142481.745325232,/rigid_bodies.rigidbodies[2].pose.position.z,0.18412820774755542
11.072822308,1709142481.755804452,1709142481.755449032,/rigid_bodies.rigidbodies[2].pose.position.z,0.18446009831088428
11.082939929,1709142481.765922073,1709142481.765469973,/rigid_bodies.rigidbodies[2].pose.position.z,0.1843962526740484
11.092947624,1709142481.775929768,1709142481.775482992,/rigid_bodies.rigidbodies[2].pose.position.z,0.18414195294395097
11.102477638,1709142481.785459782,1709142481.785192755,/rigid_bodies.rigidbodies[2].pose.position.z,0.1841022577316044
11.112866636,1709142481.795848780,1709142481.795265003,/rigid_bodies.rigidbodies[2].pose.position.z,0.1844269505422705
11.123145487,1709142481.806127631,1709142481.805639431,/rigid_bodies.rigidbodies[2].pose.position.z,0.184735186909438
11.133363816,1709142481.816345960,1709142481.815584794,/rigid_bodies.rigidbodies[2].pose.position.z,0.1846345453308025
11.143221061,1709142481.826203205,1709142481.825485050,/rigid_bodies.rigidbodies[2].pose.position.z,0.18410311846047644
11.15289947,1709142481.835881614,1709142481.835375390,/rigid_bodies.rigidbodies[2].pose.position.z,0.18381021888857776
11.162865141,1709142481.845847285,1709142481.845286283,/rigid_bodies.rigidbodies[2].pose.position.z,0.18398721625455772
11.173006641,1709142481.855988785,1709142481.855373807,/rigid_bodies.rigidbodies[2].pose.position.z,0.18425642649002327
11.182983778,1709142481.865965922,1709142481.865437198,/rigid_bodies.rigidbodies[2].pose.position.z,0.18435840352540978
11.192934561,1709142481.875916705,1709142481.875388987,/rigid_bodies.rigidbodies[2].pose.position.z,0.1842520874332614
11.203137636,1709142481.886119780,1709142481.885519150,/rigid_bodies.rigidbodies[2].pose.position.z,0.18405362438791933
11.212873687,1709142481.895855831,1709142481.895362199,/rigid_bodies.rigidbodies[2].pose.position.z,0.1842879896153885
11.22286862,1709142481.905850764,1709142481.905326690,/rigid_bodies.rigidbodies[2].pose.position.z,0.18453390192630215
11.233391075,1709142481.916373219,1709142481.915617103,/rigid_bodies.rigidbodies[2].pose.position.z,0.18438992566174095
11.24288147,1709142481.925863614,1709142481.925387053,/rigid_bodies.rigidbodies[2].pose.position.z,0.18424373587811288
11.252843485,1709142481.935825629,1709142481.935341472,/rigid_bodies.rigidbodies[2].pose.position.z,0.1840407706547874
11.263088242,1709142481.946070386,1709142481.945597243,/rigid_bodies.rigidbodies[2].pose.position.z,0.18417804256073006
11.27245671,1709142481.955438854,1709142481.955230822,/rigid_bodies.rigidbodies[2].pose.position.z,0.18448176484479276
11.282577775,1709142481.965559919,1709142481.965294040,/rigid_bodies.rigidbodies[2].pose.position.z,0.18454941367157354
11.292665187,1709142481.975647331,1709142481.975301519,/rigid_bodies.rigidbodies[2].pose.position.z,0.18439273585733587
11.303036164,1709142481.986018308,1709142481.985488593,/rigid_bodies.rigidbodies[2].pose.position.z,0.1840583525351857
11.312914446,1709142481.995896590,1709142481.995461829,/rigid_bodies.rigidbodies[2].pose.position.z,0.18407970433690185
11.32285979,1709142482.005841934,1709142482.005413764,/rigid_bodies.rigidbodies[2].pose.position.z,0.18420024801193097
11.333427612,1709142482.016409756,1709142482.015853234,/rigid_bodies.rigidbodies[2].pose.position.z,0.18439055009957772
11.343026954,1709142482.026009098,1709142482.025545760,/rigid_bodies.rigidbodies[2].pose.position.z,0.18426446936866978
11.35264588,1709142482.035628024,1709142482.035192476,/rigid_bodies.rigidbodies[2].pose.position.z,0.18402956150130903
11.362536937,1709142482.045519081,1709142482.045213095,/rigid_bodies.rigidbodies[2].pose.position.z,0.18419872449319016
11.372605938,1709142482.055588082,1709142482.055269872,/rigid_bodies.rigidbodies[2].pose.position.z,0.18442832385413746
11.382644152,1709142482.065626296,1709142482.065232466,/rigid_bodies.rigidbodies[2].pose.position.z,0.18455341717534643
11.392562085,1709142482.075544229,1709142482.075248609,/rigid_bodies.rigidbodies[2].pose.position.z,0.1844762676744806
11.402589332,1709142482.085571476,1709142482.085281952,/rigid_bodies.rigidbodies[2].pose.position.z,0.18404100261332543
11.412551547,1709142482.095533691,1709142482.095260023,/rigid_bodies.rigidbodies[2].pose.position.z,0.18406950654239843
11.42261894,1709142482.105601084,1709142482.105318345,/rigid_bodies.rigidbodies[2].pose.position.z,0.1843491665630294
11.43244809,1709142482.115430234,1709142482.115222338,/rigid_bodies.rigidbodies[2].pose.position.z,0.18438742494512153
11.442760363,1709142482.125742507,1709142482.125423108,/rigid_bodies.rigidbodies[2].pose.position.z,0.18433212946113411
11.452942561,1709142482.135924705,1709142482.135456548,/rigid_bodies.rigidbodies[2].pose.position.z,0.18427045094582956
11.463076987,1709142482.146059131,1709142482.145553036,/rigid_bodies.rigidbodies[2].pose.position.z,0.1841607981925037
11.473135234,1709142482.156117378,1709142482.155601364,/rigid_bodies.rigidbodies[2].pose.position.z,0.18436683328120276
11.48278829,1709142482.165770434,1709142482.165375114,/rigid_bodies.rigidbodies[2].pose.position.z,0.18440799685959883
11.493016788,1709142482.175998932,1709142482.175470886,/rigid_bodies.rigidbodies[2].pose.position.z,0.18410744641846052
11.503469107,1709142482.186451251,1709142482.185809556,/rigid_bodies.rigidbodies[2].pose.position.z,0.1838678782899851
11.513107922,1709142482.196090066,1709142482.195544402,/rigid_bodies.rigidbodies[2].pose.position.z,0.18400587807099594
11.523059894,1709142482.206042038,1709142482.205590377,/rigid_bodies.rigidbodies[2].pose.position.z,0.18422957736950915
11.533218584,1709142482.216200728,1709142482.215660187,/rigid_bodies.rigidbodies[2].pose.position.z,0.18453651192631745
11.543287776,1709142482.226269920,1709142482.225721705,/rigid_bodies.rigidbodies[2].pose.position.z,0.1845952517522985
11.553124134,1709142482.236106278,1709142482.235564528,/rigid_bodies.rigidbodies[2].pose.position.z,0.184290360917629
11.56297237,1709142482.245954514,1709142482.245451279,/rigid_bodies.rigidbodies[2].pose.position.z,0.18426362626773934
11.573345285,1709142482.256327429,1709142482.255711514,/rigid_bodies.rigidbodies[2].pose.position.z,0.18428285749340237
11.582987327,1709142482.265969471,1709142482.265467489,/rigid_bodies.rigidbodies[2].pose.position.z,0.1842793654169095
11.59318102,1709142482.276163164,1709142482.275586726,/rigid_bodies.rigidbodies[2].pose.position.z,0.18419501787081005
11.602873632,1709142482.285855776,1709142482.285432746,/rigid_bodies.rigidbodies[2].pose.position.z,0.18409051784015465
11.612931299,1709142482.295913443,1709142482.295448526,/rigid_bodies.rigidbodies[2].pose.position.z,0.18412235804775365
11.623257732,1709142482.306239876,1709142482.305623546,/rigid_bodies.rigidbodies[2].pose.position.z,0.18427642220907145
11.633165374,1709142482.316147518,1709142482.315584251,/rigid_bodies.rigidbodies[2].pose.position.z,0.18434360337106934
11.643023883,1709142482.326006027,1709142482.325530279,/rigid_bodies.rigidbodies[2].pose.position.z,0.1843108957678643
11.653622938,1709142482.336605082,1709142482.335865242,/rigid_bodies.rigidbodies[2].pose.position.z,0.18422267932146216
11.663032636,1709142482.346014780,1709142482.345477145,/rigid_bodies.rigidbodies[2].pose.position.z,0.18426888557827178
11.672973487,1709142482.355955631,1709142482.355496197,/rigid_bodies.rigidbodies[2].pose.position.z,0.18424651686956386
11.683145005,1709142482.366127149,1709142482.365638133,/rigid_bodies.rigidbodies[2].pose.position.z,0.1844253339037583
11.692552346,1709142482.375534490,1709142482.375250914,/rigid_bodies.rigidbodies[2].pose.position.z,0.18425836042854046
11.702592113,1709142482.385574257,1709142482.385304028,/rigid_bodies.rigidbodies[2].pose.position.z,0.18426315559382694
11.712547033,1709142482.395529177,1709142482.395342973,/rigid_bodies.rigidbodies[2].pose.position.z,0.1842378469515581
11.722496594,1709142482.405478738,1709142482.405283610,/rigid_bodies.rigidbodies[2].pose.position.z,0.18446701997418244
11.732684846,1709142482.415666990,1709142482.415304248,/rigid_bodies.rigidbodies[2].pose.position.z,0.18443859927472664
11.742595593,1709142482.425577737,1709142482.425250247,/rigid_bodies.rigidbodies[2].pose.position.z,0.18432214582489398
11.752462244,1709142482.435444388,1709142482.435185954,/rigid_bodies.rigidbodies[2].pose.position.z,0.18397350154478762
11.762534031,1709142482.445516175,1709142482.445293657,/rigid_bodies.rigidbodies[2].pose.position.z,0.18393729927252087
11.772498258,1709142482.455480402,1709142482.455235706,/rigid_bodies.rigidbodies[2].pose.position.z,0.1842235726770006
11.782853302,1709142482.465835446,1709142482.465471070,/rigid_bodies.rigidbodies[2].pose.position.z,0.18441369539789132
11.79294256,1709142482.475924704,1709142482.475470283,/rigid_bodies.rigidbodies[2].pose.position.z,0.1844565270090082
11.80310055,1709142482.486082694,1709142482.485518577,/rigid_bodies.rigidbodies[2].pose.position.z,0.1844505247217292
11.81311185,1709142482.496093994,1709142482.495497796,/rigid_bodies.rigidbodies[2].pose.position.z,0.18412371785971393
11.823180755,1709142482.506162899,1709142482.505630837,/rigid_bodies.rigidbodies[2].pose.position.z,0.18433990182585874
11.833235858,1709142482.516218002,1709142482.515631182,/rigid_bodies.rigidbodies[2].pose.position.z,0.18451387431299104
11.843197076,1709142482.526179220,1709142482.525642261,/rigid_bodies.rigidbodies[2].pose.position.z,0.18432840840432538
11.853547429,1709142482.536529573,1709142482.535819225,/rigid_bodies.rigidbodies[2].pose.position.z,0.18408162059225197
11.863122176000001,1709142482.546104320,1709142482.545505928,/rigid_bodies.rigidbodies[2].pose.position.z,0.18392627525334765
11.873478518,1709142482.556460662,1709142482.555764574,/rigid_bodies.rigidbodies[2].pose.position.z,0.18419829129187307
11.883144446,1709142482.566126590,1709142482.565610854,/rigid_bodies.rigidbodies[2].pose.position.z,0.18443222469904227
11.893047975,1709142482.576030119,1709142482.575527641,/rigid_bodies.rigidbodies[2].pose.position.z,0.1845490240541378
11.902994052,1709142482.585976196,1709142482.585454510,/rigid_bodies.rigidbodies[2].pose.position.z,0.18425091518508455
11.913259684,1709142482.596241828,1709142482.595593519,/rigid_bodies.rigidbodies[2].pose.position.z,0.1840404154494365
11.923079788,1709142482.606061932,1709142482.605551930,/rigid_bodies.rigidbodies[2].pose.position.z,0.18422633619725867
11.933383783,1709142482.616365927,1709142482.615763966,/rigid_bodies.rigidbodies[2].pose.position.z,0.18433683229987352
11.94329888,1709142482.626281024,1709142482.625729998,/rigid_bodies.rigidbodies[2].pose.position.z,0.1845369464383166
11.953210665,1709142482.636192809,1709142482.635715248,/rigid_bodies.rigidbodies[2].pose.position.z,0.1842940708519469
11.962755285,1709142482.645737429,1709142482.645450583,/rigid_bodies.rigidbodies[2].pose.position.z,0.18401891277761867
11.972851501000001,1709142482.655833645,1709142482.655446214,/rigid_bodies.rigidbodies[2].pose.position.z,0.1841837991507459
11.982795354,1709142482.665777498,1709142482.665439710,/rigid_bodies.rigidbodies[2].pose.position.z,0.1842562352566027
11.99312519,1709142482.676107334,1709142482.675613265,/rigid_bodies.rigidbodies[2].pose.position.z,0.18452362190092014
12.003524384,1709142482.686506528,1709142482.685790900,/rigid_bodies.rigidbodies[2].pose.position.z,0.18441890445194226
12.012910376,1709142482.695892520,1709142482.695354904,/rigid_bodies.rigidbodies[2].pose.position.z,0.18402956045114655
12.022972742,1709142482.705954886,1709142482.705443831,/rigid_bodies.rigidbodies[2].pose.position.z,0.18419990375321973
12.033318949,1709142482.716301093,1709142482.715654078,/rigid_bodies.rigidbodies[2].pose.position.z,0.1843784397897925
12.042823374,1709142482.725805518,1709142482.725354941,/rigid_bodies.rigidbodies[2].pose.position.z,0.18447743213942971
12.052975146,1709142482.735957290,1709142482.735428357,/rigid_bodies.rigidbodies[2].pose.position.z,0.18438253457696369
12.062803061,1709142482.745785205,1709142482.745353429,/rigid_bodies.rigidbodies[2].pose.position.z,0.18410567409248002
12.072849138,1709142482.755831282,1709142482.755359233,/rigid_bodies.rigidbodies[2].pose.position.z,0.18412260295267197
12.082888304,1709142482.765870448,1709142482.765438786,/rigid_bodies.rigidbodies[2].pose.position.z,0.18412014731017926
12.092818128,1709142482.775800272,1709142482.775354559,/rigid_bodies.rigidbodies[2].pose.position.z,0.18419851823364589
12.102863811,1709142482.785845955,1709142482.785421486,/rigid_bodies.rigidbodies[2].pose.position.z,0.18419403562436973
12.11310845,1709142482.796090594,1709142482.795593575,/rigid_bodies.rigidbodies[2].pose.position.z,0.18410078443695516
12.123114112,1709142482.806096256,1709142482.805540786,/rigid_bodies.rigidbodies[2].pose.position.z,0.1842426823609804
12.132986892,1709142482.815969036,1709142482.815538118,/rigid_bodies.rigidbodies[2].pose.position.z,0.18458882115212605
12.14355537,1709142482.826537514,1709142482.825790455,/rigid_bodies.rigidbodies[2].pose.position.z,0.18478296265801514
12.153151156,1709142482.836133300,1709142482.835580863,/rigid_bodies.rigidbodies[2].pose.position.z,0.1847189818459964
12.162809063,1709142482.845791207,1709142482.845428125,/rigid_bodies.rigidbodies[2].pose.position.z,0.18418898615816579
12.173176895,1709142482.856159039,1709142482.855624575,/rigid_bodies.rigidbodies[2].pose.position.z,0.18415502174938175
12.182975218,1709142482.865957362,1709142482.865464332,/rigid_bodies.rigidbodies[2].pose.position.z,0.18412666065333277
12.193345004,1709142482.876327148,1709142482.875737950,/rigid_bodies.rigidbodies[2].pose.position.z,0.18427393782625834
12.202997656,1709142482.885979800,1709142482.885517628,/rigid_bodies.rigidbodies[2].pose.position.z,0.18422921787639074
12.213053109,1709142482.896035253,1709142482.895503607,/rigid_bodies.rigidbodies[2].pose.position.z,0.1837955262565438
12.223212351,1709142482.906194495,1709142482.905629275,/rigid_bodies.rigidbodies[2].pose.position.z,0.18393321673641813
12.233187949,1709142482.916170093,1709142482.915619616,/rigid_bodies.rigidbodies[2].pose.position.z,0.18434703482101936
12.243520498,1709142482.926502642,1709142482.925831042,/rigid_bodies.rigidbodies[2].pose.position.z,0.18450908823039724
12.253119376,1709142482.936101520,1709142482.935529509,/rigid_bodies.rigidbodies[2].pose.position.z,0.18454978814433406
12.263019037,1709142482.946001181,1709142482.945486099,/rigid_bodies.rigidbodies[2].pose.position.z,0.18442649996147845
12.273267754,1709142482.956249898,1709142482.955711474,/rigid_bodies.rigidbodies[2].pose.position.z,0.18419284526114313
12.283057307,1709142482.966039451,1709142482.965579558,/rigid_bodies.rigidbodies[2].pose.position.z,0.18426342774791896
12.29304377,1709142482.976025914,1709142482.975522757,/rigid_bodies.rigidbodies[2].pose.position.z,0.1843410209837521
12.303365553,1709142482.986347697,1709142482.985707577,/rigid_bodies.rigidbodies[2].pose.position.z,0.1842236305969403
12.313258511,1709142482.996240655,1709142482.995687998,/rigid_bodies.rigidbodies[2].pose.position.z,0.18397346492275188
12.323042098,1709142483.006024242,1709142483.005521232,/rigid_bodies.rigidbodies[2].pose.position.z,0.18393467052584067
12.333560829,1709142483.016542973,1709142483.015886899,/rigid_bodies.rigidbodies[2].pose.position.z,0.18390522814320026
12.34337739,1709142483.026359534,1709142483.025906623,/rigid_bodies.rigidbodies[2].pose.position.z,0.18434957789287884
12.352953166,1709142483.035935310,1709142483.035492135,/rigid_bodies.rigidbodies[2].pose.position.z,0.1844341211639432
12.362786721,1709142483.045768865,1709142483.045370979,/rigid_bodies.rigidbodies[2].pose.position.z,0.18425091579032024
12.373343148,1709142483.056325292,1709142483.055708493,/rigid_bodies.rigidbodies[2].pose.position.z,0.1842687608734098
12.38299476,1709142483.065976904,1709142483.065498256,/rigid_bodies.rigidbodies[2].pose.position.z,0.18447978360156958
12.3936201,1709142483.076602244,1709142483.075872572,/rigid_bodies.rigidbodies[2].pose.position.z,0.18465740101379113
12.403140123,1709142483.086122267,1709142483.085637053,/rigid_bodies.rigidbodies[2].pose.position.z,0.18468197419097576
12.413157456,1709142483.096139600,1709142483.095614677,/rigid_bodies.rigidbodies[2].pose.position.z,0.1843086374370631
12.423359679,1709142483.106341823,1709142483.105717909,/rigid_bodies.rigidbodies[2].pose.position.z,0.18400520620128552
12.433548744,1709142483.116530888,1709142483.115832986,/rigid_bodies.rigidbodies[2].pose.position.z,0.18414669957955465
12.442962937,1709142483.125945081,1709142483.125456411,/rigid_bodies.rigidbodies[2].pose.position.z,0.18427417253308112
12.453497224,1709142483.136479368,1709142483.135863094,/rigid_bodies.rigidbodies[2].pose.position.z,0.18440965712520876
12.46285212,1709142483.145834264,1709142483.145377241,/rigid_bodies.rigidbodies[2].pose.position.z,0.18436365324405607
12.473210234,1709142483.156192378,1709142483.155646052,/rigid_bodies.rigidbodies[2].pose.position.z,0.18417974517626734
12.483156108,1709142483.166138252,1709142483.165749245,/rigid_bodies.rigidbodies[2].pose.position.z,0.18436897722575657
12.493367305,1709142483.176349449,1709142483.175759573,/rigid_bodies.rigidbodies[2].pose.position.z,0.18447447983274684
12.503091515,1709142483.186073659,1709142483.185617353,/rigid_bodies.rigidbodies[2].pose.position.z,0.18441850886008615
12.51347619,1709142483.196458334,1709142483.195847200,/rigid_bodies.rigidbodies[2].pose.position.z,0.18420315424333666
12.522870212,1709142483.205852356,1709142483.205486742,/rigid_bodies.rigidbodies[2].pose.position.z,0.18386110894745417
12.532956097,1709142483.215938241,1709142483.215574951,/rigid_bodies.rigidbodies[2].pose.position.z,0.18399180872622709
12.543525736,1709142483.226507880,1709142483.225912033,/rigid_bodies.rigidbodies[2].pose.position.z,0.18417346745189328
12.553435472,1709142483.236417616,1709142483.235853938,/rigid_bodies.rigidbodies[2].pose.position.z,0.18462681982251963
12.562929026,1709142483.245911170,1709142483.245533660,/rigid_bodies.rigidbodies[2].pose.position.z,0.18443411970534626
12.573435662,1709142483.256417806,1709142483.255862446,/rigid_bodies.rigidbodies[2].pose.position.z,0.18417070084357212
12.583150563,1709142483.266132707,1709142483.265732569,/rigid_bodies.rigidbodies[2].pose.position.z,0.1843752328323871
12.592895173,1709142483.275877317,1709142483.275561078,/rigid_bodies.rigidbodies[2].pose.position.z,0.18439721551483532
12.603326718,1709142483.286308862,1709142483.285868522,/rigid_bodies.rigidbodies[2].pose.position.z,0.18458143835821256
12.613441377000001,1709142483.296423521,1709142483.295814061,/rigid_bodies.rigidbodies[2].pose.position.z,0.184284343385474
12.623044643,1709142483.306026787,1709142483.305538046,/rigid_bodies.rigidbodies[2].pose.position.z,0.18358776000798985
12.633516742,1709142483.316498886,1709142483.315836278,/rigid_bodies.rigidbodies[2].pose.position.z,0.18374852940626674
12.643119164,1709142483.326101308,1709142483.325705615,/rigid_bodies.rigidbodies[2].pose.position.z,0.18404476289886976
12.65289108,1709142483.335873224,1709142483.335534433,/rigid_bodies.rigidbodies[2].pose.position.z,0.18432167222360885
12.662467516,1709142483.345449660,1709142483.345242774,/rigid_bodies.rigidbodies[2].pose.position.z,0.18444124292851022
12.672756982,1709142483.355739126,1709142483.355442195,/rigid_bodies.rigidbodies[2].pose.position.z,0.18423800790366512
12.68324948,1709142483.366231624,1709142483.365731352,/rigid_bodies.rigidbodies[2].pose.position.z,0.18424482053904123
12.693274828,1709142483.376256972,1709142483.375660015,/rigid_bodies.rigidbodies[2].pose.position.z,0.18439223530955093
12.703648905,1709142483.386631049,1709142483.385909253,/rigid_bodies.rigidbodies[2].pose.position.z,0.18452752735480055
12.713653875,1709142483.396636019,1709142483.395867950,/rigid_bodies.rigidbodies[2].pose.position.z,0.1844391317872321
12.722955827,1709142483.405937971,1709142483.405482675,/rigid_bodies.rigidbodies[2].pose.position.z,0.1842513647682103
12.733216026000001,1709142483.416198170,1709142483.415650181,/rigid_bodies.rigidbodies[2].pose.position.z,0.1840814202532579
12.742928137,1709142483.425910281,1709142483.425511596,/rigid_bodies.rigidbodies[2].pose.position.z,0.18405869951273243
12.753354266,1709142483.436336410,1709142483.435817402,/rigid_bodies.rigidbodies[2].pose.position.z,0.18444359951876083
12.763129172,1709142483.446111316,1709142483.445651778,/rigid_bodies.rigidbodies[2].pose.position.z,0.18427784819990342
12.773416542,1709142483.456398686,1709142483.455835688,/rigid_bodies.rigidbodies[2].pose.position.z,0.18397778848964383
12.782920588,1709142483.465902732,1709142483.465540551,/rigid_bodies.rigidbodies[2].pose.position.z,0.18403565142838277
12.793036227,1709142483.476018371,1709142483.475594009,/rigid_bodies.rigidbodies[2].pose.position.z,0.18416022850980615
12.803584005,1709142483.486566149,1709142483.485923982,/rigid_bodies.rigidbodies[2].pose.position.z,0.18446138172137178
12.812787215,1709142483.495769359,1709142483.495425663,/rigid_bodies.rigidbodies[2].pose.position.z,0.18454643071997073
12.822918942,1709142483.505901086,1709142483.505553376,/rigid_bodies.rigidbodies[2].pose.position.z,0.18421671865932246
12.832970415,1709142483.515952559,1709142483.515587087,/rigid_bodies.rigidbodies[2].pose.position.z,0.1842344397567874
12.843126388,1709142483.526108532,1709142483.525631235,/rigid_bodies.rigidbodies[2].pose.position.z,0.18435782286875144
12.852924629,1709142483.535906773,1709142483.535551168,/rigid_bodies.rigidbodies[2].pose.position.z,0.1843784830562881
12.86305333,1709142483.546035474,1709142483.545602624,/rigid_bodies.rigidbodies[2].pose.position.z,0.1843614118704665
12.873155539,1709142483.556137683,1709142483.555667339,/rigid_bodies.rigidbodies[2].pose.position.z,0.18421043905704207
12.883129856,1709142483.566112000,1709142483.565713977,/rigid_bodies.rigidbodies[2].pose.position.z,0.18404893808350756
12.893482553,1709142483.576464697,1709142483.575878256,/rigid_bodies.rigidbodies[2].pose.position.z,0.18403634204181832
12.902786297,1709142483.585768441,1709142483.585427386,/rigid_bodies.rigidbodies[2].pose.position.z,0.18440324226840052
12.913294298,1709142483.596276442,1709142483.595683790,/rigid_bodies.rigidbodies[2].pose.position.z,0.18444309037542567
12.923063915,1709142483.606046059,1709142483.605534734,/rigid_bodies.rigidbodies[2].pose.position.z,0.18424807118533207
12.932906455,1709142483.615888599,1709142483.615426456,/rigid_bodies.rigidbodies[2].pose.position.z,0.18399644464689133
12.942998803,1709142483.625980947,1709142483.625520711,/rigid_bodies.rigidbodies[2].pose.position.z,0.18412614692127877
12.952770739,1709142483.635752883,1709142483.635406411,/rigid_bodies.rigidbodies[2].pose.position.z,0.18453277925654532
12.962605567,1709142483.645587711,1709142483.645323851,/rigid_bodies.rigidbodies[2].pose.position.z,0.18457568931813848
12.973048251,1709142483.656030395,1709142483.655537888,/rigid_bodies.rigidbodies[2].pose.position.z,0.18430182136797088
12.983074953,1709142483.666057097,1709142483.665618115,/rigid_bodies.rigidbodies[2].pose.position.z,0.18409200998386926
12.993071222,1709142483.676053366,1709142483.675593120,/rigid_bodies.rigidbodies[2].pose.position.z,0.18417391475006076
13.00359953,1709142483.686581674,1709142483.685860561,/rigid_bodies.rigidbodies[2].pose.position.z,0.1844652910700002
13.013556131,1709142483.696538275,1709142483.695815496,/rigid_bodies.rigidbodies[2].pose.position.z,0.18450050719725883
13.022967424,1709142483.705949568,1709142483.705488891,/rigid_bodies.rigidbodies[2].pose.position.z,0.18432518677880938
13.033062118,1709142483.716044262,1709142483.715551055,/rigid_bodies.rigidbodies[2].pose.position.z,0.18392478958103003
13.043073615,1709142483.726055759,1709142483.725550836,/rigid_bodies.rigidbodies[2].pose.position.z,0.18377992153431982
13.052948666,1709142483.735930810,1709142483.735464361,/rigid_bodies.rigidbodies[2].pose.position.z,0.18416109736174913
13.062900256,1709142483.745882400,1709142483.745460895,/rigid_bodies.rigidbodies[2].pose.position.z,0.18450134818969757
13.073681829,1709142483.756663973,1709142483.756031835,/rigid_bodies.rigidbodies[2].pose.position.z,0.1844913650049542
13.083329238,1709142483.766311382,1709142483.765797602,/rigid_bodies.rigidbodies[2].pose.position.z,0.18441255407451682
13.093534221,1709142483.776516365,1709142483.775860169,/rigid_bodies.rigidbodies[2].pose.position.z,0.18412971582957638
13.103319153,1709142483.786301297,1709142483.785757824,/rigid_bodies.rigidbodies[2].pose.position.z,0.18414888684766
13.113114948,1709142483.796097092,1709142483.795658738,/rigid_bodies.rigidbodies[2].pose.position.z,0.18433949097322022
13.123825067,1709142483.806807211,1709142483.805823532,/rigid_bodies.rigidbodies[2].pose.position.z,0.1842294056553004
13.133212649,1709142483.816194793,1709142483.815705808,/rigid_bodies.rigidbodies[2].pose.position.z,0.18409658278163116
13.143218156,1709142483.826200300,1709142483.825777609,/rigid_bodies.rigidbodies[2].pose.position.z,0.18408215259886213
13.15322006,1709142483.836202204,1709142483.835710236,/rigid_bodies.rigidbodies[2].pose.position.z,0.18407388336551087
13.163122688,1709142483.846104832,1709142483.845622895,/rigid_bodies.rigidbodies[2].pose.position.z,0.18440192142340248
13.173343901,1709142483.856326045,1709142483.855706735,/rigid_bodies.rigidbodies[2].pose.position.z,0.18427365243080268
13.183378201,1709142483.866360345,1709142483.865797506,/rigid_bodies.rigidbodies[2].pose.position.z,0.18415806379746263
13.193432628,1709142483.876414772,1709142483.875825257,/rigid_bodies.rigidbodies[2].pose.position.z,0.18414070969597143
13.203069675,1709142483.886051819,1709142483.885623701,/rigid_bodies.rigidbodies[2].pose.position.z,0.1842087986906358
13.213076767,1709142483.896058911,1709142483.895704980,/rigid_bodies.rigidbodies[2].pose.position.z,0.1844059796662652
13.223230916,1709142483.906213060,1709142483.905798259,/rigid_bodies.rigidbodies[2].pose.position.z,0.18426603477399547
13.232982768,1709142483.915964912,1709142483.915624023,/rigid_bodies.rigidbodies[2].pose.position.z,0.18396450760884114
13.243054499,1709142483.926036643,1709142483.925659738,/rigid_bodies.rigidbodies[2].pose.position.z,0.1841937346390137
13.253233735,1709142483.936215879,1709142483.935787602,/rigid_bodies.rigidbodies[2].pose.position.z,0.18427569392675475
13.262796278,1709142483.945778422,1709142483.945467817,/rigid_bodies.rigidbodies[2].pose.position.z,0.1845537750680483
13.273061863,1709142483.956044007,1709142483.955653310,/rigid_bodies.rigidbodies[2].pose.position.z,0.18446677785003238
13.282741473,1709142483.965723617,1709142483.965367292,/rigid_bodies.rigidbodies[2].pose.position.z,0.1844341462944071
13.29259606,1709142483.975578204,1709142483.975376781,/rigid_bodies.rigidbodies[2].pose.position.z,0.1842128654641734
13.302522869,1709142483.985505013,1709142483.985286020,/rigid_bodies.rigidbodies[2].pose.position.z,0.18406697014706083
13.312781367,1709142483.995763511,1709142483.995513008,/rigid_bodies.rigidbodies[2].pose.position.z,0.18437985184943534
13.323173415,1709142484.006155559,1709142484.005746443,/rigid_bodies.rigidbodies[2].pose.position.z,0.18454153088734607
13.332768545,1709142484.015750689,1709142484.015418885,/rigid_bodies.rigidbodies[2].pose.position.z,0.18427517876506389
13.342941134,1709142484.025923278,1709142484.025585300,/rigid_bodies.rigidbodies[2].pose.position.z,0.18410777914151194
13.352437315,1709142484.035419459,1709142484.035244235,/rigid_bodies.rigidbodies[2].pose.position.z,0.1838867490831346
13.362431234,1709142484.045413378,1709142484.045254771,/rigid_bodies.rigidbodies[2].pose.position.z,0.1840763252863386
13.372599174,1709142484.055581318,1709142484.055335461,/rigid_bodies.rigidbodies[2].pose.position.z,0.18422629843679159
13.382592505,1709142484.065574649,1709142484.065408425,/rigid_bodies.rigidbodies[2].pose.position.z,0.1842743987911062
13.392642215,1709142484.075624359,1709142484.075333773,/rigid_bodies.rigidbodies[2].pose.position.z,0.18444503958222028
13.402416398,1709142484.085398542,1709142484.085216994,/rigid_bodies.rigidbodies[2].pose.position.z,0.184476457517651
13.412351062,1709142484.095333206,1709142484.095150668,/rigid_bodies.rigidbodies[2].pose.position.z,0.18446677647813933
13.422651908,1709142484.105634052,1709142484.105270046,/rigid_bodies.rigidbodies[2].pose.position.z,0.18435774125589544
13.432931317,1709142484.115913461,1709142484.115551133,/rigid_bodies.rigidbodies[2].pose.position.z,0.18420787509934158
13.443122637,1709142484.126104781,1709142484.125574726,/rigid_bodies.rigidbodies[2].pose.position.z,0.18408180456165887
13.453044141,1709142484.136026285,1709142484.135526669,/rigid_bodies.rigidbodies[2].pose.position.z,0.1839492348607346
13.462847285,1709142484.145829429,1709142484.145511610,/rigid_bodies.rigidbodies[2].pose.position.z,0.18421012060079203
13.473122068,1709142484.156104212,1709142484.155687142,/rigid_bodies.rigidbodies[2].pose.position.z,0.18428290796791225
13.482849544,1709142484.165831688,1709142484.165467858,/rigid_bodies.rigidbodies[2].pose.position.z,0.18437795283571415
13.493260354,1709142484.176242498,1709142484.175704360,/rigid_bodies.rigidbodies[2].pose.position.z,0.1843399532348942
13.502937532,1709142484.185919676,1709142484.185523460,/rigid_bodies.rigidbodies[2].pose.position.z,0.18420230628367362
13.512778404,1709142484.195760548,1709142484.195437304,/rigid_bodies.rigidbodies[2].pose.position.z,0.18444208532719533
13.522830847,1709142484.205812991,1709142484.205455025,/rigid_bodies.rigidbodies[2].pose.position.z,0.18439174142123488
13.532805411,1709142484.215787555,1709142484.215472511,/rigid_bodies.rigidbodies[2].pose.position.z,0.18430230600472283
13.542836712,1709142484.225818856,1709142484.225443620,/rigid_bodies.rigidbodies[2].pose.position.z,0.18418659327189937
13.55322104,1709142484.236203184,1709142484.235536878,/rigid_bodies.rigidbodies[2].pose.position.z,0.1839628531494253
13.562792655,1709142484.245774799,1709142484.245401919,/rigid_bodies.rigidbodies[2].pose.position.z,0.18414617975079187
13.572961039,1709142484.255943183,1709142484.255454711,/rigid_bodies.rigidbodies[2].pose.position.z,0.18420283794075623
13.582829613,1709142484.265811757,1709142484.265443922,/rigid_bodies.rigidbodies[2].pose.position.z,0.18440153384842456
13.592916839,1709142484.275898983,1709142484.275406533,/rigid_bodies.rigidbodies[2].pose.position.z,0.18433097234024964
13.602953409,1709142484.285935553,1709142484.285490957,/rigid_bodies.rigidbodies[2].pose.position.z,0.18445276530575994
13.613045367,1709142484.296027511,1709142484.295510029,/rigid_bodies.rigidbodies[2].pose.position.z,0.18436290423412732
13.623104843,1709142484.306086987,1709142484.305577250,/rigid_bodies.rigidbodies[2].pose.position.z,0.18412497314051757
13.633089351,1709142484.316071495,1709142484.315533943,/rigid_bodies.rigidbodies[2].pose.position.z,0.1842250515804725
13.642862296,1709142484.325844440,1709142484.325396514,/rigid_bodies.rigidbodies[2].pose.position.z,0.18404201283797517
13.653117612,1709142484.336099756,1709142484.335609908,/rigid_bodies.rigidbodies[2].pose.position.z,0.18403531555724859
13.663024839,1709142484.346006983,1709142484.345555684,/rigid_bodies.rigidbodies[2].pose.position.z,0.18429548430230724
13.673377675,1709142484.356359819,1709142484.355724803,/rigid_bodies.rigidbodies[2].pose.position.z,0.18432610069781086
13.682939402,1709142484.365921546,1709142484.365563737,/rigid_bodies.rigidbodies[2].pose.position.z,0.18450829105798452
13.69313339,1709142484.376115534,1709142484.375669129,/rigid_bodies.rigidbodies[2].pose.position.z,0.18441741839313577
13.70323903,1709142484.386221174,1709142484.385744900,/rigid_bodies.rigidbodies[2].pose.position.z,0.18416299129387365
13.713222867,1709142484.396205011,1709142484.395719140,/rigid_bodies.rigidbodies[2].pose.position.z,0.18415850785826454
13.723222832,1709142484.406204976,1709142484.405677764,/rigid_bodies.rigidbodies[2].pose.position.z,0.1841916158519123
13.733324626,1709142484.416306770,1709142484.415755742,/rigid_bodies.rigidbodies[2].pose.position.z,0.18424241175144243
13.742893836,1709142484.425875980,1709142484.425566851,/rigid_bodies.rigidbodies[2].pose.position.z,0.18423031682635269
13.753180343,1709142484.436162487,1709142484.435744360,/rigid_bodies.rigidbodies[2].pose.position.z,0.18426560012921556
13.76287363,1709142484.445855774,1709142484.445485268,/rigid_bodies.rigidbodies[2].pose.position.z,0.18431378734694012
13.772956144,1709142484.455938288,1709142484.455541626,/rigid_bodies.rigidbodies[2].pose.position.z,0.1842685101000564
13.783107704,1709142484.466089848,1709142484.465517344,/rigid_bodies.rigidbodies[2].pose.position.z,0.1842381539666095
13.793035109,1709142484.476017253,1709142484.475519188,/rigid_bodies.rigidbodies[2].pose.position.z,0.184238620541445
13.803198383,1709142484.486180527,1709142484.485689343,/rigid_bodies.rigidbodies[2].pose.position.z,0.18438461495550063
13.812698987000001,1709142484.495681131,1709142484.495406978,/rigid_bodies.rigidbodies[2].pose.position.z,0.18414859163414302
13.822876361,1709142484.505858505,1709142484.505477849,/rigid_bodies.rigidbodies[2].pose.position.z,0.18422674674580433
13.832916259000001,1709142484.515898403,1709142484.515555917,/rigid_bodies.rigidbodies[2].pose.position.z,0.18432507491442526
13.842711633,1709142484.525693777,1709142484.525438502,/rigid_bodies.rigidbodies[2].pose.position.z,0.18427101327840664
13.852816535,1709142484.535798679,1709142484.535486769,/rigid_bodies.rigidbodies[2].pose.position.z,0.18427407769141535
13.86266452,1709142484.545646664,1709142484.545418833,/rigid_bodies.rigidbodies[2].pose.position.z,0.18434167210791386
13.872902265,1709142484.555884409,1709142484.555539784,/rigid_bodies.rigidbodies[2].pose.position.z,0.18417417037100586
13.882847504,1709142484.565829648,1709142484.565508202,/rigid_bodies.rigidbodies[2].pose.position.z,0.18411468334841838
13.892902045,1709142484.575884189,1709142484.575513165,/rigid_bodies.rigidbodies[2].pose.position.z,0.18402624262431339
13.902980387,1709142484.585962531,1709142484.585621774,/rigid_bodies.rigidbodies[2].pose.position.z,0.18410940014627633
13.912747556,1709142484.595729700,1709142484.595442678,/rigid_bodies.rigidbodies[2].pose.position.z,0.18421120334489205
13.92292885,1709142484.605910994,1709142484.605523853,/rigid_bodies.rigidbodies[2].pose.position.z,0.18442712958973204
13.932896077,1709142484.615878221,1709142484.615459065,/rigid_bodies.rigidbodies[2].pose.position.z,0.18442299884467592
13.942725857,1709142484.625708001,1709142484.625428003,/rigid_bodies.rigidbodies[2].pose.position.z,0.18442879958696662
13.953128449,1709142484.636110593,1709142484.635610539,/rigid_bodies.rigidbodies[2].pose.position.z,0.1843780850039693
13.962751724,1709142484.645733868,1709142484.645369296,/rigid_bodies.rigidbodies[2].pose.position.z,0.18413524806208798
13.973085649,1709142484.656067793,1709142484.655595368,/rigid_bodies.rigidbodies[2].pose.position.z,0.18409678331400853
13.982835516,1709142484.665817660,1709142484.665458741,/rigid_bodies.rigidbodies[2].pose.position.z,0.184135292763352
13.992747955,1709142484.675730099,1709142484.675371917,/rigid_bodies.rigidbodies[2].pose.position.z,0.18411763761470012
14.002901051,1709142484.685883195,1709142484.685487223,/rigid_bodies.rigidbodies[2].pose.position.z,0.18432362362545057
14.013385276,1709142484.696367420,1709142484.695824956,/rigid_bodies.rigidbodies[2].pose.position.z,0.18443191349570517
14.023214867,1709142484.706197011,1709142484.705748423,/rigid_bodies.rigidbodies[2].pose.position.z,0.18440121776642876
14.032892778,1709142484.715874922,1709142484.715531267,/rigid_bodies.rigidbodies[2].pose.position.z,0.18423232897750322
14.042978947,1709142484.725961091,1709142484.725560874,/rigid_bodies.rigidbodies[2].pose.position.z,0.18411975652903742
14.053102459,1709142484.736084603,1709142484.735695218,/rigid_bodies.rigidbodies[2].pose.position.z,0.1841813014419461
14.062911354,1709142484.745893498,1709142484.745571693,/rigid_bodies.rigidbodies[2].pose.position.z,0.18421077781658735
14.073068315,1709142484.756050459,1709142484.755643007,/rigid_bodies.rigidbodies[2].pose.position.z,0.1842988080499869
14.08298433,1709142484.765966474,1709142484.765601301,/rigid_bodies.rigidbodies[2].pose.position.z,0.1839990911411633
14.092972584,1709142484.775954728,1709142484.775604209,/rigid_bodies.rigidbodies[2].pose.position.z,0.18411371572900312
14.102796057,1709142484.785778201,1709142484.785476317,/rigid_bodies.rigidbodies[2].pose.position.z,0.18428411009931234
14.113104006,1709142484.796086150,1709142484.795687823,/rigid_bodies.rigidbodies[2].pose.position.z,0.18430557743233109
14.122855267,1709142484.805837411,1709142484.805584910,/rigid_bodies.rigidbodies[2].pose.position.z,0.18437208150801487
14.132970327,1709142484.815952471,1709142484.815569151,/rigid_bodies.rigidbodies[2].pose.position.z,0.18430092862425723
14.143234332,1709142484.826216476,1709142484.825781082,/rigid_bodies.rigidbodies[2].pose.position.z,0.18413459828738513
14.153032837,1709142484.836014981,1709142484.835623610,/rigid_bodies.rigidbodies[2].pose.position.z,0.1840939825731292
14.162859413,1709142484.845841557,1709142484.845525665,/rigid_bodies.rigidbodies[2].pose.position.z,0.18412556119133622
14.173522743,1709142484.856504887,1709142484.855843228,/rigid_bodies.rigidbodies[2].pose.position.z,0.18431229770681656
14.1828046,1709142484.865786744,1709142484.865495834,/rigid_bodies.rigidbodies[2].pose.position.z,0.18448555143075604
14.193121927,1709142484.876104071,1709142484.875595035,/rigid_bodies.rigidbodies[2].pose.position.z,0.18430925407335644
14.202864796,1709142484.885846940,1709142484.885438772,/rigid_bodies.rigidbodies[2].pose.position.z,0.18432912012638614
14.213338737,1709142484.896320881,1709142484.895715676,/rigid_bodies.rigidbodies[2].pose.position.z,0.18430169268803567
14.222909525,1709142484.905891669,1709142484.905524129,/rigid_bodies.rigidbodies[2].pose.position.z,0.1842396884175421
14.233535602,1709142484.916517746,1709142484.915798211,/rigid_bodies.rigidbodies[2].pose.position.z,0.18415050586659326
14.243095333,1709142484.926077477,1709142484.925624143,/rigid_bodies.rigidbodies[2].pose.position.z,0.18426290062916734
14.253014649,1709142484.935996793,1709142484.935583703,/rigid_bodies.rigidbodies[2].pose.position.z,0.18432160325792232
14.262956216,1709142484.945938360,1709142484.945548699,/rigid_bodies.rigidbodies[2].pose.position.z,0.18430241454238824
14.273369791,1709142484.956351935,1709142484.955670839,/rigid_bodies.rigidbodies[2].pose.position.z,0.184460496808838
14.282914112,1709142484.965896256,1709142484.965559655,/rigid_bodies.rigidbodies[2].pose.position.z,0.1843734200667493
14.292928238,1709142484.975910382,1709142484.975554233,/rigid_bodies.rigidbodies[2].pose.position.z,0.18441303444954688
14.302561404,1709142484.985543548,1709142484.985278055,/rigid_bodies.rigidbodies[2].pose.position.z,0.18449953286110365
14.312567018,1709142484.995549162,1709142484.995275797,/rigid_bodies.rigidbodies[2].pose.position.z,0.18427036633627078
14.322531875,1709142485.005514019,1709142485.005241134,/rigid_bodies.rigidbodies[2].pose.position.z,0.18424961840340234
14.332498152,1709142485.015480296,1709142485.015174935,/rigid_bodies.rigidbodies[2].pose.position.z,0.1841778816354181
14.342566836,1709142485.025548980,1709142485.025216390,/rigid_bodies.rigidbodies[2].pose.position.z,0.1839675724264262
14.352718675,1709142485.035700819,1709142485.035325506,/rigid_bodies.rigidbodies[2].pose.position.z,0.1839945690820046
14.3627796,1709142485.045761744,1709142485.045390657,/rigid_bodies.rigidbodies[2].pose.position.z,0.18429050419904727
14.373119344,1709142485.056101488,1709142485.055474446,/rigid_bodies.rigidbodies[2].pose.position.z,0.1842298512672047
14.382851362,1709142485.065833506,1709142485.065379797,/rigid_bodies.rigidbodies[2].pose.position.z,0.1841261422922752
14.392773102,1709142485.075755246,1709142485.075361402,/rigid_bodies.rigidbodies[2].pose.position.z,0.18422739647266945
14.402816485,1709142485.085798629,1709142485.085413515,/rigid_bodies.rigidbodies[2].pose.position.z,0.18431233906334643
14.412707725,1709142485.095689869,1709142485.095291759,/rigid_bodies.rigidbodies[2].pose.position.z,0.18442824489331877
14.422752207,1709142485.105734351,1709142485.105390559,/rigid_bodies.rigidbodies[2].pose.position.z,0.1845249991526501
14.432778697,1709142485.115760841,1709142485.115428685,/rigid_bodies.rigidbodies[2].pose.position.z,0.18438909537123993
14.442977701,1709142485.125959845,1709142485.125505021,/rigid_bodies.rigidbodies[2].pose.position.z,0.18425340952747485
14.452816175,1709142485.135798319,1709142485.135428986,/rigid_bodies.rigidbodies[2].pose.position.z,0.18419557661736724
14.462773698,1709142485.145755842,1709142485.145385011,/rigid_bodies.rigidbodies[2].pose.position.z,0.18418487039027834
14.473119867,1709142485.156102011,1709142485.155629945,/rigid_bodies.rigidbodies[2].pose.position.z,0.18414794497251363
14.482656577,1709142485.165638721,1709142485.165343240,/rigid_bodies.rigidbodies[2].pose.position.z,0.1840516180687854
14.492719139,1709142485.175701283,1709142485.175391414,/rigid_bodies.rigidbodies[2].pose.position.z,0.18405077819800233
14.503062515,1709142485.186044659,1709142485.185433794,/rigid_bodies.rigidbodies[2].pose.position.z,0.18410972903723588
14.512750825,1709142485.195732969,1709142485.195336304,/rigid_bodies.rigidbodies[2].pose.position.z,0.18430026698888344
14.522916271,1709142485.205898415,1709142485.205433149,/rigid_bodies.rigidbodies[2].pose.position.z,0.18456691201020364
14.533224307,1709142485.216206451,1709142485.215598963,/rigid_bodies.rigidbodies[2].pose.position.z,0.18461114838769166
14.54282761,1709142485.225809754,1709142485.225424549,/rigid_bodies.rigidbodies[2].pose.position.z,0.18443751425609078
14.5531579,1709142485.236140044,1709142485.235641705,/rigid_bodies.rigidbodies[2].pose.position.z,0.1844113373410642
14.563268811,1709142485.246250955,1709142485.245691913,/rigid_bodies.rigidbodies[2].pose.position.z,0.1844436401858801
14.573032154,1709142485.256014298,1709142485.255492121,/rigid_bodies.rigidbodies[2].pose.position.z,0.18423632062883488
14.583212579,1709142485.266194723,1709142485.265627268,/rigid_bodies.rigidbodies[2].pose.position.z,0.1840881585724847
14.593139071,1709142485.276121215,1709142485.275500335,/rigid_bodies.rigidbodies[2].pose.position.z,0.18402874529514154
14.603242408,1709142485.286224552,1709142485.285533518,/rigid_bodies.rigidbodies[2].pose.position.z,0.18425142964522057
14.612984614,1709142485.295966758,1709142485.295515238,/rigid_bodies.rigidbodies[2].pose.position.z,0.18439584501611747
14.622937117,1709142485.305919261,1709142485.305468671,/rigid_bodies.rigidbodies[2].pose.position.z,0.1843564085752515
14.632929218,1709142485.315911362,1709142485.315485126,/rigid_bodies.rigidbodies[2].pose.position.z,0.18437604383190015
14.642835125,1709142485.325817269,1709142485.325469102,/rigid_bodies.rigidbodies[2].pose.position.z,0.1841496777006392
14.652707821,1709142485.335689965,1709142485.335378502,/rigid_bodies.rigidbodies[2].pose.position.z,0.18426881697103323
14.662625721,1709142485.345607865,1709142485.345304942,/rigid_bodies.rigidbodies[2].pose.position.z,0.18448503154190948
14.672535217,1709142485.355517361,1709142485.355264951,/rigid_bodies.rigidbodies[2].pose.position.z,0.1842658505394678
14.682549929,1709142485.365532073,1709142485.365345754,/rigid_bodies.rigidbodies[2].pose.position.z,0.184175289940958
14.692526683,1709142485.375508827,1709142485.375237020,/rigid_bodies.rigidbodies[2].pose.position.z,0.1839013431505705
14.702753493,1709142485.385735637,1709142485.385498382,/rigid_bodies.rigidbodies[2].pose.position.z,0.1840182806227917
14.712599,1709142485.395581144,1709142485.395280544,/rigid_bodies.rigidbodies[2].pose.position.z,0.18446096058265782
14.722601076,1709142485.405583220,1709142485.405345414,/rigid_bodies.rigidbodies[2].pose.position.z,0.18447833503492725
14.732625826,1709142485.415607970,1709142485.415311717,/rigid_bodies.rigidbodies[2].pose.position.z,0.18447955856794396
14.742689132,1709142485.425671276,1709142485.425281187,/rigid_bodies.rigidbodies[2].pose.position.z,0.1842668304934228
14.75279559,1709142485.435777734,1709142485.435443154,/rigid_bodies.rigidbodies[2].pose.position.z,0.18407339034478332
14.762782059,1709142485.445764203,1709142485.445368242,/rigid_bodies.rigidbodies[2].pose.position.z,0.18423730721448175
14.772843236,1709142485.455825380,1709142485.455471239,/rigid_bodies.rigidbodies[2].pose.position.z,0.184332190023977
14.782795163,1709142485.465777307,1709142485.465380726,/rigid_bodies.rigidbodies[2].pose.position.z,0.18431411907094322
14.792475619,1709142485.475457763,1709142485.475182789,/rigid_bodies.rigidbodies[2].pose.position.z,0.18410374609430866
14.802494929,1709142485.485477073,1709142485.485252909,/rigid_bodies.rigidbodies[2].pose.position.z,0.184098812831624
14.812555178,1709142485.495537322,1709142485.495346712,/rigid_bodies.rigidbodies[2].pose.position.z,0.18417390393923225
14.822827926,1709142485.505810070,1709142485.505357481,/rigid_bodies.rigidbodies[2].pose.position.z,0.18425667606698937
14.833129861,1709142485.516112005,1709142485.515568358,/rigid_bodies.rigidbodies[2].pose.position.z,0.18424804429886035
14.843043759,1709142485.526025903,1709142485.525589534,/rigid_bodies.rigidbodies[2].pose.position.z,0.18424826153938387
14.853392578,1709142485.536374722,1709142485.535742230,/rigid_bodies.rigidbodies[2].pose.position.z,0.18423976516295165
14.862997307,1709142485.545979451,1709142485.545557837,/rigid_bodies.rigidbodies[2].pose.position.z,0.18437044952331313
14.873074567,1709142485.556056711,1709142485.555580103,/rigid_bodies.rigidbodies[2].pose.position.z,0.18437966588039123
14.882985333,1709142485.565967477,1709142485.565511494,/rigid_bodies.rigidbodies[2].pose.position.z,0.18440424163484356
14.892989115,1709142485.575971259,1709142485.575489682,/rigid_bodies.rigidbodies[2].pose.position.z,0.18413868466982858
14.903198687,1709142485.586180831,1709142485.585620692,/rigid_bodies.rigidbodies[2].pose.position.z,0.18401547089017853
14.91289675,1709142485.595878894,1709142485.595514612,/rigid_bodies.rigidbodies[2].pose.position.z,0.18410904674129505
14.922620399,1709142485.605602543,1709142485.605279458,/rigid_bodies.rigidbodies[2].pose.position.z,0.1841559420446638
14.932702728,1709142485.615684872,1709142485.615341615,/rigid_bodies.rigidbodies[2].pose.position.z,0.1842074035149191
14.942489408,1709142485.625471552,1709142485.625215413,/rigid_bodies.rigidbodies[2].pose.position.z,0.18404651154286422
14.952457718,1709142485.635439862,1709142485.635217493,/rigid_bodies.rigidbodies[2].pose.position.z,0.18399372254716448
14.96240677,1709142485.645388914,1709142485.645185621,/rigid_bodies.rigidbodies[2].pose.position.z,0.18421113350422383
14.972541226,1709142485.655523370,1709142485.655218151,/rigid_bodies.rigidbodies[2].pose.position.z,0.18455306809909583
14.982435699,1709142485.665417843,1709142485.665264782,/rigid_bodies.rigidbodies[2].pose.position.z,0.18468060660991334
14.992674893,1709142485.675657037,1709142485.675282255,/rigid_bodies.rigidbodies[2].pose.position.z,0.18441044140395693
15.002876545,1709142485.685858689,1709142485.685390879,/rigid_bodies.rigidbodies[2].pose.position.z,0.18415230827001
15.013068276,1709142485.696050420,1709142485.695538052,/rigid_bodies.rigidbodies[2].pose.position.z,0.18398765338692857
15.023445882,1709142485.706428026,1709142485.705787007,/rigid_bodies.rigidbodies[2].pose.position.z,0.18403105828279942
15.033233688,1709142485.716215832,1709142485.715638412,/rigid_bodies.rigidbodies[2].pose.position.z,0.18427541706302433
15.04304672,1709142485.726028864,1709142485.725562206,/rigid_bodies.rigidbodies[2].pose.position.z,0.18418966669181286
15.053518147,1709142485.736500291,1709142485.735820619,/rigid_bodies.rigidbodies[2].pose.position.z,0.18414785211235357
15.063024826,1709142485.746006970,1709142485.745454930,/rigid_bodies.rigidbodies[2].pose.position.z,0.1842948223160906
15.072915386,1709142485.755897530,1709142485.755419013,/rigid_bodies.rigidbodies[2].pose.position.z,0.18434281474477207
15.082855773,1709142485.765837917,1709142485.765413048,/rigid_bodies.rigidbodies[2].pose.position.z,0.18453722815540552
15.092804809,1709142485.775786953,1709142485.775428731,/rigid_bodies.rigidbodies[2].pose.position.z,0.18439327144368167
15.102783761,1709142485.785765905,1709142485.785358144,/rigid_bodies.rigidbodies[2].pose.position.z,0.1841841417812116
15.113243094,1709142485.796225238,1709142485.795590897,/rigid_bodies.rigidbodies[2].pose.position.z,0.18418221506765683
15.123048583,1709142485.806030727,1709142485.805571686,/rigid_bodies.rigidbodies[2].pose.position.z,0.184379075201618
15.132854272,1709142485.815836416,1709142485.815432943,/rigid_bodies.rigidbodies[2].pose.position.z,0.18429408654468105
15.143250755,1709142485.826232899,1709142485.825666632,/rigid_bodies.rigidbodies[2].pose.position.z,0.18427108429498704
15.153434105,1709142485.836416249,1709142485.835757141,/rigid_bodies.rigidbodies[2].pose.position.z,0.1841035037203591
15.163081433,1709142485.846063577,1709142485.845516060,/rigid_bodies.rigidbodies[2].pose.position.z,0.18402484807930658
15.173265652,1709142485.856247796,1709142485.855699832,/rigid_bodies.rigidbodies[2].pose.position.z,0.18422652908498544
15.183170771,1709142485.866152915,1709142485.865635819,/rigid_bodies.rigidbodies[2].pose.position.z,0.18445738590348726
15.192883951,1709142485.875866095,1709142485.875463300,/rigid_bodies.rigidbodies[2].pose.position.z,0.1843785629672516
15.20320883,1709142485.886190974,1709142485.885630370,/rigid_bodies.rigidbodies[2].pose.position.z,0.18416998610735838
15.213210152,1709142485.896192296,1709142485.895594630,/rigid_bodies.rigidbodies[2].pose.position.z,0.1841084925916987
15.222963703,1709142485.905945847,1709142485.905481296,/rigid_bodies.rigidbodies[2].pose.position.z,0.1842705346980873
15.233148655,1709142485.916130799,1709142485.915604094,/rigid_bodies.rigidbodies[2].pose.position.z,0.18447460552056302
15.242841871,1709142485.925824015,1709142485.925456847,/rigid_bodies.rigidbodies[2].pose.position.z,0.18455558140663395
15.252804566,1709142485.935786710,1709142485.935382450,/rigid_bodies.rigidbodies[2].pose.position.z,0.18425714042454505
15.262822693,1709142485.945804837,1709142485.945421758,/rigid_bodies.rigidbodies[2].pose.position.z,0.18410964388528248
15.273167064,1709142485.956149208,1709142485.955659849,/rigid_bodies.rigidbodies[2].pose.position.z,0.1840816637376943
15.282823238,1709142485.965805382,1709142485.965449070,/rigid_bodies.rigidbodies[2].pose.position.z,0.184088849302226
15.293410454,1709142485.976392598,1709142485.975844286,/rigid_bodies.rigidbodies[2].pose.position.z,0.1843065129319525
15.303088003,1709142485.986070147,1709142485.985690692,/rigid_bodies.rigidbodies[2].pose.position.z,0.18427722523024778
15.312703372,1709142485.995685516,1709142485.995401960,/rigid_bodies.rigidbodies[2].pose.position.z,0.1843207001166263
15.322626834,1709142486.005608978,1709142486.005447676,/rigid_bodies.rigidbodies[2].pose.position.z,0.1844409371904183
15.332627794,1709142486.015609938,1709142486.015419847,/rigid_bodies.rigidbodies[2].pose.position.z,0.18430300327632965
15.342883354,1709142486.025865498,1709142486.025562961,/rigid_bodies.rigidbodies[2].pose.position.z,0.18437166421536852
15.35297011,1709142486.035952254,1709142486.035558504,/rigid_bodies.rigidbodies[2].pose.position.z,0.1842520563440248
15.362839873,1709142486.045822017,1709142486.045405245,/rigid_bodies.rigidbodies[2].pose.position.z,0.18406231163374803
15.372700366,1709142486.055682510,1709142486.055315242,/rigid_bodies.rigidbodies[2].pose.position.z,0.18421443771267482
15.382639564,1709142486.065621708,1709142486.065371929,/rigid_bodies.rigidbodies[2].pose.position.z,0.18430086479869784
15.392637488,1709142486.075619632,1709142486.075312860,/rigid_bodies.rigidbodies[2].pose.position.z,0.18428635332942198
15.402927046,1709142486.085909190,1709142486.085427304,/rigid_bodies.rigidbodies[2].pose.position.z,0.1842710103760981
15.412586988,1709142486.095569132,1709142486.095371673,/rigid_bodies.rigidbodies[2].pose.position.z,0.1841843033839951
15.422636761,1709142486.105618905,1709142486.105301517,/rigid_bodies.rigidbodies[2].pose.position.z,0.18419978797813313
15.432694514,1709142486.115676658,1709142486.115492754,/rigid_bodies.rigidbodies[2].pose.position.z,0.18437756261913643
15.442983263,1709142486.125965407,1709142486.125537082,/rigid_bodies.rigidbodies[2].pose.position.z,0.1844537856989454
15.453040142,1709142486.136022286,1709142486.135576158,/rigid_bodies.rigidbodies[2].pose.position.z,0.1842766449473871
15.462986204,1709142486.145968348,1709142486.145513775,/rigid_bodies.rigidbodies[2].pose.position.z,0.1843240710817609
15.472944101,1709142486.155926245,1709142486.155535203,/rigid_bodies.rigidbodies[2].pose.position.z,0.1841493203942717
15.483098414,1709142486.166080558,1709142486.165557058,/rigid_bodies.rigidbodies[2].pose.position.z,0.18419053077030575
15.493537145,1709142486.176519289,1709142486.175858204,/rigid_bodies.rigidbodies[2].pose.position.z,0.18442237350798327
15.50308718,1709142486.186069324,1709142486.185643932,/rigid_bodies.rigidbodies[2].pose.position.z,0.18426611751771266
15.513627576,1709142486.196609720,1709142486.195907211,/rigid_bodies.rigidbodies[2].pose.position.z,0.1842596937037023
15.523590278,1709142486.206572422,1709142486.205922067,/rigid_bodies.rigidbodies[2].pose.position.z,0.18433051618655094
15.533201,1709142486.216183144,1709142486.215746830,/rigid_bodies.rigidbodies[2].pose.position.z,0.18428231908035406
15.543178082,1709142486.226160226,1709142486.225759302,/rigid_bodies.rigidbodies[2].pose.position.z,0.1842553292115352
15.553235801,1709142486.236217945,1709142486.235646039,/rigid_bodies.rigidbodies[2].pose.position.z,0.1842083021155445
15.562655158,1709142486.245637302,1709142486.245308218,/rigid_bodies.rigidbodies[2].pose.position.z,0.1841598530303477
15.572863142,1709142486.255845286,1709142486.255377959,/rigid_bodies.rigidbodies[2].pose.position.z,0.18424589744314301
15.582745676,1709142486.265727820,1709142486.265289963,/rigid_bodies.rigidbodies[2].pose.position.z,0.18448992387963936
15.592790192,1709142486.275772336,1709142486.275327544,/rigid_bodies.rigidbodies[2].pose.position.z,0.18444300124048435
15.602811592,1709142486.285793736,1709142486.285375129,/rigid_bodies.rigidbodies[2].pose.position.z,0.18416270094887016
15.612939544,1709142486.295921688,1709142486.295416188,/rigid_bodies.rigidbodies[2].pose.position.z,0.18404776337223946
15.622860627,1709142486.305842771,1709142486.305466643,/rigid_bodies.rigidbodies[2].pose.position.z,0.18381135979853783
15.632697011,1709142486.315679155,1709142486.315364293,/rigid_bodies.rigidbodies[2].pose.position.z,0.18413234526647332
15.642722749,1709142486.325704893,1709142486.325421769,/rigid_bodies.rigidbodies[2].pose.position.z,0.18444580981747072
15.652899447,1709142486.335881591,1709142486.335391838,/rigid_bodies.rigidbodies[2].pose.position.z,0.18457943939764046
15.662600356,1709142486.345582500,1709142486.345299988,/rigid_bodies.rigidbodies[2].pose.position.z,0.18457943674722557
15.672737405,1709142486.355719549,1709142486.355437713,/rigid_bodies.rigidbodies[2].pose.position.z,0.18434234812697461
15.682920749,1709142486.365902893,1709142486.365611267,/rigid_bodies.rigidbodies[2].pose.position.z,0.18428090683369996
15.692938707,1709142486.375920851,1709142486.375477355,/rigid_bodies.rigidbodies[2].pose.position.z,0.18427069428819146
15.703061669,1709142486.386043813,1709142486.385547249,/rigid_bodies.rigidbodies[2].pose.position.z,0.1842038240531512
15.712869617,1709142486.395851761,1709142486.395460383,/rigid_bodies.rigidbodies[2].pose.position.z,0.18413708826075556
15.723202942,1709142486.406185086,1709142486.405606954,/rigid_bodies.rigidbodies[2].pose.position.z,0.18412124773763588
15.733039442,1709142486.416021586,1709142486.415519993,/rigid_bodies.rigidbodies[2].pose.position.z,0.18417348220674232
15.743120733,1709142486.426102877,1709142486.425595556,/rigid_bodies.rigidbodies[2].pose.position.z,0.18416112463029485
15.753002948,1709142486.435985092,1709142486.435491440,/rigid_bodies.rigidbodies[2].pose.position.z,0.18435163102708466
15.762836257,1709142486.445818401,1709142486.445443676,/rigid_bodies.rigidbodies[2].pose.position.z,0.18440765946367513
15.773012857,1709142486.455995001,1709142486.455544419,/rigid_bodies.rigidbodies[2].pose.position.z,0.18447472465878112
15.783000599,1709142486.465982743,1709142486.465511645,/rigid_bodies.rigidbodies[2].pose.position.z,0.1845920607580791
15.793311448,1709142486.476293592,1709142486.475674450,/rigid_bodies.rigidbodies[2].pose.position.z,0.18448661227504554
15.802951244,1709142486.485933388,1709142486.485492456,/rigid_bodies.rigidbodies[2].pose.position.z,0.18428604103855623
15.812951899,1709142486.495934043,1709142486.495451728,/rigid_bodies.rigidbodies[2].pose.position.z,0.18393936595302934
15.823318746,1709142486.506300890,1709142486.505702372,/rigid_bodies.rigidbodies[2].pose.position.z,0.18397515735657735
15.833219965,1709142486.516202109,1709142486.515602576,/rigid_bodies.rigidbodies[2].pose.position.z,0.18423200684773294
15.842898404,1709142486.525880548,1709142486.525419831,/rigid_bodies.rigidbodies[2].pose.position.z,0.18447468091946223
15.853255349,1709142486.536237493,1709142486.535622584,/rigid_bodies.rigidbodies[2].pose.position.z,0.18432809548287157
15.862864316,1709142486.545846460,1709142486.545441067,/rigid_bodies.rigidbodies[2].pose.position.z,0.18410146844045927
15.87278828,1709142486.555770424,1709142486.555391124,/rigid_bodies.rigidbodies[2].pose.position.z,0.18412932121843856
15.882798517,1709142486.565780661,1709142486.565431062,/rigid_bodies.rigidbodies[2].pose.position.z,0.18418882952831395
15.892874271,1709142486.575856415,1709142486.575466319,/rigid_bodies.rigidbodies[2].pose.position.z,0.18443542339990032
15.902910785,1709142486.585892929,1709142486.585539356,/rigid_bodies.rigidbodies[2].pose.position.z,0.18466507156178197
15.913046793,1709142486.596028937,1709142486.595621506,/rigid_bodies.rigidbodies[2].pose.position.z,0.18449527033320665
15.923223864,1709142486.606206008,1709142486.605772670,/rigid_bodies.rigidbodies[2].pose.position.z,0.18454918517762195
15.933020151000001,1709142486.616002295,1709142486.615563644,/rigid_bodies.rigidbodies[2].pose.position.z,0.18442858767924858
15.943148747,1709142486.626130891,1709142486.625668252,/rigid_bodies.rigidbodies[2].pose.position.z,0.18427981039055558
15.953155637,1709142486.636137781,1709142486.635675278,/rigid_bodies.rigidbodies[2].pose.position.z,0.184275621674802
15.962997745,1709142486.645979889,1709142486.645575972,/rigid_bodies.rigidbodies[2].pose.position.z,0.18411287382353728
15.973431167,1709142486.656413311,1709142486.655834843,/rigid_bodies.rigidbodies[2].pose.position.z,0.1840436185021812
15.98298935,1709142486.665971494,1709142486.665588694,/rigid_bodies.rigidbodies[2].pose.position.z,0.18403880656386035
15.99299046,1709142486.675972604,1709142486.675589583,/rigid_bodies.rigidbodies[2].pose.position.z,0.18414259940029254
16.003379895,1709142486.686362039,1709142486.685836774,/rigid_bodies.rigidbodies[2].pose.position.z,0.18416690454683404
16.013329327,1709142486.696311471,1709142486.695794663,/rigid_bodies.rigidbodies[2].pose.position.z,0.18415624750881177
16.022904609,1709142486.705886753,1709142486.705536693,/rigid_bodies.rigidbodies[2].pose.position.z,0.1844780936394408
16.033198079,1709142486.716180223,1709142486.715702659,/rigid_bodies.rigidbodies[2].pose.position.z,0.18445611781757154
16.043184846,1709142486.726166990,1709142486.725730892,/rigid_bodies.rigidbodies[2].pose.position.z,0.18454218768851205
16.052817049,1709142486.735799193,1709142486.735461478,/rigid_bodies.rigidbodies[2].pose.position.z,0.18438140315260365
16.062982856,1709142486.745965000,1709142486.745577448,/rigid_bodies.rigidbodies[2].pose.position.z,0.1842162439141015
16.073262016,1709142486.756244160,1709142486.755770102,/rigid_bodies.rigidbodies[2].pose.position.z,0.18422708319011433
16.083100223,1709142486.766082367,1709142486.765674886,/rigid_bodies.rigidbodies[2].pose.position.z,0.1841858872952611
16.093266885,1709142486.776249029,1709142486.775661268,/rigid_bodies.rigidbodies[2].pose.position.z,0.18424543620506278
16.103658615,1709142486.786640759,1709142486.785949482,/rigid_bodies.rigidbodies[2].pose.position.z,0.18432735177599974
16.112949399,1709142486.795931543,1709142486.795563226,/rigid_bodies.rigidbodies[2].pose.position.z,0.18414753005277373
16.12306869,1709142486.806050834,1709142486.805644327,/rigid_bodies.rigidbodies[2].pose.position.z,0.1841104735631338
16.133278475,1709142486.816260619,1709142486.815727437,/rigid_bodies.rigidbodies[2].pose.position.z,0.1840205517798604
16.143121848,1709142486.826103992,1709142486.825676045,/rigid_bodies.rigidbodies[2].pose.position.z,0.18413322189774575
16.153136401,1709142486.836118545,1709142486.835680065,/rigid_bodies.rigidbodies[2].pose.position.z,0.18436241149878585
16.163033841,1709142486.846015985,1709142486.845625442,/rigid_bodies.rigidbodies[2].pose.position.z,0.184319179070605
16.173149405,1709142486.856131549,1709142486.855654495,/rigid_bodies.rigidbodies[2].pose.position.z,0.18448273736499696
16.183223859,1709142486.866206003,1709142486.865713854,/rigid_bodies.rigidbodies[2].pose.position.z,0.18453713808927982
16.193490375,1709142486.876472519,1709142486.875942036,/rigid_bodies.rigidbodies[2].pose.position.z,0.1845858896297811
16.203280136,1709142486.886262280,1709142486.885759367,/rigid_bodies.rigidbodies[2].pose.position.z,0.18454274883089822
16.212986156,1709142486.895968300,1709142486.895581934,/rigid_bodies.rigidbodies[2].pose.position.z,0.18429295299861276
16.22297678,1709142486.905958924,1709142486.905558439,/rigid_bodies.rigidbodies[2].pose.position.z,0.18411273242060985
16.233344722,1709142486.916326866,1709142486.915843271,/rigid_bodies.rigidbodies[2].pose.position.z,0.18405556644006477
16.242873912,1709142486.925856056,1709142486.925484742,/rigid_bodies.rigidbodies[2].pose.position.z,0.18413466416025945
16.253341679000002,1709142486.936323823,1709142486.935826008,/rigid_bodies.rigidbodies[2].pose.position.z,0.18431413670640626
16.263059968,1709142486.946042112,1709142486.945649827,/rigid_bodies.rigidbodies[2].pose.position.z,0.18445033369563543
16.273124688,1709142486.956106832,1709142486.955649416,/rigid_bodies.rigidbodies[2].pose.position.z,0.18431176620409123
16.283017567999998,1709142486.965999712,1709142486.965582714,/rigid_bodies.rigidbodies[2].pose.position.z,0.1842145492360281
16.29279902,1709142486.975781164,1709142486.975450779,/rigid_bodies.rigidbodies[2].pose.position.z,0.18423316930927705
16.302948568,1709142486.985930712,1709142486.985512215,/rigid_bodies.rigidbodies[2].pose.position.z,0.1843303315692344
16.312995686,1709142486.995977830,1709142486.995538721,/rigid_bodies.rigidbodies[2].pose.position.z,0.18439807995283247
16.32343408,1709142487.006416224,1709142487.005833219,/rigid_bodies.rigidbodies[2].pose.position.z,0.18436815748428328
16.332963623,1709142487.015945767,1709142487.015565899,/rigid_bodies.rigidbodies[2].pose.position.z,0.18421641314928056
16.343113745,1709142487.026095889,1709142487.025706955,/rigid_bodies.rigidbodies[2].pose.position.z,0.1842371728908115
16.353224783,1709142487.036206927,1709142487.035724563,/rigid_bodies.rigidbodies[2].pose.position.z,0.18423775648326285
16.362859713,1709142487.045841857,1709142487.045492442,/rigid_bodies.rigidbodies[2].pose.position.z,0.18429298433688934
16.373463011,1709142487.056445155,1709142487.055796549,/rigid_bodies.rigidbodies[2].pose.position.z,0.184500597020263
16.383103136,1709142487.066085280,1709142487.065595047,/rigid_bodies.rigidbodies[2].pose.position.z,0.1842668845596185
16.39293221,1709142487.075914354,1709142487.075517344,/rigid_bodies.rigidbodies[2].pose.position.z,0.1841170602656726
16.402729176,1709142487.085711320,1709142487.085471445,/rigid_bodies.rigidbodies[2].pose.position.z,0.1842012950612489
16.412523773,1709142487.095505917,1709142487.095223240,/rigid_bodies.rigidbodies[2].pose.position.z,0.18410313426297106
16.422701128,1709142487.105683272,1709142487.105448685,/rigid_bodies.rigidbodies[2].pose.position.z,0.18422003158997036
16.433114482,1709142487.116096626,1709142487.115675270,/rigid_bodies.rigidbodies[2].pose.position.z,0.18415416532126802
16.443284585,1709142487.126266729,1709142487.125767334,/rigid_bodies.rigidbodies[2].pose.position.z,0.18416752255391952
16.452892978,1709142487.135875122,1709142487.135484572,/rigid_bodies.rigidbodies[2].pose.position.z,0.18433664589464313
16.462921104,1709142487.145903248,1709142487.145433942,/rigid_bodies.rigidbodies[2].pose.position.z,0.18440650954692214
16.473157357,1709142487.156139501,1709142487.155601002,/rigid_bodies.rigidbodies[2].pose.position.z,0.18425215973384304
16.482807854,1709142487.165789998,1709142487.165497893,/rigid_bodies.rigidbodies[2].pose.position.z,0.1841095722061414
16.49287767,1709142487.175859814,1709142487.175469659,/rigid_bodies.rigidbodies[2].pose.position.z,0.18421096956740135
16.502706568,1709142487.185688712,1709142487.185410344,/rigid_bodies.rigidbodies[2].pose.position.z,0.18440780398472753
16.512859166,1709142487.195841310,1709142487.195579004,/rigid_bodies.rigidbodies[2].pose.position.z,0.18453813758483817
16.522935092,1709142487.205917236,1709142487.205555412,/rigid_bodies.rigidbodies[2].pose.position.z,0.1844672166592733
16.532994557,1709142487.215976701,1709142487.215620819,/rigid_bodies.rigidbodies[2].pose.position.z,0.18421217902835776
16.542899453,1709142487.225881597,1709142487.225543573,/rigid_bodies.rigidbodies[2].pose.position.z,0.18401338412794752
16.553298212,1709142487.236280356,1709142487.235688618,/rigid_bodies.rigidbodies[2].pose.position.z,0.18411232582351267
16.562925111,1709142487.245907255,1709142487.245401839,/rigid_bodies.rigidbodies[2].pose.position.z,0.18443588738133723
16.572927283,1709142487.255909427,1709142487.255583972,/rigid_bodies.rigidbodies[2].pose.position.z,0.18442210830271405
16.582865218,1709142487.265847362,1709142487.265454986,/rigid_bodies.rigidbodies[2].pose.position.z,0.18427170592009065
16.59276432,1709142487.275746464,1709142487.275412370,/rigid_bodies.rigidbodies[2].pose.position.z,0.18416691273914454
16.602966479,1709142487.285948623,1709142487.285487827,/rigid_bodies.rigidbodies[2].pose.position.z,0.18422610387071608
16.613079196,1709142487.296061340,1709142487.295518775,/rigid_bodies.rigidbodies[2].pose.position.z,0.18443969540564917
16.623172862,1709142487.306155006,1709142487.305708502,/rigid_bodies.rigidbodies[2].pose.position.z,0.18444285383415543
16.632901265,1709142487.315883409,1709142487.315440518,/rigid_bodies.rigidbodies[2].pose.position.z,0.18437523075777978
16.643086939,1709142487.326069083,1709142487.325537578,/rigid_bodies.rigidbodies[2].pose.position.z,0.18424120369715413
16.653107946,1709142487.336090090,1709142487.335537086,/rigid_bodies.rigidbodies[2].pose.position.z,0.18419762358352026
16.662786874,1709142487.345769018,1709142487.345327723,/rigid_bodies.rigidbodies[2].pose.position.z,0.18433218293011344
16.673561259,1709142487.356543403,1709142487.355957119,/rigid_bodies.rigidbodies[2].pose.position.z,0.18435928659415357
16.68327195,1709142487.366254094,1709142487.365796068,/rigid_bodies.rigidbodies[2].pose.position.z,0.1842219599474438
16.692800547,1709142487.375782691,1709142487.375450357,/rigid_bodies.rigidbodies[2].pose.position.z,0.18421265228591072
16.702731628,1709142487.385713772,1709142487.385421986,/rigid_bodies.rigidbodies[2].pose.position.z,0.18419204582536386
16.712723684,1709142487.395705828,1709142487.395412344,/rigid_bodies.rigidbodies[2].pose.position.z,0.1843743419211839
16.723054589,1709142487.406036733,1709142487.405640313,/rigid_bodies.rigidbodies[2].pose.position.z,0.184406454864062
16.733372548,1709142487.416354692,1709142487.415892535,/rigid_bodies.rigidbodies[2].pose.position.z,0.1842461197434635
16.743452715,1709142487.426434859,1709142487.425954151,/rigid_bodies.rigidbodies[2].pose.position.z,0.18406283620823377
16.753345898,1709142487.436328042,1709142487.435770413,/rigid_bodies.rigidbodies[2].pose.position.z,0.1841891365439228
16.763230917,1709142487.446213061,1709142487.445717698,/rigid_bodies.rigidbodies[2].pose.position.z,0.18444931649009566
16.773491016,1709142487.456473160,1709142487.455880507,/rigid_bodies.rigidbodies[2].pose.position.z,0.1843953429915946
16.783146770000002,1709142487.466128914,1709142487.465702875,/rigid_bodies.rigidbodies[2].pose.position.z,0.18437707954503038
16.793014054,1709142487.475996198,1709142487.475599793,/rigid_bodies.rigidbodies[2].pose.position.z,0.18418204219402645
16.803592176,1709142487.486574320,1709142487.485984635,/rigid_bodies.rigidbodies[2].pose.position.z,0.18406797765219773
16.813265164,1709142487.496247308,1709142487.495672594,/rigid_bodies.rigidbodies[2].pose.position.z,0.18433488660355704
16.823249139,1709142487.506231283,1709142487.505690918,/rigid_bodies.rigidbodies[2].pose.position.z,0.1842729531422857
16.833573099,1709142487.516555243,1709142487.515889724,/rigid_bodies.rigidbodies[2].pose.position.z,0.18435609969572145
16.843280471,1709142487.526262615,1709142487.525705639,/rigid_bodies.rigidbodies[2].pose.position.z,0.1842498234255493
16.853073126,1709142487.536055270,1709142487.535616584,/rigid_bodies.rigidbodies[2].pose.position.z,0.18412879540721783
16.863065697,1709142487.546047841,1709142487.545578301,/rigid_bodies.rigidbodies[2].pose.position.z,0.18430678667684616
16.873445602,1709142487.556427746,1709142487.555782765,/rigid_bodies.rigidbodies[2].pose.position.z,0.18437364200465362
16.88302166,1709142487.566003804,1709142487.565623493,/rigid_bodies.rigidbodies[2].pose.position.z,0.18433281580044963
16.893445062,1709142487.576427206,1709142487.575763456,/rigid_bodies.rigidbodies[2].pose.position.z,0.1842302100410667
16.903172095,1709142487.586154239,1709142487.585613907,/rigid_bodies.rigidbodies[2].pose.position.z,0.1841578861037463
16.913003354,1709142487.595985498,1709142487.595566546,/rigid_bodies.rigidbodies[2].pose.position.z,0.18415634407645043
16.922954044,1709142487.605936188,1709142487.605483676,/rigid_bodies.rigidbodies[2].pose.position.z,0.18429074502486584
16.933291535,1709142487.616273679,1709142487.615651403,/rigid_bodies.rigidbodies[2].pose.position.z,0.18420856600435542
16.942826187,1709142487.625808331,1709142487.625514382,/rigid_bodies.rigidbodies[2].pose.position.z,0.18410793239106302
16.953399714,1709142487.636381858,1709142487.635921767,/rigid_bodies.rigidbodies[2].pose.position.z,0.18416559452979037
16.963244505,1709142487.646226649,1709142487.645798938,/rigid_bodies.rigidbodies[2].pose.position.z,0.18435050396641497
16.972826845,1709142487.655808989,1709142487.655473484,/rigid_bodies.rigidbodies[2].pose.position.z,0.18435769923417022
16.982756653,1709142487.665738797,1709142487.665472064,/rigid_bodies.rigidbodies[2].pose.position.z,0.18450196665406676
16.992765685,1709142487.675747829,1709142487.675377205,/rigid_bodies.rigidbodies[2].pose.position.z,0.18428835193219087
17.003003347,1709142487.685985491,1709142487.685495677,/rigid_bodies.rigidbodies[2].pose.position.z,0.18414264174521783
17.012982322,1709142487.695964466,1709142487.695473642,/rigid_bodies.rigidbodies[2].pose.position.z,0.18433842747662157
17.023340086,1709142487.706322230,1709142487.705698910,/rigid_bodies.rigidbodies[2].pose.position.z,0.1842589131983426
17.032924821,1709142487.715906965,1709142487.715462090,/rigid_bodies.rigidbodies[2].pose.position.z,0.1841344472528373
17.043117881,1709142487.726100025,1709142487.725577978,/rigid_bodies.rigidbodies[2].pose.position.z,0.1841055678408982
17.053257003,1709142487.736239147,1709142487.735650168,/rigid_bodies.rigidbodies[2].pose.position.z,0.18393383120086154
17.062762876,1709142487.745745020,1709142487.745431895,/rigid_bodies.rigidbodies[2].pose.position.z,0.18408491507967367
17.072907405,1709142487.755889549,1709142487.755459143,/rigid_bodies.rigidbodies[2].pose.position.z,0.1843470301139762
17.082948723,1709142487.765930867,1709142487.765532243,/rigid_bodies.rigidbodies[2].pose.position.z,0.18438998219228722
17.092992969,1709142487.775975113,1709142487.775584761,/rigid_bodies.rigidbodies[2].pose.position.z,0.18430987137513066
17.103089935,1709142487.786072079,1709142487.785595351,/rigid_bodies.rigidbodies[2].pose.position.z,0.18428628752593337
17.112799109,1709142487.795781253,1709142487.795410455,/rigid_bodies.rigidbodies[2].pose.position.z,0.1843286816562732
17.1228748,1709142487.805856944,1709142487.805535421,/rigid_bodies.rigidbodies[2].pose.position.z,0.18433113129160222
17.13302244,1709142487.816004584,1709142487.815519057,/rigid_bodies.rigidbodies[2].pose.position.z,0.18444976337179508
17.142908314,1709142487.825890458,1709142487.825481589,/rigid_bodies.rigidbodies[2].pose.position.z,0.1841574165543168
17.153186423,1709142487.836168567,1709142487.835662305,/rigid_bodies.rigidbodies[2].pose.position.z,0.18417312418711027
17.162961403,1709142487.845943547,1709142487.845458116,/rigid_bodies.rigidbodies[2].pose.position.z,0.18406589610808075
17.172915938,1709142487.855898082,1709142487.855470506,/rigid_bodies.rigidbodies[2].pose.position.z,0.18410098683172388
17.183001857,1709142487.865984001,1709142487.865532876,/rigid_bodies.rigidbodies[2].pose.position.z,0.18423198073823077
17.193018702,1709142487.876000846,1709142487.875461347,/rigid_bodies.rigidbodies[2].pose.position.z,0.18413907711743707
17.202811989,1709142487.885794133,1709142487.885457678,/rigid_bodies.rigidbodies[2].pose.position.z,0.18409665138948117
17.213143078,1709142487.896125222,1709142487.895606183,/rigid_bodies.rigidbodies[2].pose.position.z,0.1842517497831825
17.223183667,1709142487.906165811,1709142487.905671565,/rigid_bodies.rigidbodies[2].pose.position.z,0.18428094416005317
17.233162484,1709142487.916144628,1709142487.915660332,/rigid_bodies.rigidbodies[2].pose.position.z,0.18439169162631905
17.243127349,1709142487.926109493,1709142487.925640718,/rigid_bodies.rigidbodies[2].pose.position.z,0.1844618074966094
17.252952318,1709142487.935934462,1709142487.935522159,/rigid_bodies.rigidbodies[2].pose.position.z,0.18434180207854944
17.262903922,1709142487.945886066,1709142487.945479679,/rigid_bodies.rigidbodies[2].pose.position.z,0.18415791494276662
17.27326034,1709142487.956242484,1709142487.955640910,/rigid_bodies.rigidbodies[2].pose.position.z,0.18421190377978278
17.282935759,1709142487.965917903,1709142487.965496500,/rigid_bodies.rigidbodies[2].pose.position.z,0.18417635161620258
17.293226438,1709142487.976208582,1709142487.975628021,/rigid_bodies.rigidbodies[2].pose.position.z,0.18412846102239652
17.302935766,1709142487.985917910,1709142487.985507136,/rigid_bodies.rigidbodies[2].pose.position.z,0.18423700807491816
17.312997755,1709142487.995979899,1709142487.995506269,/rigid_bodies.rigidbodies[2].pose.position.z,0.1841098334878908
17.323243074,1709142488.006225218,1709142488.005629389,/rigid_bodies.rigidbodies[2].pose.position.z,0.1841355145840633
17.332868259,1709142488.015850403,1709142488.015462943,/rigid_bodies.rigidbodies[2].pose.position.z,0.18414157558678304
17.342617087,1709142488.025599231,1709142488.025275559,/rigid_bodies.rigidbodies[2].pose.position.z,0.18414934166194843
17.352562043,1709142488.035544187,1709142488.035275816,/rigid_bodies.rigidbodies[2].pose.position.z,0.18432571015738422
17.362687726,1709142488.045669870,1709142488.045381250,/rigid_bodies.rigidbodies[2].pose.position.z,0.1843404099554949
17.372767956,1709142488.055750100,1709142488.055311811,/rigid_bodies.rigidbodies[2].pose.position.z,0.1843090915409323
17.382636435,1709142488.065618579,1709142488.065398369,/rigid_bodies.rigidbodies[2].pose.position.z,0.18437994881777087
17.392937652,1709142488.075919796,1709142488.075380308,/rigid_bodies.rigidbodies[2].pose.position.z,0.18436175653323097
17.402502654,1709142488.085484798,1709142488.085272206,/rigid_bodies.rigidbodies[2].pose.position.z,0.18418731895501725
17.412514092,1709142488.095496236,1709142488.095171947,/rigid_bodies.rigidbodies[2].pose.position.z,0.18434322135044973
17.422691963,1709142488.105674107,1709142488.105351527,/rigid_bodies.rigidbodies[2].pose.position.z,0.1844003227673748
17.432983587,1709142488.115965731,1709142488.115483204,/rigid_bodies.rigidbodies[2].pose.position.z,0.1841990653561135
17.443124228,1709142488.126106372,1709142488.125555046,/rigid_bodies.rigidbodies[2].pose.position.z,0.18422524071656726
17.453144118,1709142488.136126262,1709142488.135480565,/rigid_bodies.rigidbodies[2].pose.position.z,0.18414238175548972
17.462980611,1709142488.145962755,1709142488.145400167,/rigid_bodies.rigidbodies[2].pose.position.z,0.18391859953312542
17.473215403,1709142488.156197547,1709142488.155601957,/rigid_bodies.rigidbodies[2].pose.position.z,0.18412809844919867
17.482933234,1709142488.165915378,1709142488.165467519,/rigid_bodies.rigidbodies[2].pose.position.z,0.18413711950316125
17.492933277,1709142488.175915421,1709142488.175458899,/rigid_bodies.rigidbodies[2].pose.position.z,0.18413211905913293
17.503310318,1709142488.186292462,1709142488.185667810,/rigid_bodies.rigidbodies[2].pose.position.z,0.18433962298533796
17.512897032,1709142488.195879176,1709142488.195438299,/rigid_bodies.rigidbodies[2].pose.position.z,0.18421383822647014
17.522858914,1709142488.205841058,1709142488.205465450,/rigid_bodies.rigidbodies[2].pose.position.z,0.1841473621035128
17.533026672,1709142488.216008816,1709142488.215552412,/rigid_bodies.rigidbodies[2].pose.position.z,0.18417845961049864
17.54289642,1709142488.225878564,1709142488.225440802,/rigid_bodies.rigidbodies[2].pose.position.z,0.18414852892474887
17.552931675,1709142488.235913819,1709142488.235460893,/rigid_bodies.rigidbodies[2].pose.position.z,0.1843799547597674
17.56338454,1709142488.246366684,1709142488.245844565,/rigid_bodies.rigidbodies[2].pose.position.z,0.18448931466280266
17.573730773,1709142488.256712917,1709142488.256051086,/rigid_bodies.rigidbodies[2].pose.position.z,0.18428814138092905
17.58311297,1709142488.266095114,1709142488.265622695,/rigid_bodies.rigidbodies[2].pose.position.z,0.1839552304560523
17.592964331,1709142488.275946475,1709142488.275521405,/rigid_bodies.rigidbodies[2].pose.position.z,0.1840650523555906
17.603704698,1709142488.286686842,1709142488.286016557,/rigid_bodies.rigidbodies[2].pose.position.z,0.18404393892774296
17.613090486,1709142488.296072630,1709142488.295646462,/rigid_bodies.rigidbodies[2].pose.position.z,0.18419240697560046
17.623320718,1709142488.306302862,1709142488.305793715,/rigid_bodies.rigidbodies[2].pose.position.z,0.18432544237742407
17.633746898,1709142488.316729042,1709142488.316022230,/rigid_bodies.rigidbodies[2].pose.position.z,0.1840944409036077
17.643198588,1709142488.326180732,1709142488.325775055,/rigid_bodies.rigidbodies[2].pose.position.z,0.1842191972356971
17.652991503,1709142488.335973647,1709142488.335614660,/rigid_bodies.rigidbodies[2].pose.position.z,0.18423397765425625
17.662939435,1709142488.345921579,1709142488.345582121,/rigid_bodies.rigidbodies[2].pose.position.z,0.18425096667374888
17.673142995,1709142488.356125139,1709142488.355703130,/rigid_bodies.rigidbodies[2].pose.position.z,0.18456067727061146
17.683136757,1709142488.366118901,1709142488.365702641,/rigid_bodies.rigidbodies[2].pose.position.z,0.18441816306434208
17.693156205,1709142488.376138349,1709142488.375700764,/rigid_bodies.rigidbodies[2].pose.position.z,0.1842375759359332
17.703355574,1709142488.386337718,1709142488.385831337,/rigid_bodies.rigidbodies[2].pose.position.z,0.18409600481245544
17.712929227,1709142488.395911371,1709142488.395557827,/rigid_bodies.rigidbodies[2].pose.position.z,0.18415562162495516
17.723272734,1709142488.406254878,1709142488.405821356,/rigid_bodies.rigidbodies[2].pose.position.z,0.18422090045214046
17.73331912,1709142488.416301264,1709142488.415781648,/rigid_bodies.rigidbodies[2].pose.position.z,0.1842574811472358
17.742961658,1709142488.425943802,1709142488.425555417,/rigid_bodies.rigidbodies[2].pose.position.z,0.184225835900746
17.752900758,1709142488.435882902,1709142488.435520140,/rigid_bodies.rigidbodies[2].pose.position.z,0.1842983910463148
17.762939795,1709142488.445921939,1709142488.445461460,/rigid_bodies.rigidbodies[2].pose.position.z,0.18457010801149248
17.77316074,1709142488.456142884,1709142488.455627567,/rigid_bodies.rigidbodies[2].pose.position.z,0.1845144118178086
17.782968783,1709142488.465950927,1709142488.465559910,/rigid_bodies.rigidbodies[2].pose.position.z,0.1842279052153677
17.793673408,1709142488.476655552,1709142488.476046186,/rigid_bodies.rigidbodies[2].pose.position.z,0.1842102153985929
17.803166318,1709142488.486148462,1709142488.485760363,/rigid_bodies.rigidbodies[2].pose.position.z,0.1839025030051781
17.813079663,1709142488.496061807,1709142488.495703818,/rigid_bodies.rigidbodies[2].pose.position.z,0.1839982883280059
17.823543012000002,1709142488.506525156,1709142488.505925463,/rigid_bodies.rigidbodies[2].pose.position.z,0.18426514852286993
17.833124973,1709142488.516107117,1709142488.515680906,/rigid_bodies.rigidbodies[2].pose.position.z,0.1841082519254263
17.843025264,1709142488.526007408,1709142488.525628783,/rigid_bodies.rigidbodies[2].pose.position.z,0.18426064478019658
17.853240459,1709142488.536222603,1709142488.535742096,/rigid_bodies.rigidbodies[2].pose.position.z,0.18430719631764408
17.863084893,1709142488.546067037,1709142488.545700757,/rigid_bodies.rigidbodies[2].pose.position.z,0.18436053468383504
17.873357067,1709142488.556339211,1709142488.555856677,/rigid_bodies.rigidbodies[2].pose.position.z,0.18454309792908954
17.883104453,1709142488.566086597,1709142488.565716640,/rigid_bodies.rigidbodies[2].pose.position.z,0.18438933247676254
17.893208222,1709142488.576190366,1709142488.575830559,/rigid_bodies.rigidbodies[2].pose.position.z,0.18416033243576133
17.903438275,1709142488.586420419,1709142488.585965373,/rigid_bodies.rigidbodies[2].pose.position.z,0.18404858888625433
17.913074718,1709142488.596056862,1709142488.595724403,/rigid_bodies.rigidbodies[2].pose.position.z,0.18431911706121595
17.923147093,1709142488.606129237,1709142488.605781706,/rigid_bodies.rigidbodies[2].pose.position.z,0.18437099551758432
17.933669424,1709142488.616651568,1709142488.616092550,/rigid_bodies.rigidbodies[2].pose.position.z,0.18427487485150948
17.943060663,1709142488.626042807,1709142488.625715894,/rigid_bodies.rigidbodies[2].pose.position.z,0.18419883987152766
17.953104852,1709142488.636086996,1709142488.635739589,/rigid_bodies.rigidbodies[2].pose.position.z,0.1841981222368649
17.963237142,1709142488.646219286,1709142488.645605150,/rigid_bodies.rigidbodies[2].pose.position.z,0.18439087476543176
17.97319333,1709142488.656175474,1709142488.655701983,/rigid_bodies.rigidbodies[2].pose.position.z,0.1843420019035686
17.983103649,1709142488.666085793,1709142488.665659646,/rigid_bodies.rigidbodies[2].pose.position.z,0.1843766587396527
17.992972665,1709142488.675954809,1709142488.675581986,/rigid_bodies.rigidbodies[2].pose.position.z,0.18434063538357012
18.003003526,1709142488.685985670,1709142488.685584321,/rigid_bodies.rigidbodies[2].pose.position.z,0.1841591255913647
18.01316379,1709142488.696145934,1709142488.695702703,/rigid_bodies.rigidbodies[2].pose.position.z,0.18423329124262888
18.023446583,1709142488.706428727,1709142488.705887974,/rigid_bodies.rigidbodies[2].pose.position.z,0.18437912931067937
18.033371832,1709142488.716353976,1709142488.715870653,/rigid_bodies.rigidbodies[2].pose.position.z,0.1842413464195244
18.043454461,1709142488.726436605,1709142488.725871929,/rigid_bodies.rigidbodies[2].pose.position.z,0.18420494028945733
18.053203336,1709142488.736185480,1709142488.735689733,/rigid_bodies.rigidbodies[2].pose.position.z,0.18422539239914906
18.063144388,1709142488.746126532,1709142488.745704239,/rigid_bodies.rigidbodies[2].pose.position.z,0.1842655599077973
18.073033765,1709142488.756015909,1709142488.755605374,/rigid_bodies.rigidbodies[2].pose.position.z,0.18434907484368965
18.083217677,1709142488.766199821,1709142488.765718748,/rigid_bodies.rigidbodies[2].pose.position.z,0.18451469588119868
18.093261402,1709142488.776243546,1709142488.775683343,/rigid_bodies.rigidbodies[2].pose.position.z,0.18436720363680847
18.103079173,1709142488.786061317,1709142488.785614354,/rigid_bodies.rigidbodies[2].pose.position.z,0.18430165722553876
18.113098469,1709142488.796080613,1709142488.795615915,/rigid_bodies.rigidbodies[2].pose.position.z,0.18429715030523758
18.122934225,1709142488.805916369,1709142488.805498744,/rigid_bodies.rigidbodies[2].pose.position.z,0.1842961355649884
18.133074051,1709142488.816056195,1709142488.815583659,/rigid_bodies.rigidbodies[2].pose.position.z,0.1842659430201513
18.143117451,1709142488.826099595,1709142488.825647820,/rigid_bodies.rigidbodies[2].pose.position.z,0.18419965243166506
18.153087951,1709142488.836070095,1709142488.835589914,/rigid_bodies.rigidbodies[2].pose.position.z,0.1839710294162101
18.162947394,1709142488.845929538,1709142488.845595884,/rigid_bodies.rigidbodies[2].pose.position.z,0.1842157013960917
18.173144525,1709142488.856126669,1709142488.855676732,/rigid_bodies.rigidbodies[2].pose.position.z,0.1843445462906909
18.183215113,1709142488.866197257,1709142488.865694208,/rigid_bodies.rigidbodies[2].pose.position.z,0.18441539543819377
18.193448104,1709142488.876430248,1709142488.875920168,/rigid_bodies.rigidbodies[2].pose.position.z,0.18439418161236576
18.203321891,1709142488.886304035,1709142488.885739037,/rigid_bodies.rigidbodies[2].pose.position.z,0.18428046790042255
18.213326275,1709142488.896308419,1709142488.895687041,/rigid_bodies.rigidbodies[2].pose.position.z,0.184367456697949
18.223106797,1709142488.906088941,1709142488.905660923,/rigid_bodies.rigidbodies[2].pose.position.z,0.18440615428676893
18.233259071,1709142488.916241215,1709142488.915835337,/rigid_bodies.rigidbodies[2].pose.position.z,0.18434757604070734
18.24297317,1709142488.925955314,1709142488.925610217,/rigid_bodies.rigidbodies[2].pose.position.z,0.18412338670574935
18.253287109,1709142488.936269253,1709142488.935782256,/rigid_bodies.rigidbodies[2].pose.position.z,0.18414437431409608
18.263093103,1709142488.946075247,1709142488.945625412,/rigid_bodies.rigidbodies[2].pose.position.z,0.1841231164219346
18.273439177,1709142488.956421321,1709142488.955844022,/rigid_bodies.rigidbodies[2].pose.position.z,0.18413691495072126
18.283093058,1709142488.966075202,1709142488.965583530,/rigid_bodies.rigidbodies[2].pose.position.z,0.1843563669256659
18.293536257,1709142488.976518401,1709142488.975874233,/rigid_bodies.rigidbodies[2].pose.position.z,0.18435206228027357
18.303389788,1709142488.986371932,1709142488.985773904,/rigid_bodies.rigidbodies[2].pose.position.z,0.18420875718114646
18.31336516,1709142488.996347304,1709142488.995750882,/rigid_bodies.rigidbodies[2].pose.position.z,0.18437947168061758
18.323173054,1709142489.006155198,1709142489.005659055,/rigid_bodies.rigidbodies[2].pose.position.z,0.18439789135204734
18.333172216,1709142489.016154360,1709142489.015668036,/rigid_bodies.rigidbodies[2].pose.position.z,0.18452885738005695
18.343305384,1709142489.026287528,1709142489.025727575,/rigid_bodies.rigidbodies[2].pose.position.z,0.18451714126566005
18.353197691,1709142489.036179835,1709142489.035662582,/rigid_bodies.rigidbodies[2].pose.position.z,0.18432379241537572
18.363174581,1709142489.046156725,1709142489.045648521,/rigid_bodies.rigidbodies[2].pose.position.z,0.18428213574427468
18.37363068,1709142489.056612824,1709142489.055891376,/rigid_bodies.rigidbodies[2].pose.position.z,0.18420978171785762
18.382927078,1709142489.065909222,1709142489.065545676,/rigid_bodies.rigidbodies[2].pose.position.z,0.1841053006043687
18.393226729,1709142489.076208873,1709142489.075667557,/rigid_bodies.rigidbodies[2].pose.position.z,0.18412683159529186
18.403662908,1709142489.086645052,1709142489.085940700,/rigid_bodies.rigidbodies[2].pose.position.z,0.18410508094038
18.413205103,1709142489.096187247,1709142489.095677625,/rigid_bodies.rigidbodies[2].pose.position.z,0.1842531159189601
18.423199346,1709142489.106181490,1709142489.105679265,/rigid_bodies.rigidbodies[2].pose.position.z,0.18424766864788716
18.433389878,1709142489.116372022,1709142489.115794994,/rigid_bodies.rigidbodies[2].pose.position.z,0.18442200284278276
18.443004115,1709142489.125986259,1709142489.125656218,/rigid_bodies.rigidbodies[2].pose.position.z,0.18433531962511793
18.45319074,1709142489.136172884,1709142489.135722382,/rigid_bodies.rigidbodies[2].pose.position.z,0.18438849281781425
18.463042024,1709142489.146024168,1709142489.145636277,/rigid_bodies.rigidbodies[2].pose.position.z,0.18449750587785474
18.473171221,1709142489.156153365,1709142489.155787260,/rigid_bodies.rigidbodies[2].pose.position.z,0.1843299980182258
18.483140661,1709142489.166122805,1709142489.165761589,/rigid_bodies.rigidbodies[2].pose.position.z,0.18436723691325096
18.493278624,1709142489.176260768,1709142489.175756635,/rigid_bodies.rigidbodies[2].pose.position.z,0.1841226289708478
18.503159506,1709142489.186141650,1709142489.185826781,/rigid_bodies.rigidbodies[2].pose.position.z,0.1840337117277421
18.513207458,1709142489.196189602,1709142489.195779368,/rigid_bodies.rigidbodies[2].pose.position.z,0.18412267113061506
18.523282155,1709142489.206264299,1709142489.205819598,/rigid_bodies.rigidbodies[2].pose.position.z,0.18445575136105896
18.533082061,1709142489.216064205,1709142489.215736528,/rigid_bodies.rigidbodies[2].pose.position.z,0.1844476558937748
18.543163501,1709142489.226145645,1709142489.225691939,/rigid_bodies.rigidbodies[2].pose.position.z,0.1844125069827064
18.553140552,1709142489.236122696,1709142489.235647314,/rigid_bodies.rigidbodies[2].pose.position.z,0.18422173228106184
18.563040375,1709142489.246022519,1709142489.245609058,/rigid_bodies.rigidbodies[2].pose.position.z,0.1840563926921165
18.573395634,1709142489.256377778,1709142489.255894475,/rigid_bodies.rigidbodies[2].pose.position.z,0.18425182709646024
18.583155656,1709142489.266137800,1709142489.265729218,/rigid_bodies.rigidbodies[2].pose.position.z,0.18437764027587447
18.593045357,1709142489.276027501,1709142489.275680972,/rigid_bodies.rigidbodies[2].pose.position.z,0.18438351202223774
18.603171631,1709142489.286153775,1709142489.285754108,/rigid_bodies.rigidbodies[2].pose.position.z,0.18438696988611544
18.613138693,1709142489.296120837,1709142489.295712062,/rigid_bodies.rigidbodies[2].pose.position.z,0.18432074627681228
18.623339192,1709142489.306321336,1709142489.305785620,/rigid_bodies.rigidbodies[2].pose.position.z,0.18425161946954982
18.633251035,1709142489.316233179,1709142489.315732823,/rigid_bodies.rigidbodies[2].pose.position.z,0.1844047285611349
18.643307164,1709142489.326289308,1709142489.325775116,/rigid_bodies.rigidbodies[2].pose.position.z,0.1842037096009199
18.653278417,1709142489.336260561,1709142489.335787955,/rigid_bodies.rigidbodies[2].pose.position.z,0.18415718307292442
18.663244153,1709142489.346226297,1709142489.345665690,/rigid_bodies.rigidbodies[2].pose.position.z,0.184232785510493
18.673553905,1709142489.356536049,1709142489.355854043,/rigid_bodies.rigidbodies[2].pose.position.z,0.18408383090669386
18.683345081,1709142489.366327225,1709142489.365674887,/rigid_bodies.rigidbodies[2].pose.position.z,0.18412866808427672
18.693356118,1709142489.376338262,1709142489.375765240,/rigid_bodies.rigidbodies[2].pose.position.z,0.18426819699368285
18.703532906,1709142489.386515050,1709142489.385906696,/rigid_bodies.rigidbodies[2].pose.position.z,0.18422502831090456
18.713116955,1709142489.396099099,1709142489.395615615,/rigid_bodies.rigidbodies[2].pose.position.z,0.18421947454452797
18.723124521,1709142489.406106665,1709142489.405687225,/rigid_bodies.rigidbodies[2].pose.position.z,0.1843423429653643
18.732920245,1709142489.415902389,1709142489.415584617,/rigid_bodies.rigidbodies[2].pose.position.z,0.18445587033076222
18.74313524,1709142489.426117384,1709142489.425689535,/rigid_bodies.rigidbodies[2].pose.position.z,0.18439430111213703
18.753388872,1709142489.436371016,1709142489.435803252,/rigid_bodies.rigidbodies[2].pose.position.z,0.184288658906697
18.763365855,1709142489.446347999,1709142489.445826264,/rigid_bodies.rigidbodies[2].pose.position.z,0.1841951043776032
18.773556868,1709142489.456539012,1709142489.455880372,/rigid_bodies.rigidbodies[2].pose.position.z,0.18448227855923285
18.783210446,1709142489.466192590,1709142489.465747143,/rigid_bodies.rigidbodies[2].pose.position.z,0.1844453226581723
18.793386049,1709142489.476368193,1709142489.475857842,/rigid_bodies.rigidbodies[2].pose.position.z,0.1844180065978192
18.803069513,1709142489.486051657,1709142489.485647066,/rigid_bodies.rigidbodies[2].pose.position.z,0.18423266383539083
18.813015866,1709142489.495998010,1709142489.495619490,/rigid_bodies.rigidbodies[2].pose.position.z,0.18397877817987002
18.823708065,1709142489.506690209,1709142489.506015488,/rigid_bodies.rigidbodies[2].pose.position.z,0.18406455656538515
18.833080458,1709142489.516062602,1709142489.515616188,/rigid_bodies.rigidbodies[2].pose.position.z,0.18413869431503496
18.843408004,1709142489.526390148,1709142489.525824955,/rigid_bodies.rigidbodies[2].pose.position.z,0.1843411662544452
18.853396264,1709142489.536378408,1709142489.535892692,/rigid_bodies.rigidbodies[2].pose.position.z,0.18440842486024048
18.86336159,1709142489.546343734,1709142489.545802416,/rigid_bodies.rigidbodies[2].pose.position.z,0.18440942491245355
18.873256225,1709142489.556238369,1709142489.555737530,/rigid_bodies.rigidbodies[2].pose.position.z,0.18450606896391525
18.88350656,1709142489.566488704,1709142489.565800763,/rigid_bodies.rigidbodies[2].pose.position.z,0.18444766588348693
18.893431259,1709142489.576413403,1709142489.575807248,/rigid_bodies.rigidbodies[2].pose.position.z,0.18443508306022707
18.903319975,1709142489.586302119,1709142489.585762005,/rigid_bodies.rigidbodies[2].pose.position.z,0.18428853765345687
18.91377061,1709142489.596752754,1709142489.595979101,/rigid_bodies.rigidbodies[2].pose.position.z,0.18409136304754825
18.924022777,1709142489.607004921,1709142489.606072581,/rigid_bodies.rigidbodies[2].pose.position.z,0.18416608901518555
18.933008294,1709142489.615990438,1709142489.615640182,/rigid_bodies.rigidbodies[2].pose.position.z,0.18418904435207223
18.943098783,1709142489.626080927,1709142489.625692864,/rigid_bodies.rigidbodies[2].pose.position.z,0.18424808204781196
18.953364934,1709142489.636347078,1709142489.635832363,/rigid_bodies.rigidbodies[2].pose.position.z,0.18428748930851294
18.962939219,1709142489.645921363,1709142489.645589824,/rigid_bodies.rigidbodies[2].pose.position.z,0.18426593722088855
18.97359707,1709142489.656579214,1709142489.655857962,/rigid_bodies.rigidbodies[2].pose.position.z,0.18440324628108754
18.983285404,1709142489.666267548,1709142489.665734110,/rigid_bodies.rigidbodies[2].pose.position.z,0.18449806375362904
18.993149788,1709142489.676131932,1709142489.675643204,/rigid_bodies.rigidbodies[2].pose.position.z,0.18443815180838605
19.003321343,1709142489.686303487,1709142489.685723986,/rigid_bodies.rigidbodies[2].pose.position.z,0.18429721615579933
19.013352228,1709142489.696334372,1709142489.695788588,/rigid_bodies.rigidbodies[2].pose.position.z,0.18411612560523974
19.023120482,1709142489.706102626,1709142489.705665102,/rigid_bodies.rigidbodies[2].pose.position.z,0.1841974337396638
19.033455787,1709142489.716437931,1709142489.715875362,/rigid_bodies.rigidbodies[2].pose.position.z,0.18416701673285554
19.043117018,1709142489.726099162,1709142489.725664408,/rigid_bodies.rigidbodies[2].pose.position.z,0.1843455234533965
19.053274844,1709142489.736256988,1709142489.735789446,/rigid_bodies.rigidbodies[2].pose.position.z,0.18422662819363775
19.063080187,1709142489.746062331,1709142489.745581261,/rigid_bodies.rigidbodies[2].pose.position.z,0.18423153329434597
19.073837209,1709142489.756819353,1709142489.756010153,/rigid_bodies.rigidbodies[2].pose.position.z,0.18420564346554813
19.082953547,1709142489.765935691,1709142489.765638025,/rigid_bodies.rigidbodies[2].pose.position.z,0.18412629613428566
19.092690847,1709142489.775672991,1709142489.775491423,/rigid_bodies.rigidbodies[2].pose.position.z,0.18413136874699945
19.10288292,1709142489.785865064,1709142489.785590907,/rigid_bodies.rigidbodies[2].pose.position.z,0.1841174963713132
19.112681856,1709142489.795664000,1709142489.795400464,/rigid_bodies.rigidbodies[2].pose.position.z,0.1840701283080474
19.122689152,1709142489.805671296,1709142489.805432399,/rigid_bodies.rigidbodies[2].pose.position.z,0.18437096519892004
19.132771092,1709142489.815753236,1709142489.815515928,/rigid_bodies.rigidbodies[2].pose.position.z,0.1844309817839583
19.142671707,1709142489.825653851,1709142489.825446800,/rigid_bodies.rigidbodies[2].pose.position.z,0.18444092349736876
19.152734418,1709142489.835716562,1709142489.835460052,/rigid_bodies.rigidbodies[2].pose.position.z,0.18442250498605586
19.16263818,1709142489.845620324,1709142489.845431550,/rigid_bodies.rigidbodies[2].pose.position.z,0.18425045557975558
19.172715449000002,1709142489.855697593,1709142489.855424212,/rigid_bodies.rigidbodies[2].pose.position.z,0.18417818304686395
19.183012539,1709142489.865994683,1709142489.865603027,/rigid_bodies.rigidbodies[2].pose.position.z,0.18414630888467864
19.193243483,1709142489.876225627,1709142489.875780141,/rigid_bodies.rigidbodies[2].pose.position.z,0.18421093338959937
19.203755525,1709142489.886737669,1709142489.886100595,/rigid_bodies.rigidbodies[2].pose.position.z,0.18419569844322362
19.213218272,1709142489.896200416,1709142489.895691386,/rigid_bodies.rigidbodies[2].pose.position.z,0.18432523656333308
19.223093054,1709142489.906075198,1709142489.905717471,/rigid_bodies.rigidbodies[2].pose.position.z,0.18433017454010506
19.233189824,1709142489.916171968,1709142489.915736276,/rigid_bodies.rigidbodies[2].pose.position.z,0.18426959461958353
19.243149918,1709142489.926132062,1709142489.925718557,/rigid_bodies.rigidbodies[2].pose.position.z,0.18445723366431824
19.253102433,1709142489.936084577,1709142489.935657666,/rigid_bodies.rigidbodies[2].pose.position.z,0.1843390513431079
19.263330805,1709142489.946312949,1709142489.945813525,/rigid_bodies.rigidbodies[2].pose.position.z,0.18434688930053847
19.273251654,1709142489.956233798,1709142489.955778813,/rigid_bodies.rigidbodies[2].pose.position.z,0.18435556740685605
19.283233995,1709142489.966216139,1709142489.965726076,/rigid_bodies.rigidbodies[2].pose.position.z,0.18400938610340925
19.293434456,1709142489.976416600,1709142489.975817828,/rigid_bodies.rigidbodies[2].pose.position.z,0.18410454032597875
19.303133426,1709142489.986115570,1709142489.985739970,/rigid_bodies.rigidbodies[2].pose.position.z,0.18406963276459132
19.313688561,1709142489.996670705,1709142489.995975901,/rigid_bodies.rigidbodies[2].pose.position.z,0.18412733873758305
19.323246319,1709142490.006228463,1709142490.005735453,/rigid_bodies.rigidbodies[2].pose.position.z,0.18434183131755688
19.333269522,1709142490.016251666,1709142490.015794574,/rigid_bodies.rigidbodies[2].pose.position.z,0.18429810645339
19.343044415,1709142490.026026559,1709142490.025654775,/rigid_bodies.rigidbodies[2].pose.position.z,0.18428317419795448
19.353122786,1709142490.036104930,1709142490.035640674,/rigid_bodies.rigidbodies[2].pose.position.z,0.18415890389738976
19.362684816,1709142490.045666960,1709142490.045411732,/rigid_bodies.rigidbodies[2].pose.position.z,0.18426481166505967
19.372576499,1709142490.055558643,1709142490.055387335,/rigid_bodies.rigidbodies[2].pose.position.z,0.18444269151590287
19.382817032,1709142490.065799176,1709142490.065490701,/rigid_bodies.rigidbodies[2].pose.position.z,0.18447486032435728
19.392982297,1709142490.075964441,1709142490.075664631,/rigid_bodies.rigidbodies[2].pose.position.z,0.1844442377561262
19.402727082,1709142490.085709226,1709142490.085486384,/rigid_bodies.rigidbodies[2].pose.position.z,0.18433403452987207
19.412998627,1709142490.095980771,1709142490.095685673,/rigid_bodies.rigidbodies[2].pose.position.z,0.1841451605139934
19.423015574,1709142490.105997718,1709142490.105617103,/rigid_bodies.rigidbodies[2].pose.position.z,0.18415892898265446
19.433199078,1709142490.116181222,1709142490.115687129,/rigid_bodies.rigidbodies[2].pose.position.z,0.18398708953921517
19.442914497,1709142490.125896641,1709142490.125548767,/rigid_bodies.rigidbodies[2].pose.position.z,0.18401082739191857
19.453416454,1709142490.136398598,1709142490.135887207,/rigid_bodies.rigidbodies[2].pose.position.z,0.184203434504425
19.463324475,1709142490.146306619,1709142490.145735265,/rigid_bodies.rigidbodies[2].pose.position.z,0.18423314295326862
19.473344776,1709142490.156326920,1709142490.155828495,/rigid_bodies.rigidbodies[2].pose.position.z,0.18441348200201554
19.483462403,1709142490.166444547,1709142490.165890042,/rigid_bodies.rigidbodies[2].pose.position.z,0.18440016317312607
19.493440421,1709142490.176422565,1709142490.175811836,/rigid_bodies.rigidbodies[2].pose.position.z,0.184301778631501
19.503910218,1709142490.186892362,1709142490.186081738,/rigid_bodies.rigidbodies[2].pose.position.z,0.18437368495587542
19.513143353,1709142490.196125497,1709142490.195703017,/rigid_bodies.rigidbodies[2].pose.position.z,0.1841862029370381
19.523795914,1709142490.206778058,1709142490.206054268,/rigid_bodies.rigidbodies[2].pose.position.z,0.1841797006314761
19.533757626,1709142490.216739770,1709142490.216034662,/rigid_bodies.rigidbodies[2].pose.position.z,0.1840781116718377
19.54316892,1709142490.226151064,1709142490.225691657,/rigid_bodies.rigidbodies[2].pose.position.z,0.18400367766694245
19.553585822,1709142490.236567966,1709142490.235908487,/rigid_bodies.rigidbodies[2].pose.position.z,0.18408245727053188
19.563290959,1709142490.246273103,1709142490.245740124,/rigid_bodies.rigidbodies[2].pose.position.z,0.1843953429983608
19.573283342,1709142490.256265486,1709142490.255737559,/rigid_bodies.rigidbodies[2].pose.position.z,0.1845566890772108
19.583175728,1709142490.266157872,1709142490.265755568,/rigid_bodies.rigidbodies[2].pose.position.z,0.18445861018780327
19.593660833,1709142490.276642977,1709142490.276033231,/rigid_bodies.rigidbodies[2].pose.position.z,0.18437715718933553
19.603191668,1709142490.286173812,1709142490.285815857,/rigid_bodies.rigidbodies[2].pose.position.z,0.18428303062782297
19.613260813,1709142490.296242957,1709142490.295828326,/rigid_bodies.rigidbodies[2].pose.position.z,0.18408999097220385
19.62388145,1709142490.306863594,1709142490.306003332,/rigid_bodies.rigidbodies[2].pose.position.z,0.18418403880227202
19.633338944,1709142490.316321088,1709142490.315794290,/rigid_bodies.rigidbodies[2].pose.position.z,0.18407882868448264
19.642928471,1709142490.325910615,1709142490.325543647,/rigid_bodies.rigidbodies[2].pose.position.z,0.18421118702477823
19.652911955,1709142490.335894099,1709142490.335539064,/rigid_bodies.rigidbodies[2].pose.position.z,0.1843104901898641
19.662927124,1709142490.345909268,1709142490.345547558,/rigid_bodies.rigidbodies[2].pose.position.z,0.18436599192874628
19.673078765,1709142490.356060909,1709142490.355634086,/rigid_bodies.rigidbodies[2].pose.position.z,0.1845232327531162
19.682913797,1709142490.365895941,1709142490.365567332,/rigid_bodies.rigidbodies[2].pose.position.z,0.18455811962957097
19.693239931,1709142490.376222075,1709142490.375746096,/rigid_bodies.rigidbodies[2].pose.position.z,0.1843285536231034
19.703027698,1709142490.386009842,1709142490.385615421,/rigid_bodies.rigidbodies[2].pose.position.z,0.18427337040746575
19.713015009,1709142490.395997153,1709142490.395582878,/rigid_bodies.rigidbodies[2].pose.position.z,0.1841996344219106
19.723233897,1709142490.406216041,1709142490.405741665,/rigid_bodies.rigidbodies[2].pose.position.z,0.1841460623005606
19.732925249,1709142490.415907393,1709142490.415550451,/rigid_bodies.rigidbodies[2].pose.position.z,0.18418355686750798
19.74307693,1709142490.426059074,1709142490.425651536,/rigid_bodies.rigidbodies[2].pose.position.z,0.18418325086415488
19.752869236,1709142490.435851380,1709142490.435522561,/rigid_bodies.rigidbodies[2].pose.position.z,0.18409435802685425
19.762944259,1709142490.445926403,1709142490.445570287,/rigid_bodies.rigidbodies[2].pose.position.z,0.18400366224478662
19.77326437,1709142490.456246514,1709142490.455711229,/rigid_bodies.rigidbodies[2].pose.position.z,0.18424596727913425
19.783101708,1709142490.466083852,1709142490.465642881,/rigid_bodies.rigidbodies[2].pose.position.z,0.1842526690952177
19.793255119,1709142490.476237263,1709142490.475715466,/rigid_bodies.rigidbodies[2].pose.position.z,0.18426255760212984
19.803352242,1709142490.486334386,1709142490.485719649,/rigid_bodies.rigidbodies[2].pose.position.z,0.1844485294444907
19.813627933,1709142490.496610077,1709142490.495897596,/rigid_bodies.rigidbodies[2].pose.position.z,0.18448866182925197
19.823177404,1709142490.506159548,1709142490.505712290,/rigid_bodies.rigidbodies[2].pose.position.z,0.18466724730744308
19.833465191,1709142490.516447335,1709142490.515775754,/rigid_bodies.rigidbodies[2].pose.position.z,0.1845143177720688
19.843076994,1709142490.526059138,1709142490.525583301,/rigid_bodies.rigidbodies[2].pose.position.z,0.18419567335350187
19.852798244,1709142490.535780388,1709142490.535399053,/rigid_bodies.rigidbodies[2].pose.position.z,0.1841063633524489
19.862942254,1709142490.545924398,1709142490.545471388,/rigid_bodies.rigidbodies[2].pose.position.z,0.18388997335081828
19.873463298,1709142490.556445442,1709142490.555783716,/rigid_bodies.rigidbodies[2].pose.position.z,0.18388205421836362
19.883173903,1709142490.566156047,1709142490.565689474,/rigid_bodies.rigidbodies[2].pose.position.z,0.18391785729731164
19.893102609,1709142490.576084753,1709142490.575597817,/rigid_bodies.rigidbodies[2].pose.position.z,0.18396687360938194
19.903799146,1709142490.586781290,1709142490.585826761,/rigid_bodies.rigidbodies[2].pose.position.z,0.18428889960980815
19.913580397,1709142490.596562541,1709142490.595887324,/rigid_bodies.rigidbodies[2].pose.position.z,0.18443124793935242
19.923346638,1709142490.606328782,1709142490.605770033,/rigid_bodies.rigidbodies[2].pose.position.z,0.18465752882905406
19.933769207,1709142490.616751351,1709142490.616005846,/rigid_bodies.rigidbodies[2].pose.position.z,0.18467843662346564
19.943243645,1709142490.626225789,1709142490.625767716,/rigid_bodies.rigidbodies[2].pose.position.z,0.18437068317576796
19.95318873,1709142490.636170874,1709142490.635750500,/rigid_bodies.rigidbodies[2].pose.position.z,0.18412682874774344
19.963139597,1709142490.646121741,1709142490.645635232,/rigid_bodies.rigidbodies[2].pose.position.z,0.1838431734824743
19.973534457,1709142490.656516601,1709142490.655809298,/rigid_bodies.rigidbodies[2].pose.position.z,0.18393718663333047
19.983370115,1709142490.666352259,1709142490.665801489,/rigid_bodies.rigidbodies[2].pose.position.z,0.18412011082131327
19.993356159,1709142490.676338303,1709142490.675671513,/rigid_bodies.rigidbodies[2].pose.position.z,0.18417133051738266
20.003456023,1709142490.686438167,1709142490.685827779,/rigid_bodies.rigidbodies[2].pose.position.z,0.18419409989949684
20.013214561,1709142490.696196705,1709142490.695626345,/rigid_bodies.rigidbodies[2].pose.position.z,0.18441025636909017
20.023707738,1709142490.706689882,1709142490.705875504,/rigid_bodies.rigidbodies[2].pose.position.z,0.18442889832895334
20.033447308,1709142490.716429452,1709142490.715790682,/rigid_bodies.rigidbodies[2].pose.position.z,0.18444239851276145
20.043274724,1709142490.726256868,1709142490.725649516,/rigid_bodies.rigidbodies[2].pose.position.z,0.18416507945176705
20.053263265,1709142490.736245409,1709142490.735681856,/rigid_bodies.rigidbodies[2].pose.position.z,0.18429823648550578
20.063248927,1709142490.746231071,1709142490.745603864,/rigid_bodies.rigidbodies[2].pose.position.z,0.18413680847317448
20.073369982,1709142490.756352126,1709142490.755845058,/rigid_bodies.rigidbodies[2].pose.position.z,0.18418443742220075
20.083361541,1709142490.766343685,1709142490.765747870,/rigid_bodies.rigidbodies[2].pose.position.z,0.18431399720485564
20.093368731,1709142490.776350875,1709142490.775642364,/rigid_bodies.rigidbodies[2].pose.position.z,0.18419731026637065
20.103234548,1709142490.786216692,1709142490.785613638,/rigid_bodies.rigidbodies[2].pose.position.z,0.18434677807925678
20.113446287,1709142490.796428431,1709142490.795776149,/rigid_bodies.rigidbodies[2].pose.position.z,0.18422225664234587
20.123315381,1709142490.806297525,1709142490.805705775,/rigid_bodies.rigidbodies[2].pose.position.z,0.18432775851301342
20.133057898,1709142490.816040042,1709142490.815561612,/rigid_bodies.rigidbodies[2].pose.position.z,0.18431592049598472
20.14298885,1709142490.825970994,1709142490.825567781,/rigid_bodies.rigidbodies[2].pose.position.z,0.18427237857742748
20.153047765,1709142490.836029909,1709142490.835527090,/rigid_bodies.rigidbodies[2].pose.position.z,0.184416000686439
20.16302633,1709142490.846008474,1709142490.845588234,/rigid_bodies.rigidbodies[2].pose.position.z,0.18429743157147718
20.173427774,1709142490.856409918,1709142490.855710708,/rigid_bodies.rigidbodies[2].pose.position.z,0.18448607253550423
20.183130947,1709142490.866113091,1709142490.865553711,/rigid_bodies.rigidbodies[2].pose.position.z,0.1842612985972095
20.192912472,1709142490.875894616,1709142490.875541216,/rigid_bodies.rigidbodies[2].pose.position.z,0.18396624035906547
20.203847319,1709142490.886829463,1709142490.885959291,/rigid_bodies.rigidbodies[2].pose.position.z,0.18394821202721065
20.21342828,1709142490.896410424,1709142490.895827718,/rigid_bodies.rigidbodies[2].pose.position.z,0.18389013638309207
20.223072234,1709142490.906054378,1709142490.905593121,/rigid_bodies.rigidbodies[2].pose.position.z,0.1841368084736403
20.233866149,1709142490.916848293,1709142490.916019454,/rigid_bodies.rigidbodies[2].pose.position.z,0.18434112302403804
20.24325137,1709142490.926233514,1709142490.925648793,/rigid_bodies.rigidbodies[2].pose.position.z,0.1844284332353141
20.253225581,1709142490.936207725,1709142490.935633735,/rigid_bodies.rigidbodies[2].pose.position.z,0.18458360558877684
20.263244478,1709142490.946226622,1709142490.945735283,/rigid_bodies.rigidbodies[2].pose.position.z,0.1846720047750267
20.272955444,1709142490.955937588,1709142490.955662540,/rigid_bodies.rigidbodies[2].pose.position.z,0.18475810110040092
20.282992802,1709142490.965974946,1709142490.965607683,/rigid_bodies.rigidbodies[2].pose.position.z,0.18446512560634412
20.293359599,1709142490.976341743,1709142490.975768743,/rigid_bodies.rigidbodies[2].pose.position.z,0.18428146927920244
20.303260308,1709142490.986242452,1709142490.985858366,/rigid_bodies.rigidbodies[2].pose.position.z,0.18392760583677048
20.312913733,1709142490.995895877,1709142490.995566777,/rigid_bodies.rigidbodies[2].pose.position.z,0.18375311192090038
20.323189789,1709142491.006171933,1709142491.005805032,/rigid_bodies.rigidbodies[2].pose.position.z,0.18391643697442062
20.333038033,1709142491.016020177,1709142491.015636822,/rigid_bodies.rigidbodies[2].pose.position.z,0.1840862729685656
20.342922268,1709142491.025904412,1709142491.025581831,/rigid_bodies.rigidbodies[2].pose.position.z,0.18428459729956995
20.353212865,1709142491.036195009,1709142491.035760540,/rigid_bodies.rigidbodies[2].pose.position.z,0.18442763347730187
20.363117768,1709142491.046099912,1709142491.045752438,/rigid_bodies.rigidbodies[2].pose.position.z,0.18455675499980814
20.37305306,1709142491.056035204,1709142491.055606107,/rigid_bodies.rigidbodies[2].pose.position.z,0.1845804504412338
20.383084014,1709142491.066066158,1709142491.065634219,/rigid_bodies.rigidbodies[2].pose.position.z,0.1844779528359808
20.393457995,1709142491.076440139,1709142491.075784275,/rigid_bodies.rigidbodies[2].pose.position.z,0.18434151355742556
20.403323602,1709142491.086305746,1709142491.085816862,/rigid_bodies.rigidbodies[2].pose.position.z,0.18425804090151182
20.413346767,1709142491.096328911,1709142491.095743577,/rigid_bodies.rigidbodies[2].pose.position.z,0.18427599363492553
20.423387474,1709142491.106369618,1709142491.105784177,/rigid_bodies.rigidbodies[2].pose.position.z,0.18444115632669372
20.433184307,1709142491.116166451,1709142491.115661505,/rigid_bodies.rigidbodies[2].pose.position.z,0.18417931944049906
20.443309268,1709142491.126291412,1709142491.125691454,/rigid_bodies.rigidbodies[2].pose.position.z,0.1841381275710511
20.453484591,1709142491.136466735,1709142491.135779941,/rigid_bodies.rigidbodies[2].pose.position.z,0.18404269918336744
20.462939585,1709142491.145921729,1709142491.145516460,/rigid_bodies.rigidbodies[2].pose.position.z,0.1840482361107502
20.473468481,1709142491.156450625,1709142491.155842902,/rigid_bodies.rigidbodies[2].pose.position.z,0.18431499742638469
20.4827904,1709142491.165772544,1709142491.165497690,/rigid_bodies.rigidbodies[2].pose.position.z,0.18442825208458521
20.492852305,1709142491.175834449,1709142491.175416008,/rigid_bodies.rigidbodies[2].pose.position.z,0.18445364259468963
20.503495363,1709142491.186477507,1709142491.185857140,/rigid_bodies.rigidbodies[2].pose.position.z,0.18437209310980773
20.51327287,1709142491.196255014,1709142491.195680213,/rigid_bodies.rigidbodies[2].pose.position.z,0.1843592155311521
20.523498531,1709142491.206480675,1709142491.205777341,/rigid_bodies.rigidbodies[2].pose.position.z,0.1843838640864601
20.533179431,1709142491.216161575,1709142491.215630331,/rigid_bodies.rigidbodies[2].pose.position.z,0.18433484362574723
20.543242324,1709142491.226224468,1709142491.225681835,/rigid_bodies.rigidbodies[2].pose.position.z,0.18419653361886335
20.553638034,1709142491.236620178,1709142491.235928932,/rigid_bodies.rigidbodies[2].pose.position.z,0.18402028211887944
20.563078926,1709142491.246061070,1709142491.245599996,/rigid_bodies.rigidbodies[2].pose.position.z,0.18399244248278407
20.573518556,1709142491.256500700,1709142491.255926848,/rigid_bodies.rigidbodies[2].pose.position.z,0.18402587320407635
20.583244619,1709142491.266226763,1709142491.265727923,/rigid_bodies.rigidbodies[2].pose.position.z,0.18420685193175548
20.593082118,1709142491.276064262,1709142491.275575803,/rigid_bodies.rigidbodies[2].pose.position.z,0.18443467834447366
20.603382063,1709142491.286364207,1709142491.285838704,/rigid_bodies.rigidbodies[2].pose.position.z,0.1844251154859057
20.613738,1709142491.296720144,1709142491.296036970,/rigid_bodies.rigidbodies[2].pose.position.z,0.1846100339483433
20.623153983999998,1709142491.306136128,1709142491.305662502,/rigid_bodies.rigidbodies[2].pose.position.z,0.18468931777734554
20.63349124,1709142491.316473384,1709142491.315886522,/rigid_bodies.rigidbodies[2].pose.position.z,0.18437483556784054
20.643627278,1709142491.326609422,1709142491.325963727,/rigid_bodies.rigidbodies[2].pose.position.z,0.18417126022829386
20.65332176,1709142491.336303904,1709142491.335829539,/rigid_bodies.rigidbodies[2].pose.position.z,0.18394780398649513
20.663304577,1709142491.346286721,1709142491.345752034,/rigid_bodies.rigidbodies[2].pose.position.z,0.18382137040317734
20.673539627,1709142491.356521771,1709142491.355851486,/rigid_bodies.rigidbodies[2].pose.position.z,0.18403149990621567
20.683030352,1709142491.366012496,1709142491.365616942,/rigid_bodies.rigidbodies[2].pose.position.z,0.18425987452268314
20.693075258,1709142491.376057402,1709142491.375562587,/rigid_bodies.rigidbodies[2].pose.position.z,0.1843944829490807
20.703025323,1709142491.386007467,1709142491.385528504,/rigid_bodies.rigidbodies[2].pose.position.z,0.1845281487170107
20.713033838,1709142491.396015982,1709142491.395558167,/rigid_bodies.rigidbodies[2].pose.position.z,0.18447796871663177
20.723054105,1709142491.406036249,1709142491.405530750,/rigid_bodies.rigidbodies[2].pose.position.z,0.1843484505934595
20.733425589,1709142491.416407733,1709142491.415719041,/rigid_bodies.rigidbodies[2].pose.position.z,0.18442196482485293
20.743003782,1709142491.425985926,1709142491.425523682,/rigid_bodies.rigidbodies[2].pose.position.z,0.1844636562149412
20.752864299,1709142491.435846443,1709142491.435396178,/rigid_bodies.rigidbodies[2].pose.position.z,0.18431446358696005
20.762600426,1709142491.445582570,1709142491.445333002,/rigid_bodies.rigidbodies[2].pose.position.z,0.1842081285483062
20.772613669000002,1709142491.455595813,1709142491.455410101,/rigid_bodies.rigidbodies[2].pose.position.z,0.18395098231384202
20.782681019,1709142491.465663163,1709142491.465383791,/rigid_bodies.rigidbodies[2].pose.position.z,0.18394719136115964
20.793209678,1709142491.476191822,1709142491.475744580,/rigid_bodies.rigidbodies[2].pose.position.z,0.18410581232655
20.803414313,1709142491.486396457,1709142491.485821436,/rigid_bodies.rigidbodies[2].pose.position.z,0.18402009295445526
20.813131693,1709142491.496113837,1709142491.495631559,/rigid_bodies.rigidbodies[2].pose.position.z,0.1841926811733954
20.823121948,1709142491.506104092,1709142491.505573766,/rigid_bodies.rigidbodies[2].pose.position.z,0.18430781140030209
20.833238683,1709142491.516220827,1709142491.515655526,/rigid_bodies.rigidbodies[2].pose.position.z,0.18441076419498434
20.843073614,1709142491.526055758,1709142491.525614094,/rigid_bodies.rigidbodies[2].pose.position.z,0.18459881363467306
20.853042444,1709142491.536024588,1709142491.535579212,/rigid_bodies.rigidbodies[2].pose.position.z,0.18467395584001473
20.863161013,1709142491.546143157,1709142491.545622495,/rigid_bodies.rigidbodies[2].pose.position.z,0.18461487767389106
20.872937738,1709142491.555919882,1709142491.555533612,/rigid_bodies.rigidbodies[2].pose.position.z,0.184460143637942
20.883171986,1709142491.566154130,1709142491.565690928,/rigid_bodies.rigidbodies[2].pose.position.z,0.18428713877753056
20.893555724,1709142491.576537868,1709142491.575899198,/rigid_bodies.rigidbodies[2].pose.position.z,0.1839653395663845
20.90290553,1709142491.585887674,1709142491.585476925,/rigid_bodies.rigidbodies[2].pose.position.z,0.18381994416017308
20.913027754,1709142491.596009898,1709142491.595495242,/rigid_bodies.rigidbodies[2].pose.position.z,0.1838073869690183
20.923219767,1709142491.606201911,1709142491.605626110,/rigid_bodies.rigidbodies[2].pose.position.z,0.18384657088642525
20.933318613,1709142491.616300757,1709142491.615662202,/rigid_bodies.rigidbodies[2].pose.position.z,0.1842466001437249
20.943178074,1709142491.626160218,1709142491.625591364,/rigid_bodies.rigidbodies[2].pose.position.z,0.18466189196127197
20.953129655,1709142491.636111799,1709142491.635627600,/rigid_bodies.rigidbodies[2].pose.position.z,0.18473188258260098
20.963038661,1709142491.646020805,1709142491.645507527,/rigid_bodies.rigidbodies[2].pose.position.z,0.18469927171679182
20.973043346,1709142491.656025490,1709142491.655533598,/rigid_bodies.rigidbodies[2].pose.position.z,0.18440976933726902
20.982984894,1709142491.665967038,1709142491.665550517,/rigid_bodies.rigidbodies[2].pose.position.z,0.18411715164997927
20.993094872,1709142491.676077016,1709142491.675549381,/rigid_bodies.rigidbodies[2].pose.position.z,0.18405742839230055
21.003301342,1709142491.686283486,1709142491.685708000,/rigid_bodies.rigidbodies[2].pose.position.z,0.1841020468660758
21.013047064,1709142491.696029208,1709142491.695638178,/rigid_bodies.rigidbodies[2].pose.position.z,0.18412490646233626
21.02322784,1709142491.706209984,1709142491.705675038,/rigid_bodies.rigidbodies[2].pose.position.z,0.18418823146113106
21.033393778,1709142491.716375922,1709142491.715692217,/rigid_bodies.rigidbodies[2].pose.position.z,0.18421685370255636
21.042878647,1709142491.725860791,1709142491.725447706,/rigid_bodies.rigidbodies[2].pose.position.z,0.18429823565447861
21.053074636,1709142491.736056780,1709142491.735558678,/rigid_bodies.rigidbodies[2].pose.position.z,0.18455678655098112
21.063002371,1709142491.745984515,1709142491.745524521,/rigid_bodies.rigidbodies[2].pose.position.z,0.18449792429525652
21.073051968,1709142491.756034112,1709142491.755599969,/rigid_bodies.rigidbodies[2].pose.position.z,0.1843793321822018
21.082816363,1709142491.765798507,1709142491.765532845,/rigid_bodies.rigidbodies[2].pose.position.z,0.18429000108519977
21.093157747,1709142491.776139891,1709142491.775592849,/rigid_bodies.rigidbodies[2].pose.position.z,0.1842312191392554
21.103315385,1709142491.786297529,1709142491.785796870,/rigid_bodies.rigidbodies[2].pose.position.z,0.18433050738804688
21.112774344,1709142491.795756488,1709142491.795468460,/rigid_bodies.rigidbodies[2].pose.position.z,0.18437766580744008
21.122755929,1709142491.805738073,1709142491.805489591,/rigid_bodies.rigidbodies[2].pose.position.z,0.18421442080140868
21.133453638,1709142491.816435782,1709142491.815858345,/rigid_bodies.rigidbodies[2].pose.position.z,0.18418489298286497
21.142987376,1709142491.825969520,1709142491.825548031,/rigid_bodies.rigidbodies[2].pose.position.z,0.1841587392270606
21.153152694,1709142491.836134838,1709142491.835605984,/rigid_bodies.rigidbodies[2].pose.position.z,0.18414974033110335
21.162853288,1709142491.845835432,1709142491.845383263,/rigid_bodies.rigidbodies[2].pose.position.z,0.1842202321280331
21.173157043,1709142491.856139187,1709142491.855700975,/rigid_bodies.rigidbodies[2].pose.position.z,0.18430139303055326
21.183014025,1709142491.865996169,1709142491.865670242,/rigid_bodies.rigidbodies[2].pose.position.z,0.18422069914289785
21.193218935,1709142491.876201079,1709142491.875736400,/rigid_bodies.rigidbodies[2].pose.position.z,0.1843352742307487
21.203072898,1709142491.886055042,1709142491.885591635,/rigid_bodies.rigidbodies[2].pose.position.z,0.18459248371459228
21.213500752,1709142491.896482896,1709142491.895783220,/rigid_bodies.rigidbodies[2].pose.position.z,0.18454092292720065
21.223200109,1709142491.906182253,1709142491.905646893,/rigid_bodies.rigidbodies[2].pose.position.z,0.18446254150444502
21.233035976,1709142491.916018120,1709142491.915536590,/rigid_bodies.rigidbodies[2].pose.position.z,0.1843030171324027
21.243223889,1709142491.926206033,1709142491.925663897,/rigid_bodies.rigidbodies[2].pose.position.z,0.18385861640730503
21.253185072,1709142491.936167216,1709142491.935643045,/rigid_bodies.rigidbodies[2].pose.position.z,0.1840108143407193
21.262972562,1709142491.945954706,1709142491.945529602,/rigid_bodies.rigidbodies[2].pose.position.z,0.1841007449743055
21.273253106,1709142491.956235250,1709142491.955715097,/rigid_bodies.rigidbodies[2].pose.position.z,0.1842047279467331
21.283086323,1709142491.966068467,1709142491.965606309,/rigid_bodies.rigidbodies[2].pose.position.z,0.18434713824137472
21.293266621,1709142491.976248765,1709142491.975711838,/rigid_bodies.rigidbodies[2].pose.position.z,0.18449752217825435
21.303240293,1709142491.986222437,1709142491.985699189,/rigid_bodies.rigidbodies[2].pose.position.z,0.1844655106615828
21.313196488,1709142491.996178632,1709142491.995636360,/rigid_bodies.rigidbodies[2].pose.position.z,0.1845156826531133
21.322808709,1709142492.005790853,1709142492.005414593,/rigid_bodies.rigidbodies[2].pose.position.z,0.18436054893496984
21.333208058,1709142492.016190202,1709142492.015743909,/rigid_bodies.rigidbodies[2].pose.position.z,0.18414588286399527
21.343249242,1709142492.026231386,1709142492.025669551,/rigid_bodies.rigidbodies[2].pose.position.z,0.18411792880342492
21.352963132,1709142492.035945276,1709142492.035508907,/rigid_bodies.rigidbodies[2].pose.position.z,0.18421844969052031
21.362656443,1709142492.045638587,1709142492.045356927,/rigid_bodies.rigidbodies[2].pose.position.z,0.18422642299808298
21.372667453,1709142492.055649597,1709142492.055397686,/rigid_bodies.rigidbodies[2].pose.position.z,0.18421331764675966
21.382778442,1709142492.065760586,1709142492.065361470,/rigid_bodies.rigidbodies[2].pose.position.z,0.18425789469239068
21.392768846,1709142492.075750990,1709142492.075380610,/rigid_bodies.rigidbodies[2].pose.position.z,0.1843070069954402
21.402630993,1709142492.085613137,1709142492.085323396,/rigid_bodies.rigidbodies[2].pose.position.z,0.1845011468267367
21.41266388,1709142492.095646024,1709142492.095412507,/rigid_bodies.rigidbodies[2].pose.position.z,0.1844137944536251
21.42276529,1709142492.105747434,1709142492.105454904,/rigid_bodies.rigidbodies[2].pose.position.z,0.18432863737282973
21.432951839,1709142492.115933983,1709142492.115531219,/rigid_bodies.rigidbodies[2].pose.position.z,0.18424613973411277
21.443380372,1709142492.126362516,1709142492.125728248,/rigid_bodies.rigidbodies[2].pose.position.z,0.18408568393022262
21.453257258,1709142492.136239402,1709142492.135715716,/rigid_bodies.rigidbodies[2].pose.position.z,0.1841621087224317
21.463264039,1709142492.146246183,1709142492.145710666,/rigid_bodies.rigidbodies[2].pose.position.z,0.18434493933410734
21.473422972,1709142492.156405116,1709142492.155804332,/rigid_bodies.rigidbodies[2].pose.position.z,0.18438893276449894
21.48319673,1709142492.166178874,1709142492.165581442,/rigid_bodies.rigidbodies[2].pose.position.z,0.184394456942769
21.493621855,1709142492.176603999,1709142492.175671843,/rigid_bodies.rigidbodies[2].pose.position.z,0.18438029622425273
21.503797568,1709142492.186779712,1709142492.185984899,/rigid_bodies.rigidbodies[2].pose.position.z,0.18433105620530296
21.512995015,1709142492.195977159,1709142492.195497512,/rigid_bodies.rigidbodies[2].pose.position.z,0.1841848152192455
21.523042534,1709142492.206024678,1709142492.205556655,/rigid_bodies.rigidbodies[2].pose.position.z,0.1843644078092477
21.532911843,1709142492.215893987,1709142492.215448526,/rigid_bodies.rigidbodies[2].pose.position.z,0.1842695754248889
21.542983934,1709142492.225966078,1709142492.225493617,/rigid_bodies.rigidbodies[2].pose.position.z,0.1844319971653895
21.553106458,1709142492.236088602,1709142492.235552998,/rigid_bodies.rigidbodies[2].pose.position.z,0.1844573514930155
21.563390109,1709142492.246372253,1709142492.245791770,/rigid_bodies.rigidbodies[2].pose.position.z,0.1842990367606416
21.573484911,1709142492.256467055,1709142492.255767278,/rigid_bodies.rigidbodies[2].pose.position.z,0.1841319804124734
21.583122937,1709142492.266105081,1709142492.265609857,/rigid_bodies.rigidbodies[2].pose.position.z,0.18398208771872784
21.59334402,1709142492.276326164,1709142492.275679409,/rigid_bodies.rigidbodies[2].pose.position.z,0.1839115713170112
21.602879996,1709142492.285862140,1709142492.285496957,/rigid_bodies.rigidbodies[2].pose.position.z,0.18413693350674998
21.613342721,1709142492.296324865,1709142492.295775548,/rigid_bodies.rigidbodies[2].pose.position.z,0.18435287196776456
21.623077497,1709142492.306059641,1709142492.305598961,/rigid_bodies.rigidbodies[2].pose.position.z,0.18432977896041317
21.632931533,1709142492.315913677,1709142492.315516215,/rigid_bodies.rigidbodies[2].pose.position.z,0.18431947820335146
21.643266999,1709142492.326249143,1709142492.325663308,/rigid_bodies.rigidbodies[2].pose.position.z,0.18433267321209162
21.652989734,1709142492.335971878,1709142492.335531111,/rigid_bodies.rigidbodies[2].pose.position.z,0.18443743039744423
21.663022903,1709142492.346005047,1709142492.345526790,/rigid_bodies.rigidbodies[2].pose.position.z,0.18450826426038663
21.673291481,1709142492.356273625,1709142492.355671135,/rigid_bodies.rigidbodies[2].pose.position.z,0.1844686411501228
21.683193458,1709142492.366175602,1709142492.365634501,/rigid_bodies.rigidbodies[2].pose.position.z,0.1842680435794668
21.693191539,1709142492.376173683,1709142492.375572425,/rigid_bodies.rigidbodies[2].pose.position.z,0.18421706939157828
21.703729928,1709142492.386712072,1709142492.385953246,/rigid_bodies.rigidbodies[2].pose.position.z,0.18407155916770465
21.713611507,1709142492.396593651,1709142492.395912660,/rigid_bodies.rigidbodies[2].pose.position.z,0.18395990622150735
21.723145896,1709142492.406128040,1709142492.405700404,/rigid_bodies.rigidbodies[2].pose.position.z,0.18425215450612414
21.733605158,1709142492.416587302,1709142492.415906328,/rigid_bodies.rigidbodies[2].pose.position.z,0.18441808496434092
21.743014296,1709142492.425996440,1709142492.425565584,/rigid_bodies.rigidbodies[2].pose.position.z,0.18449474564975277
21.7532141,1709142492.436196244,1709142492.435659326,/rigid_bodies.rigidbodies[2].pose.position.z,0.18453310334960288
21.763294947,1709142492.446277091,1709142492.445716612,/rigid_bodies.rigidbodies[2].pose.position.z,0.18448534176545775
21.773548986,1709142492.456531130,1709142492.455901422,/rigid_bodies.rigidbodies[2].pose.position.z,0.1842706555768893
21.783170636,1709142492.466152780,1709142492.465670979,/rigid_bodies.rigidbodies[2].pose.position.z,0.1842762046421027
21.7933826,1709142492.476364744,1709142492.475726404,/rigid_bodies.rigidbodies[2].pose.position.z,0.18432622519857764
21.80395921,1709142492.486941354,1709142492.486046380,/rigid_bodies.rigidbodies[2].pose.position.z,0.1844810431553122
21.813183448,1709142492.496165592,1709142492.495677760,/rigid_bodies.rigidbodies[2].pose.position.z,0.18452722367157362
21.823509386,1709142492.506491530,1709142492.505877937,/rigid_bodies.rigidbodies[2].pose.position.z,0.18427483951595713
21.83369443,1709142492.516676574,1709142492.515982564,/rigid_bodies.rigidbodies[2].pose.position.z,0.18419652772808648
21.843133317,1709142492.526115461,1709142492.525683412,/rigid_bodies.rigidbodies[2].pose.position.z,0.18423909084068874
21.853523201,1709142492.536505345,1709142492.535935241,/rigid_bodies.rigidbodies[2].pose.position.z,0.1841731028355454
21.863092989000002,1709142492.546075133,1709142492.545678928,/rigid_bodies.rigidbodies[2].pose.position.z,0.18412209640961083
21.873191068,1709142492.556173212,1709142492.555685099,/rigid_bodies.rigidbodies[2].pose.position.z,0.18425701178169399
21.883271457,1709142492.566253601,1709142492.565828949,/rigid_bodies.rigidbodies[2].pose.position.z,0.1841764361857148
21.893263292,1709142492.576245436,1709142492.575743572,/rigid_bodies.rigidbodies[2].pose.position.z,0.18424788960579466
21.90332199,1709142492.586304134,1709142492.585894406,/rigid_bodies.rigidbodies[2].pose.position.z,0.1844264665905486
21.913021253,1709142492.596003397,1709142492.595658446,/rigid_bodies.rigidbodies[2].pose.position.z,0.18467579465357165
21.923821057,1709142492.606803201,1709142492.606041547,/rigid_bodies.rigidbodies[2].pose.position.z,0.18466521733230193
21.93342853,1709142492.616410674,1709142492.615841782,/rigid_bodies.rigidbodies[2].pose.position.z,0.1844887476552653
21.943357537,1709142492.626339681,1709142492.625789828,/rigid_bodies.rigidbodies[2].pose.position.z,0.18433927382474782
21.953290428,1709142492.636272572,1709142492.635806025,/rigid_bodies.rigidbodies[2].pose.position.z,0.18429830671892458
21.963062443,1709142492.646044587,1709142492.645661998,/rigid_bodies.rigidbodies[2].pose.position.z,0.18420520729895123
21.973104534,1709142492.656086678,1709142492.655650885,/rigid_bodies.rigidbodies[2].pose.position.z,0.18418751196820343
21.983549542,1709142492.666531686,1709142492.665967025,/rigid_bodies.rigidbodies[2].pose.position.z,0.18415809405638145
21.993182773,1709142492.676164917,1709142492.675663563,/rigid_bodies.rigidbodies[2].pose.position.z,0.18425268034242032
22.003188005,1709142492.686170149,1709142492.685816748,/rigid_bodies.rigidbodies[2].pose.position.z,0.18433020036530492
22.013459242,1709142492.696441386,1709142492.695873985,/rigid_bodies.rigidbodies[2].pose.position.z,0.18427643439036398
22.023504616,1709142492.706486760,1709142492.705888109,/rigid_bodies.rigidbodies[2].pose.position.z,0.18427075773332927
22.033212882,1709142492.716195026,1709142492.715798074,/rigid_bodies.rigidbodies[2].pose.position.z,0.184279150329709
22.04337033,1709142492.726352474,1709142492.725888206,/rigid_bodies.rigidbodies[2].pose.position.z,0.18422468312544227
22.053592569,1709142492.736574713,1709142492.735977741,/rigid_bodies.rigidbodies[2].pose.position.z,0.1843296810663084
22.063190173,1709142492.746172317,1709142492.745708091,/rigid_bodies.rigidbodies[2].pose.position.z,0.1843371871326431
22.07368797,1709142492.756670114,1709142492.755972562,/rigid_bodies.rigidbodies[2].pose.position.z,0.18447785160890437
22.083398841,1709142492.766380985,1709142492.765835412,/rigid_bodies.rigidbodies[2].pose.position.z,0.1844036766860628
22.093089144,1709142492.776071288,1709142492.775647572,/rigid_bodies.rigidbodies[2].pose.position.z,0.1842625816118406
22.10321217,1709142492.786194314,1709142492.785694219,/rigid_bodies.rigidbodies[2].pose.position.z,0.1842339924667274
22.113655861,1709142492.796638005,1709142492.795964194,/rigid_bodies.rigidbodies[2].pose.position.z,0.1841932552411135
22.123175384,1709142492.806157528,1709142492.805726093,/rigid_bodies.rigidbodies[2].pose.position.z,0.18431557414861016
22.133452378,1709142492.816434522,1709142492.815880336,/rigid_bodies.rigidbodies[2].pose.position.z,0.18423862566276092
22.143414772,1709142492.826396916,1709142492.825878662,/rigid_bodies.rigidbodies[2].pose.position.z,0.18420952122139952
22.153175998,1709142492.836158142,1709142492.835690828,/rigid_bodies.rigidbodies[2].pose.position.z,0.1843381569577325
22.163061395,1709142492.846043539,1709142492.845677202,/rigid_bodies.rigidbodies[2].pose.position.z,0.18423811529351075
22.173187259,1709142492.856169403,1709142492.855752251,/rigid_bodies.rigidbodies[2].pose.position.z,0.18426996906437865
22.18320083,1709142492.866182974,1709142492.865690294,/rigid_bodies.rigidbodies[2].pose.position.z,0.18414104270857104
22.193541627,1709142492.876523771,1709142492.875798150,/rigid_bodies.rigidbodies[2].pose.position.z,0.1841211621982438
22.20372337,1709142492.886705514,1709142492.885916054,/rigid_bodies.rigidbodies[2].pose.position.z,0.18415024073811925
22.213287196,1709142492.896269340,1709142492.895674511,/rigid_bodies.rigidbodies[2].pose.position.z,0.18420254573732311
22.223388636,1709142492.906370780,1709142492.905750950,/rigid_bodies.rigidbodies[2].pose.position.z,0.18451196348484888
22.233524874,1709142492.916507018,1709142492.915803128,/rigid_bodies.rigidbodies[2].pose.position.z,0.1844337429727311
22.243178793,1709142492.926160937,1709142492.925704428,/rigid_bodies.rigidbodies[2].pose.position.z,0.18426398819699402
22.253530863,1709142492.936513007,1709142492.935898219,/rigid_bodies.rigidbodies[2].pose.position.z,0.18433177546293253
22.263144379,1709142492.946126523,1709142492.945636606,/rigid_bodies.rigidbodies[2].pose.position.z,0.18414759781718967
22.273013489,1709142492.955995633,1709142492.955690734,/rigid_bodies.rigidbodies[2].pose.position.z,0.18421532682727082
22.283142676,1709142492.966124820,1709142492.965732577,/rigid_bodies.rigidbodies[2].pose.position.z,0.18413562613351225
22.293092593,1709142492.976074737,1709142492.975682583,/rigid_bodies.rigidbodies[2].pose.position.z,0.1839930755475425
22.303007171,1709142492.985989315,1709142492.985643068,/rigid_bodies.rigidbodies[2].pose.position.z,0.18408307770684582
22.313358611,1709142492.996340755,1709142492.995741620,/rigid_bodies.rigidbodies[2].pose.position.z,0.18413294370208483
22.323225904,1709142493.006208048,1709142493.005719072,/rigid_bodies.rigidbodies[2].pose.position.z,0.1843954532982725
22.333312703,1709142493.016294847,1709142493.015765916,/rigid_bodies.rigidbodies[2].pose.position.z,0.18451463585346572
22.343150768,1709142493.026132912,1709142493.025645698,/rigid_bodies.rigidbodies[2].pose.position.z,0.18457425315372908
22.3533433,1709142493.036325444,1709142493.035762548,/rigid_bodies.rigidbodies[2].pose.position.z,0.18435687489190755
22.363124629,1709142493.046106773,1709142493.045629181,/rigid_bodies.rigidbodies[2].pose.position.z,0.18421271612728626
22.373025893,1709142493.056008037,1709142493.055735084,/rigid_bodies.rigidbodies[2].pose.position.z,0.18431795796172812
22.383031422,1709142493.066013566,1709142493.065725328,/rigid_bodies.rigidbodies[2].pose.position.z,0.18423791515609847
22.393435908,1709142493.076418052,1709142493.075790083,/rigid_bodies.rigidbodies[2].pose.position.z,0.18423968618494527
22.403130593,1709142493.086112737,1709142493.085707306,/rigid_bodies.rigidbodies[2].pose.position.z,0.18427046732767144
22.413119289,1709142493.096101433,1709142493.095748197,/rigid_bodies.rigidbodies[2].pose.position.z,0.18430564958169063
22.423060175,1709142493.106042319,1709142493.105685167,/rigid_bodies.rigidbodies[2].pose.position.z,0.18428386727701432
22.433453787,1709142493.116435931,1709142493.115872065,/rigid_bodies.rigidbodies[2].pose.position.z,0.18424804525903815
22.443200976,1709142493.126183120,1709142493.125784717,/rigid_bodies.rigidbodies[2].pose.position.z,0.18433564482250883
22.452934033,1709142493.135916177,1709142493.135633324,/rigid_bodies.rigidbodies[2].pose.position.z,0.18425226543081002
22.463253335,1709142493.146235479,1709142493.145715951,/rigid_bodies.rigidbodies[2].pose.position.z,0.18417011890128746
22.473334325,1709142493.156316469,1709142493.155827675,/rigid_bodies.rigidbodies[2].pose.position.z,0.18419351039506932
22.483063718,1709142493.166045862,1709142493.165715105,/rigid_bodies.rigidbodies[2].pose.position.z,0.18407631709928762
22.493010046,1709142493.175992190,1709142493.175620243,/rigid_bodies.rigidbodies[2].pose.position.z,0.18421202760488337
22.503050199,1709142493.186032343,1709142493.185649547,/rigid_bodies.rigidbodies[2].pose.position.z,0.1841145155044275
22.513161521,1709142493.196143665,1709142493.195692066,/rigid_bodies.rigidbodies[2].pose.position.z,0.18420758381940408
22.522964576,1709142493.205946720,1709142493.205605807,/rigid_bodies.rigidbodies[2].pose.position.z,0.18449715940735165
22.533190928,1709142493.216173072,1709142493.215719877,/rigid_bodies.rigidbodies[2].pose.position.z,0.1842165070568397
22.543023068,1709142493.226005212,1709142493.225625827,/rigid_bodies.rigidbodies[2].pose.position.z,0.18429017121889602
22.552987159,1709142493.235969303,1709142493.235611561,/rigid_bodies.rigidbodies[2].pose.position.z,0.18425854739384484
22.563044125,1709142493.246026269,1709142493.245658337,/rigid_bodies.rigidbodies[2].pose.position.z,0.1840634812951336
22.573109514,1709142493.256091658,1709142493.255624239,/rigid_bodies.rigidbodies[2].pose.position.z,0.18421439889377678
22.582935914,1709142493.265918058,1709142493.265626953,/rigid_bodies.rigidbodies[2].pose.position.z,0.18424673759592664
22.592956011,1709142493.275938155,1709142493.275646177,/rigid_bodies.rigidbodies[2].pose.position.z,0.18438747567448388
22.60326885,1709142493.286250994,1709142493.285817074,/rigid_bodies.rigidbodies[2].pose.position.z,0.184322916305634
22.61302571,1709142493.296007854,1709142493.295670783,/rigid_bodies.rigidbodies[2].pose.position.z,0.18423385849803325
22.623515118,1709142493.306497262,1709142493.305922425,/rigid_bodies.rigidbodies[2].pose.position.z,0.18413779633125904
22.633747893,1709142493.316730037,1709142493.316116329,/rigid_bodies.rigidbodies[2].pose.position.z,0.18407524041698536
22.643066958,1709142493.326049102,1709142493.325686808,/rigid_bodies.rigidbodies[2].pose.position.z,0.18426570591258
22.653423764,1709142493.336405908,1709142493.335908654,/rigid_bodies.rigidbodies[2].pose.position.z,0.18426270393471386
22.663083542,1709142493.346065686,1709142493.345687700,/rigid_bodies.rigidbodies[2].pose.position.z,0.18446605807776126
22.672919399,1709142493.355901543,1709142493.355578472,/rigid_bodies.rigidbodies[2].pose.position.z,0.1844893904197181
22.683598816,1709142493.366580960,1709142493.365901336,/rigid_bodies.rigidbodies[2].pose.position.z,0.18423744773348813
22.693476864,1709142493.376459008,1709142493.375854878,/rigid_bodies.rigidbodies[2].pose.position.z,0.1843852780580303
22.703078444,1709142493.386060588,1709142493.385584306,/rigid_bodies.rigidbodies[2].pose.position.z,0.18415135447816106
22.712930854,1709142493.395912998,1709142493.395564021,/rigid_bodies.rigidbodies[2].pose.position.z,0.18410266483427917
22.723694025,1709142493.406676169,1709142493.405940976,/rigid_bodies.rigidbodies[2].pose.position.z,0.18412104847603183
22.733144244000002,1709142493.416126388,1709142493.415635707,/rigid_bodies.rigidbodies[2].pose.position.z,0.18407264041360857
22.742933257,1709142493.425915401,1709142493.425595768,/rigid_bodies.rigidbodies[2].pose.position.z,0.18431672358142948
22.753436041,1709142493.436418185,1709142493.435964416,/rigid_bodies.rigidbodies[2].pose.position.z,0.18426021501130807
22.763026754,1709142493.446008898,1709142493.445638600,/rigid_bodies.rigidbodies[2].pose.position.z,0.18425478358728564
22.772809356,1709142493.455791500,1709142493.455637801,/rigid_bodies.rigidbodies[2].pose.position.z,0.18437852192427048
22.782653145,1709142493.465635289,1709142493.465376165,/rigid_bodies.rigidbodies[2].pose.position.z,0.18447778034612256
22.792621652,1709142493.475603796,1709142493.475391950,/rigid_bodies.rigidbodies[2].pose.position.z,0.1842949136700168
22.802722881,1709142493.485705025,1709142493.485540897,/rigid_bodies.rigidbodies[2].pose.position.z,0.18407475355370106
22.812863328,1709142493.495845472,1709142493.495577556,/rigid_bodies.rigidbodies[2].pose.position.z,0.18422286774317884
22.823093258,1709142493.506075402,1709142493.505661094,/rigid_bodies.rigidbodies[2].pose.position.z,0.1843045863750197
22.833519515,1709142493.516501659,1709142493.515881649,/rigid_bodies.rigidbodies[2].pose.position.z,0.18425820946032637
22.84330626,1709142493.526288404,1709142493.525816008,/rigid_bodies.rigidbodies[2].pose.position.z,0.18453207361373944
22.853321637,1709142493.536303781,1709142493.535846263,/rigid_bodies.rigidbodies[2].pose.position.z,0.184365712182238
22.863173055,1709142493.546155199,1709142493.545712923,/rigid_bodies.rigidbodies[2].pose.position.z,0.1843326930068054
22.873528723,1709142493.556510867,1709142493.555962050,/rigid_bodies.rigidbodies[2].pose.position.z,0.18426858107970018
22.88297669,1709142493.565958834,1709142493.565673056,/rigid_bodies.rigidbodies[2].pose.position.z,0.18406060547779365
22.893351094,1709142493.576333238,1709142493.575834060,/rigid_bodies.rigidbodies[2].pose.position.z,0.18416595864972277
22.903212129,1709142493.586194273,1709142493.585763677,/rigid_bodies.rigidbodies[2].pose.position.z,0.18402670969054574
22.913212235,1709142493.596194379,1709142493.595726797,/rigid_bodies.rigidbodies[2].pose.position.z,0.18410969496138493
22.923337342,1709142493.606319486,1709142493.605796083,/rigid_bodies.rigidbodies[2].pose.position.z,0.18423200749663077
22.93322442,1709142493.616206564,1709142493.615764645,/rigid_bodies.rigidbodies[2].pose.position.z,0.1844215085880462
22.943401983,1709142493.626384127,1709142493.625837734,/rigid_bodies.rigidbodies[2].pose.position.z,0.1846638053832113
22.953384063,1709142493.636366207,1709142493.635810960,/rigid_bodies.rigidbodies[2].pose.position.z,0.18443241428093823
22.963034753,1709142493.646016897,1709142493.645582644,/rigid_bodies.rigidbodies[2].pose.position.z,0.18437138235345896
22.973670958,1709142493.656653102,1709142493.656001779,/rigid_bodies.rigidbodies[2].pose.position.z,0.18422595859415497
22.983154279,1709142493.666136423,1709142493.665728100,/rigid_bodies.rigidbodies[2].pose.position.z,0.18416734266966264
22.993041631,1709142493.676023775,1709142493.675593095,/rigid_bodies.rigidbodies[2].pose.position.z,0.18433602460379564
23.002918399,1709142493.685900543,1709142493.685623872,/rigid_bodies.rigidbodies[2].pose.position.z,0.18417109179606303
23.013200306,1709142493.696182450,1709142493.695755475,/rigid_bodies.rigidbodies[2].pose.position.z,0.18423697183790264
23.023612254,1709142493.706594398,1709142493.705953333,/rigid_bodies.rigidbodies[2].pose.position.z,0.18421294638982186
23.033322011,1709142493.716304155,1709142493.715854681,/rigid_bodies.rigidbodies[2].pose.position.z,0.18427545925279173
23.043146538,1709142493.726128682,1709142493.725685450,/rigid_bodies.rigidbodies[2].pose.position.z,0.18451668361166138
23.053658708,1709142493.736640852,1709142493.736099924,/rigid_bodies.rigidbodies[2].pose.position.z,0.1844493119525439
23.06300433,1709142493.745986474,1709142493.745636632,/rigid_bodies.rigidbodies[2].pose.position.z,0.1843700121516717
23.073507098,1709142493.756489242,1709142493.755924389,/rigid_bodies.rigidbodies[2].pose.position.z,0.18424193979694287
23.08329269,1709142493.766274834,1709142493.765735308,/rigid_bodies.rigidbodies[2].pose.position.z,0.18431405576472312
23.0933211,1709142493.776303244,1709142493.775777406,/rigid_bodies.rigidbodies[2].pose.position.z,0.18430663583238546
23.103468719,1709142493.786450863,1709142493.785899827,/rigid_bodies.rigidbodies[2].pose.position.z,0.1840677921431175
23.113581291,1709142493.796563435,1709142493.795899375,/rigid_bodies.rigidbodies[2].pose.position.z,0.18405028365643886
23.123209043,1709142493.806191187,1709142493.805742664,/rigid_bodies.rigidbodies[2].pose.position.z,0.18426278358990691
23.133489069,1709142493.816471213,1709142493.815883629,/rigid_bodies.rigidbodies[2].pose.position.z,0.18440420226703577
23.143216064,1709142493.826198208,1709142493.825756379,/rigid_bodies.rigidbodies[2].pose.position.z,0.1844401992564148
23.153567092,1709142493.836549236,1709142493.835956937,/rigid_bodies.rigidbodies[2].pose.position.z,0.18419163226332583
23.163256288,1709142493.846238432,1709142493.845781180,/rigid_bodies.rigidbodies[2].pose.position.z,0.18408667520688335
23.17306668,1709142493.856048824,1709142493.855749771,/rigid_bodies.rigidbodies[2].pose.position.z,0.18413531302675445
23.183249769,1709142493.866231913,1709142493.865817657,/rigid_bodies.rigidbodies[2].pose.position.z,0.18436179612849493
23.193033565,1709142493.876015709,1709142493.875670046,/rigid_bodies.rigidbodies[2].pose.position.z,0.18453343657792615
23.203144511,1709142493.886126655,1709142493.885772233,/rigid_bodies.rigidbodies[2].pose.position.z,0.18445084622264843
23.213045862,1709142493.896028006,1709142493.895572223,/rigid_bodies.rigidbodies[2].pose.position.z,0.18433328803322718
23.223104565,1709142493.906086709,1709142493.905707526,/rigid_bodies.rigidbodies[2].pose.position.z,0.18403044925212975
23.23343641,1709142493.916418554,1709142493.915858317,/rigid_bodies.rigidbodies[2].pose.position.z,0.18400744625364931
23.243080427,1709142493.926062571,1709142493.925667799,/rigid_bodies.rigidbodies[2].pose.position.z,0.184205864393339
23.253019868,1709142493.936002012,1709142493.935618136,/rigid_bodies.rigidbodies[2].pose.position.z,0.18437830899878419
23.262897896,1709142493.945880040,1709142493.945583431,/rigid_bodies.rigidbodies[2].pose.position.z,0.18440472700575877
23.273102554,1709142493.956084698,1709142493.955689687,/rigid_bodies.rigidbodies[2].pose.position.z,0.184274621530314
23.28312611,1709142493.966108254,1709142493.965708168,/rigid_bodies.rigidbodies[2].pose.position.z,0.18440871229841366
23.293242114,1709142493.976224258,1709142493.975732470,/rigid_bodies.rigidbodies[2].pose.position.z,0.18440587045852366
23.303449267,1709142493.986431411,1709142493.985887641,/rigid_bodies.rigidbodies[2].pose.position.z,0.18441481563909726
23.312950772,1709142493.995932916,1709142493.995628021,/rigid_bodies.rigidbodies[2].pose.position.z,0.18435889884185475
23.323711705,1709142494.006693849,1709142494.005989491,/rigid_bodies.rigidbodies[2].pose.position.z,0.18409630053676754
23.333332154,1709142494.016314298,1709142494.015734580,/rigid_bodies.rigidbodies[2].pose.position.z,0.18420552192337308
23.343084167,1709142494.026066311,1709142494.025658565,/rigid_bodies.rigidbodies[2].pose.position.z,0.18415041554928616
23.352824476,1709142494.035806620,1709142494.035486617,/rigid_bodies.rigidbodies[2].pose.position.z,0.18418164596431585
23.362769012,1709142494.045751156,1709142494.045511265,/rigid_bodies.rigidbodies[2].pose.position.z,0.1842720194589386
23.372676193,1709142494.055658337,1709142494.055452276,/rigid_bodies.rigidbodies[2].pose.position.z,0.18426259574901824
23.382806419,1709142494.065788563,1709142494.065460248,/rigid_bodies.rigidbodies[2].pose.position.z,0.18430657649193902
23.392876179,1709142494.075858323,1709142494.075557969,/rigid_bodies.rigidbodies[2].pose.position.z,0.1844143340918045
23.402745847,1709142494.085727991,1709142494.085390601,/rigid_bodies.rigidbodies[2].pose.position.z,0.18428542391909639
23.412718555,1709142494.095700699,1709142494.095486961,/rigid_bodies.rigidbodies[2].pose.position.z,0.18422595857462565
23.422736358,1709142494.105718502,1709142494.105402413,/rigid_bodies.rigidbodies[2].pose.position.z,0.18410053414767227
23.432932441,1709142494.115914585,1709142494.115505987,/rigid_bodies.rigidbodies[2].pose.position.z,0.1843432326439236
23.44322945,1709142494.126211594,1709142494.125740200,/rigid_bodies.rigidbodies[2].pose.position.z,0.1844012692394736
23.453496816,1709142494.136478960,1709142494.135890321,/rigid_bodies.rigidbodies[2].pose.position.z,0.1844842546800101
23.463288424,1709142494.146270568,1709142494.145701003,/rigid_bodies.rigidbodies[2].pose.position.z,0.1845523925864635
23.47320447,1709142494.156186614,1709142494.155761004,/rigid_bodies.rigidbodies[2].pose.position.z,0.18408950790159814
23.483593995,1709142494.166576139,1709142494.165989846,/rigid_bodies.rigidbodies[2].pose.position.z,0.18412491205465845
23.493320051,1709142494.176302195,1709142494.175731643,/rigid_bodies.rigidbodies[2].pose.position.z,0.1842101455804373
23.503339779,1709142494.186321923,1709142494.185762682,/rigid_bodies.rigidbodies[2].pose.position.z,0.18416818898541085
23.512959918,1709142494.195942062,1709142494.195479654,/rigid_bodies.rigidbodies[2].pose.position.z,0.18428623086665002
23.523558045,1709142494.206540189,1709142494.205990844,/rigid_bodies.rigidbodies[2].pose.position.z,0.1843106280494224
23.533379769,1709142494.216361913,1709142494.215782436,/rigid_bodies.rigidbodies[2].pose.position.z,0.18443117142756843
23.54320773,1709142494.226189874,1709142494.225739905,/rigid_bodies.rigidbodies[2].pose.position.z,0.18435012919468907
23.553568854,1709142494.236550998,1709142494.235936750,/rigid_bodies.rigidbodies[2].pose.position.z,0.1845042814375454
23.563239917,1709142494.246222061,1709142494.245747005,/rigid_bodies.rigidbodies[2].pose.position.z,0.18453928538855977
23.573045513,1709142494.256027657,1709142494.255576968,/rigid_bodies.rigidbodies[2].pose.position.z,0.18448790290453365
23.583741840000002,1709142494.266723984,1709142494.266111357,/rigid_bodies.rigidbodies[2].pose.position.z,0.18443297651770443
23.593146563,1709142494.276128707,1709142494.275691512,/rigid_bodies.rigidbodies[2].pose.position.z,0.18411854481824663
23.602965539,1709142494.285947683,1709142494.285587397,/rigid_bodies.rigidbodies[2].pose.position.z,0.18420708047861925
23.613049951,1709142494.296032095,1709142494.295586719,/rigid_bodies.rigidbodies[2].pose.position.z,0.18419398258484046
23.622954156,1709142494.305936300,1709142494.305558942,/rigid_bodies.rigidbodies[2].pose.position.z,0.18412699222657866
23.633295649,1709142494.316277793,1709142494.315805272,/rigid_bodies.rigidbodies[2].pose.position.z,0.18420612132876915
23.643759603,1709142494.326741747,1709142494.325986056,/rigid_bodies.rigidbodies[2].pose.position.z,0.18404789673088387
23.65308161,1709142494.336063754,1709142494.335667368,/rigid_bodies.rigidbodies[2].pose.position.z,0.18426118784754392
23.663174416,1709142494.346156560,1709142494.345665459,/rigid_bodies.rigidbodies[2].pose.position.z,0.18445241211593444
23.673621381,1709142494.356603525,1709142494.355899608,/rigid_bodies.rigidbodies[2].pose.position.z,0.18437837855836056
23.68316984,1709142494.366151984,1709142494.365651936,/rigid_bodies.rigidbodies[2].pose.position.z,0.18457259476006663
23.693646125,1709142494.376628269,1709142494.375917677,/rigid_bodies.rigidbodies[2].pose.position.z,0.1843383505088289
23.703542386,1709142494.386524530,1709142494.385875172,/rigid_bodies.rigidbodies[2].pose.position.z,0.1843002389751097
23.713033817,1709142494.396015961,1709142494.395608468,/rigid_bodies.rigidbodies[2].pose.position.z,0.18424589919425882
23.723660584,1709142494.406642728,1709142494.405943875,/rigid_bodies.rigidbodies[2].pose.position.z,0.1843213092159299
23.73312356,1709142494.416105704,1709142494.415708431,/rigid_bodies.rigidbodies[2].pose.position.z,0.1843031088456529
23.743016913,1709142494.425999057,1709142494.425689585,/rigid_bodies.rigidbodies[2].pose.position.z,0.1840736158268537
23.753619324,1709142494.436601468,1709142494.436020964,/rigid_bodies.rigidbodies[2].pose.position.z,0.18410931264525618
23.763021571,1709142494.446003715,1709142494.445648356,/rigid_bodies.rigidbodies[2].pose.position.z,0.18411120996919658
23.773317173,1709142494.456299317,1709142494.455815556,/rigid_bodies.rigidbodies[2].pose.position.z,0.18423445424855545
23.783133955,1709142494.466116099,1709142494.465710976,/rigid_bodies.rigidbodies[2].pose.position.z,0.18441991353941237
23.793335532,1709142494.476317676,1709142494.475878640,/rigid_bodies.rigidbodies[2].pose.position.z,0.18432895963433565
23.803284419,1709142494.486266563,1709142494.485813466,/rigid_bodies.rigidbodies[2].pose.position.z,0.18442837521119512
23.813442796,1709142494.496424940,1709142494.495901348,/rigid_bodies.rigidbodies[2].pose.position.z,0.1842816715471164
23.823251554,1709142494.506233698,1709142494.505828870,/rigid_bodies.rigidbodies[2].pose.position.z,0.18420238169404352
23.833042695,1709142494.516024839,1709142494.515730938,/rigid_bodies.rigidbodies[2].pose.position.z,0.1841213420726552
23.843097445,1709142494.526079589,1709142494.525630833,/rigid_bodies.rigidbodies[2].pose.position.z,0.18401417524510036
23.853518146,1709142494.536500290,1709142494.535865709,/rigid_bodies.rigidbodies[2].pose.position.z,0.18420317866473446
23.863112453,1709142494.546094597,1709142494.545567148,/rigid_bodies.rigidbodies[2].pose.position.z,0.1842581782926025
23.873352568,1709142494.556334712,1709142494.555833040,/rigid_bodies.rigidbodies[2].pose.position.z,0.18444945621069408
23.883228406,1709142494.566210550,1709142494.565757480,/rigid_bodies.rigidbodies[2].pose.position.z,0.18452851630982053
23.893075349,1709142494.576057493,1709142494.575656280,/rigid_bodies.rigidbodies[2].pose.position.z,0.18455745040986346
23.903575641,1709142494.586557785,1709142494.586056147,/rigid_bodies.rigidbodies[2].pose.position.z,0.18444896596776322
23.913421619,1709142494.596403763,1709142494.595875764,/rigid_bodies.rigidbodies[2].pose.position.z,0.1843044603592248
23.92323492,1709142494.606217064,1709142494.605730921,/rigid_bodies.rigidbodies[2].pose.position.z,0.18439720466040457
23.933166742,1709142494.616148886,1709142494.615651436,/rigid_bodies.rigidbodies[2].pose.position.z,0.18434438163093272
23.943348334,1709142494.626330478,1709142494.625762416,/rigid_bodies.rigidbodies[2].pose.position.z,0.1841391955511245
23.953147276,1709142494.636129420,1709142494.635731907,/rigid_bodies.rigidbodies[2].pose.position.z,0.1841278637464204
23.96312791,1709142494.646110054,1709142494.645722797,/rigid_bodies.rigidbodies[2].pose.position.z,0.1840057486073927
23.97311235,1709142494.656094494,1709142494.655788776,/rigid_bodies.rigidbodies[2].pose.position.z,0.1843128292535365
23.982852811,1709142494.665834955,1709142494.665584969,/rigid_bodies.rigidbodies[2].pose.position.z,0.1845292201279385
23.993102564,1709142494.676084708,1709142494.675694224,/rigid_bodies.rigidbodies[2].pose.position.z,0.1845290375463367
24.003534092,1709142494.686516236,1709142494.686027377,/rigid_bodies.rigidbodies[2].pose.position.z,0.1846487670211599
24.013271628,1709142494.696253772,1709142494.695855176,/rigid_bodies.rigidbodies[2].pose.position.z,0.18455382865098885
24.023037738,1709142494.706019882,1709142494.705654780,/rigid_bodies.rigidbodies[2].pose.position.z,0.18434813008453868
24.033584567,1709142494.716566711,1709142494.715943338,/rigid_bodies.rigidbodies[2].pose.position.z,0.18436247501641206
24.042780967,1709142494.725763111,1709142494.725490306,/rigid_bodies.rigidbodies[2].pose.position.z,0.18421230541369735
24.053024291,1709142494.736006435,1709142494.735647527,/rigid_bodies.rigidbodies[2].pose.position.z,0.1842329887440223
24.063042088,1709142494.746024232,1709142494.745684320,/rigid_bodies.rigidbodies[2].pose.position.z,0.18411684638792886
24.073382477,1709142494.756364621,1709142494.756039160,/rigid_bodies.rigidbodies[2].pose.position.z,0.18422313298135778
24.083018066,1709142494.766000210,1709142494.765709166,/rigid_bodies.rigidbodies[2].pose.position.z,0.18397413853685915
24.093360202,1709142494.776342346,1709142494.775900091,/rigid_bodies.rigidbodies[2].pose.position.z,0.18402009297686012
24.103228959,1709142494.786211103,1709142494.785889932,/rigid_bodies.rigidbodies[2].pose.position.z,0.18439857257726677
24.113060662,1709142494.796042806,1709142494.795772008,/rigid_bodies.rigidbodies[2].pose.position.z,0.18455102136800136
24.123312649,1709142494.806294793,1709142494.805871073,/rigid_bodies.rigidbodies[2].pose.position.z,0.18475061667624793
24.133509045,1709142494.816491189,1709142494.816063812,/rigid_bodies.rigidbodies[2].pose.position.z,0.18478260863912657
24.143112281,1709142494.826094425,1709142494.825810247,/rigid_bodies.rigidbodies[2].pose.position.z,0.18447226422977414
24.153388784,1709142494.836370928,1709142494.835874493,/rigid_bodies.rigidbodies[2].pose.position.z,0.1843609879905306
24.162981094,1709142494.845963238,1709142494.845661100,/rigid_bodies.rigidbodies[2].pose.position.z,0.18434041900926273
24.173009795,1709142494.855991939,1709142494.855721557,/rigid_bodies.rigidbodies[2].pose.position.z,0.18423735846811254
24.183158696,1709142494.866140840,1709142494.865863303,/rigid_bodies.rigidbodies[2].pose.position.z,0.18403919223668094
24.193368893,1709142494.876351037,1709142494.875947982,/rigid_bodies.rigidbodies[2].pose.position.z,0.18386138001040706
24.203152953,1709142494.886135097,1709142494.885724844,/rigid_bodies.rigidbodies[2].pose.position.z,0.18382318928214023
24.213280186,1709142494.896262330,1709142494.895850855,/rigid_bodies.rigidbodies[2].pose.position.z,0.18399502640232313
24.22350333,1709142494.906485474,1709142494.905995727,/rigid_bodies.rigidbodies[2].pose.position.z,0.18426165071578754
24.233044649,1709142494.916026793,1709142494.915716555,/rigid_bodies.rigidbodies[2].pose.position.z,0.18448134307627154
24.243014352,1709142494.925996496,1709142494.925702526,/rigid_bodies.rigidbodies[2].pose.position.z,0.18472463000573158
24.252856422,1709142494.935838566,1709142494.935485257,/rigid_bodies.rigidbodies[2].pose.position.z,0.18462270036464576
24.262926162,1709142494.945908306,1709142494.945533297,/rigid_bodies.rigidbodies[2].pose.position.z,0.18457840306969786
24.27307329,1709142494.956055434,1709142494.955623962,/rigid_bodies.rigidbodies[2].pose.position.z,0.18449084406958569
24.282975565,1709142494.965957709,1709142494.965545491,/rigid_bodies.rigidbodies[2].pose.position.z,0.18427679886312373
24.292828685,1709142494.975810829,1709142494.975425195,/rigid_bodies.rigidbodies[2].pose.position.z,0.1840648982822729
24.303235962,1709142494.986218106,1709142494.985850520,/rigid_bodies.rigidbodies[2].pose.position.z,0.1840523290762837
24.312830377,1709142494.995812521,1709142494.995523946,/rigid_bodies.rigidbodies[2].pose.position.z,0.18397830743022428
24.322929035,1709142495.005911179,1709142495.005602651,/rigid_bodies.rigidbodies[2].pose.position.z,0.18409218199008928
24.333537855,1709142495.016519999,1709142495.016020327,/rigid_bodies.rigidbodies[2].pose.position.z,0.18411868505685336
24.343130302,1709142495.026112446,1709142495.025731831,/rigid_bodies.rigidbodies[2].pose.position.z,0.18413635603177594
24.353055348,1709142495.036037492,1709142495.035681164,/rigid_bodies.rigidbodies[2].pose.position.z,0.18427873581197884
24.363082601,1709142495.046064745,1709142495.045712448,/rigid_bodies.rigidbodies[2].pose.position.z,0.18451388189834017
24.373095148,1709142495.056077292,1709142495.055775086,/rigid_bodies.rigidbodies[2].pose.position.z,0.18454242080797326
24.383119206,1709142495.066101350,1709142495.065681062,/rigid_bodies.rigidbodies[2].pose.position.z,0.1845225806679032
24.393576613,1709142495.076558757,1709142495.076016606,/rigid_bodies.rigidbodies[2].pose.position.z,0.18440554954829966
24.40311342,1709142495.086095564,1709142495.085828942,/rigid_bodies.rigidbodies[2].pose.position.z,0.18408338675295569
24.413173183,1709142495.096155327,1709142495.095733861,/rigid_bodies.rigidbodies[2].pose.position.z,0.1841486058768709
24.423497656,1709142495.106479800,1709142495.105825867,/rigid_bodies.rigidbodies[2].pose.position.z,0.18421586763091116
24.433169064,1709142495.116151208,1709142495.115678612,/rigid_bodies.rigidbodies[2].pose.position.z,0.184109381068942
24.443462332,1709142495.126444476,1709142495.125840125,/rigid_bodies.rigidbodies[2].pose.position.z,0.18404242873341345
24.45347261,1709142495.136454754,1709142495.135911825,/rigid_bodies.rigidbodies[2].pose.position.z,0.18397193060964062
24.462905494,1709142495.145887638,1709142495.145560110,/rigid_bodies.rigidbodies[2].pose.position.z,0.18416271663115072
24.473490467,1709142495.156472611,1709142495.155883250,/rigid_bodies.rigidbodies[2].pose.position.z,0.18446678209321854
24.48345892,1709142495.166441064,1709142495.165861152,/rigid_bodies.rigidbodies[2].pose.position.z,0.18450014842686893
24.493658902,1709142495.176641046,1709142495.175982611,/rigid_bodies.rigidbodies[2].pose.position.z,0.18454739654209698
24.503432291,1709142495.186414435,1709142495.185938791,/rigid_bodies.rigidbodies[2].pose.position.z,0.1843829042029993
24.513540495,1709142495.196522639,1709142495.196033949,/rigid_bodies.rigidbodies[2].pose.position.z,0.18436691076363707
24.523384333,1709142495.206366477,1709142495.205805335,/rigid_bodies.rigidbodies[2].pose.position.z,0.18422395072149747
24.533521599,1709142495.216503743,1709142495.215897980,/rigid_bodies.rigidbodies[2].pose.position.z,0.18406152181875352
24.543422785,1709142495.226404929,1709142495.225816490,/rigid_bodies.rigidbodies[2].pose.position.z,0.18412842430786155
24.553147766,1709142495.236129910,1709142495.235703034,/rigid_bodies.rigidbodies[2].pose.position.z,0.18400474487247254
24.563227502,1709142495.246209646,1709142495.245771434,/rigid_bodies.rigidbodies[2].pose.position.z,0.1841975764160194
24.573017258,1709142495.255999402,1709142495.255572621,/rigid_bodies.rigidbodies[2].pose.position.z,0.18440600117588699
24.58341678,1709142495.266398924,1709142495.265783654,/rigid_bodies.rigidbodies[2].pose.position.z,0.18445610459409087
24.593343281,1709142495.276325425,1709142495.275748034,/rigid_bodies.rigidbodies[2].pose.position.z,0.18449701056980522
24.603273657,1709142495.286255801,1709142495.285773083,/rigid_bodies.rigidbodies[2].pose.position.z,0.18444623347356723
24.613316781,1709142495.296298925,1709142495.295769694,/rigid_bodies.rigidbodies[2].pose.position.z,0.18448386508607617
24.623509322,1709142495.306491466,1709142495.305934025,/rigid_bodies.rigidbodies[2].pose.position.z,0.18442458859608055
24.633305702,1709142495.316287846,1709142495.315788628,/rigid_bodies.rigidbodies[2].pose.position.z,0.18432089020259834
24.643085899,1709142495.326068043,1709142495.325645275,/rigid_bodies.rigidbodies[2].pose.position.z,0.18410472508051381
24.653295861,1709142495.336278005,1709142495.335732883,/rigid_bodies.rigidbodies[2].pose.position.z,0.18404654345184573
24.663195183,1709142495.346177327,1709142495.345712708,/rigid_bodies.rigidbodies[2].pose.position.z,0.1840484744206324
24.672662407,1709142495.355644551,1709142495.355390096,/rigid_bodies.rigidbodies[2].pose.position.z,0.18413710806672431
24.683254241,1709142495.366236385,1709142495.365689988,/rigid_bodies.rigidbodies[2].pose.position.z,0.18415492877496945
24.693246749,1709142495.376228893,1709142495.375719642,/rigid_bodies.rigidbodies[2].pose.position.z,0.18420282040723734
24.703864307,1709142495.386846451,1709142495.386050029,/rigid_bodies.rigidbodies[2].pose.position.z,0.18439362152807176
24.71345943,1709142495.396441574,1709142495.395938489,/rigid_bodies.rigidbodies[2].pose.position.z,0.18462951045396533
24.723170873,1709142495.406153017,1709142495.405740870,/rigid_bodies.rigidbodies[2].pose.position.z,0.18451703411521092
24.7333985,1709142495.416380644,1709142495.415882384,/rigid_bodies.rigidbodies[2].pose.position.z,0.18454795265898394
24.743254435,1709142495.426236579,1709142495.425779032,/rigid_bodies.rigidbodies[2].pose.position.z,0.1844120301127331
24.753147715,1709142495.436129859,1709142495.435750910,/rigid_bodies.rigidbodies[2].pose.position.z,0.18411866009552924
24.763257641,1709142495.446239785,1709142495.445809643,/rigid_bodies.rigidbodies[2].pose.position.z,0.18421150420366922
24.773327962,1709142495.456310106,1709142495.455837670,/rigid_bodies.rigidbodies[2].pose.position.z,0.18432559105029797
24.782946776,1709142495.465928920,1709142495.465590091,/rigid_bodies.rigidbodies[2].pose.position.z,0.18425488452350874
24.793271419,1709142495.476253563,1709142495.475726522,/rigid_bodies.rigidbodies[2].pose.position.z,0.18419986868044833
24.802951046,1709142495.485933190,1709142495.485675007,/rigid_bodies.rigidbodies[2].pose.position.z,0.18413659803074167
24.812639943,1709142495.495622087,1709142495.495396799,/rigid_bodies.rigidbodies[2].pose.position.z,0.18426614582487855
24.822653131,1709142495.505635275,1709142495.505434829,/rigid_bodies.rigidbodies[2].pose.position.z,0.18434890675733176
24.832892752,1709142495.515874896,1709142495.515594975,/rigid_bodies.rigidbodies[2].pose.position.z,0.1844202244548907
24.842834525,1709142495.525816669,1709142495.525583974,/rigid_bodies.rigidbodies[2].pose.position.z,0.18448720471495547
24.85301422,1709142495.535996364,1709142495.535647165,/rigid_bodies.rigidbodies[2].pose.position.z,0.18437261784872735
24.86302962,1709142495.546011764,1709142495.545680584,/rigid_bodies.rigidbodies[2].pose.position.z,0.18429844997133754
24.873111302,1709142495.556093446,1709142495.555669144,/rigid_bodies.rigidbodies[2].pose.position.z,0.18407716704484872
24.88288328,1709142495.565865424,1709142495.565524672,/rigid_bodies.rigidbodies[2].pose.position.z,0.1840806603491192
24.893303133,1709142495.576285277,1709142495.575790362,/rigid_bodies.rigidbodies[2].pose.position.z,0.18404140839869088
24.902994332,1709142495.585976476,1709142495.585649068,/rigid_bodies.rigidbodies[2].pose.position.z,0.18410074497431084
24.913068655,1709142495.596050799,1709142495.595640234,/rigid_bodies.rigidbodies[2].pose.position.z,0.184346699370246
24.92324867,1709142495.606230814,1709142495.605799220,/rigid_bodies.rigidbodies[2].pose.position.z,0.18429717275312907
24.932953583,1709142495.615935727,1709142495.615657803,/rigid_bodies.rigidbodies[2].pose.position.z,0.184331016854909
24.943087097,1709142495.626069241,1709142495.625694346,/rigid_bodies.rigidbodies[2].pose.position.z,0.18440940215924256
24.953326701,1709142495.636308845,1709142495.635844735,/rigid_bodies.rigidbodies[2].pose.position.z,0.18440478199856752
24.962822142,1709142495.645804286,1709142495.645504001,/rigid_bodies.rigidbodies[2].pose.position.z,0.18450543658258536
24.972860621,1709142495.655842765,1709142495.655580540,/rigid_bodies.rigidbodies[2].pose.position.z,0.1846354665105492
24.983209797,1709142495.666191941,1709142495.665811434,/rigid_bodies.rigidbodies[2].pose.position.z,0.18441909114889082
24.993137305,1709142495.676119449,1709142495.675771788,/rigid_bodies.rigidbodies[2].pose.position.z,0.18411140755284824
25.003359309,1709142495.686341453,1709142495.685892873,/rigid_bodies.rigidbodies[2].pose.position.z,0.18399364536846816
25.013126999,1709142495.696109143,1709142495.695750250,/rigid_bodies.rigidbodies[2].pose.position.z,0.1839442042169788
25.023133009,1709142495.706115153,1709142495.705717534,/rigid_bodies.rigidbodies[2].pose.position.z,0.18411215479598975
25.033386452,1709142495.716368596,1709142495.715926356,/rigid_bodies.rigidbodies[2].pose.position.z,0.18432184114494893
25.04301508,1709142495.725997224,1709142495.725698690,/rigid_bodies.rigidbodies[2].pose.position.z,0.18434216171646936
25.053043332,1709142495.736025476,1709142495.735692642,/rigid_bodies.rigidbodies[2].pose.position.z,0.18440551896233626
25.063055783,1709142495.746037927,1709142495.745700772,/rigid_bodies.rigidbodies[2].pose.position.z,0.1845018536585443
25.072888474,1709142495.755870618,1709142495.755561575,/rigid_bodies.rigidbodies[2].pose.position.z,0.18437088153595269
25.083304392,1709142495.766286536,1709142495.765874569,/rigid_bodies.rigidbodies[2].pose.position.z,0.1843872903741064
25.092902596,1709142495.775884740,1709142495.775537722,/rigid_bodies.rigidbodies[2].pose.position.z,0.18437413767129526
25.103085003,1709142495.786067147,1709142495.785707643,/rigid_bodies.rigidbodies[2].pose.position.z,0.18430641577469087
25.112936355,1709142495.795918499,1709142495.795633265,/rigid_bodies.rigidbodies[2].pose.position.z,0.1841840303427707
25.123410687,1709142495.806392831,1709142495.805896975,/rigid_bodies.rigidbodies[2].pose.position.z,0.18410504535257516
25.133203839,1709142495.816185983,1709142495.815806398,/rigid_bodies.rigidbodies[2].pose.position.z,0.1838704126614763
25.14307147,1709142495.826053614,1709142495.825747883,/rigid_bodies.rigidbodies[2].pose.position.z,0.18390682984362308
25.153156583,1709142495.836138727,1709142495.835687280,/rigid_bodies.rigidbodies[2].pose.position.z,0.18407298085235038
25.163039764,1709142495.846021908,1709142495.845672661,/rigid_bodies.rigidbodies[2].pose.position.z,0.18416829213811134
25.173064556,1709142495.856046700,1709142495.855726464,/rigid_bodies.rigidbodies[2].pose.position.z,0.1844223011201716
25.183052502,1709142495.866034646,1709142495.865702419,/rigid_bodies.rigidbodies[2].pose.position.z,0.18463347461178758
25.19327562,1709142495.876257764,1709142495.875857331,/rigid_bodies.rigidbodies[2].pose.position.z,0.1845131641085957
25.203009978,1709142495.885992122,1709142495.885765329,/rigid_bodies.rigidbodies[2].pose.position.z,0.18453891196287095
25.213179867,1709142495.896162011,1709142495.895796973,/rigid_bodies.rigidbodies[2].pose.position.z,0.18445071437349167
25.223371081,1709142495.906353225,1709142495.905952794,/rigid_bodies.rigidbodies[2].pose.position.z,0.184304614054
25.233351457,1709142495.916333601,1709142495.915877169,/rigid_bodies.rigidbodies[2].pose.position.z,0.18411534019780337
25.243038165,1709142495.926020309,1709142495.925665500,/rigid_bodies.rigidbodies[2].pose.position.z,0.18398489003965188
25.253395286,1709142495.936377430,1709142495.935943466,/rigid_bodies.rigidbodies[2].pose.position.z,0.18398643828507005
25.263194405,1709142495.946176549,1709142495.945730167,/rigid_bodies.rigidbodies[2].pose.position.z,0.18401784508995858
25.27315432,1709142495.956136464,1709142495.955732791,/rigid_bodies.rigidbodies[2].pose.position.z,0.18415753123844963
25.283418863,1709142495.966401007,1709142495.965958816,/rigid_bodies.rigidbodies[2].pose.position.z,0.18431525707881785
25.293163983,1709142495.976146127,1709142495.975725817,/rigid_bodies.rigidbodies[2].pose.position.z,0.18446815617333948
25.303060665,1709142495.986042809,1709142495.985599418,/rigid_bodies.rigidbodies[2].pose.position.z,0.18451968973459437
25.313156984,1709142495.996139128,1709142495.995693948,/rigid_bodies.rigidbodies[2].pose.position.z,0.18460661864711775
25.323467824,1709142496.006449968,1709142496.005886732,/rigid_bodies.rigidbodies[2].pose.position.z,0.18445672949332317
25.333050894,1709142496.016033038,1709142496.015587963,/rigid_bodies.rigidbodies[2].pose.position.z,0.1841396013623325
25.343121269,1709142496.026103413,1709142496.025666380,/rigid_bodies.rigidbodies[2].pose.position.z,0.18399271409319387
25.352864559,1709142496.035846703,1709142496.035432845,/rigid_bodies.rigidbodies[2].pose.position.z,0.18408677195257295
25.362862193,1709142496.045844337,1709142496.045422515,/rigid_bodies.rigidbodies[2].pose.position.z,0.18400292279745797
25.372612135,1709142496.055594279,1709142496.055432531,/rigid_bodies.rigidbodies[2].pose.position.z,0.1841259681797555
25.382739886,1709142496.065722030,1709142496.065472911,/rigid_bodies.rigidbodies[2].pose.position.z,0.18426772533329852
25.392693244,1709142496.075675388,1709142496.075393833,/rigid_bodies.rigidbodies[2].pose.position.z,0.18426464700982279
25.402519113,1709142496.085501257,1709142496.085371529,/rigid_bodies.rigidbodies[2].pose.position.z,0.18432511677610072
25.412487153,1709142496.095469297,1709142496.095289063,/rigid_bodies.rigidbodies[2].pose.position.z,0.18453133880451056
25.422566126,1709142496.105548270,1709142496.105324634,/rigid_bodies.rigidbodies[2].pose.position.z,0.18441582162249814
25.432617644,1709142496.115599788,1709142496.115364000,/rigid_bodies.rigidbodies[2].pose.position.z,0.1844352587186559
25.442640871000002,1709142496.125623015,1709142496.125372690,/rigid_bodies.rigidbodies[2].pose.position.z,0.18435346443603853
25.453269072,1709142496.136251216,1709142496.135843668,/rigid_bodies.rigidbodies[2].pose.position.z,0.18424714871644002
25.463296436,1709142496.146278580,1709142496.145764620,/rigid_bodies.rigidbodies[2].pose.position.z,0.18420745431307795
25.473096739,1709142496.156078883,1709142496.155688718,/rigid_bodies.rigidbodies[2].pose.position.z,0.18413265434895987
25.483416852,1709142496.166398996,1709142496.165878799,/rigid_bodies.rigidbodies[2].pose.position.z,0.18415097667538347
25.493111295,1709142496.176093439,1709142496.175612284,/rigid_bodies.rigidbodies[2].pose.position.z,0.18423957943923944
25.50347014,1709142496.186452284,1709142496.185804996,/rigid_bodies.rigidbodies[2].pose.position.z,0.18427318909033874
25.512753529,1709142496.195735673,1709142496.195438364,/rigid_bodies.rigidbodies[2].pose.position.z,0.18435289533974747
25.523124803,1709142496.206106947,1709142496.205617037,/rigid_bodies.rigidbodies[2].pose.position.z,0.18431174384183216
25.533463378,1709142496.216445522,1709142496.215816989,/rigid_bodies.rigidbodies[2].pose.position.z,0.18428502652097217
25.54310215,1709142496.226084294,1709142496.225674843,/rigid_bodies.rigidbodies[2].pose.position.z,0.1843225408948349
25.553125432,1709142496.236107576,1709142496.235602299,/rigid_bodies.rigidbodies[2].pose.position.z,0.18436709621630976
25.563187869,1709142496.246170013,1709142496.245643251,/rigid_bodies.rigidbodies[2].pose.position.z,0.18434802686375035
25.572958045,1709142496.255940189,1709142496.255579885,/rigid_bodies.rigidbodies[2].pose.position.z,0.18422416410423734
25.583114886,1709142496.266097030,1709142496.265635872,/rigid_bodies.rigidbodies[2].pose.position.z,0.18421401909905205
25.592783778,1709142496.275765922,1709142496.275509265,/rigid_bodies.rigidbodies[2].pose.position.z,0.18408824493158707
25.603146188,1709142496.286128332,1709142496.285757347,/rigid_bodies.rigidbodies[2].pose.position.z,0.18418356433783994
25.61296498,1709142496.295947124,1709142496.295606555,/rigid_bodies.rigidbodies[2].pose.position.z,0.1843323703798804
25.622992089,1709142496.305974233,1709142496.305620298,/rigid_bodies.rigidbodies[2].pose.position.z,0.18434016548248255
25.633308606,1709142496.316290750,1709142496.315787867,/rigid_bodies.rigidbodies[2].pose.position.z,0.1843502272535588
25.642968597,1709142496.325950741,1709142496.325635580,/rigid_bodies.rigidbodies[2].pose.position.z,0.18445122421601898
25.652837968,1709142496.335820112,1709142496.335521048,/rigid_bodies.rigidbodies[2].pose.position.z,0.1844062286998813
25.662937052,1709142496.345919196,1709142496.345533248,/rigid_bodies.rigidbodies[2].pose.position.z,0.18429258907353693
25.672952651,1709142496.355934795,1709142496.355623962,/rigid_bodies.rigidbodies[2].pose.position.z,0.18427344533785492
25.683039781,1709142496.366021925,1709142496.365640810,/rigid_bodies.rigidbodies[2].pose.position.z,0.18412829331566832
25.692986396,1709142496.375968540,1709142496.375615453,/rigid_bodies.rigidbodies[2].pose.position.z,0.1840289683324338
25.70285905,1709142496.385841194,1709142496.385554700,/rigid_bodies.rigidbodies[2].pose.position.z,0.1842957372785485
25.712928278,1709142496.395910422,1709142496.395530883,/rigid_bodies.rigidbodies[2].pose.position.z,0.18431413449852105
25.722754814,1709142496.405736958,1709142496.405461452,/rigid_bodies.rigidbodies[2].pose.position.z,0.1842963570731297
25.732831852,1709142496.415813996,1709142496.415508938,/rigid_bodies.rigidbodies[2].pose.position.z,0.18462576025502925
25.743014503,1709142496.425996647,1709142496.425620150,/rigid_bodies.rigidbodies[2].pose.position.z,0.1842885641137425
25.752988782,1709142496.435970926,1709142496.435582225,/rigid_bodies.rigidbodies[2].pose.position.z,0.18439607316359477
25.762859739,1709142496.445841883,1709142496.445514595,/rigid_bodies.rigidbodies[2].pose.position.z,0.18430584551024054
25.772876132,1709142496.455858276,1709142496.455522093,/rigid_bodies.rigidbodies[2].pose.position.z,0.18401359714870832
25.783021634,1709142496.466003778,1709142496.465637160,/rigid_bodies.rigidbodies[2].pose.position.z,0.18402632739002728
25.792976539,1709142496.475958683,1709142496.475589524,/rigid_bodies.rigidbodies[2].pose.position.z,0.18410732710292327
25.803089829,1709142496.486071973,1709142496.485647832,/rigid_bodies.rigidbodies[2].pose.position.z,0.18412585978098747
25.813166913,1709142496.496149057,1709142496.495728645,/rigid_bodies.rigidbodies[2].pose.position.z,0.18436156049856967
25.823073934,1709142496.506056078,1709142496.505658223,/rigid_bodies.rigidbodies[2].pose.position.z,0.18437190766938508
25.833288314,1709142496.516270458,1709142496.515837889,/rigid_bodies.rigidbodies[2].pose.position.z,0.184362018612825
25.842848524,1709142496.525830668,1709142496.525527669,/rigid_bodies.rigidbodies[2].pose.position.z,0.18436794700404963
25.852915774,1709142496.535897918,1709142496.535558053,/rigid_bodies.rigidbodies[2].pose.position.z,0.1844226488278527
25.862851752,1709142496.545833896,1709142496.545510098,/rigid_bodies.rigidbodies[2].pose.position.z,0.18436562600952308
25.872914045999998,1709142496.555896190,1709142496.555612187,/rigid_bodies.rigidbodies[2].pose.position.z,0.18441864494157817
25.882951154,1709142496.565933298,1709142496.565565474,/rigid_bodies.rigidbodies[2].pose.position.z,0.18428023169923938
25.89338045,1709142496.576362594,1709142496.575747954,/rigid_bodies.rigidbodies[2].pose.position.z,0.18432111921983232
25.903271002,1709142496.586253146,1709142496.585650126,/rigid_bodies.rigidbodies[2].pose.position.z,0.18449545489625377
25.913280959,1709142496.596263103,1709142496.595743370,/rigid_bodies.rigidbodies[2].pose.position.z,0.1843262426749712
25.923141504,1709142496.606123648,1709142496.605614451,/rigid_bodies.rigidbodies[2].pose.position.z,0.18413165960001526
25.932755178,1709142496.615737322,1709142496.615365544,/rigid_bodies.rigidbodies[2].pose.position.z,0.18403207694507973
25.943091943,1709142496.626074087,1709142496.625643539,/rigid_bodies.rigidbodies[2].pose.position.z,0.18406376038057926
25.95378532,1709142496.636767464,1709142496.635971151,/rigid_bodies.rigidbodies[2].pose.position.z,0.1843115787881648
25.963245971,1709142496.646228115,1709142496.645685757,/rigid_bodies.rigidbodies[2].pose.position.z,0.18434514031372234
25.973044443,1709142496.656026587,1709142496.655626656,/rigid_bodies.rigidbodies[2].pose.position.z,0.1844535858158326
25.983234863,1709142496.666217007,1709142496.665749118,/rigid_bodies.rigidbodies[2].pose.position.z,0.18438646267941106
25.993414618,1709142496.676396762,1709142496.675788829,/rigid_bodies.rigidbodies[2].pose.position.z,0.18446839647946828
26.003044652,1709142496.686026796,1709142496.685598033,/rigid_bodies.rigidbodies[2].pose.position.z,0.1843232193607775
26.013262963,1709142496.696245107,1709142496.695686680,/rigid_bodies.rigidbodies[2].pose.position.z,0.18431905112750546
26.023462182,1709142496.706444326,1709142496.705758753,/rigid_bodies.rigidbodies[2].pose.position.z,0.18420822042499962
26.033177992,1709142496.716160136,1709142496.715667037,/rigid_bodies.rigidbodies[2].pose.position.z,0.1840800756458275
26.043275637,1709142496.726257781,1709142496.725688240,/rigid_bodies.rigidbodies[2].pose.position.z,0.18406734111148948
26.053386636,1709142496.736368780,1709142496.735706848,/rigid_bodies.rigidbodies[2].pose.position.z,0.18415827204025706
26.062979143,1709142496.745961287,1709142496.745479769,/rigid_bodies.rigidbodies[2].pose.position.z,0.18421009060445503
26.073768121,1709142496.756750265,1709142496.756084586,/rigid_bodies.rigidbodies[2].pose.position.z,0.18434243179588483
26.083285125,1709142496.766267269,1709142496.765639226,/rigid_bodies.rigidbodies[2].pose.position.z,0.18437609534884963
26.093462796,1709142496.776444940,1709142496.775774813,/rigid_bodies.rigidbodies[2].pose.position.z,0.18444419866696404
26.103289452,1709142496.786271596,1709142496.785653754,/rigid_bodies.rigidbodies[2].pose.position.z,0.1843006641468301
26.113581333,1709142496.796563477,1709142496.795842890,/rigid_bodies.rigidbodies[2].pose.position.z,0.18421916281413733
26.123596294,1709142496.806578438,1709142496.805826403,/rigid_bodies.rigidbodies[2].pose.position.z,0.18416399416843315
26.133229845,1709142496.816211989,1709142496.815648122,/rigid_bodies.rigidbodies[2].pose.position.z,0.18410025285868248
26.142953581,1709142496.825935725,1709142496.825514235,/rigid_bodies.rigidbodies[2].pose.position.z,0.18422896507835348
26.153050077,1709142496.836032221,1709142496.835550784,/rigid_bodies.rigidbodies[2].pose.position.z,0.18432522454793032
26.163089384,1709142496.846071528,1709142496.845591216,/rigid_bodies.rigidbodies[2].pose.position.z,0.18427921716873216
26.173059483,1709142496.856041627,1709142496.855598540,/rigid_bodies.rigidbodies[2].pose.position.z,0.18431789173646115
26.183074906,1709142496.866057050,1709142496.865568588,/rigid_bodies.rigidbodies[2].pose.position.z,0.1841263012740024
26.193033433,1709142496.876015577,1709142496.875518814,/rigid_bodies.rigidbodies[2].pose.position.z,0.18423408471505467
26.203258067,1709142496.886240211,1709142496.885643554,/rigid_bodies.rigidbodies[2].pose.position.z,0.18432062797979246
26.21331373,1709142496.896295874,1709142496.895703413,/rigid_bodies.rigidbodies[2].pose.position.z,0.1842381565475058
26.223151547,1709142496.906133691,1709142496.905545466,/rigid_bodies.rigidbodies[2].pose.position.z,0.18420592233111602
26.233273117,1709142496.916255261,1709142496.915683841,/rigid_bodies.rigidbodies[2].pose.position.z,0.18418921843024744
26.243228436,1709142496.926210580,1709142496.925657857,/rigid_bodies.rigidbodies[2].pose.position.z,0.1841473169409093
26.253021808,1709142496.936003952,1709142496.935576778,/rigid_bodies.rigidbodies[2].pose.position.z,0.18418707830284836
26.263010137,1709142496.945992281,1709142496.945521195,/rigid_bodies.rigidbodies[2].pose.position.z,0.184348959117869
26.273119161,1709142496.956101305,1709142496.955612809,/rigid_bodies.rigidbodies[2].pose.position.z,0.18435032670787757
26.283080575,1709142496.966062719,1709142496.965575180,/rigid_bodies.rigidbodies[2].pose.position.z,0.18438980323345514
26.293201977,1709142496.976184121,1709142496.975657015,/rigid_bodies.rigidbodies[2].pose.position.z,0.184484770395972
26.303248999,1709142496.986231143,1709142496.985657655,/rigid_bodies.rigidbodies[2].pose.position.z,0.18439732517621713
26.312847678,1709142496.995829822,1709142496.995517738,/rigid_bodies.rigidbodies[2].pose.position.z,0.18433797743028527
26.323069101,1709142497.006051245,1709142497.005578687,/rigid_bodies.rigidbodies[2].pose.position.z,0.18429327144072977
26.333377034,1709142497.016359178,1709142497.015770868,/rigid_bodies.rigidbodies[2].pose.position.z,0.18423393194031062
26.343078945,1709142497.026061089,1709142497.025678181,/rigid_bodies.rigidbodies[2].pose.position.z,0.1843690743289434
26.353076226,1709142497.036058370,1709142497.035595116,/rigid_bodies.rigidbodies[2].pose.position.z,0.18421916281413733
26.363047377,1709142497.046029521,1709142497.045498874,/rigid_bodies.rigidbodies[2].pose.position.z,0.18417239560536763
26.373219744,1709142497.056201888,1709142497.055796387,/rigid_bodies.rigidbodies[2].pose.position.z,0.184077982400994
26.38310756,1709142497.066089704,1709142497.065592073,/rigid_bodies.rigidbodies[2].pose.position.z,0.18400985199409334
26.393016036,1709142497.075998180,1709142497.075539050,/rigid_bodies.rigidbodies[2].pose.position.z,0.18425720732926698
26.403059816,1709142497.086041960,1709142497.085591856,/rigid_bodies.rigidbodies[2].pose.position.z,0.18429369597430736
26.413111064,1709142497.096093208,1709142497.095576779,/rigid_bodies.rigidbodies[2].pose.position.z,0.18435993319588698
26.423005516,1709142497.105987660,1709142497.105515820,/rigid_bodies.rigidbodies[2].pose.position.z,0.1843197045234662
26.433290254,1709142497.116272398,1709142497.115699178,/rigid_bodies.rigidbodies[2].pose.position.z,0.18433310005695192
26.443071328,1709142497.126053472,1709142497.125584892,/rigid_bodies.rigidbodies[2].pose.position.z,0.18424042688866138
26.452998147,1709142497.135980291,1709142497.135518113,/rigid_bodies.rigidbodies[2].pose.position.z,0.18421755232022943
26.463008725,1709142497.145990869,1709142497.145532468,/rigid_bodies.rigidbodies[2].pose.position.z,0.18436408453857223
26.473017244,1709142497.155999388,1709142497.155599815,/rigid_bodies.rigidbodies[2].pose.position.z,0.1842423933167053
26.483041685,1709142497.166023829,1709142497.165613585,/rigid_bodies.rigidbodies[2].pose.position.z,0.18438123462853712
26.493126885,1709142497.176109029,1709142497.175600315,/rigid_bodies.rigidbodies[2].pose.position.z,0.18434809328037796
26.503231195,1709142497.186213339,1709142497.185669311,/rigid_bodies.rigidbodies[2].pose.position.z,0.18431912800215847
26.513201916,1709142497.196184060,1709142497.195711627,/rigid_bodies.rigidbodies[2].pose.position.z,0.18440421482286604
26.52292036,1709142497.205902504,1709142497.205600715,/rigid_bodies.rigidbodies[2].pose.position.z,0.18424412635568815
26.533083045,1709142497.216065189,1709142497.215670610,/rigid_bodies.rigidbodies[2].pose.position.z,0.1842035678040808
26.54297048,1709142497.225952624,1709142497.225615631,/rigid_bodies.rigidbodies[2].pose.position.z,0.18410634729689984
26.553076218,1709142497.236058362,1709142497.235652198,/rigid_bodies.rigidbodies[2].pose.position.z,0.18411819868468304
26.563249228,1709142497.246231372,1709142497.245813552,/rigid_bodies.rigidbodies[2].pose.position.z,0.18423795810359173
26.573278848,1709142497.256260992,1709142497.255808515,/rigid_bodies.rigidbodies[2].pose.position.z,0.18440520103876135
26.583273633,1709142497.266255777,1709142497.265864452,/rigid_bodies.rigidbodies[2].pose.position.z,0.18457815199043734
26.59312779,1709142497.276109934,1709142497.275647478,/rigid_bodies.rigidbodies[2].pose.position.z,0.18437465856449567
26.603713997,1709142497.286696141,1709142497.285967655,/rigid_bodies.rigidbodies[2].pose.position.z,0.18440876065745798
26.613322896,1709142497.296305040,1709142497.295799250,/rigid_bodies.rigidbodies[2].pose.position.z,0.18432953735433882
26.623686323,1709142497.306668467,1709142497.306011549,/rigid_bodies.rigidbodies[2].pose.position.z,0.18424112397257042
26.633427253,1709142497.316409397,1709142497.315848305,/rigid_bodies.rigidbodies[2].pose.position.z,0.18436973567054427
26.643202513,1709142497.326184657,1709142497.325717675,/rigid_bodies.rigidbodies[2].pose.position.z,0.1840423566600231
26.653392294,1709142497.336374438,1709142497.335778225,/rigid_bodies.rigidbodies[2].pose.position.z,0.18412771515762735
26.663047006,1709142497.346029150,1709142497.345558968,/rigid_bodies.rigidbodies[2].pose.position.z,0.18410136128525983
26.673037435,1709142497.356019579,1709142497.355679230,/rigid_bodies.rigidbodies[2].pose.position.z,0.18422136427283833
26.683381409,1709142497.366363553,1709142497.365848656,/rigid_bodies.rigidbodies[2].pose.position.z,0.18444716211510498
26.693285492,1709142497.376267636,1709142497.375841136,/rigid_bodies.rigidbodies[2].pose.position.z,0.18437044314935463
26.703643949,1709142497.386626093,1709142497.386111765,/rigid_bodies.rigidbodies[2].pose.position.z,0.18427140232463504
26.713286158,1709142497.396268302,1709142497.395785626,/rigid_bodies.rigidbodies[2].pose.position.z,0.18424292449677146
26.723780872,1709142497.406763016,1709142497.406079203,/rigid_bodies.rigidbodies[2].pose.position.z,0.1843927238713444
26.73328346,1709142497.416265604,1709142497.415717351,/rigid_bodies.rigidbodies[2].pose.position.z,0.1843509350752506
26.743062217,1709142497.426044361,1709142497.425576503,/rigid_bodies.rigidbodies[2].pose.position.z,0.18424806941305638
26.753414928,1709142497.436397072,1709142497.435798994,/rigid_bodies.rigidbodies[2].pose.position.z,0.18437908780332676
26.763039629,1709142497.446021773,1709142497.445546196,/rigid_bodies.rigidbodies[2].pose.position.z,0.18426149814274145
26.773188427,1709142497.456170571,1709142497.455740233,/rigid_bodies.rigidbodies[2].pose.position.z,0.18439411066679356
26.783199058,1709142497.466181202,1709142497.465653616,/rigid_bodies.rigidbodies[2].pose.position.z,0.18440929873635253
26.793645353,1709142497.476627497,1709142497.476062038,/rigid_bodies.rigidbodies[2].pose.position.z,0.18419508271401075
26.803282959,1709142497.486265103,1709142497.485821899,/rigid_bodies.rigidbodies[2].pose.position.z,0.18423370757600038
26.81374939,1709142497.496731534,1709142497.496041634,/rigid_bodies.rigidbodies[2].pose.position.z,0.18408502868952553
26.823181044000002,1709142497.506163188,1709142497.505768579,/rigid_bodies.rigidbodies[2].pose.position.z,0.18406531024499248
26.833075361,1709142497.516057505,1709142497.515649200,/rigid_bodies.rigidbodies[2].pose.position.z,0.18423025225840334
26.842589159,1709142497.525571303,1709142497.525443303,/rigid_bodies.rigidbodies[2].pose.position.z,0.18430544837558316
26.852593716,1709142497.535575860,1709142497.535339184,/rigid_bodies.rigidbodies[2].pose.position.z,0.1842915424129021
26.863152634,1709142497.546134778,1709142497.545675450,/rigid_bodies.rigidbodies[2].pose.position.z,0.1843144602695575
26.873183077,1709142497.556165221,1709142497.555632947,/rigid_bodies.rigidbodies[2].pose.position.z,0.1845376742790058
26.883357796,1709142497.566339940,1709142497.565761821,/rigid_bodies.rigidbodies[2].pose.position.z,0.1845023994800228
26.893155175,1709142497.576137319,1709142497.575663760,/rigid_bodies.rigidbodies[2].pose.position.z,0.1844192082306967
26.903459277,1709142497.586441421,1709142497.585830835,/rigid_bodies.rigidbodies[2].pose.position.z,0.1842947764524493
26.913418271,1709142497.596400415,1709142497.595778689,/rigid_bodies.rigidbodies[2].pose.position.z,0.18415358866889536
26.923326657,1709142497.606308801,1709142497.605772957,/rigid_bodies.rigidbodies[2].pose.position.z,0.1843645013178887
26.933476465,1709142497.616458609,1709142497.615868449,/rigid_bodies.rigidbodies[2].pose.position.z,0.18434271071311945
26.943123313,1709142497.626105457,1709142497.625608689,/rigid_bodies.rigidbodies[2].pose.position.z,0.18421796116445943
26.953381263,1709142497.636363407,1709142497.635832717,/rigid_bodies.rigidbodies[2].pose.position.z,0.18424817252748932
26.963187558,1709142497.646169702,1709142497.645614444,/rigid_bodies.rigidbodies[2].pose.position.z,0.18400019597732614
26.973122041,1709142497.656104185,1709142497.655728664,/rigid_bodies.rigidbodies[2].pose.position.z,0.18416538818695483
26.983008286,1709142497.665990430,1709142497.665593114,/rigid_bodies.rigidbodies[2].pose.position.z,0.18436598334664067
26.993192798,1709142497.676174942,1709142497.675633636,/rigid_bodies.rigidbodies[2].pose.position.z,0.18447245631742812
27.003380843,1709142497.686362987,1709142497.685837622,/rigid_bodies.rigidbodies[2].pose.position.z,0.18449539777646146
27.013638831,1709142497.696620975,1709142497.695966003,/rigid_bodies.rigidbodies[2].pose.position.z,0.18448333290658123
27.02333454,1709142497.706316684,1709142497.705763809,/rigid_bodies.rigidbodies[2].pose.position.z,0.18445721283991123
27.033733355,1709142497.716715499,1709142497.716042658,/rigid_bodies.rigidbodies[2].pose.position.z,0.18429044647709608
27.043064678,1709142497.726046822,1709142497.725678073,/rigid_bodies.rigidbodies[2].pose.position.z,0.18436959089043442
27.053277848,1709142497.736259992,1709142497.735753264,/rigid_bodies.rigidbodies[2].pose.position.z,0.18424809015481952
27.063023014,1709142497.746005158,1709142497.745593123,/rigid_bodies.rigidbodies[2].pose.position.z,0.18402624262829584
27.073148271,1709142497.756130415,1709142497.755718286,/rigid_bodies.rigidbodies[2].pose.position.z,0.18417748465045938
27.083057356,1709142497.766039500,1709142497.765704225,/rigid_bodies.rigidbodies[2].pose.position.z,0.1840698152985514
27.093117021,1709142497.776099165,1709142497.775707934,/rigid_bodies.rigidbodies[2].pose.position.z,0.18417867843038097
27.103049247,1709142497.786031391,1709142497.785624932,/rigid_bodies.rigidbodies[2].pose.position.z,0.18439858211532023
27.113026385,1709142497.796008529,1709142497.795629947,/rigid_bodies.rigidbodies[2].pose.position.z,0.18440936076282385
27.122926283,1709142497.805908427,1709142497.805558437,/rigid_bodies.rigidbodies[2].pose.position.z,0.18459353085763022
27.133317173000002,1709142497.816299317,1709142497.815781883,/rigid_bodies.rigidbodies[2].pose.position.z,0.18440483229143279
27.143088567,1709142497.826070711,1709142497.825659549,/rigid_bodies.rigidbodies[2].pose.position.z,0.1842137568631145
27.153313594,1709142497.836295738,1709142497.835673940,/rigid_bodies.rigidbodies[2].pose.position.z,0.18411820620808705
27.163096324,1709142497.846078468,1709142497.845619571,/rigid_bodies.rigidbodies[2].pose.position.z,0.18414472451512062
27.173004324,1709142497.855986468,1709142497.855629103,/rigid_bodies.rigidbodies[2].pose.position.z,0.18446196127676576
27.183526024,1709142497.866508168,1709142497.865847607,/rigid_bodies.rigidbodies[2].pose.position.z,0.18438326517523107
27.19302953,1709142497.876011674,1709142497.875609180,/rigid_bodies.rigidbodies[2].pose.position.z,0.18445816193391049
27.203240698,1709142497.886222842,1709142497.885797046,/rigid_bodies.rigidbodies[2].pose.position.z,0.18439937726744554
27.213449966,1709142497.896432110,1709142497.895860426,/rigid_bodies.rigidbodies[2].pose.position.z,0.1842830351532415
27.22328638,1709142497.906268524,1709142497.905740546,/rigid_bodies.rigidbodies[2].pose.position.z,0.18424403527921315
27.233280468,1709142497.916262612,1709142497.915785190,/rigid_bodies.rigidbodies[2].pose.position.z,0.18408351483028546
27.243543076,1709142497.926525220,1709142497.925950544,/rigid_bodies.rigidbodies[2].pose.position.z,0.18408332744069936
27.253158971,1709142497.936141115,1709142497.935667685,/rigid_bodies.rigidbodies[2].pose.position.z,0.18427515728934163
27.263245313,1709142497.946227457,1709142497.945699680,/rigid_bodies.rigidbodies[2].pose.position.z,0.1843869879830465
27.273168104,1709142497.956150248,1709142497.955753128,/rigid_bodies.rigidbodies[2].pose.position.z,0.18442155695800982
27.28320518,1709142497.966187324,1709142497.965777416,/rigid_bodies.rigidbodies[2].pose.position.z,0.18435220558002088
27.293168616,1709142497.976150760,1709142497.975694533,/rigid_bodies.rigidbodies[2].pose.position.z,0.18434589871980622
27.303260163,1709142497.986242307,1709142497.985838896,/rigid_bodies.rigidbodies[2].pose.position.z,0.18439584502057807
27.313485803,1709142497.996467947,1709142497.995882575,/rigid_bodies.rigidbodies[2].pose.position.z,0.18445837552274674
27.323187446,1709142498.006169590,1709142498.005731252,/rigid_bodies.rigidbodies[2].pose.position.z,0.18438132580896546
27.333648407,1709142498.016630551,1709142498.015964823,/rigid_bodies.rigidbodies[2].pose.position.z,0.18413013174202955
27.343126577,1709142498.026108721,1709142498.025625021,/rigid_bodies.rigidbodies[2].pose.position.z,0.18418710055748477
27.353012058,1709142498.035994202,1709142498.035629874,/rigid_bodies.rigidbodies[2].pose.position.z,0.1840433977413002
27.362910664,1709142498.045892808,1709142498.045497389,/rigid_bodies.rigidbodies[2].pose.position.z,0.18437814075592043
27.372919164,1709142498.055901308,1709142498.055516921,/rigid_bodies.rigidbodies[2].pose.position.z,0.18444897790039264
27.382858059,1709142498.065840203,1709142498.065503542,/rigid_bodies.rigidbodies[2].pose.position.z,0.18431913160008717
27.392861259,1709142498.075843403,1709142498.075491303,/rigid_bodies.rigidbodies[2].pose.position.z,0.18438628494668113
27.403068997,1709142498.086051141,1709142498.085617054,/rigid_bodies.rigidbodies[2].pose.position.z,0.18426729155264623
27.412993636,1709142498.095975780,1709142498.095557435,/rigid_bodies.rigidbodies[2].pose.position.z,0.18442166721941905
27.423102818,1709142498.106084962,1709142498.105706047,/rigid_bodies.rigidbodies[2].pose.position.z,0.18432421263715537
27.433477344,1709142498.116459488,1709142498.115910261,/rigid_bodies.rigidbodies[2].pose.position.z,0.18424939022401415
27.443081629,1709142498.126063773,1709142498.125807464,/rigid_bodies.rigidbodies[2].pose.position.z,0.18428773074177343
27.452777141,1709142498.135759285,1709142498.135583339,/rigid_bodies.rigidbodies[2].pose.position.z,0.18424050571641215
27.462925497,1709142498.145907641,1709142498.145634678,/rigid_bodies.rigidbodies[2].pose.position.z,0.18426796361609224
27.473155905,1709142498.156138049,1709142498.155721250,/rigid_bodies.rigidbodies[2].pose.position.z,0.18429712806900225
27.483400686,1709142498.166382830,1709142498.165961650,/rigid_bodies.rigidbodies[2].pose.position.z,0.18426748893658895
27.493678691,1709142498.176660835,1709142498.175995781,/rigid_bodies.rigidbodies[2].pose.position.z,0.18420878064911114
27.503469936,1709142498.186452080,1709142498.185981068,/rigid_bodies.rigidbodies[2].pose.position.z,0.18416665556899772
27.51326645,1709142498.196248594,1709142498.195714512,/rigid_bodies.rigidbodies[2].pose.position.z,0.18439739225574697
27.523807044,1709142498.206789188,1709142498.206062662,/rigid_bodies.rigidbodies[2].pose.position.z,0.1844242602768197
27.53349994,1709142498.216482084,1709142498.215852507,/rigid_bodies.rigidbodies[2].pose.position.z,0.18432553704648327
27.54320212,1709142498.226184264,1709142498.225737701,/rigid_bodies.rigidbodies[2].pose.position.z,0.18430406558098414
27.553836097,1709142498.236818241,1709142498.236119243,/rigid_bodies.rigidbodies[2].pose.position.z,0.1840631436022939
27.563263439,1709142498.246245583,1709142498.245730344,/rigid_bodies.rigidbodies[2].pose.position.z,0.18416239519241184
27.573417132,1709142498.256399276,1709142498.255865758,/rigid_bodies.rigidbodies[2].pose.position.z,0.18415922887148914
27.583978668,1709142498.266960812,1709142498.266204151,/rigid_bodies.rigidbodies[2].pose.position.z,0.18414415747332818
27.593152036,1709142498.276134180,1709142498.275655880,/rigid_bodies.rigidbodies[2].pose.position.z,0.18435483410439132
27.603249555,1709142498.286231699,1709142498.285687558,/rigid_bodies.rigidbodies[2].pose.position.z,0.18438039725106264
27.613250201,1709142498.296232345,1709142498.295872624,/rigid_bodies.rigidbodies[2].pose.position.z,0.18435462401046335
27.623221388,1709142498.306203532,1709142498.305719711,/rigid_bodies.rigidbodies[2].pose.position.z,0.18426771113843815
27.633317016,1709142498.316299160,1709142498.315721102,/rigid_bodies.rigidbodies[2].pose.position.z,0.1842332564553432
27.64272133,1709142498.325703474,1709142498.325408380,/rigid_bodies.rigidbodies[2].pose.position.z,0.18437192654957207
27.652801953,1709142498.335784097,1709142498.335445955,/rigid_bodies.rigidbodies[2].pose.position.z,0.18434726519124203
27.663054759,1709142498.346036903,1709142498.345645428,/rigid_bodies.rigidbodies[2].pose.position.z,0.1843713236859553
27.673167414,1709142498.356149558,1709142498.355658896,/rigid_bodies.rigidbodies[2].pose.position.z,0.18430306097914032
27.683862011,1709142498.366844155,1709142498.366111611,/rigid_bodies.rigidbodies[2].pose.position.z,0.18402253472556077
27.69310212,1709142498.376084264,1709142498.375592099,/rigid_bodies.rigidbodies[2].pose.position.z,0.18415610588358686
27.70327683,1709142498.386258974,1709142498.385644357,/rigid_bodies.rigidbodies[2].pose.position.z,0.18419609068194479
27.71297366,1709142498.395955804,1709142498.395484065,/rigid_bodies.rigidbodies[2].pose.position.z,0.1844158604781394
27.723089481,1709142498.406071625,1709142498.405517768,/rigid_bodies.rigidbodies[2].pose.position.z,0.184547233329579
27.733208819,1709142498.416190963,1709142498.415628317,/rigid_bodies.rigidbodies[2].pose.position.z,0.18432677950692614
27.743431643,1709142498.426413787,1709142498.425732124,/rigid_bodies.rigidbodies[2].pose.position.z,0.18425016439071695
27.753181751,1709142498.436163895,1709142498.435588570,/rigid_bodies.rigidbodies[2].pose.position.z,0.1841960742713016
27.763174608,1709142498.446156752,1709142498.445599957,/rigid_bodies.rigidbodies[2].pose.position.z,0.18413859615828893
27.773643204,1709142498.456625348,1709142498.455976126,/rigid_bodies.rigidbodies[2].pose.position.z,0.18434338192346575
27.783232311,1709142498.466214455,1709142498.465712272,/rigid_bodies.rigidbodies[2].pose.position.z,0.18443290799594478
27.793264754,1709142498.476246898,1709142498.475751799,/rigid_bodies.rigidbodies[2].pose.position.z,0.18442274464400424
27.803724729,1709142498.486706873,1709142498.485975962,/rigid_bodies.rigidbodies[2].pose.position.z,0.18440697689246366
27.813169364,1709142498.496151508,1709142498.495707312,/rigid_bodies.rigidbodies[2].pose.position.z,0.18427958550083168
27.823085809,1709142498.506067953,1709142498.505631634,/rigid_bodies.rigidbodies[2].pose.position.z,0.1842542745741231
27.833322954,1709142498.516305098,1709142498.515718491,/rigid_bodies.rigidbodies[2].pose.position.z,0.1843421320381178
27.843019837,1709142498.526001981,1709142498.525555577,/rigid_bodies.rigidbodies[2].pose.position.z,0.18448688322576026
27.853339123,1709142498.536321267,1709142498.535725241,/rigid_bodies.rigidbodies[2].pose.position.z,0.18451022778898288
27.862926093,1709142498.545908237,1709142498.545560326,/rigid_bodies.rigidbodies[2].pose.position.z,0.1845354247005431
27.873042202,1709142498.556024346,1709142498.555523158,/rigid_bodies.rigidbodies[2].pose.position.z,0.18433791984283676
27.883777727000002,1709142498.566759871,1709142498.565840058,/rigid_bodies.rigidbodies[2].pose.position.z,0.1842605064763169
27.893127955,1709142498.576110099,1709142498.575601052,/rigid_bodies.rigidbodies[2].pose.position.z,0.1843723245797936
27.90307127,1709142498.586053414,1709142498.585583924,/rigid_bodies.rigidbodies[2].pose.position.z,0.18433583826357783
27.913016863,1709142498.595999007,1709142498.595542171,/rigid_bodies.rigidbodies[2].pose.position.z,0.18415556387910462
27.922966897,1709142498.605949041,1709142498.605471899,/rigid_bodies.rigidbodies[2].pose.position.z,0.18414785458332567
27.933145613,1709142498.616127757,1709142498.615674131,/rigid_bodies.rigidbodies[2].pose.position.z,0.18398709412782233
27.943182915,1709142498.626165059,1709142498.625571195,/rigid_bodies.rigidbodies[2].pose.position.z,0.18409728482182003
27.953215598,1709142498.636197742,1709142498.635657016,/rigid_bodies.rigidbodies[2].pose.position.z,0.184413667399663
27.963001139,1709142498.645983283,1709142498.645533440,/rigid_bodies.rigidbodies[2].pose.position.z,0.1845510262464177
27.973040724,1709142498.656022868,1709142498.655629706,/rigid_bodies.rigidbodies[2].pose.position.z,0.1847102508682025
27.983314995,1709142498.666297139,1709142498.665722154,/rigid_bodies.rigidbodies[2].pose.position.z,0.1846031438187682
27.993420449,1709142498.676402593,1709142498.675802435,/rigid_bodies.rigidbodies[2].pose.position.z,0.1844746925973241
28.003643712,1709142498.686625856,1709142498.685952352,/rigid_bodies.rigidbodies[2].pose.position.z,0.18435373859254137
28.013300106,1709142498.696282250,1709142498.695800037,/rigid_bodies.rigidbodies[2].pose.position.z,0.1841611387940731
28.023142934,1709142498.706125078,1709142498.705745424,/rigid_bodies.rigidbodies[2].pose.position.z,0.18394621405631154
28.033362113,1709142498.716344257,1709142498.715802544,/rigid_bodies.rigidbodies[2].pose.position.z,0.184115510360702
28.043499293,1709142498.726481437,1709142498.725790927,/rigid_bodies.rigidbodies[2].pose.position.z,0.18422366237566204
28.053125736,1709142498.736107880,1709142498.735614648,/rigid_bodies.rigidbodies[2].pose.position.z,0.18423075900149585
28.06319603,1709142498.746178174,1709142498.745614989,/rigid_bodies.rigidbodies[2].pose.position.z,0.1843320914736925
28.073276358,1709142498.756258502,1709142498.755681423,/rigid_bodies.rigidbodies[2].pose.position.z,0.18436449590936238
28.083207566,1709142498.766189710,1709142498.765652978,/rigid_bodies.rigidbodies[2].pose.position.z,0.1843370928482336
28.093391388,1709142498.776373532,1709142498.775743796,/rigid_bodies.rigidbodies[2].pose.position.z,0.18450310100578585
28.103839394,1709142498.786821538,1709142498.786031153,/rigid_bodies.rigidbodies[2].pose.position.z,0.18449460643501897
28.113232498,1709142498.796214642,1709142498.795657577,/rigid_bodies.rigidbodies[2].pose.position.z,0.18443858934925839
28.123149106,1709142498.806131250,1709142498.805698519,/rigid_bodies.rigidbodies[2].pose.position.z,0.18438612062192256
28.133547812,1709142498.816529956,1709142498.815923434,/rigid_bodies.rigidbodies[2].pose.position.z,0.1842853739726013
28.143533322,1709142498.826515466,1709142498.825978815,/rigid_bodies.rigidbodies[2].pose.position.z,0.18428184136989398
28.15322608,1709142498.836208224,1709142498.835673318,/rigid_bodies.rigidbodies[2].pose.position.z,0.18429921175509517
28.163500174,1709142498.846482318,1709142498.845766383,/rigid_bodies.rigidbodies[2].pose.position.z,0.1842098266445657
28.173246243,1709142498.856228387,1709142498.855663130,/rigid_bodies.rigidbodies[2].pose.position.z,0.18419890503548425
28.183394245,1709142498.866376389,1709142498.865740401,/rigid_bodies.rigidbodies[2].pose.position.z,0.1842152390608119
28.193657887,1709142498.876640031,1709142498.875958272,/rigid_bodies.rigidbodies[2].pose.position.z,0.18430901750932002
28.203325098,1709142498.886307242,1709142498.885752917,/rigid_bodies.rigidbodies[2].pose.position.z,0.18446946228321193
28.213140942,1709142498.896123086,1709142498.895621224,/rigid_bodies.rigidbodies[2].pose.position.z,0.1845191605912118
28.223047006,1709142498.906029150,1709142498.905599818,/rigid_bodies.rigidbodies[2].pose.position.z,0.18450361639235122
28.233137809,1709142498.916119953,1709142498.915653908,/rigid_bodies.rigidbodies[2].pose.position.z,0.18430837321749896
28.243013979,1709142498.925996123,1709142498.925575514,/rigid_bodies.rigidbodies[2].pose.position.z,0.18432551006506137
28.252704405,1709142498.935686549,1709142498.935391085,/rigid_bodies.rigidbodies[2].pose.position.z,0.18416647536578953
28.262664836,1709142498.945646980,1709142498.945345358,/rigid_bodies.rigidbodies[2].pose.position.z,0.1841797106811724
28.272757086,1709142498.955739230,1709142498.955426958,/rigid_bodies.rigidbodies[2].pose.position.z,0.1841835991744746
28.283175396,1709142498.966157540,1709142498.965706517,/rigid_bodies.rigidbodies[2].pose.position.z,0.18419467833741968
28.293457331,1709142498.976439475,1709142498.975773628,/rigid_bodies.rigidbodies[2].pose.position.z,0.18419143787898554
28.303065973,1709142498.986048117,1709142498.985569605,/rigid_bodies.rigidbodies[2].pose.position.z,0.18437711343516205
28.313071417,1709142498.996053561,1709142498.995562699,/rigid_bodies.rigidbodies[2].pose.position.z,0.18444264350196402
28.323561874,1709142499.006544018,1709142499.005891676,/rigid_bodies.rigidbodies[2].pose.position.z,0.18444861951831315
28.333045043,1709142499.016027187,1709142499.015588065,/rigid_bodies.rigidbodies[2].pose.position.z,0.18454320248451306
28.343031007,1709142499.026013151,1709142499.025588966,/rigid_bodies.rigidbodies[2].pose.position.z,0.1842041294330011
28.35356583,1709142499.036547974,1709142499.035918441,/rigid_bodies.rigidbodies[2].pose.position.z,0.18402175839649132
28.363006002,1709142499.045988146,1709142499.045528232,/rigid_bodies.rigidbodies[2].pose.position.z,0.18403075409187233
28.373143337,1709142499.056125481,1709142499.055726630,/rigid_bodies.rigidbodies[2].pose.position.z,0.18401354066711692
28.383754211,1709142499.066736355,1709142499.065985862,/rigid_bodies.rigidbodies[2].pose.position.z,0.1841499175884129
28.393060006,1709142499.076042150,1709142499.075626904,/rigid_bodies.rigidbodies[2].pose.position.z,0.18430697882101016
28.403121546,1709142499.086103690,1709142499.085692172,/rigid_bodies.rigidbodies[2].pose.position.z,0.18421528506418094
28.413622648,1709142499.096604792,1709142499.095889846,/rigid_bodies.rigidbodies[2].pose.position.z,0.18437414895230483
28.423317027,1709142499.106299171,1709142499.105749686,/rigid_bodies.rigidbodies[2].pose.position.z,0.18443473059550816
28.433186531,1709142499.116168675,1709142499.115707669,/rigid_bodies.rigidbodies[2].pose.position.z,0.18447409619756702
28.443119912,1709142499.126102056,1709142499.125679854,/rigid_bodies.rigidbodies[2].pose.position.z,0.1846197298925803
28.452971782,1709142499.135953926,1709142499.135506079,/rigid_bodies.rigidbodies[2].pose.position.z,0.18441508396530346
28.463219787,1709142499.146201931,1709142499.145634009,/rigid_bodies.rigidbodies[2].pose.position.z,0.18426039080259224
28.473131755,1709142499.156113899,1709142499.155693867,/rigid_bodies.rigidbodies[2].pose.position.z,0.18418672653721022
28.483334516,1709142499.166316660,1709142499.165890774,/rigid_bodies.rigidbodies[2].pose.position.z,0.18396476050754815
28.493315091,1709142499.176297235,1709142499.175796861,/rigid_bodies.rigidbodies[2].pose.position.z,0.1840748663709638
28.503208661,1709142499.186190805,1709142499.185763487,/rigid_bodies.rigidbodies[2].pose.position.z,0.1841981096495619
28.513316177,1709142499.196298321,1709142499.195827627,/rigid_bodies.rigidbodies[2].pose.position.z,0.18395015880350157
28.523322366,1709142499.206304510,1709142499.205854564,/rigid_bodies.rigidbodies[2].pose.position.z,0.1840589975071726
28.53303467,1709142499.216016814,1709142499.215594543,/rigid_bodies.rigidbodies[2].pose.position.z,0.18440852077971567
28.543085857,1709142499.226068001,1709142499.225670073,/rigid_bodies.rigidbodies[2].pose.position.z,0.18432920052662918
28.552984647,1709142499.235966791,1709142499.235561306,/rigid_bodies.rigidbodies[2].pose.position.z,0.18451907281453084
28.563004219,1709142499.245986363,1709142499.245568595,/rigid_bodies.rigidbodies[2].pose.position.z,0.18454441795269297
28.57299451,1709142499.255976654,1709142499.255586762,/rigid_bodies.rigidbodies[2].pose.position.z,0.18451713331273178
28.583064272,1709142499.266046416,1709142499.265608155,/rigid_bodies.rigidbodies[2].pose.position.z,0.18451575334403178
28.593000716,1709142499.275982860,1709142499.275529077,/rigid_bodies.rigidbodies[2].pose.position.z,0.184300178483817
28.603309121,1709142499.286291265,1709142499.285734705,/rigid_bodies.rigidbodies[2].pose.position.z,0.18394002614095006
28.613125085,1709142499.296107229,1709142499.295618306,/rigid_bodies.rigidbodies[2].pose.position.z,0.1839331651717337
28.6233516,1709142499.306333744,1709142499.305833225,/rigid_bodies.rigidbodies[2].pose.position.z,0.18390577949930365
28.63306705,1709142499.316049194,1709142499.315584297,/rigid_bodies.rigidbodies[2].pose.position.z,0.18407518028645609
28.643131877000002,1709142499.326114021,1709142499.325618720,/rigid_bodies.rigidbodies[2].pose.position.z,0.1843275095080542
28.653034507,1709142499.336016651,1709142499.335533282,/rigid_bodies.rigidbodies[2].pose.position.z,0.18441867782995355
28.663002841,1709142499.345984985,1709142499.345523047,/rigid_bodies.rigidbodies[2].pose.position.z,0.1843533828454553
28.673389457,1709142499.356371601,1709142499.355822971,/rigid_bodies.rigidbodies[2].pose.position.z,0.18443682717794302
28.683605352,1709142499.366587496,1709142499.365958432,/rigid_bodies.rigidbodies[2].pose.position.z,0.18449620820611703
28.693666224,1709142499.376648368,1709142499.375973457,/rigid_bodies.rigidbodies[2].pose.position.z,0.18444256617655322
28.703313738,1709142499.386295882,1709142499.385783727,/rigid_bodies.rigidbodies[2].pose.position.z,0.18438048946780067
28.713437063,1709142499.396419207,1709142499.395857767,/rigid_bodies.rigidbodies[2].pose.position.z,0.1841062789832574
28.723180654,1709142499.406162798,1709142499.405707644,/rigid_bodies.rigidbodies[2].pose.position.z,0.18398173890070305
28.733198746,1709142499.416180890,1709142499.415719499,/rigid_bodies.rigidbodies[2].pose.position.z,0.18414576490829287
28.743739007,1709142499.426721151,1709142499.426034814,/rigid_bodies.rigidbodies[2].pose.position.z,0.1841716986256958
28.753181466,1709142499.436163610,1709142499.435826322,/rigid_bodies.rigidbodies[2].pose.position.z,0.18426771968221764
28.763056392,1709142499.446038536,1709142499.445756590,/rigid_bodies.rigidbodies[2].pose.position.z,0.1843439533240692
28.772982276,1709142499.455964420,1709142499.455594844,/rigid_bodies.rigidbodies[2].pose.position.z,0.18420590248900004
28.783121103,1709142499.466103247,1709142499.465731925,/rigid_bodies.rigidbodies[2].pose.position.z,0.18422500351274848
28.792835163,1709142499.475817307,1709142499.475512737,/rigid_bodies.rigidbodies[2].pose.position.z,0.18436490923489446
28.802987025,1709142499.485969169,1709142499.485643625,/rigid_bodies.rigidbodies[2].pose.position.z,0.18419465173860292
28.813037179,1709142499.496019323,1709142499.495671852,/rigid_bodies.rigidbodies[2].pose.position.z,0.1843154320155561
28.822814728,1709142499.505796872,1709142499.505493109,/rigid_bodies.rigidbodies[2].pose.position.z,0.1842695386419761
28.833220354,1709142499.516202498,1709142499.515734471,/rigid_bodies.rigidbodies[2].pose.position.z,0.18431104712547985
28.842944622,1709142499.525926766,1709142499.525561377,/rigid_bodies.rigidbodies[2].pose.position.z,0.18428078536049008
28.853019084,1709142499.536001228,1709142499.535606457,/rigid_bodies.rigidbodies[2].pose.position.z,0.184254777436163
28.863310366,1709142499.546292510,1709142499.545719625,/rigid_bodies.rigidbodies[2].pose.position.z,0.18426451321324197
28.872723108,1709142499.555705252,1709142499.555450405,/rigid_bodies.rigidbodies[2].pose.position.z,0.18441498766680817
28.882851585,1709142499.565833729,1709142499.565488993,/rigid_bodies.rigidbodies[2].pose.position.z,0.18450823764082275
28.892938575,1709142499.575920719,1709142499.575661232,/rigid_bodies.rigidbodies[2].pose.position.z,0.18430611411422568
28.902833022,1709142499.585815166,1709142499.585496462,/rigid_bodies.rigidbodies[2].pose.position.z,0.18435988707168388
28.912960401,1709142499.595942545,1709142499.595696643,/rigid_bodies.rigidbodies[2].pose.position.z,0.18414271949673566
28.92275045,1709142499.605732594,1709142499.605519027,/rigid_bodies.rigidbodies[2].pose.position.z,0.18409460224929783
28.932775894,1709142499.615758038,1709142499.615526590,/rigid_bodies.rigidbodies[2].pose.position.z,0.18420631873529894
28.942825509,1709142499.625807653,1709142499.625542533,/rigid_bodies.rigidbodies[2].pose.position.z,0.18416864650917214
28.952775687,1709142499.635757831,1709142499.635474204,/rigid_bodies.rigidbodies[2].pose.position.z,0.18412640942123357
28.962740103,1709142499.645722247,1709142499.645456114,/rigid_bodies.rigidbodies[2].pose.position.z,0.18420586542511014
28.972821624,1709142499.655803768,1709142499.655493650,/rigid_bodies.rigidbodies[2].pose.position.z,0.1843228718828616
28.983147253,1709142499.666129397,1709142499.665637234,/rigid_bodies.rigidbodies[2].pose.position.z,0.18455697941451996
28.99343579,1709142499.676417934,1709142499.675808129,/rigid_bodies.rigidbodies[2].pose.position.z,0.18472037674345604
29.003344425,1709142499.686326569,1709142499.685776977,/rigid_bodies.rigidbodies[2].pose.position.z,0.1847548185180936
29.013265278,1709142499.696247422,1709142499.695714543,/rigid_bodies.rigidbodies[2].pose.position.z,0.18457419615821014
29.023619166,1709142499.706601310,1709142499.705924332,/rigid_bodies.rigidbodies[2].pose.position.z,0.18452761719716415
29.033442369,1709142499.716424513,1709142499.715883562,/rigid_bodies.rigidbodies[2].pose.position.z,0.18436247502127293
29.043192,1709142499.726174144,1709142499.725695981,/rigid_bodies.rigidbodies[2].pose.position.z,0.1841763276617074
29.053589877,1709142499.736572021,1709142499.735887636,/rigid_bodies.rigidbodies[2].pose.position.z,0.18412003594759507
29.063358243,1709142499.746340387,1709142499.745730179,/rigid_bodies.rigidbodies[2].pose.position.z,0.18401983094077531
29.073201742,1709142499.756183886,1709142499.755774914,/rigid_bodies.rigidbodies[2].pose.position.z,0.18406218265199445
29.083293505,1709142499.766275649,1709142499.765759878,/rigid_bodies.rigidbodies[2].pose.position.z,0.18423161172598937
29.093167749,1709142499.776149893,1709142499.775672598,/rigid_bodies.rigidbodies[2].pose.position.z,0.18425300016474028
29.103366919,1709142499.786349063,1709142499.785778589,/rigid_bodies.rigidbodies[2].pose.position.z,0.1843764920270247
29.113207553,1709142499.796189697,1709142499.795667024,/rigid_bodies.rigidbodies[2].pose.position.z,0.18457317328412012
29.123795213,1709142499.806777357,1709142499.806052283,/rigid_bodies.rigidbodies[2].pose.position.z,0.18455993023319323
29.133313712,1709142499.816295856,1709142499.815735933,/rigid_bodies.rigidbodies[2].pose.position.z,0.18455451789060048
29.143234945,1709142499.826217089,1709142499.825705339,/rigid_bodies.rigidbodies[2].pose.position.z,0.18452804945605294
29.153710998,1709142499.836693142,1709142499.835967209,/rigid_bodies.rigidbodies[2].pose.position.z,0.18439066223218256
29.163377592,1709142499.846359736,1709142499.845783046,/rigid_bodies.rigidbodies[2].pose.position.z,0.18439811413146445
29.173375854,1709142499.856357998,1709142499.855821748,/rigid_bodies.rigidbodies[2].pose.position.z,0.18431876159446886
29.183871099,1709142499.866853243,1709142499.866049980,/rigid_bodies.rigidbodies[2].pose.position.z,0.18420103402400134
29.193197503,1709142499.876179647,1709142499.875606077,/rigid_bodies.rigidbodies[2].pose.position.z,0.18418419167566097
29.203436113,1709142499.886418257,1709142499.885822456,/rigid_bodies.rigidbodies[2].pose.position.z,0.18421575283642821
29.21298487,1709142499.895967014,1709142499.895578949,/rigid_bodies.rigidbodies[2].pose.position.z,0.1843196065683796
29.222991788,1709142499.905973932,1709142499.905567068,/rigid_bodies.rigidbodies[2].pose.position.z,0.18439424506656896
29.233126199,1709142499.916108343,1709142499.915667121,/rigid_bodies.rigidbodies[2].pose.position.z,0.18434541694106632
29.243619132,1709142499.926601276,1709142499.925968132,/rigid_bodies.rigidbodies[2].pose.position.z,0.1844810465825031
29.253213617,1709142499.936195761,1709142499.935744433,/rigid_bodies.rigidbodies[2].pose.position.z,0.18457722517341008
29.263070035,1709142499.946052179,1709142499.945622581,/rigid_bodies.rigidbodies[2].pose.position.z,0.18452452194989197
29.273097146,1709142499.956079290,1709142499.955724857,/rigid_bodies.rigidbodies[2].pose.position.z,0.18440999727797677
29.283146419,1709142499.966128563,1709142499.965713205,/rigid_bodies.rigidbodies[2].pose.position.z,0.1842559790008198
29.292984019,1709142499.975966163,1709142499.975623047,/rigid_bodies.rigidbodies[2].pose.position.z,0.184156074000626
29.303179334,1709142499.986161478,1709142499.985783000,/rigid_bodies.rigidbodies[2].pose.position.z,0.1841521125350315
29.312987377,1709142499.995969521,1709142499.995558342,/rigid_bodies.rigidbodies[2].pose.position.z,0.1840599253889692
29.323449812,1709142500.006431956,1709142500.005848824,/rigid_bodies.rigidbodies[2].pose.position.z,0.18418713413481994
29.333454382,1709142500.016436526,1709142500.015732166,/rigid_bodies.rigidbodies[2].pose.position.z,0.18423354742597717
29.343165936,1709142500.026148080,1709142500.025593730,/rigid_bodies.rigidbodies[2].pose.position.z,0.1842512077708513
29.352803907,1709142500.035786051,1709142500.035419554,/rigid_bodies.rigidbodies[2].pose.position.z,0.18446761422991642
29.362815462,1709142500.045797606,1709142500.045409018,/rigid_bodies.rigidbodies[2].pose.position.z,0.18449167645766626
29.372809399,1709142500.055791543,1709142500.055415611,/rigid_bodies.rigidbodies[2].pose.position.z,0.1843986354891927
29.382711081,1709142500.065693225,1709142500.065452167,/rigid_bodies.rigidbodies[2].pose.position.z,0.18431546931830703
29.392757255,1709142500.075739399,1709142500.075525298,/rigid_bodies.rigidbodies[2].pose.position.z,0.18410946133311892
29.40277172,1709142500.085753864,1709142500.085532062,/rigid_bodies.rigidbodies[2].pose.position.z,0.18413096659044162
29.412634834,1709142500.095616978,1709142500.095353389,/rigid_bodies.rigidbodies[2].pose.position.z,0.18423522587881522
29.422846475,1709142500.105828619,1709142500.105523905,/rigid_bodies.rigidbodies[2].pose.position.z,0.18421619656283594
29.43293824,1709142500.115920384,1709142500.115575029,/rigid_bodies.rigidbodies[2].pose.position.z,0.18416849555796475
29.443035711,1709142500.126017855,1709142500.125627650,/rigid_bodies.rigidbodies[2].pose.position.z,0.1842824816648032
29.453153911,1709142500.136136055,1709142500.135681591,/rigid_bodies.rigidbodies[2].pose.position.z,0.18449379618850137
29.463232674,1709142500.146214818,1709142500.145698134,/rigid_bodies.rigidbodies[2].pose.position.z,0.1847113069792906
29.473123243,1709142500.156105387,1709142500.155703123,/rigid_bodies.rigidbodies[2].pose.position.z,0.18473165349280277
29.482638747,1709142500.165620891,1709142500.165432684,/rigid_bodies.rigidbodies[2].pose.position.z,0.18443426008520672
29.493133828,1709142500.176115972,1709142500.175673421,/rigid_bodies.rigidbodies[2].pose.position.z,0.18410007768028155
29.503166393,1709142500.186148537,1709142500.185650724,/rigid_bodies.rigidbodies[2].pose.position.z,0.1840408534584121
29.513096725,1709142500.196078869,1709142500.195641704,/rigid_bodies.rigidbodies[2].pose.position.z,0.18410165423614208
29.523663614,1709142500.206645758,1709142500.205997195,/rigid_bodies.rigidbodies[2].pose.position.z,0.18409879077828442
29.533542002,1709142500.216524146,1709142500.215885565,/rigid_bodies.rigidbodies[2].pose.position.z,0.18398200826902375
29.543345861,1709142500.226328005,1709142500.225787567,/rigid_bodies.rigidbodies[2].pose.position.z,0.18394505469050043
29.553220469,1709142500.236202613,1709142500.235705765,/rigid_bodies.rigidbodies[2].pose.position.z,0.18416971966327556
29.563257196,1709142500.246239340,1709142500.245736334,/rigid_bodies.rigidbodies[2].pose.position.z,0.18452176876606316
29.573182415,1709142500.256164559,1709142500.255768118,/rigid_bodies.rigidbodies[2].pose.position.z,0.184660585286715
29.583700607,1709142500.266682751,1709142500.266044245,/rigid_bodies.rigidbodies[2].pose.position.z,0.18479602143435647
29.593323904000002,1709142500.276306048,1709142500.275800415,/rigid_bodies.rigidbodies[2].pose.position.z,0.18470501117383495
29.603851423000002,1709142500.286833567,1709142500.285991959,/rigid_bodies.rigidbodies[2].pose.position.z,0.1846158756231632
29.61348897,1709142500.296471114,1709142500.295951145,/rigid_bodies.rigidbodies[2].pose.position.z,0.1844313434582447
29.623196986,1709142500.306179130,1709142500.305788069,/rigid_bodies.rigidbodies[2].pose.position.z,0.18435018279681292
29.6334724,1709142500.316454544,1709142500.315852334,/rigid_bodies.rigidbodies[2].pose.position.z,0.18402796654102732
29.643503463000002,1709142500.326485607,1709142500.325875394,/rigid_bodies.rigidbodies[2].pose.position.z,0.18376560042261442
29.652993834,1709142500.335975978,1709142500.335598199,/rigid_bodies.rigidbodies[2].pose.position.z,0.18374390296034743
29.663035113,1709142500.346017257,1709142500.345645054,/rigid_bodies.rigidbodies[2].pose.position.z,0.18402662458503197
29.673201554,1709142500.356183698,1709142500.355743259,/rigid_bodies.rigidbodies[2].pose.position.z,0.18426655921077834
29.682970359,1709142500.365952503,1709142500.365576710,/rigid_bodies.rigidbodies[2].pose.position.z,0.18465143030090658
29.693260319,1709142500.376242463,1709142500.375772934,/rigid_bodies.rigidbodies[2].pose.position.z,0.18467275494711968
29.703396627,1709142500.386378771,1709142500.385874501,/rigid_bodies.rigidbodies[2].pose.position.z,0.18484138075609313
29.71316041,1709142500.396142554,1709142500.395690254,/rigid_bodies.rigidbodies[2].pose.position.z,0.18478118088483955
29.723101162,1709142500.406083306,1709142500.405624806,/rigid_bodies.rigidbodies[2].pose.position.z,0.1846466464098909
29.733416494,1709142500.416398638,1709142500.415826508,/rigid_bodies.rigidbodies[2].pose.position.z,0.18464213723749534
29.742999126,1709142500.425981270,1709142500.425566522,/rigid_bodies.rigidbodies[2].pose.position.z,0.18404608866531344
29.753337343,1709142500.436319487,1709142500.435784858,/rigid_bodies.rigidbodies[2].pose.position.z,0.18372962908787754
29.763036402,1709142500.446018546,1709142500.445626068,/rigid_bodies.rigidbodies[2].pose.position.z,0.18400938358915991
29.773074155,1709142500.456056299,1709142500.455664448,/rigid_bodies.rigidbodies[2].pose.position.z,0.18504244405123094
29.783302086,1709142500.466284230,1709142500.465878521,/rigid_bodies.rigidbodies[2].pose.position.z,0.18415151460347665
29.793149061,1709142500.476131205,1709142500.475672967,/rigid_bodies.rigidbodies[2].pose.position.z,0.18443582253618718
29.803214953,1709142500.486197097,1709142500.485791292,/rigid_bodies.rigidbodies[2].pose.position.z,0.18443638873091667
29.813086187,1709142500.496068331,1709142500.495692438,/rigid_bodies.rigidbodies[2].pose.position.z,0.1843816148476845
29.82346611,1709142500.506448254,1709142500.505877291,/rigid_bodies.rigidbodies[2].pose.position.z,0.18498656731266994
29.841739145,1709142500.524721289,1709142500.524256578,/rigid_bodies.rigidbodies[2].pose.position.z,0.18563254497617987
29.843111759,1709142500.526093903,1709142500.525701910,/rigid_bodies.rigidbodies[2].pose.position.z,0.1845031358648242
29.853687844,1709142500.536669988,1709142500.536141278,/rigid_bodies.rigidbodies[2].pose.position.z,0.18448427162456132
29.863235129,1709142500.546217273,1709142500.545813074,/rigid_bodies.rigidbodies[2].pose.position.z,0.18418134078437517
29.87315485,1709142500.556136994,1709142500.555783544,/rigid_bodies.rigidbodies[2].pose.position.z,0.18410412111641775
29.88351713,1709142500.566499274,1709142500.565990571,/rigid_bodies.rigidbodies[2].pose.position.z,0.1841093162569317
29.89330105,1709142500.576283194,1709142500.575833575,/rigid_bodies.rigidbodies[2].pose.position.z,0.18407506128628479
29.903281366,1709142500.586263510,1709142500.585878622,/rigid_bodies.rigidbodies[2].pose.position.z,0.18416593201098908
29.913181891,1709142500.596164035,1709142500.595710242,/rigid_bodies.rigidbodies[2].pose.position.z,0.1842628398568015
29.922919429,1709142500.605901573,1709142500.605543316,/rigid_bodies.rigidbodies[2].pose.position.z,0.18442252353892818
29.933282009,1709142500.616264153,1709142500.615798534,/rigid_bodies.rigidbodies[2].pose.position.z,0.18484683215025194
29.942993624,1709142500.625975768,1709142500.625611792,/rigid_bodies.rigidbodies[2].pose.position.z,0.18448623304512157
29.953636964,1709142500.636619108,1709142500.635967719,/rigid_bodies.rigidbodies[2].pose.position.z,0.18435794416553494
29.963286681,1709142500.646268825,1709142500.645771100,/rigid_bodies.rigidbodies[2].pose.position.z,0.1842576390516119
29.973136767,1709142500.656118911,1709142500.655687885,/rigid_bodies.rigidbodies[2].pose.position.z,0.18414878212060415
29.983588869000002,1709142500.666571013,1709142500.665843037,/rigid_bodies.rigidbodies[2].pose.position.z,0.18429633760175418
29.993228046,1709142500.676210190,1709142500.675671446,/rigid_bodies.rigidbodies[2].pose.position.z,0.18438441856804472
30.003104479,1709142500.686086623,1709142500.685742790,/rigid_bodies.rigidbodies[2].pose.position.z,0.18482357063379926
30.013305251,1709142500.696287395,1709142500.695847130,/rigid_bodies.rigidbodies[2].pose.position.z,0.18443486805570375
30.023234408,1709142500.706216552,1709142500.705810242,/rigid_bodies.rigidbodies[2].pose.position.z,0.18449087320648178
30.033540502,1709142500.716522646,1709142500.715997062,/rigid_bodies.rigidbodies[2].pose.position.z,0.1845654427867289
30.04336794,1709142500.726350084,1709142500.725850236,/rigid_bodies.rigidbodies[2].pose.position.z,0.18450296604040833
30.053186043,1709142500.736168187,1709142500.735709075,/rigid_bodies.rigidbodies[2].pose.position.z,0.18468523469942502
30.063094321,1709142500.746076465,1709142500.745709948,/rigid_bodies.rigidbodies[2].pose.position.z,0.18427345458190866
30.073170293,1709142500.756152437,1709142500.755755748,/rigid_bodies.rigidbodies[2].pose.position.z,0.18415675628638623
30.083219803,1709142500.766201947,1709142500.765795048,/rigid_bodies.rigidbodies[2].pose.position.z,0.18443366588491758
30.093701819,1709142500.776683963,1709142500.776103678,/rigid_bodies.rigidbodies[2].pose.position.z,0.18387621484319136
30.103130388,1709142500.786112532,1709142500.785731818,/rigid_bodies.rigidbodies[2].pose.position.z,0.18392734385861856
30.11312885,1709142500.796110994,1709142500.795719538,/rigid_bodies.rigidbodies[2].pose.position.z,0.18414665781476727
30.123665945,1709142500.806648089,1709142500.806026884,/rigid_bodies.rigidbodies[2].pose.position.z,0.18427750748040111
30.133150408,1709142500.816132552,1709142500.815682222,/rigid_bodies.rigidbodies[2].pose.position.z,0.18459060716837153
30.143227422,1709142500.826209566,1709142500.825709729,/rigid_bodies.rigidbodies[2].pose.position.z,0.18478665225633034
30.153453215,1709142500.836435359,1709142500.835862638,/rigid_bodies.rigidbodies[2].pose.position.z,0.18474103860557683
30.16313605,1709142500.846118194,1709142500.845601204,/rigid_bodies.rigidbodies[2].pose.position.z,0.18460742440630729
30.173218597,1709142500.856200741,1709142500.855692496,/rigid_bodies.rigidbodies[2].pose.position.z,0.18445986524565605
30.183520701,1709142500.866502845,1709142500.865827767,/rigid_bodies.rigidbodies[2].pose.position.z,0.1843468923486889
30.193381801,1709142500.876363945,1709142500.875805290,/rigid_bodies.rigidbodies[2].pose.position.z,0.18421571263564854
30.203465914,1709142500.886448058,1709142500.885889610,/rigid_bodies.rigidbodies[2].pose.position.z,0.18392256025189924
30.213460273,1709142500.896442417,1709142500.895886206,/rigid_bodies.rigidbodies[2].pose.position.z,0.18346479837148794
30.223082911,1709142500.906065055,1709142500.905626513,/rigid_bodies.rigidbodies[2].pose.position.z,0.18360048171698004
30.233428672,1709142500.916410816,1709142500.915871611,/rigid_bodies.rigidbodies[2].pose.position.z,0.18395724910034433
30.243292178,1709142500.926274322,1709142500.925747153,/rigid_bodies.rigidbodies[2].pose.position.z,0.18442578941841473
30.253357856,1709142500.936340000,1709142500.935796706,/rigid_bodies.rigidbodies[2].pose.position.z,0.18494291297534382
30.263150217,1709142500.946132361,1709142500.945645722,/rigid_bodies.rigidbodies[2].pose.position.z,0.1848053458814446
30.273150142,1709142500.956132286,1709142500.955715517,/rigid_bodies.rigidbodies[2].pose.position.z,0.18462567910694241
30.283527674,1709142500.966509818,1709142500.965911762,/rigid_bodies.rigidbodies[2].pose.position.z,0.18521165249255278
30.292929955,1709142500.975912099,1709142500.975570567,/rigid_bodies.rigidbodies[2].pose.position.z,0.18480715680910165
30.303327034,1709142500.986309178,1709142500.985797025,/rigid_bodies.rigidbodies[2].pose.position.z,0.18472099397296768
30.313194404,1709142500.996176548,1709142500.995737406,/rigid_bodies.rigidbodies[2].pose.position.z,0.18401582959766863
30.323158842,1709142501.006140986,1709142501.005718083,/rigid_bodies.rigidbodies[2].pose.position.z,0.18388060359058975
30.333336418000002,1709142501.016318562,1709142501.015810149,/rigid_bodies.rigidbodies[2].pose.position.z,0.1838469856037373
30.342944412,1709142501.025926556,1709142501.025570884,/rigid_bodies.rigidbodies[2].pose.position.z,0.18410226729977094
30.353078974,1709142501.036061118,1709142501.035625105,/rigid_bodies.rigidbodies[2].pose.position.z,0.1841169481430107
30.363136617,1709142501.046118761,1709142501.045604535,/rigid_bodies.rigidbodies[2].pose.position.z,0.18432765092791192
30.372924861,1709142501.055907005,1709142501.055511921,/rigid_bodies.rigidbodies[2].pose.position.z,0.18506175108181286
30.383026027,1709142501.066008171,1709142501.065625772,/rigid_bodies.rigidbodies[2].pose.position.z,0.1845284290157122
30.393009904,1709142501.075992048,1709142501.075617043,/rigid_bodies.rigidbodies[2].pose.position.z,0.18485517047025332
30.402896367,1709142501.085878511,1709142501.085625130,/rigid_bodies.rigidbodies[2].pose.position.z,0.1849151704973507
30.413129139,1709142501.096111283,1709142501.095625094,/rigid_bodies.rigidbodies[2].pose.position.z,0.1846990405300995
30.42304429,1709142501.106026434,1709142501.105573423,/rigid_bodies.rigidbodies[2].pose.position.z,0.18435441765896476
30.433506029,1709142501.116488173,1709142501.115853175,/rigid_bodies.rigidbodies[2].pose.position.z,0.18426733158999417
30.443255693,1709142501.126237837,1709142501.125699198,/rigid_bodies.rigidbodies[2].pose.position.z,0.1841877753821344
30.453100871,1709142501.136083015,1709142501.135609483,/rigid_bodies.rigidbodies[2].pose.position.z,0.18413690585757564
30.463165482,1709142501.146147626,1709142501.145654686,/rigid_bodies.rigidbodies[2].pose.position.z,0.18410998330505654
30.473249288,1709142501.156231432,1709142501.155753995,/rigid_bodies.rigidbodies[2].pose.position.z,0.1840076278725684
30.482970318,1709142501.165952462,1709142501.165624515,/rigid_bodies.rigidbodies[2].pose.position.z,0.18411304497658193
30.49339425,1709142501.176376394,1709142501.175774919,/rigid_bodies.rigidbodies[2].pose.position.z,0.18399497336828802
30.503362133,1709142501.186344277,1709142501.185846586,/rigid_bodies.rigidbodies[2].pose.position.z,0.18446893846324672
30.513019887,1709142501.196002031,1709142501.195623672,/rigid_bodies.rigidbodies[2].pose.position.z,0.18458569261906402
30.523292857,1709142501.206275001,1709142501.205681330,/rigid_bodies.rigidbodies[2].pose.position.z,0.1846487473517359
30.533254862,1709142501.216237006,1709142501.215672947,/rigid_bodies.rigidbodies[2].pose.position.z,0.1843564846411604
30.543145848,1709142501.226127992,1709142501.225653431,/rigid_bodies.rigidbodies[2].pose.position.z,0.18480593304902007
30.553076994,1709142501.236059138,1709142501.235618436,/rigid_bodies.rigidbodies[2].pose.position.z,0.1842847574885261
30.563010013,1709142501.245992157,1709142501.245561871,/rigid_bodies.rigidbodies[2].pose.position.z,0.1843397154906256
30.573325171,1709142501.256307315,1709142501.255797030,/rigid_bodies.rigidbodies[2].pose.position.z,0.1841378924867614
30.583288716,1709142501.266270860,1709142501.265878534,/rigid_bodies.rigidbodies[2].pose.position.z,0.1843442992249425
30.593538608,1709142501.276520752,1709142501.276044181,/rigid_bodies.rigidbodies[2].pose.position.z,0.18454772006345418
30.603129612,1709142501.286111756,1709142501.285740090,/rigid_bodies.rigidbodies[2].pose.position.z,0.1848437079679607
30.613079603,1709142501.296061747,1709142501.295723682,/rigid_bodies.rigidbodies[2].pose.position.z,0.18471938342772062
30.623399887,1709142501.306382031,1709142501.305948630,/rigid_bodies.rigidbodies[2].pose.position.z,0.18450886181318685
30.633282692,1709142501.316264836,1709142501.315843287,/rigid_bodies.rigidbodies[2].pose.position.z,0.18443619220150043
30.64299898,1709142501.325981124,1709142501.325628297,/rigid_bodies.rigidbodies[2].pose.position.z,0.18416473499037642
30.653231815,1709142501.336213959,1709142501.335793253,/rigid_bodies.rigidbodies[2].pose.position.z,0.18414576021244264
30.663156305,1709142501.346138449,1709142501.345787626,/rigid_bodies.rigidbodies[2].pose.position.z,0.1839815190123597
30.673121426,1709142501.356103570,1709142501.355705489,/rigid_bodies.rigidbodies[2].pose.position.z,0.1837962694972465
30.683563471,1709142501.366545615,1709142501.366056507,/rigid_bodies.rigidbodies[2].pose.position.z,0.18398149722665874
30.69303967,1709142501.376021814,1709142501.375668660,/rigid_bodies.rigidbodies[2].pose.position.z,0.18412077643991134
30.703704522,1709142501.386686666,1709142501.386058236,/rigid_bodies.rigidbodies[2].pose.position.z,0.18440429770938777
30.713250156,1709142501.396232300,1709142501.395707146,/rigid_bodies.rigidbodies[2].pose.position.z,0.184808768381559
30.723268071,1709142501.406250215,1709142501.405758090,/rigid_bodies.rigidbodies[2].pose.position.z,0.18500881765327293
30.733693107,1709142501.416675251,1709142501.416035224,/rigid_bodies.rigidbodies[2].pose.position.z,0.18506399567767104
30.743286445,1709142501.426268589,1709142501.425823919,/rigid_bodies.rigidbodies[2].pose.position.z,0.1848505356901393
30.75346317,1709142501.436445314,1709142501.435896902,/rigid_bodies.rigidbodies[2].pose.position.z,0.18470989056667475
30.762934165,1709142501.445916309,1709142501.445486228,/rigid_bodies.rigidbodies[2].pose.position.z,0.18446971269128123
30.77299449,1709142501.455976634,1709142501.455625587,/rigid_bodies.rigidbodies[2].pose.position.z,0.18417533560698376
30.783217672,1709142501.466199816,1709142501.465758797,/rigid_bodies.rigidbodies[2].pose.position.z,0.18391351492630262
30.79337758,1709142501.476359724,1709142501.475731164,/rigid_bodies.rigidbodies[2].pose.position.z,0.18355618298215626
30.803088684,1709142501.486070828,1709142501.485688255,/rigid_bodies.rigidbodies[2].pose.position.z,0.1835585568257125
30.813145567,1709142501.496127711,1709142501.495712940,/rigid_bodies.rigidbodies[2].pose.position.z,0.18390446552278067
30.823331082,1709142501.506313226,1709142501.505834070,/rigid_bodies.rigidbodies[2].pose.position.z,0.18419808421583517
30.833577605,1709142501.516559749,1709142501.515970881,/rigid_bodies.rigidbodies[2].pose.position.z,0.18461874538920747
30.843238886,1709142501.526221030,1709142501.525823307,/rigid_bodies.rigidbodies[2].pose.position.z,0.18489583593195238
30.853449753,1709142501.536431897,1709142501.535898603,/rigid_bodies.rigidbodies[2].pose.position.z,0.1849914218977751
30.863164261,1709142501.546146405,1709142501.545674693,/rigid_bodies.rigidbodies[2].pose.position.z,0.18498982072495188
30.873063036,1709142501.556045180,1709142501.555780116,/rigid_bodies.rigidbodies[2].pose.position.z,0.1849733828043283
30.883184239,1709142501.566166383,1709142501.565832328,/rigid_bodies.rigidbodies[2].pose.position.z,0.18460214867356975
30.892648259,1709142501.575630403,1709142501.575502998,/rigid_bodies.rigidbodies[2].pose.position.z,0.18412825491087592
30.902954244,1709142501.585936388,1709142501.585643442,/rigid_bodies.rigidbodies[2].pose.position.z,0.18384771601568947
30.912817616,1709142501.595799760,1709142501.595585082,/rigid_bodies.rigidbodies[2].pose.position.z,0.18373803758747093
30.922951191,1709142501.605933335,1709142501.605667986,/rigid_bodies.rigidbodies[2].pose.position.z,0.18394518145546745
30.933111055,1709142501.616093199,1709142501.615737798,/rigid_bodies.rigidbodies[2].pose.position.z,0.18402801262129642
30.943028166,1709142501.626010310,1709142501.625634564,/rigid_bodies.rigidbodies[2].pose.position.z,0.184081211914899
30.953400523,1709142501.636382667,1709142501.635909574,/rigid_bodies.rigidbodies[2].pose.position.z,0.18427098511903803
30.962975092,1709142501.645957236,1709142501.645653753,/rigid_bodies.rigidbodies[2].pose.position.z,0.1845231243177622
30.972928039,1709142501.655910183,1709142501.655617587,/rigid_bodies.rigidbodies[2].pose.position.z,0.1848077311513091
30.983048592,1709142501.666030736,1709142501.665658056,/rigid_bodies.rigidbodies[2].pose.position.z,0.18477383987712398
30.993252226,1709142501.676234370,1709142501.675830609,/rigid_bodies.rigidbodies[2].pose.position.z,0.1845693228932017
31.003164539,1709142501.686146683,1709142501.685846015,/rigid_bodies.rigidbodies[2].pose.position.z,0.1844014506487027
31.013130138,1709142501.696112282,1709142501.695761703,/rigid_bodies.rigidbodies[2].pose.position.z,0.18443275247642604
31.023284416,1709142501.706266560,1709142501.705874920,/rigid_bodies.rigidbodies[2].pose.position.z,0.18424903450751634
31.033384108,1709142501.716366252,1709142501.715928653,/rigid_bodies.rigidbodies[2].pose.position.z,0.18413941217278562
31.043174304,1709142501.726156448,1709142501.725794914,/rigid_bodies.rigidbodies[2].pose.position.z,0.18419241287121602
31.053413188,1709142501.736395332,1709142501.735982757,/rigid_bodies.rigidbodies[2].pose.position.z,0.1840281286675613
31.06319627,1709142501.746178414,1709142501.745742090,/rigid_bodies.rigidbodies[2].pose.position.z,0.1841880033782591
31.073214187,1709142501.756196331,1709142501.755809100,/rigid_bodies.rigidbodies[2].pose.position.z,0.1844506921992128
31.083315311,1709142501.766297455,1709142501.765898328,/rigid_bodies.rigidbodies[2].pose.position.z,0.18450946026839782
31.093174976,1709142501.776157120,1709142501.775747308,/rigid_bodies.rigidbodies[2].pose.position.z,0.1842552364848718
31.103565493,1709142501.786547637,1709142501.786043456,/rigid_bodies.rigidbodies[2].pose.position.z,0.18415372917311046
31.113506462,1709142501.796488606,1709142501.796003705,/rigid_bodies.rigidbodies[2].pose.position.z,0.18427668339329922
31.123136813,1709142501.806118957,1709142501.805760150,/rigid_bodies.rigidbodies[2].pose.position.z,0.1844695008910884
31.133389801,1709142501.816371945,1709142501.815974002,/rigid_bodies.rigidbodies[2].pose.position.z,0.1843419627183444
31.143390897,1709142501.826373041,1709142501.826009793,/rigid_bodies.rigidbodies[2].pose.position.z,0.18422077773088566
31.15318037,1709142501.836162514,1709142501.835768940,/rigid_bodies.rigidbodies[2].pose.position.z,0.18425692363816823
31.16316863,1709142501.846150774,1709142501.845765265,/rigid_bodies.rigidbodies[2].pose.position.z,0.18447680659858842
31.17303376,1709142501.856015904,1709142501.855676756,/rigid_bodies.rigidbodies[2].pose.position.z,0.18446890159660292
31.183017262,1709142501.865999406,1709142501.865647977,/rigid_bodies.rigidbodies[2].pose.position.z,0.18467934075205875
31.193120413,1709142501.876102557,1709142501.875731465,/rigid_bodies.rigidbodies[2].pose.position.z,0.18473129400567584
31.203498079,1709142501.886480223,1709142501.885891431,/rigid_bodies.rigidbodies[2].pose.position.z,0.1845130786669616
31.213008626,1709142501.895990770,1709142501.895682441,/rigid_bodies.rigidbodies[2].pose.position.z,0.1841854606891864
31.223376328,1709142501.906358472,1709142501.905804946,/rigid_bodies.rigidbodies[2].pose.position.z,0.18418176604139175
31.233647827,1709142501.916629971,1709142501.915832180,/rigid_bodies.rigidbodies[2].pose.position.z,0.18416832665304816
31.243157656,1709142501.926139800,1709142501.925690648,/rigid_bodies.rigidbodies[2].pose.position.z,0.1840114349033423
31.253180634,1709142501.936162778,1709142501.935712080,/rigid_bodies.rigidbodies[2].pose.position.z,0.18399536900281976
31.263254702,1709142501.946236846,1709142501.945724291,/rigid_bodies.rigidbodies[2].pose.position.z,0.18414926649670119
31.273070029,1709142501.956052173,1709142501.955676087,/rigid_bodies.rigidbodies[2].pose.position.z,0.1843519199006944
31.28314144,1709142501.966123584,1709142501.965734205,/rigid_bodies.rigidbodies[2].pose.position.z,0.18449910816187204
31.293340453,1709142501.976322597,1709142501.975888708,/rigid_bodies.rigidbodies[2].pose.position.z,0.18464218987629594
31.303137696,1709142501.986119840,1709142501.985754671,/rigid_bodies.rigidbodies[2].pose.position.z,0.18495136953389188
31.313218893,1709142501.996201037,1709142501.995825121,/rigid_bodies.rigidbodies[2].pose.position.z,0.18503845575108552
31.323521815,1709142502.006503959,1709142502.006031702,/rigid_bodies.rigidbodies[2].pose.position.z,0.18483746131187165
31.333283397,1709142502.016265541,1709142502.015794608,/rigid_bodies.rigidbodies[2].pose.position.z,0.18465850669575554
31.343338167,1709142502.026320311,1709142502.025822607,/rigid_bodies.rigidbodies[2].pose.position.z,0.18429851440897826
31.353023843,1709142502.036005987,1709142502.035680867,/rigid_bodies.rigidbodies[2].pose.position.z,0.18398674782141938
31.362783608,1709142502.045765752,1709142502.045513315,/rigid_bodies.rigidbodies[2].pose.position.z,0.18386864982203985
31.372809506,1709142502.055791650,1709142502.055552766,/rigid_bodies.rigidbodies[2].pose.position.z,0.18364242300546807
31.383002586,1709142502.065984730,1709142502.065655318,/rigid_bodies.rigidbodies[2].pose.position.z,0.18399071560813535
31.39288948,1709142502.075871624,1709142502.075661494,/rigid_bodies.rigidbodies[2].pose.position.z,0.18414753226153077
31.402750738,1709142502.085732882,1709142502.085509435,/rigid_bodies.rigidbodies[2].pose.position.z,0.18420272822511244
31.412780318,1709142502.095762462,1709142502.095527426,/rigid_bodies.rigidbodies[2].pose.position.z,0.18452864586927184
31.422874697,1709142502.105856841,1709142502.105510995,/rigid_bodies.rigidbodies[2].pose.position.z,0.1847165187866728
31.43285954,1709142502.115841684,1709142502.115578665,/rigid_bodies.rigidbodies[2].pose.position.z,0.18472117106659977
31.443061637,1709142502.126043781,1709142502.125638361,/rigid_bodies.rigidbodies[2].pose.position.z,0.184771372781748
31.453228871,1709142502.136211015,1709142502.135784335,/rigid_bodies.rigidbodies[2].pose.position.z,0.18490495375418214
31.463256871,1709142502.146239015,1709142502.145818429,/rigid_bodies.rigidbodies[2].pose.position.z,0.1843937976369975
31.473073369,1709142502.156055513,1709142502.155745352,/rigid_bodies.rigidbodies[2].pose.position.z,0.18396664043135644
31.483260741,1709142502.166242885,1709142502.165904036,/rigid_bodies.rigidbodies[2].pose.position.z,0.18382931308180792
31.492795356,1709142502.175777500,1709142502.175578577,/rigid_bodies.rigidbodies[2].pose.position.z,0.183898348615597
31.502682668,1709142502.185664812,1709142502.185437632,/rigid_bodies.rigidbodies[2].pose.position.z,0.18401106152284927
31.512841335,1709142502.195823479,1709142502.195538124,/rigid_bodies.rigidbodies[2].pose.position.z,0.1841007783224526
31.523082451,1709142502.206064595,1709142502.205609834,/rigid_bodies.rigidbodies[2].pose.position.z,0.18414370188979737
31.533514822,1709142502.216496966,1709142502.215838497,/rigid_bodies.rigidbodies[2].pose.position.z,0.18431173802102788
31.543183357,1709142502.226165501,1709142502.225637358,/rigid_bodies.rigidbodies[2].pose.position.z,0.18440715555511947
31.553107925,1709142502.236090069,1709142502.235639493,/rigid_bodies.rigidbodies[2].pose.position.z,0.18459590395108175
31.563281448,1709142502.246263592,1709142502.245743597,/rigid_bodies.rigidbodies[2].pose.position.z,0.18467221866407074
31.57312859,1709142502.256110734,1709142502.255665189,/rigid_bodies.rigidbodies[2].pose.position.z,0.18461920823982614
31.583212824,1709142502.266194968,1709142502.265722360,/rigid_bodies.rigidbodies[2].pose.position.z,0.1845494846987891
31.593082269,1709142502.276064413,1709142502.275701924,/rigid_bodies.rigidbodies[2].pose.position.z,0.18435355186606672
31.602945841,1709142502.285927985,1709142502.285617878,/rigid_bodies.rigidbodies[2].pose.position.z,0.18437993536334973
31.61297483,1709142502.295956974,1709142502.295555582,/rigid_bodies.rigidbodies[2].pose.position.z,0.1841473515583561
31.623578408,1709142502.306560552,1709142502.305891202,/rigid_bodies.rigidbodies[2].pose.position.z,0.18407352130408614
31.633383433,1709142502.316365577,1709142502.315836450,/rigid_bodies.rigidbodies[2].pose.position.z,0.18401844333052567
31.642929954,1709142502.325912098,1709142502.325571991,/rigid_bodies.rigidbodies[2].pose.position.z,0.1842440232585196
31.653642065,1709142502.336624209,1709142502.335922987,/rigid_bodies.rigidbodies[2].pose.position.z,0.18445959040796311
31.663250329,1709142502.346232473,1709142502.345670142,/rigid_bodies.rigidbodies[2].pose.position.z,0.18450958470325984
31.672961479,1709142502.355943623,1709142502.355566113,/rigid_bodies.rigidbodies[2].pose.position.z,0.1842244333521922
31.683211984,1709142502.366194128,1709142502.365723580,/rigid_bodies.rigidbodies[2].pose.position.z,0.18433963814700152
31.693056603,1709142502.376038747,1709142502.375636602,/rigid_bodies.rigidbodies[2].pose.position.z,0.18437074786268895
31.703020051,1709142502.386002195,1709142502.385598145,/rigid_bodies.rigidbodies[2].pose.position.z,0.1843564176813314
31.713066067,1709142502.396048211,1709142502.395621416,/rigid_bodies.rigidbodies[2].pose.position.z,0.18443650868605072
31.723146205,1709142502.406128349,1709142502.405730494,/rigid_bodies.rigidbodies[2].pose.position.z,0.18429019661847237
31.732985039,1709142502.415967183,1709142502.415596281,/rigid_bodies.rigidbodies[2].pose.position.z,0.18415639133028777
31.743150301,1709142502.426132445,1709142502.425819110,/rigid_bodies.rigidbodies[2].pose.position.z,0.1844374449899837
31.753165676000002,1709142502.436147820,1709142502.435789139,/rigid_bodies.rigidbodies[2].pose.position.z,0.18449534563706924
31.762818127,1709142502.445800271,1709142502.445548999,/rigid_bodies.rigidbodies[2].pose.position.z,0.18443460440977844
31.773018136,1709142502.456000280,1709142502.455590880,/rigid_bodies.rigidbodies[2].pose.position.z,0.18430834167436894
31.783257658,1709142502.466239802,1709142502.465687486,/rigid_bodies.rigidbodies[2].pose.position.z,0.1842800339596284
31.792879199,1709142502.475861343,1709142502.475567753,/rigid_bodies.rigidbodies[2].pose.position.z,0.18439395840932513
31.803146006,1709142502.486128150,1709142502.485736625,/rigid_bodies.rigidbodies[2].pose.position.z,0.18447165648254946
31.825319619,1709142502.508301763,1709142502.507970172,/rigid_bodies.rigidbodies[2].pose.position.z,0.18443862673684894
31.827764513,1709142502.510746657,1709142502.510486550,/rigid_bodies.rigidbodies[2].pose.position.z,0.18430334528075104
31.833542904,1709142502.516525048,1709142502.516058423,/rigid_bodies.rigidbodies[2].pose.position.z,0.18439522705826103
31.843093261,1709142502.526075405,1709142502.525725027,/rigid_bodies.rigidbodies[2].pose.position.z,0.18426528953405816
31.853075207,1709142502.536057351,1709142502.535736498,/rigid_bodies.rigidbodies[2].pose.position.z,0.1842968615887702
31.862905226,1709142502.545887370,1709142502.545634492,/rigid_bodies.rigidbodies[2].pose.position.z,0.1844607212979684
31.873196897,1709142502.556179041,1709142502.555761400,/rigid_bodies.rigidbodies[2].pose.position.z,0.18420652086285644
31.883383018,1709142502.566365162,1709142502.565829151,/rigid_bodies.rigidbodies[2].pose.position.z,0.18422050113097332
31.893237035,1709142502.576219179,1709142502.575733727,/rigid_bodies.rigidbodies[2].pose.position.z,0.18432912704736568
31.903524379,1709142502.586506523,1709142502.585900666,/rigid_bodies.rigidbodies[2].pose.position.z,0.18447858125747893
31.913347364,1709142502.596329508,1709142502.595862163,/rigid_bodies.rigidbodies[2].pose.position.z,0.18460594978848327
31.923203732,1709142502.606185876,1709142502.605764522,/rigid_bodies.rigidbodies[2].pose.position.z,0.1846424252924136
31.933490284,1709142502.616472428,1709142502.615962864,/rigid_bodies.rigidbodies[2].pose.position.z,0.18462401072137521
31.943210946,1709142502.626193090,1709142502.625813027,/rigid_bodies.rigidbodies[2].pose.position.z,0.18435810178657017
31.953130044,1709142502.636112188,1709142502.635734236,/rigid_bodies.rigidbodies[2].pose.position.z,0.18408398534127807
31.963149094,1709142502.646131238,1709142502.645733116,/rigid_bodies.rigidbodies[2].pose.position.z,0.1840643767706222
31.973088499,1709142502.656070643,1709142502.655751505,/rigid_bodies.rigidbodies[2].pose.position.z,0.18435521912144678
31.982978885,1709142502.665961029,1709142502.665653034,/rigid_bodies.rigidbodies[2].pose.position.z,0.1852652864767563
31.993086127,1709142502.676068271,1709142502.675649350,/rigid_bodies.rigidbodies[2].pose.position.z,0.18420005297393702
32.003102432,1709142502.686084576,1709142502.685695513,/rigid_bodies.rigidbodies[2].pose.position.z,0.1845123112427658
32.01319257,1709142502.696174714,1709142502.695741219,/rigid_bodies.rigidbodies[2].pose.position.z,0.18422056369978074
32.02293023,1709142502.705912374,1709142502.705580194,/rigid_bodies.rigidbodies[2].pose.position.z,0.18424660450668442
32.033631008,1709142502.716613152,1709142502.716026236,/rigid_bodies.rigidbodies[2].pose.position.z,0.18376834752935367
32.043231052,1709142502.726213196,1709142502.725821847,/rigid_bodies.rigidbodies[2].pose.position.z,0.1842652876921965
32.053068018,1709142502.736050162,1709142502.735694117,/rigid_bodies.rigidbodies[2].pose.position.z,0.1846414719493248
32.063114873,1709142502.746097017,1709142502.745703134,/rigid_bodies.rigidbodies[2].pose.position.z,0.18416824675924637
32.072934516,1709142502.755916660,1709142502.755633684,/rigid_bodies.rigidbodies[2].pose.position.z,0.18420586313246534
32.083092569,1709142502.766074713,1709142502.765700760,/rigid_bodies.rigidbodies[2].pose.position.z,0.18426922351602668
32.092786527,1709142502.775768671,1709142502.775515634,/rigid_bodies.rigidbodies[2].pose.position.z,0.18425504640463142
32.10289895,1709142502.785881094,1709142502.785614424,/rigid_bodies.rigidbodies[2].pose.position.z,0.18414045069071278
32.113067603,1709142502.796049747,1709142502.795671639,/rigid_bodies.rigidbodies[2].pose.position.z,0.18400353868093305
32.12322856,1709142502.806210704,1709142502.805681477,/rigid_bodies.rigidbodies[2].pose.position.z,0.18421168029206925
32.132985721,1709142502.815967865,1709142502.815545123,/rigid_bodies.rigidbodies[2].pose.position.z,0.18423152985136296
32.143183444,1709142502.826165588,1709142502.825620490,/rigid_bodies.rigidbodies[2].pose.position.z,0.18418818306781728
32.153381607,1709142502.836363751,1709142502.835740312,/rigid_bodies.rigidbodies[2].pose.position.z,0.1842807600597606
32.163096037,1709142502.846078181,1709142502.845631257,/rigid_bodies.rigidbodies[2].pose.position.z,0.18432231986567263
32.173332491,1709142502.856314635,1709142502.855726758,/rigid_bodies.rigidbodies[2].pose.position.z,0.18469417823468448
32.183383689,1709142502.866365833,1709142502.865796622,/rigid_bodies.rigidbodies[2].pose.position.z,0.1846477454641176
32.193043534,1709142502.876025678,1709142502.875638267,/rigid_bodies.rigidbodies[2].pose.position.z,0.18438632951868342
32.203005931,1709142502.885988075,1709142502.885666753,/rigid_bodies.rigidbodies[2].pose.position.z,0.1842815618852299
32.213306524,1709142502.896288668,1709142502.895924345,/rigid_bodies.rigidbodies[2].pose.position.z,0.18421423594291925
32.222965983,1709142502.905948127,1709142502.905666317,/rigid_bodies.rigidbodies[2].pose.position.z,0.18422206621486928
32.233087649,1709142502.916069793,1709142502.915711088,/rigid_bodies.rigidbodies[2].pose.position.z,0.1842918220989392
32.243043926,1709142502.926026070,1709142502.925602259,/rigid_bodies.rigidbodies[2].pose.position.z,0.18432746677724995
32.253374146,1709142502.936356290,1709142502.935957987,/rigid_bodies.rigidbodies[2].pose.position.z,0.18427771523456793
32.263089951,1709142502.946072095,1709142502.945691600,/rigid_bodies.rigidbodies[2].pose.position.z,0.18405765231344376
32.272968998,1709142502.955951142,1709142502.955601223,/rigid_bodies.rigidbodies[2].pose.position.z,0.18424467393812743
32.283288203,1709142502.966270347,1709142502.965838922,/rigid_bodies.rigidbodies[2].pose.position.z,0.18414806411171653
32.293437984,1709142502.976420128,1709142502.975885250,/rigid_bodies.rigidbodies[2].pose.position.z,0.18434060883538234
32.303316873,1709142502.986299017,1709142502.985761005,/rigid_bodies.rigidbodies[2].pose.position.z,0.18548257332837953
32.313173096,1709142502.996155240,1709142502.995664198,/rigid_bodies.rigidbodies[2].pose.position.z,0.18450065889438366
32.323424188,1709142503.006406332,1709142503.005860731,/rigid_bodies.rigidbodies[2].pose.position.z,0.18453125418878522
32.333628925,1709142503.016611069,1709142503.015926948,/rigid_bodies.rigidbodies[2].pose.position.z,0.18448193309607583
32.343126598,1709142503.026108742,1709142503.025611772,/rigid_bodies.rigidbodies[2].pose.position.z,0.18474368643515782
32.353660523,1709142503.036642667,1709142503.035917009,/rigid_bodies.rigidbodies[2].pose.position.z,0.18414605738599757
32.363199841,1709142503.046181985,1709142503.045661513,/rigid_bodies.rigidbodies[2].pose.position.z,0.18456591540931225
32.373023351,1709142503.056005495,1709142503.055605676,/rigid_bodies.rigidbodies[2].pose.position.z,0.1843794132617481
32.383437573,1709142503.066419717,1709142503.065919850,/rigid_bodies.rigidbodies[2].pose.position.z,0.1841937601590756
32.39346409,1709142503.076446234,1709142503.075981454,/rigid_bodies.rigidbodies[2].pose.position.z,0.18450420344377796
32.403053584,1709142503.086035728,1709142503.085720571,/rigid_bodies.rigidbodies[2].pose.position.z,0.18403833165081596
32.41329602,1709142503.096278164,1709142503.095915134,/rigid_bodies.rigidbodies[2].pose.position.z,0.18425261670194315
32.423420421,1709142503.106402565,1709142503.106026177,/rigid_bodies.rigidbodies[2].pose.position.z,0.1843233094065773
32.433421095,1709142503.116403239,1709142503.115977124,/rigid_bodies.rigidbodies[2].pose.position.z,0.18433819864637135
32.443077951,1709142503.126060095,1709142503.125822589,/rigid_bodies.rigidbodies[2].pose.position.z,0.18450495957038754
32.453461988,1709142503.136444132,1709142503.136024880,/rigid_bodies.rigidbodies[2].pose.position.z,0.18414623563790308
32.46292033,1709142503.145902474,1709142503.145617275,/rigid_bodies.rigidbodies[2].pose.position.z,0.1843507344285059
32.472948195,1709142503.155930339,1709142503.155654463,/rigid_bodies.rigidbodies[2].pose.position.z,0.18436837312971088
32.483211244,1709142503.166193388,1709142503.165761486,/rigid_bodies.rigidbodies[2].pose.position.z,0.18410772030859354
32.493181129,1709142503.176163273,1709142503.175704369,/rigid_bodies.rigidbodies[2].pose.position.z,0.1842516296578528
32.502986609,1709142503.185968753,1709142503.185640136,/rigid_bodies.rigidbodies[2].pose.position.z,0.1843808234904721
32.512910454,1709142503.195892598,1709142503.195560045,/rigid_bodies.rigidbodies[2].pose.position.z,0.18452495609232383
32.523171859,1709142503.206154003,1709142503.205710172,/rigid_bodies.rigidbodies[2].pose.position.z,0.1844758994214284
32.53285414,1709142503.215836284,1709142503.215508324,/rigid_bodies.rigidbodies[2].pose.position.z,0.18449074210153776
32.543128348,1709142503.226110492,1709142503.225700487,/rigid_bodies.rigidbodies[2].pose.position.z,0.18440116675233284
32.553292937,1709142503.236275081,1709142503.235814527,/rigid_bodies.rigidbodies[2].pose.position.z,0.18430442153742344
32.563161057,1709142503.246143201,1709142503.245754873,/rigid_bodies.rigidbodies[2].pose.position.z,0.18418636967764118
32.573200211,1709142503.256182355,1709142503.255722774,/rigid_bodies.rigidbodies[2].pose.position.z,0.18401845791154922
32.583293771,1709142503.266275915,1709142503.265724172,/rigid_bodies.rigidbodies[2].pose.position.z,0.18411952167204715
32.593207501,1709142503.276189645,1709142503.275699499,/rigid_bodies.rigidbodies[2].pose.position.z,0.18400770446111475
32.603320417,1709142503.286302561,1709142503.285772968,/rigid_bodies.rigidbodies[2].pose.position.z,0.18398414936266153
32.613018105,1709142503.296000249,1709142503.295651089,/rigid_bodies.rigidbodies[2].pose.position.z,0.18423453728276282
32.623019017,1709142503.306001161,1709142503.305630797,/rigid_bodies.rigidbodies[2].pose.position.z,0.18426004464039233
32.633387182,1709142503.316369326,1709142503.315887885,/rigid_bodies.rigidbodies[2].pose.position.z,0.1844277366313849
32.643216687,1709142503.326198831,1709142503.325769173,/rigid_bodies.rigidbodies[2].pose.position.z,0.18449236896791238
32.653015659,1709142503.335997803,1709142503.335593288,/rigid_bodies.rigidbodies[2].pose.position.z,0.1844441287698934
32.663004681,1709142503.345986825,1709142503.345622239,/rigid_bodies.rigidbodies[2].pose.position.z,0.18450816865325823
32.672943906,1709142503.355926050,1709142503.355610238,/rigid_bodies.rigidbodies[2].pose.position.z,0.18429675339014157
32.682973569,1709142503.365955713,1709142503.365661478,/rigid_bodies.rigidbodies[2].pose.position.z,0.1841849013894063
32.693083238,1709142503.376065382,1709142503.375742706,/rigid_bodies.rigidbodies[2].pose.position.z,0.1840272763685542
32.70334258,1709142503.386324724,1709142503.385890580,/rigid_bodies.rigidbodies[2].pose.position.z,0.18401252920467112
32.713217942,1709142503.396200086,1709142503.395805939,/rigid_bodies.rigidbodies[2].pose.position.z,0.18383697427270765
32.723021023,1709142503.406003167,1709142503.405694972,/rigid_bodies.rigidbodies[2].pose.position.z,0.1837264736219791
32.73348337,1709142503.416465514,1709142503.415955379,/rigid_bodies.rigidbodies[2].pose.position.z,0.18404813144159693
32.74341465,1709142503.426396794,1709142503.425849757,/rigid_bodies.rigidbodies[2].pose.position.z,0.18401239393543567
32.753138824,1709142503.436120968,1709142503.435740006,/rigid_bodies.rigidbodies[2].pose.position.z,0.1841811193758361
32.763110725,1709142503.446092869,1709142503.445675911,/rigid_bodies.rigidbodies[2].pose.position.z,0.1844697039695928
32.773276073,1709142503.456258217,1709142503.455832909,/rigid_bodies.rigidbodies[2].pose.position.z,0.18454514626477458
32.783164867,1709142503.466147011,1709142503.465726975,/rigid_bodies.rigidbodies[2].pose.position.z,0.18466417389328793
32.793004723,1709142503.475986867,1709142503.475629969,/rigid_bodies.rigidbodies[2].pose.position.z,0.18461715064007012
32.803636536,1709142503.486618680,1709142503.485964959,/rigid_bodies.rigidbodies[2].pose.position.z,0.18441211021553747
32.813039039,1709142503.496021183,1709142503.495666914,/rigid_bodies.rigidbodies[2].pose.position.z,0.1840389162906273
32.823043101,1709142503.506025245,1709142503.505651035,/rigid_bodies.rigidbodies[2].pose.position.z,0.1838927715691166
32.833556683,1709142503.516538827,1709142503.515979190,/rigid_bodies.rigidbodies[2].pose.position.z,0.18387526874459023
32.843025447,1709142503.526007591,1709142503.525648416,/rigid_bodies.rigidbodies[2].pose.position.z,0.18393539990354327
32.853043613,1709142503.536025757,1709142503.535665509,/rigid_bodies.rigidbodies[2].pose.position.z,0.1840779719410619
32.862887965,1709142503.545870109,1709142503.545548828,/rigid_bodies.rigidbodies[2].pose.position.z,0.18401264747879606
32.872993383,1709142503.555975527,1709142503.555622615,/rigid_bodies.rigidbodies[2].pose.position.z,0.18418662323988744
32.883042265,1709142503.566024409,1709142503.565611879,/rigid_bodies.rigidbodies[2].pose.position.z,0.1844658559929151
32.893341677,1709142503.576323821,1709142503.575916980,/rigid_bodies.rigidbodies[2].pose.position.z,0.18446454572493487
32.902961669,1709142503.585943813,1709142503.585639303,/rigid_bodies.rigidbodies[2].pose.position.z,0.1846771108698233
32.912903213,1709142503.595885357,1709142503.595634045,/rigid_bodies.rigidbodies[2].pose.position.z,0.18444765280804712
32.922919603,1709142503.605901747,1709142503.605640788,/rigid_bodies.rigidbodies[2].pose.position.z,0.18433859296456392
32.932647421,1709142503.615629565,1709142503.615465699,/rigid_bodies.rigidbodies[2].pose.position.z,0.18421271952356913
32.942752515,1709142503.625734659,1709142503.625505311,/rigid_bodies.rigidbodies[2].pose.position.z,0.1841899041029986
32.95315668,1709142503.636138824,1709142503.635755719,/rigid_bodies.rigidbodies[2].pose.position.z,0.18419003069418158
32.962924403,1709142503.645906547,1709142503.645619502,/rigid_bodies.rigidbodies[2].pose.position.z,0.18397938957076385
32.973167371,1709142503.656149515,1709142503.655836301,/rigid_bodies.rigidbodies[2].pose.position.z,0.184059336821777
32.983113939,1709142503.666096083,1709142503.665791894,/rigid_bodies.rigidbodies[2].pose.position.z,0.1839696889006628
32.992900186,1709142503.675882330,1709142503.675637420,/rigid_bodies.rigidbodies[2].pose.position.z,0.1839494155892715
33.003194713,1709142503.686176857,1709142503.685846440,/rigid_bodies.rigidbodies[2].pose.position.z,0.18383387337767354
33.013051949,1709142503.696034093,1709142503.695715700,/rigid_bodies.rigidbodies[2].pose.position.z,0.18426125561405104
33.022930253,1709142503.705912397,1709142503.705630676,/rigid_bodies.rigidbodies[2].pose.position.z,0.18452615951094758
33.03340147,1709142503.716383614,1709142503.715932470,/rigid_bodies.rigidbodies[2].pose.position.z,0.18461257295939706
33.043047805,1709142503.726029949,1709142503.725721527,/rigid_bodies.rigidbodies[2].pose.position.z,0.18462769803730392
33.052928738,1709142503.735910882,1709142503.735629327,/rigid_bodies.rigidbodies[2].pose.position.z,0.18444627380020356
33.063060149,1709142503.746042293,1709142503.745732711,/rigid_bodies.rigidbodies[2].pose.position.z,0.1851484835770711
33.072724173,1709142503.755706317,1709142503.755486515,/rigid_bodies.rigidbodies[2].pose.position.z,0.18258168879966616
33.082957613,1709142503.765939757,1709142503.765654832,/rigid_bodies.rigidbodies[2].pose.position.z,0.18408496847883213
33.09348692,1709142503.776469064,1709142503.775919552,/rigid_bodies.rigidbodies[2].pose.position.z,0.18398833359800718
33.103427011,1709142503.786409155,1709142503.785876812,/rigid_bodies.rigidbodies[2].pose.position.z,0.18399544257452988
33.113349647,1709142503.796331791,1709142503.795885152,/rigid_bodies.rigidbodies[2].pose.position.z,0.18406210718924534
33.123128721,1709142503.806110865,1709142503.805614242,/rigid_bodies.rigidbodies[2].pose.position.z,0.18419503559300748
33.133647551,1709142503.816629695,1709142503.815951244,/rigid_bodies.rigidbodies[2].pose.position.z,0.18496627525900458
33.142997151,1709142503.825979295,1709142503.825584777,/rigid_bodies.rigidbodies[2].pose.position.z,0.18492623061970773
33.153367448,1709142503.836349592,1709142503.835831168,/rigid_bodies.rigidbodies[2].pose.position.z,0.18482270486402358
33.162974413,1709142503.845956557,1709142503.845624372,/rigid_bodies.rigidbodies[2].pose.position.z,0.18459595011068938
33.173262971,1709142503.856245115,1709142503.855894535,/rigid_bodies.rigidbodies[2].pose.position.z,0.18441095045140327
33.1835008,1709142503.866482944,1709142503.865995053,/rigid_bodies.rigidbodies[2].pose.position.z,0.18414189703669082
33.193514107,1709142503.876496251,1709142503.875901870,/rigid_bodies.rigidbodies[2].pose.position.z,0.1842068991133686
33.203592531,1709142503.886574675,1709142503.886049909,/rigid_bodies.rigidbodies[2].pose.position.z,0.1841125033317289
33.213353398,1709142503.896335542,1709142503.895884901,/rigid_bodies.rigidbodies[2].pose.position.z,0.18396046350358086
33.223014526,1709142503.905996670,1709142503.905639806,/rigid_bodies.rigidbodies[2].pose.position.z,0.18390657418020498
33.233182042,1709142503.916164186,1709142503.915718241,/rigid_bodies.rigidbodies[2].pose.position.z,0.18388397670856796
33.243190927,1709142503.926173071,1709142503.925741445,/rigid_bodies.rigidbodies[2].pose.position.z,0.18412826250314007
33.253394897,1709142503.936377041,1709142503.935853168,/rigid_bodies.rigidbodies[2].pose.position.z,0.1844016129763274
33.263065428,1709142503.946047572,1709142503.945625119,/rigid_bodies.rigidbodies[2].pose.position.z,0.18448236070445206
33.273193231,1709142503.956175375,1709142503.955704369,/rigid_bodies.rigidbodies[2].pose.position.z,0.18458097021461145
33.282876513,1709142503.965858657,1709142503.965539804,/rigid_bodies.rigidbodies[2].pose.position.z,0.18455948209426423
33.292891739,1709142503.975873883,1709142503.975463955,/rigid_bodies.rigidbodies[2].pose.position.z,0.18456622086491675
33.303361941,1709142503.986344085,1709142503.985812360,/rigid_bodies.rigidbodies[2].pose.position.z,0.1843136993943335
33.313531824,1709142503.996513968,1709142503.995946277,/rigid_bodies.rigidbodies[2].pose.position.z,0.18419804715459517
33.323434417,1709142504.006416561,1709142504.005880650,/rigid_bodies.rigidbodies[2].pose.position.z,0.18413028185164218
33.33308719,1709142504.016069334,1709142504.015682980,/rigid_bodies.rigidbodies[2].pose.position.z,0.18402581757958902
33.343329167,1709142504.026311311,1709142504.025832329,/rigid_bodies.rigidbodies[2].pose.position.z,0.1838609693749169
33.352824162,1709142504.035806306,1709142504.035559852,/rigid_bodies.rigidbodies[2].pose.position.z,0.1830184433955274
33.36298141,1709142504.045963554,1709142504.045657880,/rigid_bodies.rigidbodies[2].pose.position.z,0.18422764690853394
33.372606966,1709142504.055589110,1709142504.055383621,/rigid_bodies.rigidbodies[2].pose.position.z,0.1842681657912655
33.382854454,1709142504.065836598,1709142504.065463101,/rigid_bodies.rigidbodies[2].pose.position.z,0.18453471467591423
33.392887965,1709142504.075870109,1709142504.075593304,/rigid_bodies.rigidbodies[2].pose.position.z,0.18449539617291769
33.402808319,1709142504.085790463,1709142504.085460371,/rigid_bodies.rigidbodies[2].pose.position.z,0.18450688332465007
33.412639258,1709142504.095621402,1709142504.095375245,/rigid_bodies.rigidbodies[2].pose.position.z,0.18482446932467286
33.422528439,1709142504.105510583,1709142504.105381704,/rigid_bodies.rigidbodies[2].pose.position.z,0.1842535385641787
33.432578961,1709142504.115561105,1709142504.115391968,/rigid_bodies.rigidbodies[2].pose.position.z,0.1838226227713426
33.442844441,1709142504.125826585,1709142504.125609724,/rigid_bodies.rigidbodies[2].pose.position.z,0.18413882089038858
33.453045145,1709142504.136027289,1709142504.135644759,/rigid_bodies.rigidbodies[2].pose.position.z,0.1841812512310112
33.462930606,1709142504.145912750,1709142504.145651142,/rigid_bodies.rigidbodies[2].pose.position.z,0.18413789441795325
33.473110579,1709142504.156092723,1709142504.155712252,/rigid_bodies.rigidbodies[2].pose.position.z,0.1841776389713656
33.483067299,1709142504.166049443,1709142504.165670308,/rigid_bodies.rigidbodies[2].pose.position.z,0.1842664516003457
33.492996018,1709142504.175978162,1709142504.175623904,/rigid_bodies.rigidbodies[2].pose.position.z,0.18428093416055008
33.503276986,1709142504.186259130,1709142504.185836690,/rigid_bodies.rigidbodies[2].pose.position.z,0.18481645894352314
33.512940649,1709142504.195922793,1709142504.195699943,/rigid_bodies.rigidbodies[2].pose.position.z,0.18437963291985648
33.522865492,1709142504.205847636,1709142504.205622342,/rigid_bodies.rigidbodies[2].pose.position.z,0.18435756365233374
33.532695505,1709142504.215677649,1709142504.215450268,/rigid_bodies.rigidbodies[2].pose.position.z,0.18418084471695423
33.542737356,1709142504.225719500,1709142504.225589044,/rigid_bodies.rigidbodies[2].pose.position.z,0.18410305848568734
33.552596079,1709142504.235578223,1709142504.235436333,/rigid_bodies.rigidbodies[2].pose.position.z,0.1842505525449302
33.562481099,1709142504.245463243,1709142504.245384238,/rigid_bodies.rigidbodies[2].pose.position.z,0.18431009506711388
33.572809401,1709142504.255791545,1709142504.255554126,/rigid_bodies.rigidbodies[2].pose.position.z,0.1844316808696068
33.583031212,1709142504.266013356,1709142504.265727567,/rigid_bodies.rigidbodies[2].pose.position.z,0.18438011590302364
33.593163064,1709142504.276145208,1709142504.275686968,/rigid_bodies.rigidbodies[2].pose.position.z,0.18429162102971844
33.603224676,1709142504.286206820,1709142504.285831549,/rigid_bodies.rigidbodies[2].pose.position.z,0.18442171987799455
33.613324579,1709142504.296306723,1709142504.295835682,/rigid_bodies.rigidbodies[2].pose.position.z,0.18461719616725908
33.623042735,1709142504.306024879,1709142504.305651731,/rigid_bodies.rigidbodies[2].pose.position.z,0.18452639400008694
33.633067759,1709142504.316049903,1709142504.315695374,/rigid_bodies.rigidbodies[2].pose.position.z,0.18441421425170548
33.643254347,1709142504.326236491,1709142504.325842516,/rigid_bodies.rigidbodies[2].pose.position.z,0.18408586486906592
33.653066438,1709142504.336048582,1709142504.335677530,/rigid_bodies.rigidbodies[2].pose.position.z,0.1840360987576847
33.663082916,1709142504.346065060,1709142504.345642891,/rigid_bodies.rigidbodies[2].pose.position.z,0.18399619378175514
33.673006615,1709142504.355988759,1709142504.355666841,/rigid_bodies.rigidbodies[2].pose.position.z,0.18412777592905208
33.683365321,1709142504.366347465,1709142504.365876963,/rigid_bodies.rigidbodies[2].pose.position.z,0.18407253612349786
33.693474336,1709142504.376456480,1709142504.375813252,/rigid_bodies.rigidbodies[2].pose.position.z,0.18406015837313666
33.702962666,1709142504.385944810,1709142504.385588381,/rigid_bodies.rigidbodies[2].pose.position.z,0.18421122243725815
33.713188269,1709142504.396170413,1709142504.395707601,/rigid_bodies.rigidbodies[2].pose.position.z,0.18441203665313272
33.723347818,1709142504.406329962,1709142504.405739705,/rigid_bodies.rigidbodies[2].pose.position.z,0.18465197941710468
33.733131257,1709142504.416113401,1709142504.415611731,/rigid_bodies.rigidbodies[2].pose.position.z,0.18465346635167743
33.743247048,1709142504.426229192,1709142504.425744467,/rigid_bodies.rigidbodies[2].pose.position.z,0.1846000201214926
33.753434365,1709142504.436416509,1709142504.435809022,/rigid_bodies.rigidbodies[2].pose.position.z,0.1845605168245023
33.763149895,1709142504.446132039,1709142504.445668079,/rigid_bodies.rigidbodies[2].pose.position.z,0.18433794249280486
33.773258103,1709142504.456240247,1709142504.455719166,/rigid_bodies.rigidbodies[2].pose.position.z,0.18415570910107396
33.783318531,1709142504.466300675,1709142504.465777924,/rigid_bodies.rigidbodies[2].pose.position.z,0.18381904759386564
33.79328012,1709142504.476262264,1709142504.475807800,/rigid_bodies.rigidbodies[2].pose.position.z,0.18377367937936126
33.803376001,1709142504.486358145,1709142504.485956903,/rigid_bodies.rigidbodies[2].pose.position.z,0.18394063243480205
33.813279833,1709142504.496261977,1709142504.495793145,/rigid_bodies.rigidbodies[2].pose.position.z,0.18421335816295453
33.823329478,1709142504.506311622,1709142504.505798840,/rigid_bodies.rigidbodies[2].pose.position.z,0.18451840943796508
33.833533924,1709142504.516516068,1709142504.515936305,/rigid_bodies.rigidbodies[2].pose.position.z,0.18437144531693211
33.843177294,1709142504.526159438,1709142504.525727819,/rigid_bodies.rigidbodies[2].pose.position.z,0.18442983584027128
33.853387,1709142504.536369144,1709142504.535828734,/rigid_bodies.rigidbodies[2].pose.position.z,0.1845744062400626
33.863087735,1709142504.546069879,1709142504.545634303,/rigid_bodies.rigidbodies[2].pose.position.z,0.18460046309878828
33.873158342,1709142504.556140486,1709142504.555648518,/rigid_bodies.rigidbodies[2].pose.position.z,0.18463738647818217
33.88373157,1709142504.566713714,1709142504.565932838,/rigid_bodies.rigidbodies[2].pose.position.z,0.18441485557466727
33.893759417,1709142504.576741561,1709142504.576031403,/rigid_bodies.rigidbodies[2].pose.position.z,0.18419357304866657
33.90366385,1709142504.586645994,1709142504.585924998,/rigid_bodies.rigidbodies[2].pose.position.z,0.18406640708401328
33.913216109,1709142504.596198253,1709142504.595711678,/rigid_bodies.rigidbodies[2].pose.position.z,0.18412240163547236
33.92318009,1709142504.606162234,1709142504.605629185,/rigid_bodies.rigidbodies[2].pose.position.z,0.18421902324549103
33.933341228,1709142504.616323372,1709142504.615658020,/rigid_bodies.rigidbodies[2].pose.position.z,0.1842224285289874
33.943035013,1709142504.626017157,1709142504.625544233,/rigid_bodies.rigidbodies[2].pose.position.z,0.18409315209451935
33.953500188,1709142504.636482332,1709142504.635704559,/rigid_bodies.rigidbodies[2].pose.position.z,0.18406339368922822
33.963114344,1709142504.646096488,1709142504.645587398,/rigid_bodies.rigidbodies[2].pose.position.z,0.18419526067636396
33.973212907,1709142504.656195051,1709142504.655643588,/rigid_bodies.rigidbodies[2].pose.position.z,0.18439743944171838
33.98362743,1709142504.666609574,1709142504.665923125,/rigid_bodies.rigidbodies[2].pose.position.z,0.18451459053328323
33.993688245,1709142504.676670389,1709142504.675929618,/rigid_bodies.rigidbodies[2].pose.position.z,0.18443679087901962
34.003242604,1709142504.686224748,1709142504.685720851,/rigid_bodies.rigidbodies[2].pose.position.z,0.18443766558929622
34.013455186,1709142504.696437330,1709142504.695874258,/rigid_bodies.rigidbodies[2].pose.position.z,0.1845029051394494
34.02340387,1709142504.706386014,1709142504.705868994,/rigid_bodies.rigidbodies[2].pose.position.z,0.18423909084670748
34.033092229,1709142504.716074373,1709142504.715741721,/rigid_bodies.rigidbodies[2].pose.position.z,0.18424442790256623
34.04316174,1709142504.726143884,1709142504.725721557,/rigid_bodies.rigidbodies[2].pose.position.z,0.1840860970383917
34.053570127,1709142504.736552271,1709142504.735986864,/rigid_bodies.rigidbodies[2].pose.position.z,0.18411686769384067
34.062923673,1709142504.745905817,1709142504.745631949,/rigid_bodies.rigidbodies[2].pose.position.z,0.18438715338539338
34.073261479,1709142504.756243623,1709142504.755788773,/rigid_bodies.rigidbodies[2].pose.position.z,0.18435537310367758
34.083634629,1709142504.766616773,1709142504.765936992,/rigid_bodies.rigidbodies[2].pose.position.z,0.18438173419639997
34.093293747,1709142504.776275891,1709142504.775766158,/rigid_bodies.rigidbodies[2].pose.position.z,0.18426490959385258
34.103130967,1709142504.786113111,1709142504.785702343,/rigid_bodies.rigidbodies[2].pose.position.z,0.184077685409581
34.113715338,1709142504.796697482,1709142504.796043675,/rigid_bodies.rigidbodies[2].pose.position.z,0.18420171015954254
34.122986416,1709142504.805968560,1709142504.805568740,/rigid_bodies.rigidbodies[2].pose.position.z,0.18419345034267615
34.133205991,1709142504.816188135,1709142504.815725035,/rigid_bodies.rigidbodies[2].pose.position.z,0.1841132904482574
34.143244568,1709142504.826226712,1709142504.825797684,/rigid_bodies.rigidbodies[2].pose.position.z,0.18408064567747234
34.153489559,1709142504.836471703,1709142504.835874963,/rigid_bodies.rigidbodies[2].pose.position.z,0.18419807682530737
34.163350533,1709142504.846332677,1709142504.845722879,/rigid_bodies.rigidbodies[2].pose.position.z,0.18424158890548176
34.173571137,1709142504.856553281,1709142504.855833695,/rigid_bodies.rigidbodies[2].pose.position.z,0.18450619505103663
34.183227833,1709142504.866209977,1709142504.865761112,/rigid_bodies.rigidbodies[2].pose.position.z,0.18441587413225097
34.193350916,1709142504.876333060,1709142504.875790885,/rigid_bodies.rigidbodies[2].pose.position.z,0.18447204730801314
34.203439184,1709142504.886421328,1709142504.885909728,/rigid_bodies.rigidbodies[2].pose.position.z,0.1846382693683873
34.213347132,1709142504.896329276,1709142504.895778001,/rigid_bodies.rigidbodies[2].pose.position.z,0.1843367119807809
34.223200306,1709142504.906182450,1709142504.905812982,/rigid_bodies.rigidbodies[2].pose.position.z,0.1844619680939687
34.233663959,1709142504.916646103,1709142504.916020247,/rigid_bodies.rigidbodies[2].pose.position.z,0.18430544354142595
34.243127754,1709142504.926109898,1709142504.925815080,/rigid_bodies.rigidbodies[2].pose.position.z,0.1840634803950754
34.253154771,1709142504.936136915,1709142504.935738903,/rigid_bodies.rigidbodies[2].pose.position.z,0.1839890477967028
34.263207083,1709142504.946189227,1709142504.945718219,/rigid_bodies.rigidbodies[2].pose.position.z,0.18398439129159805
34.273244664,1709142504.956226808,1709142504.955750153,/rigid_bodies.rigidbodies[2].pose.position.z,0.18396676819243898
34.283237415,1709142504.966219559,1709142504.965831804,/rigid_bodies.rigidbodies[2].pose.position.z,0.18418623578215773
34.293110651,1709142504.976092795,1709142504.975657129,/rigid_bodies.rigidbodies[2].pose.position.z,0.18440498741266723
34.303356956,1709142504.986339100,1709142504.985874479,/rigid_bodies.rigidbodies[2].pose.position.z,0.18451826326346363
34.313069385,1709142504.996051529,1709142504.995687929,/rigid_bodies.rigidbodies[2].pose.position.z,0.18456153228988614
34.323171577,1709142505.006153721,1709142505.005703461,/rigid_bodies.rigidbodies[2].pose.position.z,0.18473804810343925
34.333069538,1709142505.016051682,1709142505.015658326,/rigid_bodies.rigidbodies[2].pose.position.z,0.18476831798063892
34.342948227,1709142505.025930371,1709142505.025652891,/rigid_bodies.rigidbodies[2].pose.position.z,0.184720419424148
34.353295332,1709142505.036277476,1709142505.035789946,/rigid_bodies.rigidbodies[2].pose.position.z,0.18434895389863265
34.363046139,1709142505.046028283,1709142505.045603037,/rigid_bodies.rigidbodies[2].pose.position.z,0.18390742203396077
34.373310537,1709142505.056292681,1709142505.055767222,/rigid_bodies.rigidbodies[2].pose.position.z,0.18380300952689285
34.383839882,1709142505.066822026,1709142505.065913932,/rigid_bodies.rigidbodies[2].pose.position.z,0.1836321272346804
34.393446659,1709142505.076428803,1709142505.075869645,/rigid_bodies.rigidbodies[2].pose.position.z,0.18384745798384994
34.403152025,1709142505.086134169,1709142505.085736763,/rigid_bodies.rigidbodies[2].pose.position.z,0.18419599433271716
34.413546533,1709142505.096528677,1709142505.095907486,/rigid_bodies.rigidbodies[2].pose.position.z,0.18440199331836216
34.423207449,1709142505.106189593,1709142505.105734787,/rigid_bodies.rigidbodies[2].pose.position.z,0.1846227552682141
34.433424515,1709142505.116406659,1709142505.115864537,/rigid_bodies.rigidbodies[2].pose.position.z,0.18475122222133744
34.443192354,1709142505.126174498,1709142505.125734550,/rigid_bodies.rigidbodies[2].pose.position.z,0.18486749552461987
34.453154709,1709142505.136136853,1709142505.135689366,/rigid_bodies.rigidbodies[2].pose.position.z,0.18465394822556921
34.462937853,1709142505.145919997,1709142505.145638741,/rigid_bodies.rigidbodies[2].pose.position.z,0.18448603417251558
34.472988767,1709142505.155970911,1709142505.155714965,/rigid_bodies.rigidbodies[2].pose.position.z,0.18425645946272343
34.483438227,1709142505.166420371,1709142505.165880200,/rigid_bodies.rigidbodies[2].pose.position.z,0.183973106248925
34.493150791,1709142505.176132935,1709142505.175661396,/rigid_bodies.rigidbodies[2].pose.position.z,0.18409403145947809
34.503348707,1709142505.186330851,1709142505.185864793,/rigid_bodies.rigidbodies[2].pose.position.z,0.1838798879258063
34.513405393,1709142505.196387537,1709142505.195872001,/rigid_bodies.rigidbodies[2].pose.position.z,0.18397488110349247
34.523379489,1709142505.206361633,1709142505.205904042,/rigid_bodies.rigidbodies[2].pose.position.z,0.18419430891295746
34.533346627,1709142505.216328771,1709142505.215848359,/rigid_bodies.rigidbodies[2].pose.position.z,0.18433380908357513
34.542751808,1709142505.225733952,1709142505.225538411,/rigid_bodies.rigidbodies[2].pose.position.z,0.1845266033112187
34.553073511,1709142505.236055655,1709142505.235737633,/rigid_bodies.rigidbodies[2].pose.position.z,0.18441290702933483
34.56300347,1709142505.245985614,1709142505.245690468,/rigid_bodies.rigidbodies[2].pose.position.z,0.18426989650545433
34.573159015,1709142505.256141159,1709142505.255697398,/rigid_bodies.rigidbodies[2].pose.position.z,0.18425372128916573
34.583330441,1709142505.266312585,1709142505.265822293,/rigid_bodies.rigidbodies[2].pose.position.z,0.1843342368544391
34.593220262,1709142505.276202406,1709142505.275736150,/rigid_bodies.rigidbodies[2].pose.position.z,0.18444379233498204
34.603443054,1709142505.286425198,1709142505.285987864,/rigid_bodies.rigidbodies[2].pose.position.z,0.18436194391739047
34.613207358,1709142505.296189502,1709142505.295799095,/rigid_bodies.rigidbodies[2].pose.position.z,0.1843344600504468
34.623239846,1709142505.306221990,1709142505.305820549,/rigid_bodies.rigidbodies[2].pose.position.z,0.1841128345564413
34.633604397,1709142505.316586541,1709142505.316019407,/rigid_bodies.rigidbodies[2].pose.position.z,0.18432284435031113
34.64329241,1709142505.326274554,1709142505.325908073,/rigid_bodies.rigidbodies[2].pose.position.z,0.18456851163240967
34.653299668,1709142505.336281812,1709142505.335837851,/rigid_bodies.rigidbodies[2].pose.position.z,0.18437066931145532
34.663255478,1709142505.346237622,1709142505.345824437,/rigid_bodies.rigidbodies[2].pose.position.z,0.18451542569905252
34.673568837,1709142505.356550981,1709142505.355957919,/rigid_bodies.rigidbodies[2].pose.position.z,0.18422771567141738
34.683517377,1709142505.366499521,1709142505.365931099,/rigid_bodies.rigidbodies[2].pose.position.z,0.18414629667719085
34.693467066,1709142505.376449210,1709142505.375952811,/rigid_bodies.rigidbodies[2].pose.position.z,0.18413628619941982
34.703407854,1709142505.386389998,1709142505.385968049,/rigid_bodies.rigidbodies[2].pose.position.z,0.18399711525946782
34.713094399,1709142505.396076543,1709142505.395734381,/rigid_bodies.rigidbodies[2].pose.position.z,0.1840502309624453
34.723758679,1709142505.406740823,1709142505.406171298,/rigid_bodies.rigidbodies[2].pose.position.z,0.1840994694810452
34.733625663,1709142505.416607807,1709142505.416117010,/rigid_bodies.rigidbodies[2].pose.position.z,0.18437180145847862
34.743150009,1709142505.426132153,1709142505.425734724,/rigid_bodies.rigidbodies[2].pose.position.z,0.18445629644720546
34.753101929,1709142505.436084073,1709142505.435756190,/rigid_bodies.rigidbodies[2].pose.position.z,0.18467897060491512
34.763168358,1709142505.446150502,1709142505.445784085,/rigid_bodies.rigidbodies[2].pose.position.z,0.18468191737939715
34.773453984,1709142505.456436128,1709142505.455979052,/rigid_bodies.rigidbodies[2].pose.position.z,0.18456312797688992
34.783793072,1709142505.466775216,1709142505.466213248,/rigid_bodies.rigidbodies[2].pose.position.z,0.1846063863080332
34.793869483,1709142505.476851627,1709142505.476209279,/rigid_bodies.rigidbodies[2].pose.position.z,0.18424086266085551
34.803345167,1709142505.486327311,1709142505.485895046,/rigid_bodies.rigidbodies[2].pose.position.z,0.18418030626012943
34.813474911,1709142505.496457055,1709142505.495938755,/rigid_bodies.rigidbodies[2].pose.position.z,0.18407411182145986
34.823913596,1709142505.506895740,1709142505.506103103,/rigid_bodies.rigidbodies[2].pose.position.z,0.18385965013773023
34.833168254,1709142505.516150398,1709142505.515800500,/rigid_bodies.rigidbodies[2].pose.position.z,0.18395632653113256
34.843736253,1709142505.526718397,1709142505.526159873,/rigid_bodies.rigidbodies[2].pose.position.z,0.18397019118014457
34.853772855,1709142505.536754999,1709142505.536128867,/rigid_bodies.rigidbodies[2].pose.position.z,0.18400886641707587
34.863321064,1709142505.546303208,1709142505.545835135,/rigid_bodies.rigidbodies[2].pose.position.z,0.1843129070628197
34.873151507,1709142505.556133651,1709142505.555867409,/rigid_bodies.rigidbodies[2].pose.position.z,0.1846168338537785
34.883746325,1709142505.566728469,1709142505.566023803,/rigid_bodies.rigidbodies[2].pose.position.z,0.1848315742997073
34.893222362,1709142505.576204506,1709142505.575834578,/rigid_bodies.rigidbodies[2].pose.position.z,0.18473348372991333
34.903217229,1709142505.586199373,1709142505.585850719,/rigid_bodies.rigidbodies[2].pose.position.z,0.18475785867952
34.913519089,1709142505.596501233,1709142505.596010544,/rigid_bodies.rigidbodies[2].pose.position.z,0.18441239788380462
34.923268913,1709142505.606251057,1709142505.605740259,/rigid_bodies.rigidbodies[2].pose.position.z,0.18430570658976306
34.933418266,1709142505.616400410,1709142505.615900563,/rigid_bodies.rigidbodies[2].pose.position.z,0.184218661428628
34.942983085,1709142505.625965229,1709142505.625622513,/rigid_bodies.rigidbodies[2].pose.position.z,0.18380057858572665
34.953057737,1709142505.636039881,1709142505.635642077,/rigid_bodies.rigidbodies[2].pose.position.z,0.18405125035771827
34.962762739,1709142505.645744883,1709142505.645549956,/rigid_bodies.rigidbodies[2].pose.position.z,0.18381275153889554
34.972767939,1709142505.655750083,1709142505.655460678,/rigid_bodies.rigidbodies[2].pose.position.z,0.18381543619759771
34.982891532,1709142505.665873676,1709142505.665647308,/rigid_bodies.rigidbodies[2].pose.position.z,0.18419138032271828
34.993105273,1709142505.676087417,1709142505.675799716,/rigid_bodies.rigidbodies[2].pose.position.z,0.18428809570699628
35.003354186,1709142505.686336330,1709142505.685991916,/rigid_bodies.rigidbodies[2].pose.position.z,0.18471136631251317
35.01339426,1709142505.696376404,1709142505.695948509,/rigid_bodies.rigidbodies[2].pose.position.z,0.18485993597419426
35.023050341,1709142505.706032485,1709142505.705714685,/rigid_bodies.rigidbodies[2].pose.position.z,0.18474644228185855
35.033369131,1709142505.716351275,1709142505.716011980,/rigid_bodies.rigidbodies[2].pose.position.z,0.18451255816048087
35.043421723,1709142505.726403867,1709142505.726020361,/rigid_bodies.rigidbodies[2].pose.position.z,0.18438361455932917
35.053031269,1709142505.736013413,1709142505.735755947,/rigid_bodies.rigidbodies[2].pose.position.z,0.1841192417809326
35.063028581,1709142505.746010725,1709142505.745764838,/rigid_bodies.rigidbodies[2].pose.position.z,0.18397157288141994
35.073697976,1709142505.756680120,1709142505.756072671,/rigid_bodies.rigidbodies[2].pose.position.z,0.1840398450630293
35.083133075,1709142505.766115219,1709142505.765842253,/rigid_bodies.rigidbodies[2].pose.position.z,0.18386608142239494
35.093352194,1709142505.776334338,1709142505.775922364,/rigid_bodies.rigidbodies[2].pose.position.z,0.18390286767220643
35.103739176,1709142505.786721320,1709142505.786113965,/rigid_bodies.rigidbodies[2].pose.position.z,0.18418064722311075
35.113325083,1709142505.796307227,1709142505.795860705,/rigid_bodies.rigidbodies[2].pose.position.z,0.18419779428902702
35.123360445,1709142505.806342589,1709142505.805855365,/rigid_bodies.rigidbodies[2].pose.position.z,0.18471230631609342
35.133701484,1709142505.816683628,1709142505.816078645,/rigid_bodies.rigidbodies[2].pose.position.z,0.1846670041296643
35.143501884,1709142505.826484028,1709142505.825904009,/rigid_bodies.rigidbodies[2].pose.position.z,0.18457794955785875
35.153419092,1709142505.836401236,1709142505.835927499,/rigid_bodies.rigidbodies[2].pose.position.z,0.1844743365333561
35.163037763,1709142505.846019907,1709142505.845613233,/rigid_bodies.rigidbodies[2].pose.position.z,0.18417867699606746
35.173181882,1709142505.856164026,1709142505.855673733,/rigid_bodies.rigidbodies[2].pose.position.z,0.18414140196054535
35.183903129,1709142505.866885273,1709142505.866043693,/rigid_bodies.rigidbodies[2].pose.position.z,0.1839301376672673
35.193521449,1709142505.876503593,1709142505.875918722,/rigid_bodies.rigidbodies[2].pose.position.z,0.18404678749681969
35.203183434,1709142505.886165578,1709142505.885715539,/rigid_bodies.rigidbodies[2].pose.position.z,0.18426235040956113
35.213083176,1709142505.896065320,1709142505.895653930,/rigid_bodies.rigidbodies[2].pose.position.z,0.18434292957417864
35.223203796,1709142505.906185940,1709142505.905720964,/rigid_bodies.rigidbodies[2].pose.position.z,0.18453465577162864
35.233389889,1709142505.916372033,1709142505.915819772,/rigid_bodies.rigidbodies[2].pose.position.z,0.1842885137991238
35.243160661,1709142505.926142805,1709142505.925684021,/rigid_bodies.rigidbodies[2].pose.position.z,0.1843723009274535
35.253187866,1709142505.936170010,1709142505.935697704,/rigid_bodies.rigidbodies[2].pose.position.z,0.18417781347166262
35.263267161,1709142505.946249305,1709142505.945628036,/rigid_bodies.rigidbodies[2].pose.position.z,0.18430723838275773
35.273084265,1709142505.956066409,1709142505.955600610,/rigid_bodies.rigidbodies[2].pose.position.z,0.18436229607911428
35.283423584,1709142505.966405728,1709142505.965840526,/rigid_bodies.rigidbodies[2].pose.position.z,0.18411463895244765
35.293239142,1709142505.976221286,1709142505.975704356,/rigid_bodies.rigidbodies[2].pose.position.z,0.1839870303666782
35.303362534,1709142505.986344678,1709142505.985869336,/rigid_bodies.rigidbodies[2].pose.position.z,0.18418880388659004
35.313549887,1709142505.996532031,1709142505.995919428,/rigid_bodies.rigidbodies[2].pose.position.z,0.1842663168066882
35.323255853,1709142506.006237997,1709142506.005759258,/rigid_bodies.rigidbodies[2].pose.position.z,0.1843878054844349
35.333562847,1709142506.016544991,1709142506.015988723,/rigid_bodies.rigidbodies[2].pose.position.z,0.18436936254935868
35.343510281,1709142506.026492425,1709142506.025899470,/rigid_bodies.rigidbodies[2].pose.position.z,0.18421915347309153
35.353009516,1709142506.035991660,1709142506.035609746,/rigid_bodies.rigidbodies[2].pose.position.z,0.1842526704088304
35.362903336,1709142506.045885480,1709142506.045517752,/rigid_bodies.rigidbodies[2].pose.position.z,0.18432171507067477
35.372687236,1709142506.055669380,1709142506.055438248,/rigid_bodies.rigidbodies[2].pose.position.z,0.1843023752120708
35.382746017,1709142506.065728161,1709142506.065524310,/rigid_bodies.rigidbodies[2].pose.position.z,0.18438847103831424
35.392757859,1709142506.075740003,1709142506.075429391,/rigid_bodies.rigidbodies[2].pose.position.z,0.18434015141841914
35.402729814,1709142506.085711958,1709142506.085456712,/rigid_bodies.rigidbodies[2].pose.position.z,0.18412659637231607
35.412699875,1709142506.095682019,1709142506.095454028,/rigid_bodies.rigidbodies[2].pose.position.z,0.18408646604943732
35.422700099,1709142506.105682243,1709142506.105434955,/rigid_bodies.rigidbodies[2].pose.position.z,0.1842427606393678
35.432931225,1709142506.115913369,1709142506.115608557,/rigid_bodies.rigidbodies[2].pose.position.z,0.1841313803214255
35.442921339,1709142506.125903483,1709142506.125581671,/rigid_bodies.rigidbodies[2].pose.position.z,0.18419175011050212
35.453374941,1709142506.136357085,1709142506.135924983,/rigid_bodies.rigidbodies[2].pose.position.z,0.18429175059200284
35.463267334,1709142506.146249478,1709142506.145786971,/rigid_bodies.rigidbodies[2].pose.position.z,0.18432199200888869
35.473136974,1709142506.156119118,1709142506.155696011,/rigid_bodies.rigidbodies[2].pose.position.z,0.1844603056240786
35.483469775,1709142506.166451919,1709142506.165867998,/rigid_bodies.rigidbodies[2].pose.position.z,0.18456536309939872
35.493468961,1709142506.176451105,1709142506.175787408,/rigid_bodies.rigidbodies[2].pose.position.z,0.18439046282455515
35.503256722,1709142506.186238866,1709142506.185710655,/rigid_bodies.rigidbodies[2].pose.position.z,0.18443561988604643
35.51316046,1709142506.196142604,1709142506.195624774,/rigid_bodies.rigidbodies[2].pose.position.z,0.1843668115849693
35.523697776,1709142506.206679920,1709142506.205975132,/rigid_bodies.rigidbodies[2].pose.position.z,0.184244012211383
35.533175658,1709142506.216157802,1709142506.215739230,/rigid_bodies.rigidbodies[2].pose.position.z,0.18432159346936489
35.542781521,1709142506.225763665,1709142506.225480886,/rigid_bodies.rigidbodies[2].pose.position.z,0.18434472028746926
35.553002067,1709142506.235984211,1709142506.235558072,/rigid_bodies.rigidbodies[2].pose.position.z,0.18476870802866965
35.562943865,1709142506.245926009,1709142506.245542506,/rigid_bodies.rigidbodies[2].pose.position.z,0.18427740157711808
35.573035557,1709142506.256017701,1709142506.255611132,/rigid_bodies.rigidbodies[2].pose.position.z,0.1842319729267397
35.582781446,1709142506.265763590,1709142506.265485602,/rigid_bodies.rigidbodies[2].pose.position.z,0.18416484123165489
35.593333379,1709142506.276315523,1709142506.275723916,/rigid_bodies.rigidbodies[2].pose.position.z,0.18428848675686765
35.603302957,1709142506.286285101,1709142506.285777495,/rigid_bodies.rigidbodies[2].pose.position.z,0.184307215330507
35.613309339,1709142506.296291483,1709142506.295786316,/rigid_bodies.rigidbodies[2].pose.position.z,0.18442960289252636
35.623542926,1709142506.306525070,1709142506.305781097,/rigid_bodies.rigidbodies[2].pose.position.z,0.18452954834268373
35.63326419,1709142506.316246334,1709142506.315652731,/rigid_bodies.rigidbodies[2].pose.position.z,0.1844011850257967
35.643307258,1709142506.326289402,1709142506.325765904,/rigid_bodies.rigidbodies[2].pose.position.z,0.18428241182809404
35.653511719,1709142506.336493863,1709142506.335799319,/rigid_bodies.rigidbodies[2].pose.position.z,0.18343783909056435
35.66324321,1709142506.346225354,1709142506.345638234,/rigid_bodies.rigidbodies[2].pose.position.z,0.1839771970570052
35.673320795,1709142506.356302939,1709142506.355831636,/rigid_bodies.rigidbodies[2].pose.position.z,0.18400940054876475
35.683337195,1709142506.366319339,1709142506.365781622,/rigid_bodies.rigidbodies[2].pose.position.z,0.1841854930304364
35.693127098,1709142506.376109242,1709142506.375606991,/rigid_bodies.rigidbodies[2].pose.position.z,0.18455585149716194
35.703397011,1709142506.386379155,1709142506.385807648,/rigid_bodies.rigidbodies[2].pose.position.z,0.1859928093791635
35.713145864,1709142506.396128008,1709142506.395576873,/rigid_bodies.rigidbodies[2].pose.position.z,0.18431689299849727
35.723153761,1709142506.406135905,1709142506.405612420,/rigid_bodies.rigidbodies[2].pose.position.z,0.1844738364042198
35.733197406,1709142506.416179550,1709142506.415622124,/rigid_bodies.rigidbodies[2].pose.position.z,0.18449628600328977
35.743346021,1709142506.426328165,1709142506.425762128,/rigid_bodies.rigidbodies[2].pose.position.z,0.18450570794194723
35.753079618,1709142506.436061762,1709142506.435571540,/rigid_bodies.rigidbodies[2].pose.position.z,0.184217430587498
35.763033748,1709142506.446015892,1709142506.445560182,/rigid_bodies.rigidbodies[2].pose.position.z,0.184080620966929
35.773056222,1709142506.456038366,1709142506.455573927,/rigid_bodies.rigidbodies[2].pose.position.z,0.18387146493735695
35.783053943,1709142506.466036087,1709142506.465594850,/rigid_bodies.rigidbodies[2].pose.position.z,0.18390141800940635
35.792988057,1709142506.475970201,1709142506.475576784,/rigid_bodies.rigidbodies[2].pose.position.z,0.18421656555558635
35.803291126,1709142506.486273270,1709142506.485767541,/rigid_bodies.rigidbodies[2].pose.position.z,0.18438915594131738
35.813306726,1709142506.496288870,1709142506.495799544,/rigid_bodies.rigidbodies[2].pose.position.z,0.18447028743999688
35.823376162,1709142506.506358306,1709142506.505768630,/rigid_bodies.rigidbodies[2].pose.position.z,0.18452710063686475
35.833285885,1709142506.516268029,1709142506.515731964,/rigid_bodies.rigidbodies[2].pose.position.z,0.18460186879101895
35.843016571,1709142506.525998715,1709142506.525546388,/rigid_bodies.rigidbodies[2].pose.position.z,0.18452322611916652
35.853719584,1709142506.536701728,1709142506.536027192,/rigid_bodies.rigidbodies[2].pose.position.z,0.18446473198562044
35.863215325,1709142506.546197469,1709142506.545692975,/rigid_bodies.rigidbodies[2].pose.position.z,0.18415845645954074
35.873314513,1709142506.556296657,1709142506.555719427,/rigid_bodies.rigidbodies[2].pose.position.z,0.1841061309861637
35.883520935,1709142506.566503079,1709142506.565875937,/rigid_bodies.rigidbodies[2].pose.position.z,0.18413084788140519
35.893514701,1709142506.576496845,1709142506.575816717,/rigid_bodies.rigidbodies[2].pose.position.z,0.18411767197287673
35.903123718,1709142506.586105862,1709142506.585648354,/rigid_bodies.rigidbodies[2].pose.position.z,0.18429090980504248
35.913452484,1709142506.596434628,1709142506.595805823,/rigid_bodies.rigidbodies[2].pose.position.z,0.18436996751252652
35.923283646,1709142506.606265790,1709142506.605780000,/rigid_bodies.rigidbodies[2].pose.position.z,0.1845406273791142
35.933292124,1709142506.616274268,1709142506.615797071,/rigid_bodies.rigidbodies[2].pose.position.z,0.18459640996032478
35.94331925,1709142506.626301394,1709142506.625723233,/rigid_bodies.rigidbodies[2].pose.position.z,0.18456225784016989
35.953438079,1709142506.636420223,1709142506.635839173,/rigid_bodies.rigidbodies[2].pose.position.z,0.18446603858447494
35.963149858,1709142506.646132002,1709142506.645621063,/rigid_bodies.rigidbodies[2].pose.position.z,0.18404416609895075
35.973155359,1709142506.656137503,1709142506.655721515,/rigid_bodies.rigidbodies[2].pose.position.z,0.18551681565403658
35.983236914,1709142506.666219058,1709142506.665725811,/rigid_bodies.rigidbodies[2].pose.position.z,0.1843349543422653
35.993425312,1709142506.676407456,1709142506.675773321,/rigid_bodies.rigidbodies[2].pose.position.z,0.1843052408262652
36.003155665,1709142506.686137809,1709142506.685672147,/rigid_bodies.rigidbodies[2].pose.position.z,0.1844275220484808
36.013414428,1709142506.696396572,1709142506.695805873,/rigid_bodies.rigidbodies[2].pose.position.z,0.18432840855134655
36.023380148,1709142506.706362292,1709142506.705820151,/rigid_bodies.rigidbodies[2].pose.position.z,0.1843261558193613
36.033789991,1709142506.716772135,1709142506.716067178,/rigid_bodies.rigidbodies[2].pose.position.z,0.18523125194153037
36.043838703,1709142506.726820847,1709142506.726114813,/rigid_bodies.rigidbodies[2].pose.position.z,0.18391376478308794
36.053218677,1709142506.736200821,1709142506.735750170,/rigid_bodies.rigidbodies[2].pose.position.z,0.18420343740234477
36.063352321,1709142506.746334465,1709142506.745833151,/rigid_bodies.rigidbodies[2].pose.position.z,0.1843134174283115
36.073035507,1709142506.756017651,1709142506.755721458,/rigid_bodies.rigidbodies[2].pose.position.z,0.18426593955644338
36.08328125,1709142506.766263394,1709142506.765865031,/rigid_bodies.rigidbodies[2].pose.position.z,0.18324514994706687
36.093217679,1709142506.776199823,1709142506.775801064,/rigid_bodies.rigidbodies[2].pose.position.z,0.18423354197132477
36.103500312,1709142506.786482456,1709142506.786009419,/rigid_bodies.rigidbodies[2].pose.position.z,0.18437990230508436
36.11319832,1709142506.796180464,1709142506.795794777,/rigid_bodies.rigidbodies[2].pose.position.z,0.18437852292911905
36.123218591,1709142506.806200735,1709142506.805807962,/rigid_bodies.rigidbodies[2].pose.position.z,0.18433682780888488
36.133513544,1709142506.816495688,1709142506.816027443,/rigid_bodies.rigidbodies[2].pose.position.z,0.1840490166700404
36.143230549,1709142506.826212693,1709142506.825865906,/rigid_bodies.rigidbodies[2].pose.position.z,0.18426856442175088
36.15309736,1709142506.836079504,1709142506.835732316,/rigid_bodies.rigidbodies[2].pose.position.z,0.18429089975649005
36.163307438,1709142506.846289582,1709142506.845766028,/rigid_bodies.rigidbodies[2].pose.position.z,0.18428713899429208
36.173364041,1709142506.856346185,1709142506.855814443,/rigid_bodies.rigidbodies[2].pose.position.z,0.18447388927223052
36.183143297,1709142506.866125441,1709142506.865685983,/rigid_bodies.rigidbodies[2].pose.position.z,0.1843313006072024
36.193611129,1709142506.876593273,1709142506.875983290,/rigid_bodies.rigidbodies[2].pose.position.z,0.18417660278368247
36.203366722,1709142506.886348866,1709142506.885819679,/rigid_bodies.rigidbodies[2].pose.position.z,0.18424529794934214
36.213418283,1709142506.896400427,1709142506.895874058,/rigid_bodies.rigidbodies[2].pose.position.z,0.1841347018674761
36.223658666,1709142506.906640810,1709142506.906024313,/rigid_bodies.rigidbodies[2].pose.position.z,0.18423807173865012
36.233831761,1709142506.916813905,1709142506.916154116,/rigid_bodies.rigidbodies[2].pose.position.z,0.18438573003009423
36.243280825,1709142506.926262969,1709142506.925755332,/rigid_bodies.rigidbodies[2].pose.position.z,0.18439795831666567
36.253573384,1709142506.936555528,1709142506.935981698,/rigid_bodies.rigidbodies[2].pose.position.z,0.18452951429492676
36.263333191,1709142506.946315335,1709142506.945780096,/rigid_bodies.rigidbodies[2].pose.position.z,0.1847643392391257
36.273229453,1709142506.956211597,1709142506.955739404,/rigid_bodies.rigidbodies[2].pose.position.z,0.18452344966798503
36.283551798,1709142506.966533942,1709142506.965906558,/rigid_bodies.rigidbodies[2].pose.position.z,0.18424096325097775
36.293616749,1709142506.976598893,1709142506.975985930,/rigid_bodies.rigidbodies[2].pose.position.z,0.18426162966579437
36.30332427,1709142506.986306414,1709142506.985794087,/rigid_bodies.rigidbodies[2].pose.position.z,0.18403700240835547
36.313545475,1709142506.996527619,1709142506.995944657,/rigid_bodies.rigidbodies[2].pose.position.z,0.18412349279434712
36.32368652,1709142507.006668664,1709142507.005992241,/rigid_bodies.rigidbodies[2].pose.position.z,0.18425979907066137
36.33317553,1709142507.016157674,1709142507.015706840,/rigid_bodies.rigidbodies[2].pose.position.z,0.18423813621365845
36.343291503,1709142507.026273647,1709142507.025806666,/rigid_bodies.rigidbodies[2].pose.position.z,0.18440795948763333
36.353760159,1709142507.036742303,1709142507.036093157,/rigid_bodies.rigidbodies[2].pose.position.z,0.18451331900564236
36.36297153,1709142507.045953674,1709142507.045662987,/rigid_bodies.rigidbodies[2].pose.position.z,0.1844288477755105
36.37328194,1709142507.056264084,1709142507.055794200,/rigid_bodies.rigidbodies[2].pose.position.z,0.18437292318113055
36.383752608,1709142507.066734752,1709142507.066041320,/rigid_bodies.rigidbodies[2].pose.position.z,0.18423538540333406
36.393196017,1709142507.076178161,1709142507.075744171,/rigid_bodies.rigidbodies[2].pose.position.z,0.18431002953156111
36.403210078,1709142507.086192222,1709142507.085828891,/rigid_bodies.rigidbodies[2].pose.position.z,0.18439588822465391
36.413359634,1709142507.096341778,1709142507.095826005,/rigid_bodies.rigidbodies[2].pose.position.z,0.1844409064114972
36.423148152,1709142507.106130296,1709142507.105722205,/rigid_bodies.rigidbodies[2].pose.position.z,0.18455140928453312
36.43343623,1709142507.116418374,1709142507.115880324,/rigid_bodies.rigidbodies[2].pose.position.z,0.18466275321250006
36.443467963,1709142507.126450107,1709142507.125894917,/rigid_bodies.rigidbodies[2].pose.position.z,0.18440337532027917
36.453279722,1709142507.136261866,1709142507.135784914,/rigid_bodies.rigidbodies[2].pose.position.z,0.18430928411841888
36.463460882,1709142507.146443026,1709142507.145888006,/rigid_bodies.rigidbodies[2].pose.position.z,0.18415277103101504
36.473423406,1709142507.156405550,1709142507.155857555,/rigid_bodies.rigidbodies[2].pose.position.z,0.18415253001342446
36.483123505,1709142507.166105649,1709142507.165660685,/rigid_bodies.rigidbodies[2].pose.position.z,0.18403116380939094
36.493116017,1709142507.176098161,1709142507.175658166,/rigid_bodies.rigidbodies[2].pose.position.z,0.18412719049416482
36.503546126,1709142507.186528270,1709142507.185947666,/rigid_bodies.rigidbodies[2].pose.position.z,0.18437965785109378
36.513178876,1709142507.196161020,1709142507.195665831,/rigid_bodies.rigidbodies[2].pose.position.z,0.1844984078565773
36.523622314,1709142507.206604458,1709142507.205991190,/rigid_bodies.rigidbodies[2].pose.position.z,0.18464293479626873
36.533582032,1709142507.216564176,1709142507.215951161,/rigid_bodies.rigidbodies[2].pose.position.z,0.18457891323564865
36.543269897,1709142507.226252041,1709142507.225824200,/rigid_bodies.rigidbodies[2].pose.position.z,0.18454258862932899
36.553457381,1709142507.236439525,1709142507.235861355,/rigid_bodies.rigidbodies[2].pose.position.z,0.18447196376679817
36.563275475,1709142507.246257619,1709142507.245772208,/rigid_bodies.rigidbodies[2].pose.position.z,0.1842309187654786
36.573392743,1709142507.256374887,1709142507.255949012,/rigid_bodies.rigidbodies[2].pose.position.z,0.18413579129154184
36.583445048,1709142507.266427192,1709142507.265877173,/rigid_bodies.rigidbodies[2].pose.position.z,0.18412867826100487
36.593431758,1709142507.276413902,1709142507.275863796,/rigid_bodies.rigidbodies[2].pose.position.z,0.1842496547277141
36.603468844,1709142507.286450988,1709142507.285934362,/rigid_bodies.rigidbodies[2].pose.position.z,0.18432105044384936
36.613302384,1709142507.296284528,1709142507.295795555,/rigid_bodies.rigidbodies[2].pose.position.z,0.1844365466360016
36.623502051,1709142507.306484195,1709142507.305919279,/rigid_bodies.rigidbodies[2].pose.position.z,0.18463258931365642
36.633318815,1709142507.316300959,1709142507.315813941,/rigid_bodies.rigidbodies[2].pose.position.z,0.18467127553417115
36.64351689,1709142507.326499034,1709142507.325954618,/rigid_bodies.rigidbodies[2].pose.position.z,0.18474083257209706
36.653696292,1709142507.336678436,1709142507.336070879,/rigid_bodies.rigidbodies[2].pose.position.z,0.1843524521182517
36.663335181,1709142507.346317325,1709142507.345807422,/rigid_bodies.rigidbodies[2].pose.position.z,0.18413173099927144
36.673444746,1709142507.356426890,1709142507.355862711,/rigid_bodies.rigidbodies[2].pose.position.z,0.1840890951082334
36.683629116,1709142507.366611260,1709142507.365986306,/rigid_bodies.rigidbodies[2].pose.position.z,0.1838128146030843
36.693266303,1709142507.376248447,1709142507.375775802,/rigid_bodies.rigidbodies[2].pose.position.z,0.18417162351688923
36.7033874,1709142507.386369544,1709142507.385849279,/rigid_bodies.rigidbodies[2].pose.position.z,0.18433344950700503
36.713602696,1709142507.396584840,1709142507.395992914,/rigid_bodies.rigidbodies[2].pose.position.z,0.18444090837653696
36.723431841,1709142507.406413985,1709142507.405893817,/rigid_bodies.rigidbodies[2].pose.position.z,0.1845609589452784
36.733342153,1709142507.416324297,1709142507.415849002,/rigid_bodies.rigidbodies[2].pose.position.z,0.18454669581531444
36.743559673,1709142507.426541817,1709142507.425881666,/rigid_bodies.rigidbodies[2].pose.position.z,0.18455086867235454
36.753646901,1709142507.436629045,1709142507.436005198,/rigid_bodies.rigidbodies[2].pose.position.z,0.18451258309909382
36.763288316,1709142507.446270460,1709142507.445803661,/rigid_bodies.rigidbodies[2].pose.position.z,0.1844520990634275
36.77344442,1709142507.456426564,1709142507.455854491,/rigid_bodies.rigidbodies[2].pose.position.z,0.18435614652915844
36.783344962,1709142507.466327106,1709142507.465815021,/rigid_bodies.rigidbodies[2].pose.position.z,0.18416172586453392
36.793217403,1709142507.476199547,1709142507.475796350,/rigid_bodies.rigidbodies[2].pose.position.z,0.1840362795519341
36.803702499,1709142507.486684643,1709142507.486035845,/rigid_bodies.rigidbodies[2].pose.position.z,0.18381119843001623
36.813348127,1709142507.496330271,1709142507.495809658,/rigid_bodies.rigidbodies[2].pose.position.z,0.18394058317777726
36.823346638,1709142507.506328782,1709142507.505870583,/rigid_bodies.rigidbodies[2].pose.position.z,0.18410490037670893
36.833756668,1709142507.516738812,1709142507.516109913,/rigid_bodies.rigidbodies[2].pose.position.z,0.1843743923777525
36.843037636,1709142507.526019780,1709142507.525614256,/rigid_bodies.rigidbodies[2].pose.position.z,0.18482734823646685
36.853444917,1709142507.536427061,1709142507.535828835,/rigid_bodies.rigidbodies[2].pose.position.z,0.1848019158695409
36.863198672,1709142507.546180816,1709142507.545739145,/rigid_bodies.rigidbodies[2].pose.position.z,0.1848846351505478
36.873308326,1709142507.556290470,1709142507.555843181,/rigid_bodies.rigidbodies[2].pose.position.z,0.18479925578280565
36.883192917,1709142507.566175061,1709142507.565849468,/rigid_bodies.rigidbodies[2].pose.position.z,0.18449447317250595
36.893425249,1709142507.576407393,1709142507.575924284,/rigid_bodies.rigidbodies[2].pose.position.z,0.1842611939007004
36.903141506,1709142507.586123650,1709142507.585760507,/rigid_bodies.rigidbodies[2].pose.position.z,0.1839990430655686
36.913155881,1709142507.596138025,1709142507.595691537,/rigid_bodies.rigidbodies[2].pose.position.z,0.18378189754413127
36.923080243,1709142507.606062387,1709142507.605670790,/rigid_bodies.rigidbodies[2].pose.position.z,0.18371083669638044
36.933231569,1709142507.616213713,1709142507.615772852,/rigid_bodies.rigidbodies[2].pose.position.z,0.18404097790376317
36.943204528,1709142507.626186672,1709142507.625790261,/rigid_bodies.rigidbodies[2].pose.position.z,0.1843755164587339
36.953442391,1709142507.636424535,1709142507.635949951,/rigid_bodies.rigidbodies[2].pose.position.z,0.18470307979040654
36.96303609,1709142507.646018234,1709142507.645756613,/rigid_bodies.rigidbodies[2].pose.position.z,0.18487166942222527
36.973203862,1709142507.656186006,1709142507.655763513,/rigid_bodies.rigidbodies[2].pose.position.z,0.1846613991386551
36.982861092,1709142507.665843236,1709142507.665579506,/rigid_bodies.rigidbodies[2].pose.position.z,0.1846445169363193
36.992860342,1709142507.675842486,1709142507.675517116,/rigid_bodies.rigidbodies[2].pose.position.z,0.18443443097734652
37.003137128,1709142507.686119272,1709142507.685630835,/rigid_bodies.rigidbodies[2].pose.position.z,0.18410635704044295
37.013313476,1709142507.696295620,1709142507.695740291,/rigid_bodies.rigidbodies[2].pose.position.z,0.18412945400415698
37.023403142,1709142507.706385286,1709142507.705822226,/rigid_bodies.rigidbodies[2].pose.position.z,0.18415169537307602
37.033593882,1709142507.716576026,1709142507.715936936,/rigid_bodies.rigidbodies[2].pose.position.z,0.1843228842126905
37.043064603,1709142507.726046747,1709142507.725763125,/rigid_bodies.rigidbodies[2].pose.position.z,0.18437277136718658
37.05304085,1709142507.736022994,1709142507.735650822,/rigid_bodies.rigidbodies[2].pose.position.z,0.1843842027763029
37.063164861,1709142507.746147005,1709142507.745826622,/rigid_bodies.rigidbodies[2].pose.position.z,0.18445171588942538
37.073452972,1709142507.756435116,1709142507.755856152,/rigid_bodies.rigidbodies[2].pose.position.z,0.1845877931359273
37.083702199,1709142507.766684343,1709142507.766043735,/rigid_bodies.rigidbodies[2].pose.position.z,0.18450133194982804
37.093458273,1709142507.776440417,1709142507.775833626,/rigid_bodies.rigidbodies[2].pose.position.z,0.1842008177287201
37.103211318,1709142507.786193462,1709142507.785844953,/rigid_bodies.rigidbodies[2].pose.position.z,0.18414469416425205
37.113224996,1709142507.796207140,1709142507.795716056,/rigid_bodies.rigidbodies[2].pose.position.z,0.18380415122848506
37.12391129,1709142507.806893434,1709142507.806128831,/rigid_bodies.rigidbodies[2].pose.position.z,0.18435193075894454
37.133327508,1709142507.816309652,1709142507.815953064,/rigid_bodies.rigidbodies[2].pose.position.z,0.18483716790707125
37.14311032,1709142507.826092464,1709142507.825781064,/rigid_bodies.rigidbodies[2].pose.position.z,0.18486584747964388
37.153526642,1709142507.836508786,1709142507.835859492,/rigid_bodies.rigidbodies[2].pose.position.z,0.18475765474065872
37.163023786,1709142507.846005930,1709142507.845620222,/rigid_bodies.rigidbodies[2].pose.position.z,0.18637308706254554
37.17354319,1709142507.856525334,1709142507.855972915,/rigid_bodies.rigidbodies[2].pose.position.z,0.1846797989371282
37.183442251,1709142507.866424395,1709142507.865881698,/rigid_bodies.rigidbodies[2].pose.position.z,0.18490621277355532
37.193040118,1709142507.876022262,1709142507.875733875,/rigid_bodies.rigidbodies[2].pose.position.z,0.1847177163821335
37.20305137,1709142507.886033514,1709142507.885661397,/rigid_bodies.rigidbodies[2].pose.position.z,0.1845148256726554
37.212998807,1709142507.895980951,1709142507.895672769,/rigid_bodies.rigidbodies[2].pose.position.z,0.18451698915159714
37.222937646,1709142507.905919790,1709142507.905661101,/rigid_bodies.rigidbodies[2].pose.position.z,0.1843545326867765
37.233495498,1709142507.916477642,1709142507.915941390,/rigid_bodies.rigidbodies[2].pose.position.z,0.18416063158416715
37.243155629,1709142507.926137773,1709142507.925816391,/rigid_bodies.rigidbodies[2].pose.position.z,0.18403418175610267
37.252951649,1709142507.935933793,1709142507.935713795,/rigid_bodies.rigidbodies[2].pose.position.z,0.1840320664538862
37.263085651,1709142507.946067795,1709142507.945766210,/rigid_bodies.rigidbodies[2].pose.position.z,0.18412918038699122
37.273131461,1709142507.956113605,1709142507.955762970,/rigid_bodies.rigidbodies[2].pose.position.z,0.18439653102657158
37.282976052,1709142507.965958196,1709142507.965669871,/rigid_bodies.rigidbodies[2].pose.position.z,0.18454050924467844
37.293444747,1709142507.976426891,1709142507.975973946,/rigid_bodies.rigidbodies[2].pose.position.z,0.18476781147753743
37.303157041,1709142507.986139185,1709142507.985742084,/rigid_bodies.rigidbodies[2].pose.position.z,0.18481638766825487
37.313002943,1709142507.995985087,1709142507.995637997,/rigid_bodies.rigidbodies[2].pose.position.z,0.18485070024551253
37.323226729,1709142508.006208873,1709142508.005796257,/rigid_bodies.rigidbodies[2].pose.position.z,0.18476413156166438
37.333253663,1709142508.016235807,1709142508.015851312,/rigid_bodies.rigidbodies[2].pose.position.z,0.18450478498569914
37.343031898,1709142508.026014042,1709142508.025700159,/rigid_bodies.rigidbodies[2].pose.position.z,0.1842637905579588
37.353166148,1709142508.036148292,1709142508.035765644,/rigid_bodies.rigidbodies[2].pose.position.z,0.18395632653537292
37.363084147,1709142508.046066291,1709142508.045753995,/rigid_bodies.rigidbodies[2].pose.position.z,0.18388144524899885
37.373039972,1709142508.056022116,1709142508.055809770,/rigid_bodies.rigidbodies[2].pose.position.z,0.18395096788418833
37.38304811,1709142508.066030254,1709142508.065812959,/rigid_bodies.rigidbodies[2].pose.position.z,0.183939023034884
37.393032235,1709142508.076014379,1709142508.075755905,/rigid_bodies.rigidbodies[2].pose.position.z,0.18415202427264493
37.403164963,1709142508.086147107,1709142508.085796395,/rigid_bodies.rigidbodies[2].pose.position.z,0.18449277277502052
37.412941134,1709142508.095923278,1709142508.095733604,/rigid_bodies.rigidbodies[2].pose.position.z,0.18451791785531402
37.423010981,1709142508.105993125,1709142508.105725782,/rigid_bodies.rigidbodies[2].pose.position.z,0.18472940858127102
37.433208089,1709142508.116190233,1709142508.115846265,/rigid_bodies.rigidbodies[2].pose.position.z,0.18495142275499699
37.443565251,1709142508.126547395,1709142508.126048097,/rigid_bodies.rigidbodies[2].pose.position.z,0.1845818564781636
37.453772556,1709142508.136754700,1709142508.136255595,/rigid_bodies.rigidbodies[2].pose.position.z,0.18436413295200943
37.463277314,1709142508.146259458,1709142508.145866015,/rigid_bodies.rigidbodies[2].pose.position.z,0.18466736827504163
37.473281963,1709142508.156264107,1709142508.155853350,/rigid_bodies.rigidbodies[2].pose.position.z,0.18409614071777944
37.483921064,1709142508.166903208,1709142508.166202014,/rigid_bodies.rigidbodies[2].pose.position.z,0.1844126195694974
37.493485051,1709142508.176467195,1709142508.176009399,/rigid_bodies.rigidbodies[2].pose.position.z,0.18416404836532604
37.50396205,1709142508.186944194,1709142508.186247249,/rigid_bodies.rigidbodies[2].pose.position.z,0.18429253004721705
37.513486911,1709142508.196469055,1709142508.195978557,/rigid_bodies.rigidbodies[2].pose.position.z,0.18450369591881144
37.523506255,1709142508.206488399,1709142508.206014505,/rigid_bodies.rigidbodies[2].pose.position.z,0.18438584035056027
37.533455669,1709142508.216437813,1709142508.215992055,/rigid_bodies.rigidbodies[2].pose.position.z,0.1847051106696245
37.543687227,1709142508.226669371,1709142508.225968855,/rigid_bodies.rigidbodies[2].pose.position.z,0.18486440652747455
37.553279049,1709142508.236261193,1709142508.235822572,/rigid_bodies.rigidbodies[2].pose.position.z,0.184905298960413
37.563257514,1709142508.246239658,1709142508.245905452,/rigid_bodies.rigidbodies[2].pose.position.z,0.18474975055432769
37.573120803,1709142508.256102947,1709142508.255821870,/rigid_bodies.rigidbodies[2].pose.position.z,0.18428851990519202
37.582858744,1709142508.265840888,1709142508.265639368,/rigid_bodies.rigidbodies[2].pose.position.z,0.18401930880658057
37.593001919,1709142508.275984063,1709142508.275683853,/rigid_bodies.rigidbodies[2].pose.position.z,0.1839497471863281
37.603398415,1709142508.286380559,1709142508.285924673,/rigid_bodies.rigidbodies[2].pose.position.z,0.18424147875610428
37.613281019,1709142508.296263163,1709142508.295792046,/rigid_bodies.rigidbodies[2].pose.position.z,0.18427892600715626
37.623305822,1709142508.306287966,1709142508.305907145,/rigid_bodies.rigidbodies[2].pose.position.z,0.18439913057590265
37.633707539,1709142508.316689683,1709142508.316091801,/rigid_bodies.rigidbodies[2].pose.position.z,0.18466665162761972
37.643497018,1709142508.326479162,1709142508.325990768,/rigid_bodies.rigidbodies[2].pose.position.z,0.18468214870816896
37.65332483,1709142508.336306974,1709142508.335811302,/rigid_bodies.rigidbodies[2].pose.position.z,0.18483089747451487
37.663117506,1709142508.346099650,1709142508.345724180,/rigid_bodies.rigidbodies[2].pose.position.z,0.18461721455303476
37.673130569,1709142508.356112713,1709142508.355686528,/rigid_bodies.rigidbodies[2].pose.position.z,0.18426599164767854
37.683248914,1709142508.366231058,1709142508.365839281,/rigid_bodies.rigidbodies[2].pose.position.z,0.1841088037303865
37.693638244,1709142508.376620388,1709142508.376061420,/rigid_bodies.rigidbodies[2].pose.position.z,0.1837990513398449
37.70355567,1709142508.386537814,1709142508.386005206,/rigid_bodies.rigidbodies[2].pose.position.z,0.18385099739564648
37.713056536,1709142508.396038680,1709142508.395737404,/rigid_bodies.rigidbodies[2].pose.position.z,0.18406256667764068
37.723459116,1709142508.406441260,1709142508.405919898,/rigid_bodies.rigidbodies[2].pose.position.z,0.18426478755600018
37.733794643,1709142508.416776787,1709142508.416155470,/rigid_bodies.rigidbodies[2].pose.position.z,0.18451579435411153
37.743430581,1709142508.426412725,1709142508.426042216,/rigid_bodies.rigidbodies[2].pose.position.z,0.18472151843565712
37.753616472,1709142508.436598616,1709142508.436033473,/rigid_bodies.rigidbodies[2].pose.position.z,0.18500201830113605
37.76328467,1709142508.446266814,1709142508.445930033,/rigid_bodies.rigidbodies[2].pose.position.z,0.1848920463657436
37.773297369,1709142508.456279513,1709142508.455861446,/rigid_bodies.rigidbodies[2].pose.position.z,0.18465951644158285
37.783637591,1709142508.466619735,1709142508.465978574,/rigid_bodies.rigidbodies[2].pose.position.z,0.18457388298900188
37.793388479,1709142508.476370623,1709142508.475905014,/rigid_bodies.rigidbodies[2].pose.position.z,0.18420240847769048
37.803329508,1709142508.486311652,1709142508.485860578,/rigid_bodies.rigidbodies[2].pose.position.z,0.1839843815519751
37.813276622000004,1709142508.496258766,1709142508.495838068,/rigid_bodies.rigidbodies[2].pose.position.z,0.18378153538659459
37.823443983,1709142508.506426127,1709142508.505898088,/rigid_bodies.rigidbodies[2].pose.position.z,0.18362951272016811
37.833164323,1709142508.516146467,1709142508.515734704,/rigid_bodies.rigidbodies[2].pose.position.z,0.1838826231536927
37.843153983,1709142508.526136127,1709142508.525725039,/rigid_bodies.rigidbodies[2].pose.position.z,0.18412358381467
37.853642151,1709142508.536624295,1709142508.536040805,/rigid_bodies.rigidbodies[2].pose.position.z,0.18431742318834565
37.86319544,1709142508.546177584,1709142508.545813141,/rigid_bodies.rigidbodies[2].pose.position.z,0.18472956731466986
37.873295049,1709142508.556277193,1709142508.555831292,/rigid_bodies.rigidbodies[2].pose.position.z,0.18490665308567988
37.883101027,1709142508.566083171,1709142508.565690842,/rigid_bodies.rigidbodies[2].pose.position.z,0.18513459717838454
37.893173054,1709142508.576155198,1709142508.575742005,/rigid_bodies.rigidbodies[2].pose.position.z,0.18500060801801343
37.90344377,1709142508.586425914,1709142508.585908696,/rigid_bodies.rigidbodies[2].pose.position.z,0.18456399103616106
37.913026868,1709142508.596009012,1709142508.595660868,/rigid_bodies.rigidbodies[2].pose.position.z,0.18414947792489908
37.923216559,1709142508.606198703,1709142508.605860423,/rigid_bodies.rigidbodies[2].pose.position.z,0.18398039873743305
37.933373574,1709142508.616355718,1709142508.615872976,/rigid_bodies.rigidbodies[2].pose.position.z,0.1836386360834629
37.943414559,1709142508.626396703,1709142508.625956735,/rigid_bodies.rigidbodies[2].pose.position.z,0.18356881654463475
37.953437429,1709142508.636419573,1709142508.635914929,/rigid_bodies.rigidbodies[2].pose.position.z,0.18394835932065923
37.96328919,1709142508.646271334,1709142508.645811173,/rigid_bodies.rigidbodies[2].pose.position.z,0.18424163157980236
37.973424109,1709142508.656406253,1709142508.655893527,/rigid_bodies.rigidbodies[2].pose.position.z,0.18451957734189947
37.983375454,1709142508.666357598,1709142508.665859236,/rigid_bodies.rigidbodies[2].pose.position.z,0.1849809731236307
37.993248724,1709142508.676230868,1709142508.675705754,/rigid_bodies.rigidbodies[2].pose.position.z,0.18490700110501707
38.003425273,1709142508.686407417,1709142508.685954381,/rigid_bodies.rigidbodies[2].pose.position.z,0.1847804239263417
38.013120087,1709142508.696102231,1709142508.695727261,/rigid_bodies.rigidbodies[2].pose.position.z,0.18446345195410255
38.02344383,1709142508.706425974,1709142508.705962967,/rigid_bodies.rigidbodies[2].pose.position.z,0.1840722501868205
38.03348842,1709142508.716470564,1709142508.715901510,/rigid_bodies.rigidbodies[2].pose.position.z,0.18404253417625768
38.043252598,1709142508.726234742,1709142508.725853842,/rigid_bodies.rigidbodies[2].pose.position.z,0.18393008350527648
38.053483766,1709142508.736465910,1709142508.735919644,/rigid_bodies.rigidbodies[2].pose.position.z,0.1837924835223624
38.063054655,1709142508.746036799,1709142508.745762724,/rigid_bodies.rigidbodies[2].pose.position.z,0.18383978006555876
38.073083169,1709142508.756065313,1709142508.755713541,/rigid_bodies.rigidbodies[2].pose.position.z,0.1843364890476015
38.083416669,1709142508.766398813,1709142508.765929849,/rigid_bodies.rigidbodies[2].pose.position.z,0.18470604826455567
38.093174766,1709142508.776156910,1709142508.775810595,/rigid_bodies.rigidbodies[2].pose.position.z,0.1849320228348529
38.103422007,1709142508.786404151,1709142508.785964071,/rigid_bodies.rigidbodies[2].pose.position.z,0.184823342033063
38.113436861,1709142508.796419005,1709142508.796027219,/rigid_bodies.rigidbodies[2].pose.position.z,0.18453206345135964
38.123359158,1709142508.806341302,1709142508.805997036,/rigid_bodies.rigidbodies[2].pose.position.z,0.18440356361832835
38.133866576,1709142508.816848720,1709142508.816178506,/rigid_bodies.rigidbodies[2].pose.position.z,0.18408288390827243
38.143742574,1709142508.826724718,1709142508.826082700,/rigid_bodies.rigidbodies[2].pose.position.z,0.18402610991434223
38.153723331,1709142508.836705475,1709142508.836170945,/rigid_bodies.rigidbodies[2].pose.position.z,0.1841205162872366
38.163337366,1709142508.846319510,1709142508.845830422,/rigid_bodies.rigidbodies[2].pose.position.z,0.18405394967390729
38.173477655,1709142508.856459799,1709142508.855977326,/rigid_bodies.rigidbodies[2].pose.position.z,0.1841182603825283
38.183413246,1709142508.866395390,1709142508.865923568,/rigid_bodies.rigidbodies[2].pose.position.z,0.18450507606278205
38.193337514,1709142508.876319658,1709142508.875842073,/rigid_bodies.rigidbodies[2].pose.position.z,0.184601112251398
38.20332806,1709142508.886310204,1709142508.885809182,/rigid_bodies.rigidbodies[2].pose.position.z,0.18481166404333801
38.213577694,1709142508.896559838,1709142508.896026902,/rigid_bodies.rigidbodies[2].pose.position.z,0.18487619895144766
38.223355532,1709142508.906337676,1709142508.905868998,/rigid_bodies.rigidbodies[2].pose.position.z,0.18456910510524602
38.233434543,1709142508.916416687,1709142508.915929315,/rigid_bodies.rigidbodies[2].pose.position.z,0.18437119567834576
38.243642423,1709142508.926624567,1709142508.926079309,/rigid_bodies.rigidbodies[2].pose.position.z,0.18418335550920337
38.253615685,1709142508.936597829,1709142508.936027756,/rigid_bodies.rigidbodies[2].pose.position.z,0.18388922154168572
38.263390276,1709142508.946372420,1709142508.945951676,/rigid_bodies.rigidbodies[2].pose.position.z,0.18393180372640913
38.273944869,1709142508.956927013,1709142508.956270409,/rigid_bodies.rigidbodies[2].pose.position.z,0.18424212339050702
38.283727177,1709142508.966709321,1709142508.966049390,/rigid_bodies.rigidbodies[2].pose.position.z,0.18414548926051247
38.29326382,1709142508.976245964,1709142508.975807572,/rigid_bodies.rigidbodies[2].pose.position.z,0.18421525155142873
38.303065133,1709142508.986047277,1709142508.985773695,/rigid_bodies.rigidbodies[2].pose.position.z,0.18433015075125245
38.313365932,1709142508.996348076,1709142508.995903644,/rigid_bodies.rigidbodies[2].pose.position.z,0.18454398003110417
38.323194566,1709142509.006176710,1709142509.005792745,/rigid_bodies.rigidbodies[2].pose.position.z,0.18470755480527828
38.333514663,1709142509.016496807,1709142509.016071223,/rigid_bodies.rigidbodies[2].pose.position.z,0.18480400318577023
38.343432625,1709142509.026414769,1709142509.026018047,/rigid_bodies.rigidbodies[2].pose.position.z,0.18467599415797972
38.353289215,1709142509.036271359,1709142509.035870867,/rigid_bodies.rigidbodies[2].pose.position.z,0.1845765454493729
38.363212137,1709142509.046194281,1709142509.045756031,/rigid_bodies.rigidbodies[2].pose.position.z,0.18441216518909476
38.373696745,1709142509.056678889,1709142509.056125914,/rigid_bodies.rigidbodies[2].pose.position.z,0.18403654972553263
38.383335908,1709142509.066318052,1709142509.065938734,/rigid_bodies.rigidbodies[2].pose.position.z,0.18382235266554411
38.393453361,1709142509.076435505,1709142509.075944028,/rigid_bodies.rigidbodies[2].pose.position.z,0.1837732283075312
38.404018313,1709142509.087000457,1709142509.086363836,/rigid_bodies.rigidbodies[2].pose.position.z,0.18380027980219388
38.413389419,1709142509.096371563,1709142509.095948311,/rigid_bodies.rigidbodies[2].pose.position.z,0.18429858425924736
38.423497779,1709142509.106479923,1709142509.105992119,/rigid_bodies.rigidbodies[2].pose.position.z,0.18440828908834808
38.434033464,1709142509.117015608,1709142509.116412023,/rigid_bodies.rigidbodies[2].pose.position.z,0.18467900738690898
38.443261619,1709142509.126243763,1709142509.125869893,/rigid_bodies.rigidbodies[2].pose.position.z,0.18486923325180563
38.453312677,1709142509.136294821,1709142509.135848774,/rigid_bodies.rigidbodies[2].pose.position.z,0.1849864357950684
38.463356738,1709142509.146338882,1709142509.145890503,/rigid_bodies.rigidbodies[2].pose.position.z,0.1847355348010738
38.473597255,1709142509.156579399,1709142509.155982250,/rigid_bodies.rigidbodies[2].pose.position.z,0.18442553154147567
38.483950874,1709142509.166933018,1709142509.166184923,/rigid_bodies.rigidbodies[2].pose.position.z,0.1840771567345783
38.493714084,1709142509.176696228,1709142509.176075596,/rigid_bodies.rigidbodies[2].pose.position.z,0.1836123202448325
38.503431074,1709142509.186413218,1709142509.185866486,/rigid_bodies.rigidbodies[2].pose.position.z,0.18382985586763637
38.513080372,1709142509.196062516,1709142509.195652610,/rigid_bodies.rigidbodies[2].pose.position.z,0.18405617532190663
38.523404336,1709142509.206386480,1709142509.205918716,/rigid_bodies.rigidbodies[2].pose.position.z,0.18428325975548793
38.53326611,1709142509.216248254,1709142509.215811257,/rigid_bodies.rigidbodies[2].pose.position.z,0.18438369699582827
38.543123971,1709142509.226106115,1709142509.225726558,/rigid_bodies.rigidbodies[2].pose.position.z,0.1842637175594703
38.553394338,1709142509.236376482,1709142509.235899269,/rigid_bodies.rigidbodies[2].pose.position.z,0.18449998187865815
38.563094396,1709142509.246076540,1709142509.245764476,/rigid_bodies.rigidbodies[2].pose.position.z,0.184685172984365
38.573404035,1709142509.256386179,1709142509.255929883,/rigid_bodies.rigidbodies[2].pose.position.z,0.18456479182182958
38.583207125,1709142509.266189269,1709142509.265852306,/rigid_bodies.rigidbodies[2].pose.position.z,0.18454258863434486
38.593572357,1709142509.276554501,1709142509.276071509,/rigid_bodies.rigidbodies[2].pose.position.z,0.18432432553310946
38.603378523,1709142509.286360667,1709142509.285946059,/rigid_bodies.rigidbodies[2].pose.position.z,0.18419786181788075
38.613529716,1709142509.296511860,1709142509.295945475,/rigid_bodies.rigidbodies[2].pose.position.z,0.18403996726234342
38.623726779,1709142509.306708923,1709142509.305973368,/rigid_bodies.rigidbodies[2].pose.position.z,0.18409223923283477
38.633375953,1709142509.316358097,1709142509.315887162,/rigid_bodies.rigidbodies[2].pose.position.z,0.18409696923268365
38.644018727,1709142509.327000871,1709142509.326116985,/rigid_bodies.rigidbodies[2].pose.position.z,0.1841135587269556
38.653519679,1709142509.336501823,1709142509.336037048,/rigid_bodies.rigidbodies[2].pose.position.z,0.18433404503359893
38.663125233,1709142509.346107377,1709142509.345790614,/rigid_bodies.rigidbodies[2].pose.position.z,0.18433385717825157
38.6738137,1709142509.356795844,1709142509.356131507,/rigid_bodies.rigidbodies[2].pose.position.z,0.18469010723597828
38.683908472,1709142509.366890616,1709142509.366234203,/rigid_bodies.rigidbodies[2].pose.position.z,0.18479329031693364
38.693385069,1709142509.376367213,1709142509.375937559,/rigid_bodies.rigidbodies[2].pose.position.z,0.18466638420178863
38.703916087,1709142509.386898231,1709142509.386370304,/rigid_bodies.rigidbodies[2].pose.position.z,0.1845429940287505
38.713243364,1709142509.396225508,1709142509.395854646,/rigid_bodies.rigidbodies[2].pose.position.z,0.18411614197447035
38.723222553,1709142509.406204697,1709142509.405698810,/rigid_bodies.rigidbodies[2].pose.position.z,0.18388375102464652
38.733108632,1709142509.416090776,1709142509.415672588,/rigid_bodies.rigidbodies[2].pose.position.z,0.18399856922252947
38.743103367,1709142509.426085511,1709142509.425637506,/rigid_bodies.rigidbodies[2].pose.position.z,0.18407356002618705
38.753148639,1709142509.436130783,1709142509.435696462,/rigid_bodies.rigidbodies[2].pose.position.z,0.1842077783858811
38.763208069,1709142509.446190213,1709142509.445792473,/rigid_bodies.rigidbodies[2].pose.position.z,0.1845617109728374
38.773517077,1709142509.456499221,1709142509.455821932,/rigid_bodies.rigidbodies[2].pose.position.z,0.18460938987988215
38.783386347,1709142509.466368491,1709142509.465805792,/rigid_bodies.rigidbodies[2].pose.position.z,0.18461872042914684
38.793883802,1709142509.476865946,1709142509.476049705,/rigid_bodies.rigidbodies[2].pose.position.z,0.18474093022605212
38.803630596,1709142509.486612740,1709142509.485933952,/rigid_bodies.rigidbodies[2].pose.position.z,0.18454082062334007
38.81318928,1709142509.496171424,1709142509.495762803,/rigid_bodies.rigidbodies[2].pose.position.z,0.18433458711540787
38.824126331,1709142509.507108475,1709142509.506107086,/rigid_bodies.rigidbodies[2].pose.position.z,0.18400309021504999
38.833241469,1709142509.516223613,1709142509.515865719,/rigid_bodies.rigidbodies[2].pose.position.z,0.18365454720739952
38.843353782,1709142509.526335926,1709142509.525853309,/rigid_bodies.rigidbodies[2].pose.position.z,0.1837995529049839
38.853704573,1709142509.536686717,1709142509.536078957,/rigid_bodies.rigidbodies[2].pose.position.z,0.1839999428598091
38.863213234,1709142509.546195378,1709142509.545787484,/rigid_bodies.rigidbodies[2].pose.position.z,0.18430023412254287
38.873540025,1709142509.556522169,1709142509.556022011,/rigid_bodies.rigidbodies[2].pose.position.z,0.18458534606399057
38.883742979,1709142509.566725123,1709142509.566171550,/rigid_bodies.rigidbodies[2].pose.position.z,0.1847316495827797
38.893675555,1709142509.576657699,1709142509.576032138,/rigid_bodies.rigidbodies[2].pose.position.z,0.18463209252079582
38.903390477,1709142509.586372621,1709142509.585814516,/rigid_bodies.rigidbodies[2].pose.position.z,0.1845237881494
38.913701162,1709142509.596683306,1709142509.596025168,/rigid_bodies.rigidbodies[2].pose.position.z,0.18438888524602084
38.923682684,1709142509.606664828,1709142509.606023095,/rigid_bodies.rigidbodies[2].pose.position.z,0.18440660863066946
38.933472901,1709142509.616455045,1709142509.615942551,/rigid_bodies.rigidbodies[2].pose.position.z,0.18452078471379846
38.943345642,1709142509.626327786,1709142509.625925954,/rigid_bodies.rigidbodies[2].pose.position.z,0.18427535202477308
38.953858689,1709142509.636840833,1709142509.636152461,/rigid_bodies.rigidbodies[2].pose.position.z,0.183900090570864
38.963350908,1709142509.646333052,1709142509.645661228,/rigid_bodies.rigidbodies[2].pose.position.z,0.1838768416319381
38.973568929,1709142509.656551073,1709142509.655893194,/rigid_bodies.rigidbodies[2].pose.position.z,0.18394595467526592
38.983739944,1709142509.666722088,1709142509.666067327,/rigid_bodies.rigidbodies[2].pose.position.z,0.18412200279416183
38.993132102,1709142509.676114246,1709142509.675707401,/rigid_bodies.rigidbodies[2].pose.position.z,0.1844587097626971
39.002934239,1709142509.685916383,1709142509.685566408,/rigid_bodies.rigidbodies[2].pose.position.z,0.18467798393185372
39.012800191,1709142509.695782335,1709142509.695483064,/rigid_bodies.rigidbodies[2].pose.position.z,0.18476853398631155
39.02306162,1709142509.706043764,1709142509.705610450,/rigid_bodies.rigidbodies[2].pose.position.z,0.1847580099656572
39.033645891,1709142509.716628035,1709142509.715922559,/rigid_bodies.rigidbodies[2].pose.position.z,0.18465156922750406
39.043413689,1709142509.726395833,1709142509.725738293,/rigid_bodies.rigidbodies[2].pose.position.z,0.18467896623032598
39.053760208,1709142509.736742352,1709142509.736048286,/rigid_bodies.rigidbodies[2].pose.position.z,0.18445241717433478
39.063204219,1709142509.746186363,1709142509.745663588,/rigid_bodies.rigidbodies[2].pose.position.z,0.18419091016337164
39.073318956,1709142509.756301100,1709142509.755676833,/rigid_bodies.rigidbodies[2].pose.position.z,0.18386639437135763
39.083604979,1709142509.766587123,1709142509.765827052,/rigid_bodies.rigidbodies[2].pose.position.z,0.18392974594667527
39.093136895,1709142509.776119039,1709142509.775668099,/rigid_bodies.rigidbodies[2].pose.position.z,0.18381204722778202
39.103455531,1709142509.786437675,1709142509.785854768,/rigid_bodies.rigidbodies[2].pose.position.z,0.18404382782967288
39.113604947,1709142509.796587091,1709142509.795991419,/rigid_bodies.rigidbodies[2].pose.position.z,0.18456612944026535
39.123490117,1709142509.806472261,1709142509.805943655,/rigid_bodies.rigidbodies[2].pose.position.z,0.18488567775805587
39.13384063,1709142509.816822774,1709142509.816123948,/rigid_bodies.rigidbodies[2].pose.position.z,0.1850211678617289
39.143025542,1709142509.826007686,1709142509.825692241,/rigid_bodies.rigidbodies[2].pose.position.z,0.18478687622366383
39.153329216,1709142509.836311360,1709142509.835894170,/rigid_bodies.rigidbodies[2].pose.position.z,0.1843833759153876
39.16349882,1709142509.846480964,1709142509.845979734,/rigid_bodies.rigidbodies[2].pose.position.z,0.18433663116865937
39.173894356,1709142509.856876500,1709142509.856222648,/rigid_bodies.rigidbodies[2].pose.position.z,0.18421140208218698
39.183364146,1709142509.866346290,1709142509.865919679,/rigid_bodies.rigidbodies[2].pose.position.z,0.18400617283940604
39.193506819,1709142509.876488963,1709142509.875971618,/rigid_bodies.rigidbodies[2].pose.position.z,0.18393156226816731
39.204132132,1709142509.887114276,1709142509.886314764,/rigid_bodies.rigidbodies[2].pose.position.z,0.1841498482002994
39.213338483,1709142509.896320627,1709142509.895826086,/rigid_bodies.rigidbodies[2].pose.position.z,0.18429915783815706
39.223256578,1709142509.906238722,1709142509.905815157,/rigid_bodies.rigidbodies[2].pose.position.z,0.1844882662939167
39.233523548,1709142509.916505692,1709142509.915995717,/rigid_bodies.rigidbodies[2].pose.position.z,0.18472729356373715
39.243279048,1709142509.926261192,1709142509.925888965,/rigid_bodies.rigidbodies[2].pose.position.z,0.18459702040589046
39.253480122,1709142509.936462266,1709142509.936016458,/rigid_bodies.rigidbodies[2].pose.position.z,0.18448809786236856
39.263297352,1709142509.946279496,1709142509.945887372,/rigid_bodies.rigidbodies[2].pose.position.z,0.18435874843611946
39.273364847,1709142509.956346991,1709142509.955903250,/rigid_bodies.rigidbodies[2].pose.position.z,0.18422886963394153
39.283722532,1709142509.966704676,1709142509.966054524,/rigid_bodies.rigidbodies[2].pose.position.z,0.18438299994034177
39.293702237,1709142509.976684381,1709142509.976061234,/rigid_bodies.rigidbodies[2].pose.position.z,0.1843398952980292
39.303325932,1709142509.986308076,1709142509.985834245,/rigid_bodies.rigidbodies[2].pose.position.z,0.18411381328874285
39.313473043,1709142509.996455187,1709142509.995914754,/rigid_bodies.rigidbodies[2].pose.position.z,0.18413497797165465
39.323818914,1709142510.006801058,1709142510.006074752,/rigid_bodies.rigidbodies[2].pose.position.z,0.18418681019395608
39.332994336,1709142510.015976480,1709142510.015775806,/rigid_bodies.rigidbodies[2].pose.position.z,0.1843795919761291
39.343291746,1709142510.026273890,1709142510.025972190,/rigid_bodies.rigidbodies[2].pose.position.z,0.18442882136680588
39.352960248,1709142510.035942392,1709142510.035638755,/rigid_bodies.rigidbodies[2].pose.position.z,0.18439424919569464
39.362937123,1709142510.045919267,1709142510.045673376,/rigid_bodies.rigidbodies[2].pose.position.z,0.18458045154065203
39.372815497,1709142510.055797641,1709142510.055571717,/rigid_bodies.rigidbodies[2].pose.position.z,0.1844648328861618
39.382827916,1709142510.065810060,1709142510.065587380,/rigid_bodies.rigidbodies[2].pose.position.z,0.18447918346131525
39.392925082,1709142510.075907226,1709142510.075687123,/rigid_bodies.rigidbodies[2].pose.position.z,0.18430882990242894
39.40286374,1709142510.085845884,1709142510.085589568,/rigid_bodies.rigidbodies[2].pose.position.z,0.18425392152026235
39.412790191,1709142510.095772335,1709142510.095532043,/rigid_bodies.rigidbodies[2].pose.position.z,0.18436070076528113
39.422909539,1709142510.105891683,1709142510.105567305,/rigid_bodies.rigidbodies[2].pose.position.z,0.18404167914994848
39.432931275,1709142510.115913419,1709142510.115658224,/rigid_bodies.rigidbodies[2].pose.position.z,0.18402430636794537
39.442949273,1709142510.125931417,1709142510.125694333,/rigid_bodies.rigidbodies[2].pose.position.z,0.18406025437905674
39.453032196,1709142510.136014340,1709142510.135721095,/rigid_bodies.rigidbodies[2].pose.position.z,0.18422755079358763
39.463152652,1709142510.146134796,1709142510.145808422,/rigid_bodies.rigidbodies[2].pose.position.z,0.18473971494151847
39.473484751,1709142510.156466895,1709142510.155986970,/rigid_bodies.rigidbodies[2].pose.position.z,0.18478857655616066
39.483664787,1709142510.166646931,1709142510.166098167,/rigid_bodies.rigidbodies[2].pose.position.z,0.18484505363477807
39.493359031,1709142510.176341175,1709142510.175860047,/rigid_bodies.rigidbodies[2].pose.position.z,0.1846607452588759
39.503826094,1709142510.186808238,1709142510.186192345,/rigid_bodies.rigidbodies[2].pose.position.z,0.1843431397130594
39.513737393,1709142510.196719537,1709142510.196094687,/rigid_bodies.rigidbodies[2].pose.position.z,0.18423012151620785
39.523449763,1709142510.206431907,1709142510.205924127,/rigid_bodies.rigidbodies[2].pose.position.z,0.18414178662143635
39.533624811,1709142510.216606955,1709142510.216024579,/rigid_bodies.rigidbodies[2].pose.position.z,0.18421686648204028
39.543328833,1709142510.226310977,1709142510.225817430,/rigid_bodies.rigidbodies[2].pose.position.z,0.18413070299623668
39.553219223,1709142510.236201367,1709142510.235805499,/rigid_bodies.rigidbodies[2].pose.position.z,0.18408698215554387
39.563230657,1709142510.246212801,1709142510.245830678,/rigid_bodies.rigidbodies[2].pose.position.z,0.1842084616330552
39.573410269,1709142510.256392413,1709142510.255893706,/rigid_bodies.rigidbodies[2].pose.position.z,0.1843174699047225
39.583894018,1709142510.266876162,1709142510.266195211,/rigid_bodies.rigidbodies[2].pose.position.z,0.18460963745206663
39.593212957,1709142510.276195101,1709142510.275806823,/rigid_bodies.rigidbodies[2].pose.position.z,0.18467318499602908
39.603301881,1709142510.286284025,1709142510.285851605,/rigid_bodies.rigidbodies[2].pose.position.z,0.18469238626849696
39.612732438,1709142510.295714582,1709142510.295531475,/rigid_bodies.rigidbodies[2].pose.position.z,0.18465903429143712
39.622941526,1709142510.305923670,1709142510.305708080,/rigid_bodies.rigidbodies[2].pose.position.z,0.18426618715791993
39.633333308,1709142510.316315452,1709142510.315907808,/rigid_bodies.rigidbodies[2].pose.position.z,0.1841314741971841
39.643170989,1709142510.326153133,1709142510.325766193,/rigid_bodies.rigidbodies[2].pose.position.z,0.18426643204034798
39.653228247,1709142510.336210391,1709142510.335851217,/rigid_bodies.rigidbodies[2].pose.position.z,0.18432594227146287
39.663301441,1709142510.346283585,1709142510.345783280,/rigid_bodies.rigidbodies[2].pose.position.z,0.18420259653467805
39.673328344,1709142510.356310488,1709142510.355862041,/rigid_bodies.rigidbodies[2].pose.position.z,0.1842505102178235
39.683631453,1709142510.366613597,1709142510.366063668,/rigid_bodies.rigidbodies[2].pose.position.z,0.18404855860840455
39.693632352,1709142510.376614496,1709142510.376007228,/rigid_bodies.rigidbodies[2].pose.position.z,0.18416607245681055
39.703257622,1709142510.386239766,1709142510.385815209,/rigid_bodies.rigidbodies[2].pose.position.z,0.18453113185691827
39.713459444,1709142510.396441588,1709142510.395914601,/rigid_bodies.rigidbodies[2].pose.position.z,0.18459979070004515
39.724009325,1709142510.406991469,1709142510.406149747,/rigid_bodies.rigidbodies[2].pose.position.z,0.18472199283818133
39.733191504,1709142510.416173648,1709142510.415807783,/rigid_bodies.rigidbodies[2].pose.position.z,0.18457961613178456
39.743360737,1709142510.426342881,1709142510.425926352,/rigid_bodies.rigidbodies[2].pose.position.z,0.18428354777910477
39.753523647,1709142510.436505791,1709142510.436028878,/rigid_bodies.rigidbodies[2].pose.position.z,0.18422453367630154
39.763143266,1709142510.446125410,1709142510.445671229,/rigid_bodies.rigidbodies[2].pose.position.z,0.18418036881058433
39.773064919,1709142510.456047063,1709142510.455658727,/rigid_bodies.rigidbodies[2].pose.position.z,0.18420233707275496
39.783286435,1709142510.466268579,1709142510.465703497,/rigid_bodies.rigidbodies[2].pose.position.z,0.18425334058153112
39.793259118,1709142510.476241262,1709142510.475669475,/rigid_bodies.rigidbodies[2].pose.position.z,0.18421496878616905
39.803397963,1709142510.486380107,1709142510.485815973,/rigid_bodies.rigidbodies[2].pose.position.z,0.18415280003603243
39.81320357,1709142510.496185714,1709142510.495716643,/rigid_bodies.rigidbodies[2].pose.position.z,0.18422825770136075
39.823043585,1709142510.506025729,1709142510.505651495,/rigid_bodies.rigidbodies[2].pose.position.z,0.184318891428971
39.83337375,1709142510.516355894,1709142510.515748028,/rigid_bodies.rigidbodies[2].pose.position.z,0.18458995164665035
39.843307472,1709142510.526289616,1709142510.525725484,/rigid_bodies.rigidbodies[2].pose.position.z,0.18462439819310691
39.8533298,1709142510.536311944,1709142510.535750709,/rigid_bodies.rigidbodies[2].pose.position.z,0.1845456305355531
39.863186637,1709142510.546168781,1709142510.545669381,/rigid_bodies.rigidbodies[2].pose.position.z,0.18423180054463598
39.873532831,1709142510.556514975,1709142510.555852252,/rigid_bodies.rigidbodies[2].pose.position.z,0.18399894322818477
39.883575904,1709142510.566558048,1709142510.565901979,/rigid_bodies.rigidbodies[2].pose.position.z,0.18409111342150525
39.893472424,1709142510.576454568,1709142510.575801684,/rigid_bodies.rigidbodies[2].pose.position.z,0.1843165927032321
39.903617615,1709142510.586599759,1709142510.585874873,/rigid_bodies.rigidbodies[2].pose.position.z,0.18439795412270513
39.913277699,1709142510.596259843,1709142510.595699834,/rigid_bodies.rigidbodies[2].pose.position.z,0.184403749385471
39.923309725,1709142510.606291869,1709142510.605710610,/rigid_bodies.rigidbodies[2].pose.position.z,0.18429308879821496
39.933497353,1709142510.616479497,1709142510.615812141,/rigid_bodies.rigidbodies[2].pose.position.z,0.18438833070260233
39.94344592,1709142510.626428064,1709142510.625841507,/rigid_bodies.rigidbodies[2].pose.position.z,0.18439222262726077
39.953198083,1709142510.636180227,1709142510.635657239,/rigid_bodies.rigidbodies[2].pose.position.z,0.18447275950190828
39.963361913,1709142510.646344057,1709142510.645865540,/rigid_bodies.rigidbodies[2].pose.position.z,0.18451174498970174
39.97324938,1709142510.656231524,1709142510.655737193,/rigid_bodies.rigidbodies[2].pose.position.z,0.18434257490575578
39.983098072,1709142510.666080216,1709142510.665692761,/rigid_bodies.rigidbodies[2].pose.position.z,0.18431396154998417
39.993391499,1709142510.676373643,1709142510.675888218,/rigid_bodies.rigidbodies[2].pose.position.z,0.1842650604652229
40.003963924,1709142510.686946068,1709142510.686221485,/rigid_bodies.rigidbodies[2].pose.position.z,0.1842281206823443
40.01353403,1709142510.696516174,1709142510.695936893,/rigid_bodies.rigidbodies[2].pose.position.z,0.18431909644714847
40.023361511,1709142510.706343655,1709142510.705717136,/rigid_bodies.rigidbodies[2].pose.position.z,0.18427917639435026
40.033575333,1709142510.716557477,1709142510.715872281,/rigid_bodies.rigidbodies[2].pose.position.z,0.18426506541665444
40.043439752,1709142510.726421896,1709142510.725821037,/rigid_bodies.rigidbodies[2].pose.position.z,0.18434833062598535
40.053358113,1709142510.736340257,1709142510.735801648,/rigid_bodies.rigidbodies[2].pose.position.z,0.18439701223379745
40.063345262,1709142510.746327406,1709142510.745833685,/rigid_bodies.rigidbodies[2].pose.position.z,0.18419918969259225
40.073435277,1709142510.756417421,1709142510.755968616,/rigid_bodies.rigidbodies[2].pose.position.z,0.18444845958898398
40.083965347,1709142510.766947491,1709142510.766382820,/rigid_bodies.rigidbodies[2].pose.position.z,0.18454681715110338
40.093513571,1709142510.776495715,1709142510.776035469,/rigid_bodies.rigidbodies[2].pose.position.z,0.18440477835649666
40.103280508,1709142510.786262652,1709142510.785925873,/rigid_bodies.rigidbodies[2].pose.position.z,0.18429076959409388
40.113392829,1709142510.796374973,1709142510.795971007,/rigid_bodies.rigidbodies[2].pose.position.z,0.18404457111131278
40.123392552,1709142510.806374696,1709142510.805969885,/rigid_bodies.rigidbodies[2].pose.position.z,0.18422378271945333
40.133264505,1709142510.816246649,1709142510.815884727,/rigid_bodies.rigidbodies[2].pose.position.z,0.18424033693455563
40.143599005,1709142510.826581149,1709142510.826112882,/rigid_bodies.rigidbodies[2].pose.position.z,0.18438763751842516
40.153373098,1709142510.836355242,1709142510.835866648,/rigid_bodies.rigidbodies[2].pose.position.z,0.18438622097151966
40.163051898,1709142510.846034042,1709142510.845677202,/rigid_bodies.rigidbodies[2].pose.position.z,0.18436152274362239
40.173309139,1709142510.856291283,1709142510.855785284,/rigid_bodies.rigidbodies[2].pose.position.z,0.1845580952812333
40.183369391,1709142510.866351535,1709142510.865831962,/rigid_bodies.rigidbodies[2].pose.position.z,0.1843203424328727
40.193208374,1709142510.876190518,1709142510.875724756,/rigid_bodies.rigidbodies[2].pose.position.z,0.18450881589083726
40.203176814,1709142510.886158958,1709142510.885713689,/rigid_bodies.rigidbodies[2].pose.position.z,0.18440708793615693
40.213325654,1709142510.896307798,1709142510.895808831,/rigid_bodies.rigidbodies[2].pose.position.z,0.1842600918642847
40.223020781,1709142510.906002925,1709142510.905652250,/rigid_bodies.rigidbodies[2].pose.position.z,0.18424541229021624
40.233372045,1709142510.916354189,1709142510.915862559,/rigid_bodies.rigidbodies[2].pose.position.z,0.18407205571833718
40.243152974,1709142510.926135118,1709142510.925789387,/rigid_bodies.rigidbodies[2].pose.position.z,0.1841586760869047
40.253038624,1709142510.936020768,1709142510.935673350,/rigid_bodies.rigidbodies[2].pose.position.z,0.18443796059202566
40.263125535,1709142510.946107679,1709142510.945889390,/rigid_bodies.rigidbodies[2].pose.position.z,0.1843933048465222
40.2734305,1709142510.956412644,1709142510.955993085,/rigid_bodies.rigidbodies[2].pose.position.z,0.1845241242275222
40.283071356,1709142510.966053500,1709142510.965710726,/rigid_bodies.rigidbodies[2].pose.position.z,0.18441764460850352
40.293302708,1709142510.976284852,1709142510.975848433,/rigid_bodies.rigidbodies[2].pose.position.z,0.1842946685390893
40.303387876,1709142510.986370020,1709142510.985936127,/rigid_bodies.rigidbodies[2].pose.position.z,0.18440902807230028
40.313012929,1709142510.995995073,1709142510.995712153,/rigid_bodies.rigidbodies[2].pose.position.z,0.18455022454749795
40.323251347,1709142511.006233491,1709142511.005813470,/rigid_bodies.rigidbodies[2].pose.position.z,0.18451783122654936
40.333341122,1709142511.016323266,1709142511.015884653,/rigid_bodies.rigidbodies[2].pose.position.z,0.18435940666961073
40.342959437,1709142511.025941581,1709142511.025687464,/rigid_bodies.rigidbodies[2].pose.position.z,0.18430273990286802
40.353324344,1709142511.036306488,1709142511.035859275,/rigid_bodies.rigidbodies[2].pose.position.z,0.18412995918878133
40.363178785,1709142511.046160929,1709142511.045685410,/rigid_bodies.rigidbodies[2].pose.position.z,0.18429030158198256
40.373154711,1709142511.056136855,1709142511.055763160,/rigid_bodies.rigidbodies[2].pose.position.z,0.18434603217549367
40.38316118,1709142511.066143324,1709142511.065762269,/rigid_bodies.rigidbodies[2].pose.position.z,0.1843519733280184
40.393500149,1709142511.076482293,1709142511.076019408,/rigid_bodies.rigidbodies[2].pose.position.z,0.18443696249597347
40.403129314,1709142511.086111458,1709142511.085773576,/rigid_bodies.rigidbodies[2].pose.position.z,0.18441455488071432
40.41276569,1709142511.095747834,1709142511.095580598,/rigid_bodies.rigidbodies[2].pose.position.z,0.18446445239882728
40.423023976,1709142511.106006120,1709142511.105706735,/rigid_bodies.rigidbodies[2].pose.position.z,0.1844552317795554
40.433433185,1709142511.116415329,1709142511.115994814,/rigid_bodies.rigidbodies[2].pose.position.z,0.1844544794761631
40.443182432,1709142511.126164576,1709142511.125854592,/rigid_bodies.rigidbodies[2].pose.position.z,0.18454597363879305
40.453528294,1709142511.136510438,1709142511.136132607,/rigid_bodies.rigidbodies[2].pose.position.z,0.18448176190611623
40.463254444,1709142511.146236588,1709142511.145897295,/rigid_bodies.rigidbodies[2].pose.position.z,0.18431905112750546
40.473519499,1709142511.156501643,1709142511.156026415,/rigid_bodies.rigidbodies[2].pose.position.z,0.18410875277105562
40.483444624,1709142511.166426768,1709142511.166074945,/rigid_bodies.rigidbodies[2].pose.position.z,0.18402980858725831
40.49365311,1709142511.176635254,1709142511.176140754,/rigid_bodies.rigidbodies[2].pose.position.z,0.18437116076328453
40.503629123,1709142511.186611267,1709142511.185957357,/rigid_bodies.rigidbodies[2].pose.position.z,0.18444231421071508
40.513456107,1709142511.196438251,1709142511.195971333,/rigid_bodies.rigidbodies[2].pose.position.z,0.18459049623178145
40.523846402,1709142511.206828546,1709142511.206173499,/rigid_bodies.rigidbodies[2].pose.position.z,0.1845139137766133
40.533319758,1709142511.216301902,1709142511.215917631,/rigid_bodies.rigidbodies[2].pose.position.z,0.18429688232326313
40.543615395,1709142511.226597539,1709142511.226134862,/rigid_bodies.rigidbodies[2].pose.position.z,0.18438147202046262
40.553602045,1709142511.236584189,1709142511.236118872,/rigid_bodies.rigidbodies[2].pose.position.z,0.1843521378922572
40.563244679,1709142511.246226823,1709142511.245891972,/rigid_bodies.rigidbodies[2].pose.position.z,0.18449641238775397
40.573433647,1709142511.256415791,1709142511.255994419,/rigid_bodies.rigidbodies[2].pose.position.z,0.1845302274899475
40.583573326,1709142511.266555470,1709142511.266104945,/rigid_bodies.rigidbodies[2].pose.position.z,0.18426782941702907
40.593330294,1709142511.276312438,1709142511.275905893,/rigid_bodies.rigidbodies[2].pose.position.z,0.184162054881973
40.603737949,1709142511.286720093,1709142511.286187370,/rigid_bodies.rigidbodies[2].pose.position.z,0.18440300303707033
40.613290595,1709142511.296272739,1709142511.295737015,/rigid_bodies.rigidbodies[2].pose.position.z,0.1844989753500698
40.623547582,1709142511.306529726,1709142511.306092227,/rigid_bodies.rigidbodies[2].pose.position.z,0.18446160049470045
40.633794973,1709142511.316777117,1709142511.316068174,/rigid_bodies.rigidbodies[2].pose.position.z,0.18436952784201496
40.643467484,1709142511.326449628,1709142511.325965357,/rigid_bodies.rigidbodies[2].pose.position.z,0.18419890483686346
40.653354605,1709142511.336336749,1709142511.335871525,/rigid_bodies.rigidbodies[2].pose.position.z,0.18423647799542928
40.663074318,1709142511.346056462,1709142511.345803293,/rigid_bodies.rigidbodies[2].pose.position.z,0.18419476918920713
40.673538248,1709142511.356520392,1709142511.355937258,/rigid_bodies.rigidbodies[2].pose.position.z,0.18429381443967516
40.683433396,1709142511.366415540,1709142511.365872419,/rigid_bodies.rigidbodies[2].pose.position.z,0.18445374061566647
40.693363485,1709142511.376345629,1709142511.375845364,/rigid_bodies.rigidbodies[2].pose.position.z,0.1845309695521988
40.703855877,1709142511.386838021,1709142511.386091816,/rigid_bodies.rigidbodies[2].pose.position.z,0.18444706987063078
40.71338951,1709142511.396371654,1709142511.395855228,/rigid_bodies.rigidbodies[2].pose.position.z,0.1843045567236398
40.723491525,1709142511.406473669,1709142511.405869394,/rigid_bodies.rigidbodies[2].pose.position.z,0.18447186376841154
40.733722821,1709142511.416704965,1709142511.416010575,/rigid_bodies.rigidbodies[2].pose.position.z,0.18424017244868016
40.743422054,1709142511.426404198,1709142511.425866256,/rigid_bodies.rigidbodies[2].pose.position.z,0.1844132984548907
40.753618281,1709142511.436600425,1709142511.435981096,/rigid_bodies.rigidbodies[2].pose.position.z,0.18449258054041978
40.763224125,1709142511.446206269,1709142511.445885919,/rigid_bodies.rigidbodies[2].pose.position.z,0.18445213744164596
40.773439409,1709142511.456421553,1709142511.455922609,/rigid_bodies.rigidbodies[2].pose.position.z,0.18442477432983864
40.783824146,1709142511.466806290,1709142511.466031449,/rigid_bodies.rigidbodies[2].pose.position.z,0.18431263515084265
40.793278308,1709142511.476260452,1709142511.475857120,/rigid_bodies.rigidbodies[2].pose.position.z,0.18437400595029296
40.803359631,1709142511.486341775,1709142511.485992890,/rigid_bodies.rigidbodies[2].pose.position.z,0.18440651606049496
40.813250603,1709142511.496232747,1709142511.495902080,/rigid_bodies.rigidbodies[2].pose.position.z,0.18438445831010472
40.823298115,1709142511.506280259,1709142511.505808481,/rigid_bodies.rigidbodies[2].pose.position.z,0.1842430881912394
40.833383973,1709142511.516366117,1709142511.515876409,/rigid_bodies.rigidbodies[2].pose.position.z,0.18426659482862498
40.843325708,1709142511.526307852,1709142511.525942874,/rigid_bodies.rigidbodies[2].pose.position.z,0.18433550630781448
40.853213352,1709142511.536195496,1709142511.535841822,/rigid_bodies.rigidbodies[2].pose.position.z,0.18426624571431732
40.863338753,1709142511.546320897,1709142511.546011817,/rigid_bodies.rigidbodies[2].pose.position.z,0.18450196818412767
40.873541135,1709142511.556523279,1709142511.556067091,/rigid_bodies.rigidbodies[2].pose.position.z,0.18449522324449258
40.883198249,1709142511.566180393,1709142511.565813314,/rigid_bodies.rigidbodies[2].pose.position.z,0.1845038025591331
40.893693443000004,1709142511.576675587,1709142511.576105188,/rigid_bodies.rigidbodies[2].pose.position.z,0.18437966587901758
40.903282784,1709142511.586264928,1709142511.585884353,/rigid_bodies.rigidbodies[2].pose.position.z,0.18416850923824224
40.91333667,1709142511.596318814,1709142511.595856125,/rigid_bodies.rigidbodies[2].pose.position.z,0.18431674043821267
40.923288529,1709142511.606270673,1709142511.605838446,/rigid_bodies.rigidbodies[2].pose.position.z,0.1843833467016141
40.933467719,1709142511.616449863,1709142511.615950533,/rigid_bodies.rigidbodies[2].pose.position.z,0.1845161113368231
40.943322837,1709142511.626304981,1709142511.625961090,/rigid_bodies.rigidbodies[2].pose.position.z,0.18442615129296538
40.953330546000004,1709142511.636312690,1709142511.635927406,/rigid_bodies.rigidbodies[2].pose.position.z,0.18437685957340388
40.963088341,1709142511.646070485,1709142511.645793620,/rigid_bodies.rigidbodies[2].pose.position.z,0.18430099408638267
40.973226628,1709142511.656208772,1709142511.655899594,/rigid_bodies.rigidbodies[2].pose.position.z,0.18437788580974931
40.983454562,1709142511.666436706,1709142511.666020037,/rigid_bodies.rigidbodies[2].pose.position.z,0.18444293383123297
40.993267474,1709142511.676249618,1709142511.675832940,/rigid_bodies.rigidbodies[2].pose.position.z,0.1843579832270932
41.003571126,1709142511.686553270,1709142511.686040816,/rigid_bodies.rigidbodies[2].pose.position.z,0.18439944267459482
41.013237793,1709142511.696219937,1709142511.695879633,/rigid_bodies.rigidbodies[2].pose.position.z,0.18432494318888348
41.023033532,1709142511.706015676,1709142511.705744841,/rigid_bodies.rigidbodies[2].pose.position.z,0.18433364134235014
41.03316905,1709142511.716151194,1709142511.715797891,/rigid_bodies.rigidbodies[2].pose.position.z,0.18453522776568668
41.042860918,1709142511.725843062,1709142511.725562478,/rigid_bodies.rigidbodies[2].pose.position.z,0.18452408085460897
41.053149335,1709142511.736131479,1709142511.735653890,/rigid_bodies.rigidbodies[2].pose.position.z,0.1844580201448935
41.063189501,1709142511.746171645,1709142511.745702868,/rigid_bodies.rigidbodies[2].pose.position.z,0.18435342976910696
41.073608973,1709142511.756591117,1709142511.756041680,/rigid_bodies.rigidbodies[2].pose.position.z,0.18439918384409798
41.08332989,1709142511.766312034,1709142511.765897609,/rigid_bodies.rigidbodies[2].pose.position.z,0.1842690022042843
41.093775892,1709142511.776758036,1709142511.776284859,/rigid_bodies.rigidbodies[2].pose.position.z,0.18418840108236148
41.103522304,1709142511.786504448,1709142511.786069590,/rigid_bodies.rigidbodies[2].pose.position.z,0.18433384170802686
41.113056992,1709142511.796039136,1709142511.795818812,/rigid_bodies.rigidbodies[2].pose.position.z,0.18422397320786943
41.12397495,1709142511.806957094,1709142511.806216734,/rigid_bodies.rigidbodies[2].pose.position.z,0.18446594199176622
41.133621282,1709142511.816603426,1709142511.815999676,/rigid_bodies.rigidbodies[2].pose.position.z,0.184545987293722
41.143127016,1709142511.826109160,1709142511.825776207,/rigid_bodies.rigidbodies[2].pose.position.z,0.18440850320478586
41.153692433,1709142511.836674577,1709142511.836182132,/rigid_bodies.rigidbodies[2].pose.position.z,0.18444243351199896
41.163237048,1709142511.846219192,1709142511.845934155,/rigid_bodies.rigidbodies[2].pose.position.z,0.18434512741434625
41.173641918,1709142511.856624062,1709142511.856011015,/rigid_bodies.rigidbodies[2].pose.position.z,0.18446438274359478
41.183460369,1709142511.866442513,1709142511.865948685,/rigid_bodies.rigidbodies[2].pose.position.z,0.18442036569017609
41.193790261,1709142511.876772405,1709142511.876118568,/rigid_bodies.rigidbodies[2].pose.position.z,0.18429765201399806
41.203485331,1709142511.886467475,1709142511.885944886,/rigid_bodies.rigidbodies[2].pose.position.z,0.18425326592022936
41.213361926,1709142511.896344070,1709142511.895871656,/rigid_bodies.rigidbodies[2].pose.position.z,0.18428497967607446
41.223640776,1709142511.906622920,1709142511.906019063,/rigid_bodies.rigidbodies[2].pose.position.z,0.18447295152852788
41.233211185,1709142511.916193329,1709142511.915741866,/rigid_bodies.rigidbodies[2].pose.position.z,0.18442626886474847
41.243284299,1709142511.926266443,1709142511.925772923,/rigid_bodies.rigidbodies[2].pose.position.z,0.18438406386829784
41.252856441,1709142511.935838585,1709142511.935543388,/rigid_bodies.rigidbodies[2].pose.position.z,0.18437278554476083
41.262968651,1709142511.945950795,1709142511.945699123,/rigid_bodies.rigidbodies[2].pose.position.z,0.18409974024855838
41.273068817,1709142511.956050961,1709142511.955703384,/rigid_bodies.rigidbodies[2].pose.position.z,0.184340970019436
41.283289258,1709142511.966271402,1709142511.965833256,/rigid_bodies.rigidbodies[2].pose.position.z,0.1844085925333261
41.292986096,1709142511.975968240,1709142511.975646534,/rigid_bodies.rigidbodies[2].pose.position.z,0.18441349537379967
41.30314021,1709142511.986122354,1709142511.985794201,/rigid_bodies.rigidbodies[2].pose.position.z,0.1844951208316107
41.313201995,1709142511.996184139,1709142511.995806676,/rigid_bodies.rigidbodies[2].pose.position.z,0.18428418761410897
41.323182344,1709142512.006164488,1709142512.005862520,/rigid_bodies.rigidbodies[2].pose.position.z,0.1843468961594682
41.333353685,1709142512.016335829,1709142512.015984778,/rigid_bodies.rigidbodies[2].pose.position.z,0.18441158243160943
41.343260621,1709142512.026242765,1709142512.025942013,/rigid_bodies.rigidbodies[2].pose.position.z,0.18433480138662617
41.353114466,1709142512.036096610,1709142512.035735218,/rigid_bodies.rigidbodies[2].pose.position.z,0.18447218075110727
41.363048495,1709142512.046030639,1709142512.045685465,/rigid_bodies.rigidbodies[2].pose.position.z,0.18453281216325576
41.372787997,1709142512.055770141,1709142512.055543806,/rigid_bodies.rigidbodies[2].pose.position.z,0.1843730639109977
41.383148431,1709142512.066130575,1709142512.065785626,/rigid_bodies.rigidbodies[2].pose.position.z,0.18438559459848308
41.393048816,1709142512.076030960,1709142512.075636889,/rigid_bodies.rigidbodies[2].pose.position.z,0.18433288685936952
41.403008711,1709142512.085990855,1709142512.085665826,/rigid_bodies.rigidbodies[2].pose.position.z,0.1843093564875268
41.412818693,1709142512.095800837,1709142512.095593406,/rigid_bodies.rigidbodies[2].pose.position.z,0.18432915049060922
41.422907108,1709142512.105889252,1709142512.105677660,/rigid_bodies.rigidbodies[2].pose.position.z,0.18420998091186866
41.43329979,1709142512.116281934,1709142512.115874768,/rigid_bodies.rigidbodies[2].pose.position.z,0.1841782523864209
41.443683559,1709142512.126665703,1709142512.125928049,/rigid_bodies.rigidbodies[2].pose.position.z,0.18421600138415126
41.453509109,1709142512.136491253,1709142512.136038690,/rigid_bodies.rigidbodies[2].pose.position.z,0.184352497587078
41.462895889,1709142512.145878033,1709142512.145662122,/rigid_bodies.rigidbodies[2].pose.position.z,0.18450749431893765
41.473086017,1709142512.156068161,1709142512.155761361,/rigid_bodies.rigidbodies[2].pose.position.z,0.18467748142286147
41.483390487,1709142512.166372631,1709142512.165931498,/rigid_bodies.rigidbodies[2].pose.position.z,0.1847367519126793
41.493052119,1709142512.176034263,1709142512.175708353,/rigid_bodies.rigidbodies[2].pose.position.z,0.184487071477496
41.50338806,1709142512.186370204,1709142512.185938419,/rigid_bodies.rigidbodies[2].pose.position.z,0.1843845012389467
41.513125896,1709142512.196108040,1709142512.195807269,/rigid_bodies.rigidbodies[2].pose.position.z,0.1842288085816577
41.523015782,1709142512.205997926,1709142512.205754921,/rigid_bodies.rigidbodies[2].pose.position.z,0.1841639941856766
41.533308927,1709142512.216291071,1709142512.215918119,/rigid_bodies.rigidbodies[2].pose.position.z,0.18415426858694886
41.54323766,1709142512.226219804,1709142512.225959363,/rigid_bodies.rigidbodies[2].pose.position.z,0.18421664510385877
41.553292979,1709142512.236275123,1709142512.235944043,/rigid_bodies.rigidbodies[2].pose.position.z,0.18422154390708018
41.563049005,1709142512.246031149,1709142512.245733756,/rigid_bodies.rigidbodies[2].pose.position.z,0.18415802893430278
41.573538353000004,1709142512.256520497,1709142512.256097690,/rigid_bodies.rigidbodies[2].pose.position.z,0.18430440793402034
41.58346052,1709142512.266442664,1709142512.265964707,/rigid_bodies.rigidbodies[2].pose.position.z,0.18431513661618532
41.59301151,1709142512.275993654,1709142512.275692025,/rigid_bodies.rigidbodies[2].pose.position.z,0.1845587933206663
41.603379236,1709142512.286361380,1709142512.285955585,/rigid_bodies.rigidbodies[2].pose.position.z,0.18473403917480852
41.613263544,1709142512.296245688,1709142512.295916691,/rigid_bodies.rigidbodies[2].pose.position.z,0.18445731411413294
41.623201657,1709142512.306183801,1709142512.305893456,/rigid_bodies.rigidbodies[2].pose.position.z,0.1844338520483228
41.633303931,1709142512.316286075,1709142512.315896497,/rigid_bodies.rigidbodies[2].pose.position.z,0.1842336400277405
41.643015778,1709142512.325997922,1709142512.325702849,/rigid_bodies.rigidbodies[2].pose.position.z,0.18431247339614545
41.652910055,1709142512.335892199,1709142512.335582148,/rigid_bodies.rigidbodies[2].pose.position.z,0.18450935456139922
41.662954383,1709142512.345936527,1709142512.345735533,/rigid_bodies.rigidbodies[2].pose.position.z,0.1842934601953268
41.672973831,1709142512.355955975,1709142512.355624521,/rigid_bodies.rigidbodies[2].pose.position.z,0.18421673061996394
41.683147581,1709142512.366129725,1709142512.365734384,/rigid_bodies.rigidbodies[2].pose.position.z,0.18411231290933897
41.693155838,1709142512.376137982,1709142512.375756671,/rigid_bodies.rigidbodies[2].pose.position.z,0.18436065364649262
41.703446959,1709142512.386429103,1709142512.385912435,/rigid_bodies.rigidbodies[2].pose.position.z,0.18440793567251973
41.713170319,1709142512.396152463,1709142512.395727018,/rigid_bodies.rigidbodies[2].pose.position.z,0.184407765946388
41.723053209,1709142512.406035353,1709142512.405686620,/rigid_bodies.rigidbodies[2].pose.position.z,0.1844495060578123
41.733343602,1709142512.416325746,1709142512.415892626,/rigid_bodies.rigidbodies[2].pose.position.z,0.18436117619399686
41.743214747,1709142512.426196891,1709142512.425817981,/rigid_bodies.rigidbodies[2].pose.position.z,0.18459717473360288
41.753101334,1709142512.436083478,1709142512.435707147,/rigid_bodies.rigidbodies[2].pose.position.z,0.18438475780269903
41.762977954,1709142512.445960098,1709142512.445578493,/rigid_bodies.rigidbodies[2].pose.position.z,0.1844496238551217
41.773283854,1709142512.456265998,1709142512.455876905,/rigid_bodies.rigidbodies[2].pose.position.z,0.18442370741739936
41.783249268,1709142512.466231412,1709142512.465813031,/rigid_bodies.rigidbodies[2].pose.position.z,0.1842146542361453
41.793572458,1709142512.476554602,1709142512.475931525,/rigid_bodies.rigidbodies[2].pose.position.z,0.18438373973569622
41.803322473,1709142512.486304617,1709142512.485762412,/rigid_bodies.rigidbodies[2].pose.position.z,0.18442111162982125
41.813042006,1709142512.496024150,1709142512.495737898,/rigid_bodies.rigidbodies[2].pose.position.z,0.1844134354805821
41.823210875,1709142512.506193019,1709142512.505725240,/rigid_bodies.rigidbodies[2].pose.position.z,0.1843963164813926
41.833542462,1709142512.516524606,1709142512.515880714,/rigid_bodies.rigidbodies[2].pose.position.z,0.1844440487873773
41.843113459,1709142512.526095603,1709142512.525692203,/rigid_bodies.rigidbodies[2].pose.position.z,0.1844527465332727
41.853370984,1709142512.536353128,1709142512.535845583,/rigid_bodies.rigidbodies[2].pose.position.z,0.1844198360591034
41.863062293,1709142512.546044437,1709142512.545601083,/rigid_bodies.rigidbodies[2].pose.position.z,0.18440380471933768
41.873132624,1709142512.556114768,1709142512.555712072,/rigid_bodies.rigidbodies[2].pose.position.z,0.18423506055196354
41.883007657,1709142512.565989801,1709142512.565651644,/rigid_bodies.rigidbodies[2].pose.position.z,0.18432415890762985
41.893269604,1709142512.576251748,1709142512.575904104,/rigid_bodies.rigidbodies[2].pose.position.z,0.18439412142723716
41.903205346,1709142512.586187490,1709142512.585847701,/rigid_bodies.rigidbodies[2].pose.position.z,0.18457864798058715
41.913074533,1709142512.596056677,1709142512.595802023,/rigid_bodies.rigidbodies[2].pose.position.z,0.18461796174112366
41.923656731,1709142512.606638875,1709142512.606139977,/rigid_bodies.rigidbodies[2].pose.position.z,0.18441441708351977
41.933107151,1709142512.616089295,1709142512.615859151,/rigid_bodies.rigidbodies[2].pose.position.z,0.18440419118842796
41.943029222,1709142512.626011366,1709142512.625683099,/rigid_bodies.rigidbodies[2].pose.position.z,0.18438571556828298
41.953708491,1709142512.636690635,1709142512.636219583,/rigid_bodies.rigidbodies[2].pose.position.z,0.18433993211758415
41.962960269,1709142512.645942413,1709142512.645699353,/rigid_bodies.rigidbodies[2].pose.position.z,0.18437284606037802
41.973113258,1709142512.656095402,1709142512.655838926,/rigid_bodies.rigidbodies[2].pose.position.z,0.18433171104267287
41.983534516,1709142512.666516660,1709142512.666057115,/rigid_bodies.rigidbodies[2].pose.position.z,0.18426458724527517
41.993143571,1709142512.676125715,1709142512.675739186,/rigid_bodies.rigidbodies[2].pose.position.z,0.1841298431336528
42.003117219,1709142512.686099363,1709142512.685801963,/rigid_bodies.rigidbodies[2].pose.position.z,0.18433178873909534
42.013266134,1709142512.696248278,1709142512.695878997,/rigid_bodies.rigidbodies[2].pose.position.z,0.18437714436564073
42.023280596,1709142512.706262740,1709142512.705866583,/rigid_bodies.rigidbodies[2].pose.position.z,0.18444209017808658
42.033245679,1709142512.716227823,1709142512.715840003,/rigid_bodies.rigidbodies[2].pose.position.z,0.18446831138986866
42.043335977,1709142512.726318121,1709142512.725923910,/rigid_bodies.rigidbodies[2].pose.position.z,0.18431609424228002
42.053281613,1709142512.736263757,1709142512.735886944,/rigid_bodies.rigidbodies[2].pose.position.z,0.18453795673290738
42.063177318,1709142512.746159462,1709142512.745720142,/rigid_bodies.rigidbodies[2].pose.position.z,0.18453782754047826
42.073687012,1709142512.756669156,1709142512.756055765,/rigid_bodies.rigidbodies[2].pose.position.z,0.1851108574359549
42.083122252,1709142512.766104396,1709142512.765762806,/rigid_bodies.rigidbodies[2].pose.position.z,0.18450605342218157
42.093199222,1709142512.776181366,1709142512.775764499,/rigid_bodies.rigidbodies[2].pose.position.z,0.18443967974451952
42.103268278,1709142512.786250422,1709142512.785839495,/rigid_bodies.rigidbodies[2].pose.position.z,0.18436181023944306
42.113525181,1709142512.796507325,1709142512.795855461,/rigid_bodies.rigidbodies[2].pose.position.z,0.18473389068548954
42.123665229,1709142512.806647373,1709142512.805947331,/rigid_bodies.rigidbodies[2].pose.position.z,0.18654354869513545
42.133410581,1709142512.816392725,1709142512.815773331,/rigid_bodies.rigidbodies[2].pose.position.z,0.18585405910898495
42.143257323,1709142512.826239467,1709142512.825771887,/rigid_bodies.rigidbodies[2].pose.position.z,0.1838202153796844
42.153461119,1709142512.836443263,1709142512.835811901,/rigid_bodies.rigidbodies[2].pose.position.z,0.18434054294748936
42.163132951,1709142512.846115095,1709142512.845647641,/rigid_bodies.rigidbodies[2].pose.position.z,0.18424861017647232
42.173642219,1709142512.856624363,1709142512.855959268,/rigid_bodies.rigidbodies[2].pose.position.z,0.18467366302232993
42.18335485,1709142512.866336994,1709142512.865843782,/rigid_bodies.rigidbodies[2].pose.position.z,0.18425010355272253
42.193581877,1709142512.876564021,1709142512.875983726,/rigid_bodies.rigidbodies[2].pose.position.z,0.18441099297550226
42.203369854,1709142512.886351998,1709142512.885859461,/rigid_bodies.rigidbodies[2].pose.position.z,0.1842618921490101
42.213278765,1709142512.896260909,1709142512.895808690,/rigid_bodies.rigidbodies[2].pose.position.z,0.18419329550898733
42.223836988,1709142512.906819132,1709142512.906076821,/rigid_bodies.rigidbodies[2].pose.position.z,0.18429946895278013
42.233685627,1709142512.916667771,1709142512.916092369,/rigid_bodies.rigidbodies[2].pose.position.z,0.18419589734397385
42.243222398,1709142512.926204542,1709142512.925768495,/rigid_bodies.rigidbodies[2].pose.position.z,0.18426467517137
42.253628268,1709142512.936610412,1709142512.935977733,/rigid_bodies.rigidbodies[2].pose.position.z,0.1843351520685351
42.263157719,1709142512.946139863,1709142512.945807472,/rigid_bodies.rigidbodies[2].pose.position.z,0.18450949764350855
42.273567326,1709142512.956549470,1709142512.955916279,/rigid_bodies.rigidbodies[2].pose.position.z,0.18452579208167752
42.283844808,1709142512.966826952,1709142512.966081502,/rigid_bodies.rigidbodies[2].pose.position.z,0.1845420477003746
42.293191864,1709142512.976174008,1709142512.975798523,/rigid_bodies.rigidbodies[2].pose.position.z,0.18451738648490776
42.303180944,1709142512.986163088,1709142512.985709782,/rigid_bodies.rigidbodies[2].pose.position.z,0.1844301712237547
42.313434936,1709142512.996417080,1709142512.995923307,/rigid_bodies.rigidbodies[2].pose.position.z,0.18443527013205227
42.32335976,1709142513.006341904,1709142513.005881946,/rigid_bodies.rigidbodies[2].pose.position.z,0.1843350912211944
42.33344076,1709142513.016422904,1709142513.015912555,/rigid_bodies.rigidbodies[2].pose.position.z,0.18416732752322879
42.343428699,1709142513.026410843,1709142513.025939334,/rigid_bodies.rigidbodies[2].pose.position.z,0.1840472013402096
42.353475214,1709142513.036457358,1709142513.036023296,/rigid_bodies.rigidbodies[2].pose.position.z,0.18410178025844134
42.363185046,1709142513.046167190,1709142513.045873645,/rigid_bodies.rigidbodies[2].pose.position.z,0.1842481553860513
42.373738705,1709142513.056720849,1709142513.056125583,/rigid_bodies.rigidbodies[2].pose.position.z,0.18456479878145712
42.383756087,1709142513.066738231,1709142513.066089900,/rigid_bodies.rigidbodies[2].pose.position.z,0.18471546534453984
42.393386824,1709142513.076368968,1709142513.075868729,/rigid_bodies.rigidbodies[2].pose.position.z,0.18462576332957378
42.40376623,1709142513.086748374,1709142513.086069811,/rigid_bodies.rigidbodies[2].pose.position.z,0.18464220432410391
42.413554411,1709142513.096536555,1709142513.095986607,/rigid_bodies.rigidbodies[2].pose.position.z,0.1845791820002408
42.423371759,1709142513.106353903,1709142513.105861730,/rigid_bodies.rigidbodies[2].pose.position.z,0.18449675447573854
42.434185131,1709142513.117167275,1709142513.116435900,/rigid_bodies.rigidbodies[2].pose.position.z,0.18442681720367643
42.443924782,1709142513.126906926,1709142513.126128134,/rigid_bodies.rigidbodies[2].pose.position.z,0.18429756126146754
42.453425811,1709142513.136407955,1709142513.135960841,/rigid_bodies.rigidbodies[2].pose.position.z,0.18428361743628885
42.463331684,1709142513.146313828,1709142513.145850558,/rigid_bodies.rigidbodies[2].pose.position.z,0.18411206081650053
42.473630696,1709142513.156612840,1709142513.156141073,/rigid_bodies.rigidbodies[2].pose.position.z,0.1841775306978239
42.48354277,1709142513.166524914,1709142513.165969309,/rigid_bodies.rigidbodies[2].pose.position.z,0.18413329595741992
42.493716317,1709142513.176698461,1709142513.176077043,/rigid_bodies.rigidbodies[2].pose.position.z,0.1843373886273839
42.503156726,1709142513.186138870,1709142513.185846992,/rigid_bodies.rigidbodies[2].pose.position.z,0.18455131790226623
42.513115865,1709142513.196098009,1709142513.195746677,/rigid_bodies.rigidbodies[2].pose.position.z,0.18443804992984744
42.523855343,1709142513.206837487,1709142513.206032819,/rigid_bodies.rigidbodies[2].pose.position.z,0.18460043592755787
42.533597931,1709142513.216580075,1709142513.216000176,/rigid_bodies.rigidbodies[2].pose.position.z,0.18501428063445136
42.543284045,1709142513.226266189,1709142513.225904279,/rigid_bodies.rigidbodies[2].pose.position.z,0.18496270357327982
42.553632355,1709142513.236614499,1709142513.236052997,/rigid_bodies.rigidbodies[2].pose.position.z,0.18676289263655224
42.563119478,1709142513.246101622,1709142513.245725716,/rigid_bodies.rigidbodies[2].pose.position.z,0.1848731736918855
42.573332559,1709142513.256314703,1709142513.255794909,/rigid_bodies.rigidbodies[2].pose.position.z,0.1848723728519123
42.583303193,1709142513.266285337,1709142513.265779335,/rigid_bodies.rigidbodies[2].pose.position.z,0.184758324375206
42.593695728,1709142513.276677872,1709142513.276018229,/rigid_bodies.rigidbodies[2].pose.position.z,0.18448391721617483
42.603369885,1709142513.286352029,1709142513.285847246,/rigid_bodies.rigidbodies[2].pose.position.z,0.1845226520667319
42.613236039,1709142513.296218183,1709142513.295759402,/rigid_bodies.rigidbodies[2].pose.position.z,0.18451383019299825
42.623618146,1709142513.306600290,1709142513.305947371,/rigid_bodies.rigidbodies[2].pose.position.z,0.18431325026808315
42.633318632,1709142513.316300776,1709142513.315805486,/rigid_bodies.rigidbodies[2].pose.position.z,0.18378303365455634
42.643323721,1709142513.326305865,1709142513.325817677,/rigid_bodies.rigidbodies[2].pose.position.z,0.18433396582450962
42.65384075,1709142513.336822894,1709142513.336120413,/rigid_bodies.rigidbodies[2].pose.position.z,0.1843693150714152
42.663048933,1709142513.346031077,1709142513.345743514,/rigid_bodies.rigidbodies[2].pose.position.z,0.1844092420916064
42.673344071,1709142513.356326215,1709142513.355878275,/rigid_bodies.rigidbodies[2].pose.position.z,0.18439671084959589
42.683729502,1709142513.366711646,1709142513.366046368,/rigid_bodies.rigidbodies[2].pose.position.z,0.18453336770134196
42.693617405,1709142513.376599549,1709142513.375987783,/rigid_bodies.rigidbodies[2].pose.position.z,0.1845953531869346
42.703399327,1709142513.386381471,1709142513.385899077,/rigid_bodies.rigidbodies[2].pose.position.z,0.1845328649874985
42.713222659,1709142513.396204803,1709142513.395786048,/rigid_bodies.rigidbodies[2].pose.position.z,0.18446481121168432
42.723043405,1709142513.406025549,1709142513.405760801,/rigid_bodies.rigidbodies[2].pose.position.z,0.1842621603480054
42.733505257,1709142513.416487401,1709142513.416003048,/rigid_bodies.rigidbodies[2].pose.position.z,0.1843107447489356
42.743432136,1709142513.426414280,1709142513.425927330,/rigid_bodies.rigidbodies[2].pose.position.z,0.18436216266178107
42.753874771,1709142513.436856915,1709142513.436097876,/rigid_bodies.rigidbodies[2].pose.position.z,0.18433755132846572
42.763130364,1709142513.446112508,1709142513.445801397,/rigid_bodies.rigidbodies[2].pose.position.z,0.1844519900636785
42.773070944,1709142513.456053088,1709142513.455751474,/rigid_bodies.rigidbodies[2].pose.position.z,0.18412301760657562
42.7838124,1709142513.466794544,1709142513.466264487,/rigid_bodies.rigidbodies[2].pose.position.z,0.18438113484335672
42.793294018,1709142513.476276162,1709142513.475853923,/rigid_bodies.rigidbodies[2].pose.position.z,0.18441937764833888
42.803337466,1709142513.486319610,1709142513.485997527,/rigid_bodies.rigidbodies[2].pose.position.z,0.18437468087569697
42.813273357,1709142513.496255501,1709142513.495855309,/rigid_bodies.rigidbodies[2].pose.position.z,0.1844638133990057
42.823150297,1709142513.506132441,1709142513.505756971,/rigid_bodies.rigidbodies[2].pose.position.z,0.18443471631767974
42.833501069,1709142513.516483213,1709142513.515901416,/rigid_bodies.rigidbodies[2].pose.position.z,0.18458224689495611
42.843505128,1709142513.526487272,1709142513.525982380,/rigid_bodies.rigidbodies[2].pose.position.z,0.1845014773458489
42.853409692,1709142513.536391836,1709142513.535821003,/rigid_bodies.rigidbodies[2].pose.position.z,0.18456634541908007
42.863190535,1709142513.546172679,1709142513.545828885,/rigid_bodies.rigidbodies[2].pose.position.z,0.18446091542128037
42.873701436,1709142513.556683580,1709142513.556031494,/rigid_bodies.rigidbodies[2].pose.position.z,0.184346487298095
42.883244875,1709142513.566227019,1709142513.565815863,/rigid_bodies.rigidbodies[2].pose.position.z,0.18437479718212832
42.893678141,1709142513.576660285,1709142513.576018118,/rigid_bodies.rigidbodies[2].pose.position.z,0.18437220785807437
42.903356927,1709142513.586339071,1709142513.585883035,/rigid_bodies.rigidbodies[2].pose.position.z,0.18443538657782474
42.913325368,1709142513.596307512,1709142513.595865677,/rigid_bodies.rigidbodies[2].pose.position.z,0.1842039348041972
42.922971033,1709142513.605953177,1709142513.605641163,/rigid_bodies.rigidbodies[2].pose.position.z,0.18418616364880466
42.933312276,1709142513.616294420,1709142513.615846242,/rigid_bodies.rigidbodies[2].pose.position.z,0.1843374866081933
42.943189624,1709142513.626171768,1709142513.625761164,/rigid_bodies.rigidbodies[2].pose.position.z,0.18453809275475022
42.953645728,1709142513.636627872,1709142513.635963462,/rigid_bodies.rigidbodies[2].pose.position.z,0.1846349174298659
42.962914107,1709142513.645896251,1709142513.645651230,/rigid_bodies.rigidbodies[2].pose.position.z,0.18445105446996304
42.973329712,1709142513.656311856,1709142513.655942100,/rigid_bodies.rigidbodies[2].pose.position.z,0.18450775749450135
42.983250655,1709142513.666232799,1709142513.665851938,/rigid_bodies.rigidbodies[2].pose.position.z,0.18455252134851202
42.993380734,1709142513.676362878,1709142513.675920548,/rigid_bodies.rigidbodies[2].pose.position.z,0.1844855833028038
43.003301274,1709142513.686283418,1709142513.685892462,/rigid_bodies.rigidbodies[2].pose.position.z,0.18434539771062924
43.013303748,1709142513.696285892,1709142513.695801314,/rigid_bodies.rigidbodies[2].pose.position.z,0.18429963748007624
43.023261208,1709142513.706243352,1709142513.705825256,/rigid_bodies.rigidbodies[2].pose.position.z,0.18423071877593236
43.033351864,1709142513.716334008,1709142513.715897687,/rigid_bodies.rigidbodies[2].pose.position.z,0.18428878821655717
43.043500592,1709142513.726482736,1709142513.725897343,/rigid_bodies.rigidbodies[2].pose.position.z,0.18427583165473613
43.05322791,1709142513.736210054,1709142513.735781633,/rigid_bodies.rigidbodies[2].pose.position.z,0.1844223767187552
43.063163491,1709142513.746145635,1709142513.745821836,/rigid_bodies.rigidbodies[2].pose.position.z,0.1844009353548248
43.072822031,1709142513.755804175,1709142513.755572795,/rigid_bodies.rigidbodies[2].pose.position.z,0.184364022196154
43.082827483,1709142513.765809627,1709142513.765606251,/rigid_bodies.rigidbodies[2].pose.position.z,0.18420920460792176
43.093375913,1709142513.776358057,1709142513.775963646,/rigid_bodies.rigidbodies[2].pose.position.z,0.1843124588990076
43.103419695,1709142513.786401839,1709142513.785862802,/rigid_bodies.rigidbodies[2].pose.position.z,0.1844621691257902
43.113633782,1709142513.796615926,1709142513.796001452,/rigid_bodies.rigidbodies[2].pose.position.z,0.18445467329627593
43.123135721,1709142513.806117865,1709142513.805680520,/rigid_bodies.rigidbodies[2].pose.position.z,0.18452627266445
43.1332581,1709142513.816240244,1709142513.815805412,/rigid_bodies.rigidbodies[2].pose.position.z,0.18454961596449862
43.143022403,1709142513.826004547,1709142513.825687650,/rigid_bodies.rigidbodies[2].pose.position.z,0.1845842648273487
43.153398382,1709142513.836380526,1709142513.835853341,/rigid_bodies.rigidbodies[2].pose.position.z,0.1844709132820505
43.163229698,1709142513.846211842,1709142513.845813885,/rigid_bodies.rigidbodies[2].pose.position.z,0.18434053256903318
43.173582732,1709142513.856564876,1709142513.855961821,/rigid_bodies.rigidbodies[2].pose.position.z,0.18427091172675886
43.183578141,1709142513.866560285,1709142513.866007779,/rigid_bodies.rigidbodies[2].pose.position.z,0.18402968478210513
43.193403822,1709142513.876385966,1709142513.875870217,/rigid_bodies.rigidbodies[2].pose.position.z,0.18406237945067822
43.20378462,1709142513.886766764,1709142513.886100541,/rigid_bodies.rigidbodies[2].pose.position.z,0.1842276880827194
43.213738594,1709142513.896720738,1709142513.896040349,/rigid_bodies.rigidbodies[2].pose.position.z,0.18436979571887682
43.223216528,1709142513.906198672,1709142513.905834018,/rigid_bodies.rigidbodies[2].pose.position.z,0.1845062700478582
43.233767557,1709142513.916749701,1709142513.916064655,/rigid_bodies.rigidbodies[2].pose.position.z,0.1846439016153244
43.243796369,1709142513.926778513,1709142513.926006922,/rigid_bodies.rigidbodies[2].pose.position.z,0.1847416718335233
43.253265021,1709142513.936247165,1709142513.935751708,/rigid_bodies.rigidbodies[2].pose.position.z,0.18460494727072718
43.263254314,1709142513.946236458,1709142513.945781863,/rigid_bodies.rigidbodies[2].pose.position.z,0.18446242188184467
43.273295892,1709142513.956278036,1709142513.955795084,/rigid_bodies.rigidbodies[2].pose.position.z,0.184220986842709
43.283345746,1709142513.966327890,1709142513.965808386,/rigid_bodies.rigidbodies[2].pose.position.z,0.18410577029387568
43.293454707,1709142513.976436851,1709142513.975884837,/rigid_bodies.rigidbodies[2].pose.position.z,0.1841055476285081
43.303470632,1709142513.986452776,1709142513.985899838,/rigid_bodies.rigidbodies[2].pose.position.z,0.18423089516274674
43.313299693,1709142513.996281837,1709142513.995882536,/rigid_bodies.rigidbodies[2].pose.position.z,0.1843638203500768
43.32324378,1709142514.006225924,1709142514.005801693,/rigid_bodies.rigidbodies[2].pose.position.z,0.18443046874473895
43.333513041,1709142514.016495185,1709142514.015883327,/rigid_bodies.rigidbodies[2].pose.position.z,0.1843761380821983
43.343267913,1709142514.026250057,1709142514.025805066,/rigid_bodies.rigidbodies[2].pose.position.z,0.18447343223930807
43.352864701,1709142514.035846845,1709142514.035567593,/rigid_bodies.rigidbodies[2].pose.position.z,0.18469273285007756
43.362822901,1709142514.045805045,1709142514.045597805,/rigid_bodies.rigidbodies[2].pose.position.z,0.18459995096048482
43.373211548,1709142514.056193692,1709142514.055798218,/rigid_bodies.rigidbodies[2].pose.position.z,0.1845662089520727
43.382845997,1709142514.065828141,1709142514.065590515,/rigid_bodies.rigidbodies[2].pose.position.z,0.18440364502094203
43.39281723,1709142514.075799374,1709142514.075517711,/rigid_bodies.rigidbodies[2].pose.position.z,0.18427643030453505
43.402950726,1709142514.085932870,1709142514.085603035,/rigid_bodies.rigidbodies[2].pose.position.z,0.18412817119660913
43.412805065,1709142514.095787209,1709142514.095580171,/rigid_bodies.rigidbodies[2].pose.position.z,0.1839966130046208
43.422721905,1709142514.105704049,1709142514.105482095,/rigid_bodies.rigidbodies[2].pose.position.z,0.18426281118101548
43.433203192,1709142514.116185336,1709142514.115764516,/rigid_bodies.rigidbodies[2].pose.position.z,0.1844494148123788
43.443204851,1709142514.126186995,1709142514.125802564,/rigid_bodies.rigidbodies[2].pose.position.z,0.1844339734669749
43.453410341,1709142514.136392485,1709142514.135879629,/rigid_bodies.rigidbodies[2].pose.position.z,0.1846079657425351
43.463070404,1709142514.146052548,1709142514.145726407,/rigid_bodies.rigidbodies[2].pose.position.z,0.18456079509691967
43.47322411,1709142514.156206254,1709142514.155790888,/rigid_bodies.rigidbodies[2].pose.position.z,0.1845239928744488
43.483678433,1709142514.166660577,1709142514.166094280,/rigid_bodies.rigidbodies[2].pose.position.z,0.184416315076412
43.493102747,1709142514.176084891,1709142514.175697480,/rigid_bodies.rigidbodies[2].pose.position.z,0.18440167066380622
43.503411398,1709142514.186393542,1709142514.185869916,/rigid_bodies.rigidbodies[2].pose.position.z,0.18426899399435273
43.513006082,1709142514.195988226,1709142514.195688184,/rigid_bodies.rigidbodies[2].pose.position.z,0.1839738039288361
43.523185073,1709142514.206167217,1709142514.205800845,/rigid_bodies.rigidbodies[2].pose.position.z,0.18402064827684145
43.533343793,1709142514.216325937,1709142514.215897606,/rigid_bodies.rigidbodies[2].pose.position.z,0.18397653021713384
43.543624070999996,1709142514.226606215,1709142514.226015824,/rigid_bodies.rigidbodies[2].pose.position.z,0.18452305802138386
43.553158129,1709142514.236140273,1709142514.235729189,/rigid_bodies.rigidbodies[2].pose.position.z,0.18484194606677248
43.563159763,1709142514.246141907,1709142514.245875936,/rigid_bodies.rigidbodies[2].pose.position.z,0.18483629599168286
43.573327372,1709142514.256309516,1709142514.255834536,/rigid_bodies.rigidbodies[2].pose.position.z,0.18482389296605206
43.584067841,1709142514.267049985,1709142514.266384604,/rigid_bodies.rigidbodies[2].pose.position.z,0.1843682672336981
43.593497765,1709142514.276479909,1709142514.275901923,/rigid_bodies.rigidbodies[2].pose.position.z,0.1842484236884032
43.603273246,1709142514.286255390,1709142514.285884927,/rigid_bodies.rigidbodies[2].pose.position.z,0.18412381908729747
43.613668732,1709142514.296650876,1709142514.296071110,/rigid_bodies.rigidbodies[2].pose.position.z,0.184152141857787
43.623356761,1709142514.306338905,1709142514.305899889,/rigid_bodies.rigidbodies[2].pose.position.z,0.18424288311452144
43.633415395,1709142514.316397539,1709142514.315861703,/rigid_bodies.rigidbodies[2].pose.position.z,0.18425735942339527
43.643404354,1709142514.326386498,1709142514.325958080,/rigid_bodies.rigidbodies[2].pose.position.z,0.18442320308610727
43.653340407,1709142514.336322551,1709142514.335871654,/rigid_bodies.rigidbodies[2].pose.position.z,0.18442987499623356
43.662959614,1709142514.345941758,1709142514.345764644,/rigid_bodies.rigidbodies[2].pose.position.z,0.18463880326504487
43.673248541,1709142514.356230685,1709142514.355866630,/rigid_bodies.rigidbodies[2].pose.position.z,0.1845301359890319
43.68292687,1709142514.365909014,1709142514.365674527,/rigid_bodies.rigidbodies[2].pose.position.z,0.18346772363717936
43.693359075000004,1709142514.376341219,1709142514.375885935,/rigid_bodies.rigidbodies[2].pose.position.z,0.1846691693615983
43.703617804,1709142514.386599948,1709142514.385983149,/rigid_bodies.rigidbodies[2].pose.position.z,0.18425935353131662
43.713441846,1709142514.396423990,1709142514.396068501,/rigid_bodies.rigidbodies[2].pose.position.z,0.18399755235704193
43.723673664,1709142514.406655808,1709142514.406082051,/rigid_bodies.rigidbodies[2].pose.position.z,0.18368628025180372
43.733387863,1709142514.416370007,1709142514.415910512,/rigid_bodies.rigidbodies[2].pose.position.z,0.18543533184740088
43.743376571,1709142514.426358715,1709142514.426000029,/rigid_bodies.rigidbodies[2].pose.position.z,0.1842727590827001
43.753652964,1709142514.436635108,1709142514.436101224,/rigid_bodies.rigidbodies[2].pose.position.z,0.18442320290129774
43.763155312,1709142514.446137456,1709142514.445786002,/rigid_bodies.rigidbodies[2].pose.position.z,0.18452239419710992
43.77350491,1709142514.456487054,1709142514.455908636,/rigid_bodies.rigidbodies[2].pose.position.z,0.1846988128089732
43.783847473,1709142514.466829617,1709142514.466057998,/rigid_bodies.rigidbodies[2].pose.position.z,0.18496099868786528
43.793478515,1709142514.476460659,1709142514.475964150,/rigid_bodies.rigidbodies[2].pose.position.z,0.1848262580239929
43.803534385,1709142514.486516529,1709142514.485919311,/rigid_bodies.rigidbodies[2].pose.position.z,0.18484162324680223
43.81353138,1709142514.496513524,1709142514.495864698,/rigid_bodies.rigidbodies[2].pose.position.z,0.18457491795690262
43.823916598,1709142514.506898742,1709142514.506172995,/rigid_bodies.rigidbodies[2].pose.position.z,0.18413187588984103
43.833002755,1709142514.515984899,1709142514.515743834,/rigid_bodies.rigidbodies[2].pose.position.z,0.18408654495226448
43.842954756,1709142514.525936900,1709142514.525608165,/rigid_bodies.rigidbodies[2].pose.position.z,0.18387057431418088
43.853103308,1709142514.536085452,1709142514.535782917,/rigid_bodies.rigidbodies[2].pose.position.z,0.18373723815453144
43.862761296,1709142514.545743440,1709142514.545553505,/rigid_bodies.rigidbodies[2].pose.position.z,0.18405791074729094
43.872778565,1709142514.555760709,1709142514.555552599,/rigid_bodies.rigidbodies[2].pose.position.z,0.18438075952964206
43.883541809,1709142514.566523953,1709142514.565960913,/rigid_bodies.rigidbodies[2].pose.position.z,0.18461580201715017
43.89333056,1709142514.576312704,1709142514.575796383,/rigid_bodies.rigidbodies[2].pose.position.z,0.18494334344263041
43.9036851,1709142514.586667244,1709142514.586022280,/rigid_bodies.rigidbodies[2].pose.position.z,0.18490253594786626
43.91344283,1709142514.596424974,1709142514.595826337,/rigid_bodies.rigidbodies[2].pose.position.z,0.18472631367675926
43.923501201,1709142514.606483345,1709142514.605997974,/rigid_bodies.rigidbodies[2].pose.position.z,0.18461248738963718
43.93346999,1709142514.616452134,1709142514.615937677,/rigid_bodies.rigidbodies[2].pose.position.z,0.18431458761490657
43.94349241,1709142514.626474554,1709142514.625946640,/rigid_bodies.rigidbodies[2].pose.position.z,0.18398300909263585
43.953437942,1709142514.636420086,1709142514.635956209,/rigid_bodies.rigidbodies[2].pose.position.z,0.1839657345099828
43.963185239,1709142514.646167383,1709142514.645772749,/rigid_bodies.rigidbodies[2].pose.position.z,0.184101899821781
43.973246948,1709142514.656229092,1709142514.655796432,/rigid_bodies.rigidbodies[2].pose.position.z,0.18406938103098583
43.983617164,1709142514.666599308,1709142514.665984564,/rigid_bodies.rigidbodies[2].pose.position.z,0.1838130321514007
43.993466473,1709142514.676448617,1709142514.675872173,/rigid_bodies.rigidbodies[2].pose.position.z,0.1845412306029575
44.003801609,1709142514.686783753,1709142514.686114022,/rigid_bodies.rigidbodies[2].pose.position.z,0.1845519281354621
44.013426956,1709142514.696409100,1709142514.695861084,/rigid_bodies.rigidbodies[2].pose.position.z,0.18463759028482427
44.023317565,1709142514.706299709,1709142514.705718316,/rigid_bodies.rigidbodies[2].pose.position.z,0.18469201390541753
44.033748762,1709142514.716730906,1709142514.716063530,/rigid_bodies.rigidbodies[2].pose.position.z,0.1844812684179411
44.043312334,1709142514.726294478,1709142514.725799762,/rigid_bodies.rigidbodies[2].pose.position.z,0.1853080861170534
44.053303883,1709142514.736286027,1709142514.735778813,/rigid_bodies.rigidbodies[2].pose.position.z,0.18401023850136228
44.063181362,1709142514.746163506,1709142514.745822316,/rigid_bodies.rigidbodies[2].pose.position.z,0.18384720633724844
44.073322199,1709142514.756304343,1709142514.755898393,/rigid_bodies.rigidbodies[2].pose.position.z,0.18379639110910412
44.083332882,1709142514.766315026,1709142514.765878478,/rigid_bodies.rigidbodies[2].pose.position.z,0.18418736565439064
44.093543844,1709142514.776525988,1709142514.775998996,/rigid_bodies.rigidbodies[2].pose.position.z,0.18440073086439532
44.103767415,1709142514.786749559,1709142514.786129630,/rigid_bodies.rigidbodies[2].pose.position.z,0.18460262570126781
44.113260947,1709142514.796243091,1709142514.795884346,/rigid_bodies.rigidbodies[2].pose.position.z,0.18466691542651578
44.123521916,1709142514.806504060,1709142514.805971811,/rigid_bodies.rigidbodies[2].pose.position.z,0.18447186755844674
44.133528908,1709142514.816511052,1709142514.816026920,/rigid_bodies.rigidbodies[2].pose.position.z,0.18442144651363213
44.143340992,1709142514.826323136,1709142514.825998994,/rigid_bodies.rigidbodies[2].pose.position.z,0.1853521234359782
44.153675743,1709142514.836657887,1709142514.836119327,/rigid_bodies.rigidbodies[2].pose.position.z,0.18443924988701246
44.163070638,1709142514.846052782,1709142514.845759164,/rigid_bodies.rigidbodies[2].pose.position.z,0.1844626333459768
44.173329517,1709142514.856311661,1709142514.855918603,/rigid_bodies.rigidbodies[2].pose.position.z,0.18418247234298626
44.18326608,1709142514.866248224,1709142514.865923165,/rigid_bodies.rigidbodies[2].pose.position.z,0.18406134570631563
44.193426939,1709142514.876409083,1709142514.875968144,/rigid_bodies.rigidbodies[2].pose.position.z,0.18394083512580212
44.203233867,1709142514.886216011,1709142514.885859809,/rigid_bodies.rigidbodies[2].pose.position.z,0.18419003710444268
44.213499339,1709142514.896481483,1709142514.896032216,/rigid_bodies.rigidbodies[2].pose.position.z,0.18456876768062203
44.223611315,1709142514.906593459,1709142514.906046151,/rigid_bodies.rigidbodies[2].pose.position.z,0.18465080512373483
44.233247159,1709142514.916229303,1709142514.915890931,/rigid_bodies.rigidbodies[2].pose.position.z,0.18477618108763713
44.243282474,1709142514.926264618,1709142514.925916966,/rigid_bodies.rigidbodies[2].pose.position.z,0.18455142202466693
44.253652765,1709142514.936634909,1709142514.936149062,/rigid_bodies.rigidbodies[2].pose.position.z,0.18457628019021374
44.26315642,1709142514.946138564,1709142514.945799333,/rigid_bodies.rigidbodies[2].pose.position.z,0.18430922543594003
44.273431755,1709142514.956413899,1709142514.955991805,/rigid_bodies.rigidbodies[2].pose.position.z,0.18419967922277625
44.283445243,1709142514.966427387,1709142514.965983685,/rigid_bodies.rigidbodies[2].pose.position.z,0.18436560245848357
44.293266777,1709142514.976248921,1709142514.975866144,/rigid_bodies.rigidbodies[2].pose.position.z,0.18409394238153573
44.303461471,1709142514.986443615,1709142514.985984064,/rigid_bodies.rigidbodies[2].pose.position.z,0.1842305812945648
44.313213427,1709142514.996195571,1709142514.995847342,/rigid_bodies.rigidbodies[2].pose.position.z,0.18412094410943164
44.323181901,1709142515.006164045,1709142515.005815245,/rigid_bodies.rigidbodies[2].pose.position.z,0.18408382486469085
44.333314412,1709142515.016296556,1709142515.015909864,/rigid_bodies.rigidbodies[2].pose.position.z,0.18448334600967453
44.343059421,1709142515.026041565,1709142515.025720012,/rigid_bodies.rigidbodies[2].pose.position.z,0.18463094785055206
44.353375392,1709142515.036357536,1709142515.035938452,/rigid_bodies.rigidbodies[2].pose.position.z,0.18476753871951213
44.363077261,1709142515.046059405,1709142515.045762910,/rigid_bodies.rigidbodies[2].pose.position.z,0.18487999060811347
44.373109715,1709142515.056091859,1709142515.055796648,/rigid_bodies.rigidbodies[2].pose.position.z,0.1847107836866171
44.383273841,1709142515.066255985,1709142515.065890871,/rigid_bodies.rigidbodies[2].pose.position.z,0.1844271934414646
44.39301345,1709142515.075995594,1709142515.075730097,/rigid_bodies.rigidbodies[2].pose.position.z,0.18425712498601018
44.403324733,1709142515.086306877,1709142515.085939644,/rigid_bodies.rigidbodies[2].pose.position.z,0.1841434588650408
44.413223166,1709142515.096205310,1709142515.095839673,/rigid_bodies.rigidbodies[2].pose.position.z,0.18406289386538877
44.423248408,1709142515.106230552,1709142515.105851561,/rigid_bodies.rigidbodies[2].pose.position.z,0.18417936817262268
44.43335241,1709142515.116334554,1709142515.115924995,/rigid_bodies.rigidbodies[2].pose.position.z,0.18412097133245148
44.4433973,1709142515.126379444,1709142515.125902318,/rigid_bodies.rigidbodies[2].pose.position.z,0.18420317540333558
44.453527852,1709142515.136509996,1709142515.136038359,/rigid_bodies.rigidbodies[2].pose.position.z,0.18436961066431357
44.463020285,1709142515.146002429,1709142515.145750350,/rigid_bodies.rigidbodies[2].pose.position.z,0.18451850793773067
44.473722063,1709142515.156704207,1709142515.156008283,/rigid_bodies.rigidbodies[2].pose.position.z,0.18474548695095028
44.483510065,1709142515.166492209,1709142515.165949859,/rigid_bodies.rigidbodies[2].pose.position.z,0.18480418668665027
44.493964815,1709142515.176946959,1709142515.176248267,/rigid_bodies.rigidbodies[2].pose.position.z,0.18470150702466917
44.503492173,1709142515.186474317,1709142515.185912868,/rigid_bodies.rigidbodies[2].pose.position.z,0.1845511290335516
44.513605779,1709142515.196587923,1709142515.196087797,/rigid_bodies.rigidbodies[2].pose.position.z,0.18439908837432656
44.523955502,1709142515.206937646,1709142515.206247533,/rigid_bodies.rigidbodies[2].pose.position.z,0.18419101350265696
44.533438562,1709142515.216420706,1709142515.215908096,/rigid_bodies.rigidbodies[2].pose.position.z,0.18413690950684938
44.54363816,1709142515.226620304,1709142515.225994342,/rigid_bodies.rigidbodies[2].pose.position.z,0.18414991806816383
44.553710876,1709142515.236693020,1709142515.236061196,/rigid_bodies.rigidbodies[2].pose.position.z,0.1841497885660006
44.563317433,1709142515.246299577,1709142515.245811026,/rigid_bodies.rigidbodies[2].pose.position.z,0.18435046543451306
44.573626093,1709142515.256608237,1709142515.255995598,/rigid_bodies.rigidbodies[2].pose.position.z,0.18450425804317844
44.583951393,1709142515.266933537,1709142515.266226385,/rigid_bodies.rigidbodies[2].pose.position.z,0.1845602736258789
44.59379617,1709142515.276778314,1709142515.276134459,/rigid_bodies.rigidbodies[2].pose.position.z,0.18466281238551252
44.603366674,1709142515.286348818,1709142515.285922179,/rigid_bodies.rigidbodies[2].pose.position.z,0.18454261856090726
44.613300565,1709142515.296282709,1709142515.295928043,/rigid_bodies.rigidbodies[2].pose.position.z,0.18444902697413754
44.623825525,1709142515.306807669,1709142515.306195510,/rigid_bodies.rigidbodies[2].pose.position.z,0.18438763137538727
44.633471074,1709142515.316453218,1709142515.315987793,/rigid_bodies.rigidbodies[2].pose.position.z,0.1844968436900225
44.643618189,1709142515.326600333,1709142515.326017675,/rigid_bodies.rigidbodies[2].pose.position.z,0.18426903054242091
44.653638901,1709142515.336621045,1709142515.336036231,/rigid_bodies.rigidbodies[2].pose.position.z,0.18421449638309748
44.663460454,1709142515.346442598,1709142515.345990654,/rigid_bodies.rigidbodies[2].pose.position.z,0.18420560145812698
44.67373512,1709142515.356717264,1709142515.356080154,/rigid_bodies.rigidbodies[2].pose.position.z,0.1842425369980896
44.683952649,1709142515.366934793,1709142515.366156279,/rigid_bodies.rigidbodies[2].pose.position.z,0.18461068169062858
44.693293887,1709142515.376276031,1709142515.375789692,/rigid_bodies.rigidbodies[2].pose.position.z,0.18457532629099935
44.703728942,1709142515.386711086,1709142515.386027897,/rigid_bodies.rigidbodies[2].pose.position.z,0.1846190439932603
44.713416864,1709142515.396399008,1709142515.395833248,/rigid_bodies.rigidbodies[2].pose.position.z,0.18457628019021374
44.723103954,1709142515.406086098,1709142515.405720809,/rigid_bodies.rigidbodies[2].pose.position.z,0.18433706580362846
44.733555703,1709142515.416537847,1709142515.415877454,/rigid_bodies.rigidbodies[2].pose.position.z,0.18423993303831035
44.74312054,1709142515.426102684,1709142515.425715612,/rigid_bodies.rigidbodies[2].pose.position.z,0.18413918606770657
44.753276996,1709142515.436259140,1709142515.435773237,/rigid_bodies.rigidbodies[2].pose.position.z,0.18424088221175666
44.762939422,1709142515.445921566,1709142515.445680240,/rigid_bodies.rigidbodies[2].pose.position.z,0.18431063079608836
44.773345347,1709142515.456327491,1709142515.455866442,/rigid_bodies.rigidbodies[2].pose.position.z,0.18445641907601398
44.783247916,1709142515.466230060,1709142515.465773427,/rigid_bodies.rigidbodies[2].pose.position.z,0.18456750413488593
44.793200107,1709142515.476182251,1709142515.475695489,/rigid_bodies.rigidbodies[2].pose.position.z,0.18464459027604774
44.803668488,1709142515.486650632,1709142515.485988559,/rigid_bodies.rigidbodies[2].pose.position.z,0.18468906783912412
44.813164707,1709142515.496146851,1709142515.495679365,/rigid_bodies.rigidbodies[2].pose.position.z,0.1845638611538578
44.823254649,1709142515.506236793,1709142515.505754100,/rigid_bodies.rigidbodies[2].pose.position.z,0.18462097195475782
44.833628294,1709142515.516610438,1709142515.515969878,/rigid_bodies.rigidbodies[2].pose.position.z,0.18442521130513492
44.843091757,1709142515.526073901,1709142515.525696119,/rigid_bodies.rigidbodies[2].pose.position.z,0.18414633024004537
44.853310824,1709142515.536292968,1709142515.535797093,/rigid_bodies.rigidbodies[2].pose.position.z,0.18397207623810335
44.863245799,1709142515.546227943,1709142515.545747654,/rigid_bodies.rigidbodies[2].pose.position.z,0.1839564317479496
44.873420541,1709142515.556402685,1709142515.555923281,/rigid_bodies.rigidbodies[2].pose.position.z,0.18414421928513966
44.88343918,1709142515.566421324,1709142515.565948005,/rigid_bodies.rigidbodies[2].pose.position.z,0.18431067280126448
44.893891829,1709142515.576873973,1709142515.576214250,/rigid_bodies.rigidbodies[2].pose.position.z,0.18465632738162524
44.903590494,1709142515.586572638,1709142515.586050676,/rigid_bodies.rigidbodies[2].pose.position.z,0.18477585152732343
44.913458189,1709142515.596440333,1709142515.595943755,/rigid_bodies.rigidbodies[2].pose.position.z,0.18478174616453166
44.923610725,1709142515.606592869,1709142515.605990730,/rigid_bodies.rigidbodies[2].pose.position.z,0.18475075892155438
44.933708933,1709142515.616691077,1709142515.616070290,/rigid_bodies.rigidbodies[2].pose.position.z,0.1844089152765775
44.943285058,1709142515.626267202,1709142515.625854868,/rigid_bodies.rigidbodies[2].pose.position.z,0.18450421730729472
44.953219379000004,1709142515.636201523,1709142515.635778534,/rigid_bodies.rigidbodies[2].pose.position.z,0.18443025633205082
44.963091192,1709142515.646073336,1709142515.645655379,/rigid_bodies.rigidbodies[2].pose.position.z,0.18410861119193983
44.973294455,1709142515.656276599,1709142515.655745527,/rigid_bodies.rigidbodies[2].pose.position.z,0.18407330421013327
44.98352607,1709142515.666508214,1709142515.665858867,/rigid_bodies.rigidbodies[2].pose.position.z,0.18387947540662433
44.993681933,1709142515.676664077,1709142515.675964870,/rigid_bodies.rigidbodies[2].pose.position.z,0.18392056681936314
45.00327252,1709142515.686254664,1709142515.685748236,/rigid_bodies.rigidbodies[2].pose.position.z,0.18421209066811478
45.013333586,1709142515.696315730,1709142515.695723444,/rigid_bodies.rigidbodies[2].pose.position.z,0.18462263632601125
45.023042665,1709142515.706024809,1709142515.705711259,/rigid_bodies.rigidbodies[2].pose.position.z,0.18476185136031759
45.033287629,1709142515.716269773,1709142515.715704550,/rigid_bodies.rigidbodies[2].pose.position.z,0.18482825078804704
45.043358183,1709142515.726340327,1709142515.725808889,/rigid_bodies.rigidbodies[2].pose.position.z,0.18481257409492813
45.05358386,1709142515.736566004,1709142515.736035884,/rigid_bodies.rigidbodies[2].pose.position.z,0.18452821715637627
45.063522128,1709142515.746504272,1709142515.746170126,/rigid_bodies.rigidbodies[2].pose.position.z,0.1845782421168646
45.073555658,1709142515.756537802,1709142515.756089796,/rigid_bodies.rigidbodies[2].pose.position.z,0.18438821953409534
45.083167565,1709142515.766149709,1709142515.765853470,/rigid_bodies.rigidbodies[2].pose.position.z,0.18414787601144322
45.093221864,1709142515.776204008,1709142515.775846590,/rigid_bodies.rigidbodies[2].pose.position.z,0.1841804799442448
45.102850757,1709142515.785832901,1709142515.785672980,/rigid_bodies.rigidbodies[2].pose.position.z,0.1840387566767694
45.112921307,1709142515.795903451,1709142515.795715966,/rigid_bodies.rigidbodies[2].pose.position.z,0.18416757966119238
45.123421661,1709142515.806403805,1709142515.805992059,/rigid_bodies.rigidbodies[2].pose.position.z,0.1843708204232503
45.133832106,1709142515.816814250,1709142515.816165969,/rigid_bodies.rigidbodies[2].pose.position.z,0.18445280191847618
45.143215733,1709142515.826197877,1709142515.825875900,/rigid_bodies.rigidbodies[2].pose.position.z,0.1845113051756462
45.153297186,1709142515.836279330,1709142515.835881869,/rigid_bodies.rigidbodies[2].pose.position.z,0.18471272199801575
45.163332819,1709142515.846314963,1709142515.845987129,/rigid_bodies.rigidbodies[2].pose.position.z,0.18458483948488974
45.173347764,1709142515.856329908,1709142515.855939243,/rigid_bodies.rigidbodies[2].pose.position.z,0.1844769233360003
45.183127286,1709142515.866109430,1709142515.865755231,/rigid_bodies.rigidbodies[2].pose.position.z,0.18444317431192342
45.193166713,1709142515.876148857,1709142515.875790581,/rigid_bodies.rigidbodies[2].pose.position.z,0.18438031493472193
45.20293793,1709142515.885920074,1709142515.885683874,/rigid_bodies.rigidbodies[2].pose.position.z,0.18450557511701887
45.213169156,1709142515.896151300,1709142515.895852137,/rigid_bodies.rigidbodies[2].pose.position.z,0.18447422827545804
45.223599103,1709142515.906581247,1709142515.906078891,/rigid_bodies.rigidbodies[2].pose.position.z,0.18444531254209656
45.233102395,1709142515.916084539,1709142515.915805513,/rigid_bodies.rigidbodies[2].pose.position.z,0.18436218955259995
45.243283919,1709142515.926266063,1709142515.925952237,/rigid_bodies.rigidbodies[2].pose.position.z,0.18427580726398574
45.253720612,1709142515.936702756,1709142515.936158487,/rigid_bodies.rigidbodies[2].pose.position.z,0.184387169585309
45.263197134,1709142515.946179278,1709142515.945904043,/rigid_bodies.rigidbodies[2].pose.position.z,0.1844690677399758
45.273726998,1709142515.956709142,1709142515.956203805,/rigid_bodies.rigidbodies[2].pose.position.z,0.18453354086969245
45.283882456,1709142515.966864600,1709142515.966213911,/rigid_bodies.rigidbodies[2].pose.position.z,0.18456424809939384
45.293602583,1709142515.976584727,1709142515.976009494,/rigid_bodies.rigidbodies[2].pose.position.z,0.18445616433236137
45.3036166,1709142515.986598744,1709142515.985964392,/rigid_bodies.rigidbodies[2].pose.position.z,0.18453070905849506
45.313668117,1709142515.996650261,1709142515.996016813,/rigid_bodies.rigidbodies[2].pose.position.z,0.18424548044202008
45.323716965,1709142516.006699109,1709142516.006058988,/rigid_bodies.rigidbodies[2].pose.position.z,0.18423034953417539
45.333741317,1709142516.016723461,1709142516.016039983,/rigid_bodies.rigidbodies[2].pose.position.z,0.1843429699087195
45.343989892,1709142516.026972036,1709142516.026075182,/rigid_bodies.rigidbodies[2].pose.position.z,0.1844468412006244
45.352914558,1709142516.035896702,1709142516.035694854,/rigid_bodies.rigidbodies[2].pose.position.z,0.18463131985206901
45.363208472,1709142516.046190616,1709142516.045931078,/rigid_bodies.rigidbodies[2].pose.position.z,0.1846936242917702
45.372935024,1709142516.055917168,1709142516.055604265,/rigid_bodies.rigidbodies[2].pose.position.z,0.18462621774521026
45.383072172,1709142516.066054316,1709142516.065664043,/rigid_bodies.rigidbodies[2].pose.position.z,0.1846651844588153
45.393035458,1709142516.076017602,1709142516.075657049,/rigid_bodies.rigidbodies[2].pose.position.z,0.18461455213829936
45.402929462,1709142516.085911606,1709142516.085617784,/rigid_bodies.rigidbodies[2].pose.position.z,0.18427997126402496
45.413242576,1709142516.096224720,1709142516.095866775,/rigid_bodies.rigidbodies[2].pose.position.z,0.18419842237283884
45.422894465,1709142516.105876609,1709142516.105546826,/rigid_bodies.rigidbodies[2].pose.position.z,0.1841247726994046
45.433270744,1709142516.116252888,1709142516.115775734,/rigid_bodies.rigidbodies[2].pose.position.z,0.184100440178929
45.443125308,1709142516.126107452,1709142516.125753317,/rigid_bodies.rigidbodies[2].pose.position.z,0.184191540637896
45.453378609,1709142516.136360753,1709142516.135954096,/rigid_bodies.rigidbodies[2].pose.position.z,0.18439753509626564
45.4631101,1709142516.146092244,1709142516.145763258,/rigid_bodies.rigidbodies[2].pose.position.z,0.18455751837374043
45.473429567,1709142516.156411711,1709142516.155904958,/rigid_bodies.rigidbodies[2].pose.position.z,0.18467118237142255
45.483270165,1709142516.166252309,1709142516.165822480,/rigid_bodies.rigidbodies[2].pose.position.z,0.1848357179020743
45.493291899,1709142516.176274043,1709142516.175793831,/rigid_bodies.rigidbodies[2].pose.position.z,0.18473260564330823
45.50372377,1709142516.186705914,1709142516.186159484,/rigid_bodies.rigidbodies[2].pose.position.z,0.1845350733618083
45.51317042,1709142516.196152564,1709142516.195760427,/rigid_bodies.rigidbodies[2].pose.position.z,0.18439424728383635
45.523314616,1709142516.206296760,1709142516.205767353,/rigid_bodies.rigidbodies[2].pose.position.z,0.1841589038948588
45.533798902,1709142516.216781046,1709142516.216151186,/rigid_bodies.rigidbodies[2].pose.position.z,0.1842600162693071
45.543343768,1709142516.226325912,1709142516.225910334,/rigid_bodies.rigidbodies[2].pose.position.z,0.1843003979063248
45.553306522,1709142516.236288666,1709142516.235928262,/rigid_bodies.rigidbodies[2].pose.position.z,0.18430345767645953
45.563390644,1709142516.246372788,1709142516.245852284,/rigid_bodies.rigidbodies[2].pose.position.z,0.18436025140696463
45.573449065,1709142516.256431209,1709142516.255902454,/rigid_bodies.rigidbodies[2].pose.position.z,0.1840761386418514
45.583252454,1709142516.266234598,1709142516.265787898,/rigid_bodies.rigidbodies[2].pose.position.z,0.18420041119453137
45.593261207,1709142516.276243351,1709142516.275662114,/rigid_bodies.rigidbodies[2].pose.position.z,0.18439384133575096
45.60343488,1709142516.286417024,1709142516.285793593,/rigid_bodies.rigidbodies[2].pose.position.z,0.1844241118805247
45.613224805,1709142516.296206949,1709142516.295738138,/rigid_bodies.rigidbodies[2].pose.position.z,0.18472056868532252
45.623360858,1709142516.306343002,1709142516.305747002,/rigid_bodies.rigidbodies[2].pose.position.z,0.18473380221632893
45.633714172,1709142516.316696316,1709142516.315941290,/rigid_bodies.rigidbodies[2].pose.position.z,0.18460049428883746
45.643213652,1709142516.326195796,1709142516.325670925,/rigid_bodies.rigidbodies[2].pose.position.z,0.1845640209915143
45.653108867,1709142516.336091011,1709142516.335671904,/rigid_bodies.rigidbodies[2].pose.position.z,0.18441832902942182
45.663370214,1709142516.346352358,1709142516.345702044,/rigid_bodies.rigidbodies[2].pose.position.z,0.18427275848496028
45.673142418,1709142516.356124562,1709142516.355744274,/rigid_bodies.rigidbodies[2].pose.position.z,0.18422406117611922
45.6832986,1709142516.366280744,1709142516.365901866,/rigid_bodies.rigidbodies[2].pose.position.z,0.18431301943358988
45.693038599,1709142516.376020743,1709142516.375664867,/rigid_bodies.rigidbodies[2].pose.position.z,0.1842143693914441
45.70311984,1709142516.386101984,1709142516.385746449,/rigid_bodies.rigidbodies[2].pose.position.z,0.18448118858331725
45.712948888,1709142516.395931032,1709142516.395665458,/rigid_bodies.rigidbodies[2].pose.position.z,0.18463032316724431
45.723435902,1709142516.406418046,1709142516.405840834,/rigid_bodies.rigidbodies[2].pose.position.z,0.184558138813878
45.733461583,1709142516.416443727,1709142516.415858920,/rigid_bodies.rigidbodies[2].pose.position.z,0.18456430019439246
45.743341797,1709142516.426323941,1709142516.425861470,/rigid_bodies.rigidbodies[2].pose.position.z,0.18450373775765594
45.753765579,1709142516.436747723,1709142516.436059458,/rigid_bodies.rigidbodies[2].pose.position.z,0.18440858123095658
45.763300527,1709142516.446282671,1709142516.445808877,/rigid_bodies.rigidbodies[2].pose.position.z,0.1843859613287425
45.773610045,1709142516.456592189,1709142516.456026501,/rigid_bodies.rigidbodies[2].pose.position.z,0.18417028615143985
45.783592489,1709142516.466574633,1709142516.466022972,/rigid_bodies.rigidbodies[2].pose.position.z,0.18420138036525732
45.79344413,1709142516.476426274,1709142516.475916450,/rigid_bodies.rigidbodies[2].pose.position.z,0.18432672961892427
45.803771211,1709142516.486753355,1709142516.486182866,/rigid_bodies.rigidbodies[2].pose.position.z,0.18455904427247866
45.813390238,1709142516.496372382,1709142516.496005764,/rigid_bodies.rigidbodies[2].pose.position.z,0.1846777384184695
45.823741943,1709142516.506724087,1709142516.506119693,/rigid_bodies.rigidbodies[2].pose.position.z,0.18472998685405723
45.833780877,1709142516.516763021,1709142516.516118598,/rigid_bodies.rigidbodies[2].pose.position.z,0.1846940731241123
45.843370604,1709142516.526352748,1709142516.525893782,/rigid_bodies.rigidbodies[2].pose.position.z,0.18438738869584065
45.8534497,1709142516.536431844,1709142516.535897669,/rigid_bodies.rigidbodies[2].pose.position.z,0.184299448776936
45.863042024,1709142516.546024168,1709142516.545762207,/rigid_bodies.rigidbodies[2].pose.position.z,0.1842884367227669
45.873179476,1709142516.556161620,1709142516.555713468,/rigid_bodies.rigidbodies[2].pose.position.z,0.18434411925475072
45.883451017,1709142516.566433161,1709142516.565844390,/rigid_bodies.rigidbodies[2].pose.position.z,0.18438874961195567
45.893412652,1709142516.576394796,1709142516.575813310,/rigid_bodies.rigidbodies[2].pose.position.z,0.18413522211565952
45.903426879,1709142516.586409023,1709142516.585868554,/rigid_bodies.rigidbodies[2].pose.position.z,0.1841700971673921
45.913328901,1709142516.596311045,1709142516.595763186,/rigid_bodies.rigidbodies[2].pose.position.z,0.18430891545389125
45.923314076,1709142516.606296220,1709142516.605785973,/rigid_bodies.rigidbodies[2].pose.position.z,0.18435498476877607
45.933610366,1709142516.616592510,1709142516.615941164,/rigid_bodies.rigidbodies[2].pose.position.z,0.18455128618727581
45.943109035,1709142516.626091179,1709142516.625660727,/rigid_bodies.rigidbodies[2].pose.position.z,0.18457175790810698
45.953286124,1709142516.636268268,1709142516.635801675,/rigid_bodies.rigidbodies[2].pose.position.z,0.18475418566470433
45.963217149,1709142516.646199293,1709142516.645718410,/rigid_bodies.rigidbodies[2].pose.position.z,0.18475392395251566
45.973068923,1709142516.656051067,1709142516.655719501,/rigid_bodies.rigidbodies[2].pose.position.z,0.18469211510617797
45.983333626,1709142516.666315770,1709142516.665810381,/rigid_bodies.rigidbodies[2].pose.position.z,0.18433364553118683
45.993676934,1709142516.676659078,1709142516.675973459,/rigid_bodies.rigidbodies[2].pose.position.z,0.1842951105936429
46.003390536,1709142516.686372680,1709142516.685935500,/rigid_bodies.rigidbodies[2].pose.position.z,0.1843626954990275
46.013375404,1709142516.696357548,1709142516.695867337,/rigid_bodies.rigidbodies[2].pose.position.z,0.18424744752255748
46.023578929,1709142516.706561073,1709142516.705993033,/rigid_bodies.rigidbodies[2].pose.position.z,0.18424758891770315
46.033498511,1709142516.716480655,1709142516.715907302,/rigid_bodies.rigidbodies[2].pose.position.z,0.18437426022873538
46.043279125,1709142516.726261269,1709142516.725782726,/rigid_bodies.rigidbodies[2].pose.position.z,0.18436358768536815
46.053657196,1709142516.736639340,1709142516.736024987,/rigid_bodies.rigidbodies[2].pose.position.z,0.18459669661534847
46.063176604,1709142516.746158748,1709142516.745786623,/rigid_bodies.rigidbodies[2].pose.position.z,0.18488229527876
46.073306254,1709142516.756288398,1709142516.755809117,/rigid_bodies.rigidbodies[2].pose.position.z,0.1849947064607701
46.084213045,1709142516.767195189,1709142516.766151690,/rigid_bodies.rigidbodies[2].pose.position.z,0.1847965257435427
46.093624932,1709142516.776607076,1709142516.776058291,/rigid_bodies.rigidbodies[2].pose.position.z,0.184603462785886
46.103343532,1709142516.786325676,1709142516.785882230,/rigid_bodies.rigidbodies[2].pose.position.z,0.1842892443108918
46.113777181,1709142516.796759325,1709142516.796215745,/rigid_bodies.rigidbodies[2].pose.position.z,0.18427567246448343
46.123597643,1709142516.806579787,1709142516.806083052,/rigid_bodies.rigidbodies[2].pose.position.z,0.1843150886734985
46.133253854,1709142516.816235998,1709142516.815904137,/rigid_bodies.rigidbodies[2].pose.position.z,0.18420943379946417
46.143406642,1709142516.826388786,1709142516.825987344,/rigid_bodies.rigidbodies[2].pose.position.z,0.18439174065399005
46.153525441,1709142516.836507585,1709142516.835990074,/rigid_bodies.rigidbodies[2].pose.position.z,0.18448791074091533
46.16333031,1709142516.846312454,1709142516.845965760,/rigid_bodies.rigidbodies[2].pose.position.z,0.1844087397191882
46.173452414,1709142516.856434558,1709142516.855973053,/rigid_bodies.rigidbodies[2].pose.position.z,0.1845233857088818
46.183308925,1709142516.866291069,1709142516.865829998,/rigid_bodies.rigidbodies[2].pose.position.z,0.184397775480813
46.1934366,1709142516.876418744,1709142516.875963981,/rigid_bodies.rigidbodies[2].pose.position.z,0.1845140797015756
46.203692861,1709142516.886675005,1709142516.885962614,/rigid_bodies.rigidbodies[2].pose.position.z,0.18472884191823924
46.213648515,1709142516.896630659,1709142516.896041866,/rigid_bodies.rigidbodies[2].pose.position.z,0.18456501864604719
46.223185261,1709142516.906167405,1709142516.905720245,/rigid_bodies.rigidbodies[2].pose.position.z,0.18446565846278196
46.233526135,1709142516.916508279,1709142516.915952609,/rigid_bodies.rigidbodies[2].pose.position.z,0.1843235229815812
46.243346921,1709142516.926329065,1709142516.925866092,/rigid_bodies.rigidbodies[2].pose.position.z,0.1843038555348979
46.253187095,1709142516.936169239,1709142516.935800277,/rigid_bodies.rigidbodies[2].pose.position.z,0.18433582300365717
46.263361574,1709142516.946343718,1709142516.945992256,/rigid_bodies.rigidbodies[2].pose.position.z,0.18434131447410224
46.273553234,1709142516.956535378,1709142516.956054786,/rigid_bodies.rigidbodies[2].pose.position.z,0.18431062008467777
46.283123055,1709142516.966105199,1709142516.965680364,/rigid_bodies.rigidbodies[2].pose.position.z,0.18446090656667571
46.293098071,1709142516.976080215,1709142516.975711008,/rigid_bodies.rigidbodies[2].pose.position.z,0.18458188310588738
46.303403857,1709142516.986386001,1709142516.985825431,/rigid_bodies.rigidbodies[2].pose.position.z,0.18457082070217384
46.313516963,1709142516.996499107,1709142516.996035711,/rigid_bodies.rigidbodies[2].pose.position.z,0.18472583870840753
46.323377828,1709142517.006359972,1709142517.005883910,/rigid_bodies.rigidbodies[2].pose.position.z,0.18456211307142883
46.333677214,1709142517.016659358,1709142517.016072999,/rigid_bodies.rigidbodies[2].pose.position.z,0.18444183197703573
46.343324948,1709142517.026307092,1709142517.025874418,/rigid_bodies.rigidbodies[2].pose.position.z,0.18434784022753584
46.353335586,1709142517.036317730,1709142517.035872342,/rigid_bodies.rigidbodies[2].pose.position.z,0.18427868901977495
46.363681017,1709142517.046663161,1709142517.046152818,/rigid_bodies.rigidbodies[2].pose.position.z,0.18420382403983815
46.373721977,1709142517.056704121,1709142517.056124493,/rigid_bodies.rigidbodies[2].pose.position.z,0.18415550217806784
46.38342633,1709142517.066408474,1709142517.065917725,/rigid_bodies.rigidbodies[2].pose.position.z,0.18426579856479625
46.393504674,1709142517.076486818,1709142517.075953979,/rigid_bodies.rigidbodies[2].pose.position.z,0.18436394874579984
46.403596261,1709142517.086578405,1709142517.086011246,/rigid_bodies.rigidbodies[2].pose.position.z,0.1846430683720087
46.413571216,1709142517.096553360,1709142517.096084842,/rigid_bodies.rigidbodies[2].pose.position.z,0.184730907700144
46.423300405,1709142517.106282549,1709142517.105900989,/rigid_bodies.rigidbodies[2].pose.position.z,0.1846579125607491
46.433866804,1709142517.116848948,1709142517.116220059,/rigid_bodies.rigidbodies[2].pose.position.z,0.18472473704183703
46.443172056,1709142517.126154200,1709142517.125771674,/rigid_bodies.rigidbodies[2].pose.position.z,0.18468705684376
46.453126899,1709142517.136109043,1709142517.135722122,/rigid_bodies.rigidbodies[2].pose.position.z,0.18444835538318133
46.463275681,1709142517.146257825,1709142517.145867690,/rigid_bodies.rigidbodies[2].pose.position.z,0.18437106254106236
46.473433366,1709142517.156415510,1709142517.155976420,/rigid_bodies.rigidbodies[2].pose.position.z,0.18428521778908893
46.483337039,1709142517.166319183,1709142517.165911328,/rigid_bodies.rigidbodies[2].pose.position.z,0.1842765953952378
46.493117998,1709142517.176100142,1709142517.175727855,/rigid_bodies.rigidbodies[2].pose.position.z,0.18421402614560906
46.503222974,1709142517.186205118,1709142517.185806174,/rigid_bodies.rigidbodies[2].pose.position.z,0.18427933836982657
46.513307201,1709142517.196289345,1709142517.195767866,/rigid_bodies.rigidbodies[2].pose.position.z,0.18428571753544737
46.523336913,1709142517.206319057,1709142517.205857988,/rigid_bodies.rigidbodies[2].pose.position.z,0.18439737624197305
46.533310306,1709142517.216292450,1709142517.215785070,/rigid_bodies.rigidbodies[2].pose.position.z,0.1847233034473764
46.543555559,1709142517.226537703,1709142517.225888871,/rigid_bodies.rigidbodies[2].pose.position.z,0.18478210935905362
46.553375927,1709142517.236358071,1709142517.235798671,/rigid_bodies.rigidbodies[2].pose.position.z,0.18468107159775488
46.563397991,1709142517.246380135,1709142517.245958995,/rigid_bodies.rigidbodies[2].pose.position.z,0.18461271280419134
46.57342976,1709142517.256411904,1709142517.255874930,/rigid_bodies.rigidbodies[2].pose.position.z,0.1844649974995226
46.583256009,1709142517.266238153,1709142517.265844157,/rigid_bodies.rigidbodies[2].pose.position.z,0.1843838070174474
46.593456474,1709142517.276438618,1709142517.275993477,/rigid_bodies.rigidbodies[2].pose.position.z,0.18431970483248147
46.603522381,1709142517.286504525,1709142517.286007362,/rigid_bodies.rigidbodies[2].pose.position.z,0.18426081525290533
46.613781196,1709142517.296763340,1709142517.296192122,/rigid_bodies.rigidbodies[2].pose.position.z,0.18410176715090087
46.623184504,1709142517.306166648,1709142517.305804940,/rigid_bodies.rigidbodies[2].pose.position.z,0.1842854135609857
46.633583183,1709142517.316565327,1709142517.316036943,/rigid_bodies.rigidbodies[2].pose.position.z,0.18442483973163046
46.643334866000004,1709142517.326317010,1709142517.325866254,/rigid_bodies.rigidbodies[2].pose.position.z,0.1845728610157156
46.653447982,1709142517.336430126,1709142517.335893160,/rigid_bodies.rigidbodies[2].pose.position.z,0.1844693422800189
46.663383346,1709142517.346365490,1709142517.345925999,/rigid_bodies.rigidbodies[2].pose.position.z,0.18448935873246963
46.673585713,1709142517.356567857,1709142517.355997125,/rigid_bodies.rigidbodies[2].pose.position.z,0.18451404128627832
46.683426621,1709142517.366408765,1709142517.365929249,/rigid_bodies.rigidbodies[2].pose.position.z,0.18442799178128147
46.693482236,1709142517.376464380,1709142517.375887592,/rigid_bodies.rigidbodies[2].pose.position.z,0.18438672011506663
46.703414899,1709142517.386397043,1709142517.385952491,/rigid_bodies.rigidbodies[2].pose.position.z,0.18423775093813138
46.7132814,1709142517.396263544,1709142517.395867272,/rigid_bodies.rigidbodies[2].pose.position.z,0.18417682121330353
46.723602295,1709142517.406584439,1709142517.405941495,/rigid_bodies.rigidbodies[2].pose.position.z,0.18422958085163108
46.733414902,1709142517.416397046,1709142517.415858499,/rigid_bodies.rigidbodies[2].pose.position.z,0.1844500635712361
46.743045947,1709142517.426028091,1709142517.425610507,/rigid_bodies.rigidbodies[2].pose.position.z,0.18443636731805244
46.753141324,1709142517.436123468,1709142517.435705189,/rigid_bodies.rigidbodies[2].pose.position.z,0.18435322359117776
46.763140736,1709142517.446122880,1709142517.445681859,/rigid_bodies.rigidbodies[2].pose.position.z,0.18441217683338773
46.773253989,1709142517.456236133,1709142517.455791801,/rigid_bodies.rigidbodies[2].pose.position.z,0.18430745575001037
46.783725502,1709142517.466707646,1709142517.465995958,/rigid_bodies.rigidbodies[2].pose.position.z,0.18441738116315656
46.793411251,1709142517.476393395,1709142517.475840642,/rigid_bodies.rigidbodies[2].pose.position.z,0.1844511780724356
46.803295512,1709142517.486277656,1709142517.485813641,/rigid_bodies.rigidbodies[2].pose.position.z,0.1842737379369535
46.813656798,1709142517.496638942,1709142517.496105429,/rigid_bodies.rigidbodies[2].pose.position.z,0.1842952876729901
46.823438208,1709142517.506420352,1709142517.505859399,/rigid_bodies.rigidbodies[2].pose.position.z,0.18428339209029704
46.833349332,1709142517.516331476,1709142517.515822060,/rigid_bodies.rigidbodies[2].pose.position.z,0.18437557509160885
46.843340203,1709142517.526322347,1709142517.525814871,/rigid_bodies.rigidbodies[2].pose.position.z,0.1844765751029909
46.853394944,1709142517.536377088,1709142517.535875422,/rigid_bodies.rigidbodies[2].pose.position.z,0.18441247750678702
46.863213977,1709142517.546196121,1709142517.545770186,/rigid_bodies.rigidbodies[2].pose.position.z,0.184420050203862
46.873489014,1709142517.556471158,1709142517.555893833,/rigid_bodies.rigidbodies[2].pose.position.z,0.18442297898083942
46.883526257,1709142517.566508401,1709142517.565915046,/rigid_bodies.rigidbodies[2].pose.position.z,0.18445567765063464
46.893230194,1709142517.576212338,1709142517.575778204,/rigid_bodies.rigidbodies[2].pose.position.z,0.18443695148732633
46.90329876,1709142517.586280904,1709142517.585789968,/rigid_bodies.rigidbodies[2].pose.position.z,0.18442206804344033
46.913047565,1709142517.596029709,1709142517.595712532,/rigid_bodies.rigidbodies[2].pose.position.z,0.184494174906567
46.922957153,1709142517.605939297,1709142517.605623813,/rigid_bodies.rigidbodies[2].pose.position.z,0.18461248696780977
46.933264653,1709142517.616246797,1709142517.615792538,/rigid_bodies.rigidbodies[2].pose.position.z,0.18424302257150893
46.943459273,1709142517.626441417,1709142517.625844298,/rigid_bodies.rigidbodies[2].pose.position.z,0.18417003086243305
46.953535898,1709142517.636518042,1709142517.635866770,/rigid_bodies.rigidbodies[2].pose.position.z,0.18422583634139306
46.963416822,1709142517.646398966,1709142517.645994907,/rigid_bodies.rigidbodies[2].pose.position.z,0.18430635890264335
46.973387008,1709142517.656369152,1709142517.655863217,/rigid_bodies.rigidbodies[2].pose.position.z,0.18428176582664968
46.983438301,1709142517.666420445,1709142517.665880047,/rigid_bodies.rigidbodies[2].pose.position.z,0.18439594707994708
46.993214145,1709142517.676196289,1709142517.675749980,/rigid_bodies.rigidbodies[2].pose.position.z,0.18428072527174996
47.003376594,1709142517.686358738,1709142517.685839555,/rigid_bodies.rigidbodies[2].pose.position.z,0.18399148082525638
47.01371375,1709142517.696695894,1709142517.696077205,/rigid_bodies.rigidbodies[2].pose.position.z,0.18423695856945535
47.023176038,1709142517.706158182,1709142517.705709630,/rigid_bodies.rigidbodies[2].pose.position.z,0.184359359966088
47.033343762,1709142517.716325906,1709142517.715824025,/rigid_bodies.rigidbodies[2].pose.position.z,0.1843288587649258
47.043549642,1709142517.726531786,1709142517.725902810,/rigid_bodies.rigidbodies[2].pose.position.z,0.18408575933559213
47.053091386,1709142517.736073530,1709142517.735677641,/rigid_bodies.rigidbodies[2].pose.position.z,0.1841744199189458
47.063248093,1709142517.746230237,1709142517.745806434,/rigid_bodies.rigidbodies[2].pose.position.z,0.1843246606305927
47.073565379,1709142517.756547523,1709142517.755934377,/rigid_bodies.rigidbodies[2].pose.position.z,0.18495065609399494
47.083170396,1709142517.766152540,1709142517.765732345,/rigid_bodies.rigidbodies[2].pose.position.z,0.1844994428321798
47.093185827,1709142517.776167971,1709142517.775719158,/rigid_bodies.rigidbodies[2].pose.position.z,0.1843529040466918
47.103564419,1709142517.786546563,1709142517.785933429,/rigid_bodies.rigidbodies[2].pose.position.z,0.18443173287621836
47.113208383,1709142517.796190527,1709142517.795856326,/rigid_bodies.rigidbodies[2].pose.position.z,0.18441661121924122
47.122924306,1709142517.805906450,1709142517.805660082,/rigid_bodies.rigidbodies[2].pose.position.z,0.18424172218046783
47.132714208,1709142517.815696352,1709142517.815506991,/rigid_bodies.rigidbodies[2].pose.position.z,0.18430756266986448
47.143016223,1709142517.825998367,1709142517.825828166,/rigid_bodies.rigidbodies[2].pose.position.z,0.18430644248073183
47.153125611,1709142517.836107755,1709142517.835824473,/rigid_bodies.rigidbodies[2].pose.position.z,0.1836262120647147
47.16333103,1709142517.846313174,1709142517.845956071,/rigid_bodies.rigidbodies[2].pose.position.z,0.18415103548688402
47.173459003,1709142517.856441147,1709142517.855940534,/rigid_bodies.rigidbodies[2].pose.position.z,0.18442562302342683
47.183438348,1709142517.866420492,1709142517.866024024,/rigid_bodies.rigidbodies[2].pose.position.z,0.18445786909627584
47.193262679,1709142517.876244823,1709142517.875860484,/rigid_bodies.rigidbodies[2].pose.position.z,0.18454885546341443
47.203165005,1709142517.886147149,1709142517.885801274,/rigid_bodies.rigidbodies[2].pose.position.z,0.18460773430718558
47.213499462,1709142517.896481606,1709142517.895968294,/rigid_bodies.rigidbodies[2].pose.position.z,0.18447083736358635
47.223200911,1709142517.906183055,1709142517.905854066,/rigid_bodies.rigidbodies[2].pose.position.z,0.18454378466405938
47.233635954,1709142517.916618098,1709142517.916160725,/rigid_bodies.rigidbodies[2].pose.position.z,0.1843514091669077
47.243190454,1709142517.926172598,1709142517.925896865,/rigid_bodies.rigidbodies[2].pose.position.z,0.18429911268785804
47.253305902,1709142517.936288046,1709142517.935953049,/rigid_bodies.rigidbodies[2].pose.position.z,0.1844385951352894
47.263255544,1709142517.946237688,1709142517.945994958,/rigid_bodies.rigidbodies[2].pose.position.z,0.18426009224494114
47.273354794,1709142517.956336938,1709142517.956035299,/rigid_bodies.rigidbodies[2].pose.position.z,0.18422019924102923
47.283144529,1709142517.966126673,1709142517.965854177,/rigid_bodies.rigidbodies[2].pose.position.z,0.18418267549055575
47.293396883,1709142517.976379027,1709142517.976018193,/rigid_bodies.rigidbodies[2].pose.position.z,0.18433965809771274
47.303033797,1709142517.986015941,1709142517.985776906,/rigid_bodies.rigidbodies[2].pose.position.z,0.1845332702354481
47.31337874,1709142517.996360884,1709142517.996040653,/rigid_bodies.rigidbodies[2].pose.position.z,0.18468489610505123
47.323271493,1709142518.006253637,1709142518.005957697,/rigid_bodies.rigidbodies[2].pose.position.z,0.18467397763792617
47.333539624,1709142518.016521768,1709142518.016131778,/rigid_bodies.rigidbodies[2].pose.position.z,0.18465067198061758
47.342881725,1709142518.025863869,1709142518.025677013,/rigid_bodies.rigidbodies[2].pose.position.z,0.18459554228891734
47.352835939,1709142518.035818083,1709142518.035641823,/rigid_bodies.rigidbodies[2].pose.position.z,0.1844558647609707
47.363063331,1709142518.046045475,1709142518.045854222,/rigid_bodies.rigidbodies[2].pose.position.z,0.1848623713497702
47.372771907,1709142518.055754051,1709142518.055608446,/rigid_bodies.rigidbodies[2].pose.position.z,0.18581106733854613
47.382946272,1709142518.065928416,1709142518.065786833,/rigid_bodies.rigidbodies[2].pose.position.z,0.1843174087582414
47.3929016,1709142518.075883744,1709142518.075701079,/rigid_bodies.rigidbodies[2].pose.position.z,0.1844673641653469
47.403031308,1709142518.086013452,1709142518.085783064,/rigid_bodies.rigidbodies[2].pose.position.z,0.18441925347465163
47.41300024,1709142518.095982384,1709142518.095746926,/rigid_bodies.rigidbodies[2].pose.position.z,0.1844604012208297
47.422994344,1709142518.105976488,1709142518.105803209,/rigid_bodies.rigidbodies[2].pose.position.z,0.18440705918234626
47.433170122,1709142518.116152266,1709142518.115848604,/rigid_bodies.rigidbodies[2].pose.position.z,0.18373474755277763
47.443319308,1709142518.126301452,1709142518.125914182,/rigid_bodies.rigidbodies[2].pose.position.z,0.18437352660143438
47.453348103,1709142518.136330247,1709142518.135986442,/rigid_bodies.rigidbodies[2].pose.position.z,0.18465626001561236
47.463386374,1709142518.146368518,1709142518.145926185,/rigid_bodies.rigidbodies[2].pose.position.z,0.18459751477114153
47.473530198,1709142518.156512342,1709142518.156019237,/rigid_bodies.rigidbodies[2].pose.position.z,0.18432657816216869
47.483268943,1709142518.166251087,1709142518.165987553,/rigid_bodies.rigidbodies[2].pose.position.z,0.18548952169484734
47.493646645,1709142518.176628789,1709142518.176184473,/rigid_bodies.rigidbodies[2].pose.position.z,0.18441286735509468
47.503345374,1709142518.186327518,1709142518.185965976,/rigid_bodies.rigidbodies[2].pose.position.z,0.1845377884417459
47.513234125,1709142518.196216269,1709142518.195939881,/rigid_bodies.rigidbodies[2].pose.position.z,0.18451995473539987
47.52375217,1709142518.206734314,1709142518.206211503,/rigid_bodies.rigidbodies[2].pose.position.z,0.18442666207112995
47.533547099,1709142518.216529243,1709142518.216091337,/rigid_bodies.rigidbodies[2].pose.position.z,0.1830353840931705
47.543269409,1709142518.226251553,1709142518.225944710,/rigid_bodies.rigidbodies[2].pose.position.z,0.184085410145501
47.553110859,1709142518.236093003,1709142518.235716061,/rigid_bodies.rigidbodies[2].pose.position.z,0.18435510308985786
47.563365523,1709142518.246347667,1709142518.246085786,/rigid_bodies.rigidbodies[2].pose.position.z,0.18442188573394447
47.573243614,1709142518.256225758,1709142518.255809100,/rigid_bodies.rigidbodies[2].pose.position.z,0.1843176874612893
47.583195947,1709142518.266178091,1709142518.265779519,/rigid_bodies.rigidbodies[2].pose.position.z,0.1843467263189006
47.593637375,1709142518.276619519,1709142518.275977037,/rigid_bodies.rigidbodies[2].pose.position.z,0.18433946733064463
47.603233219,1709142518.286215363,1709142518.285832247,/rigid_bodies.rigidbodies[2].pose.position.z,0.18447357293323224
47.613541751,1709142518.296523895,1709142518.296045338,/rigid_bodies.rigidbodies[2].pose.position.z,0.1844384476861938
47.623693444,1709142518.306675588,1709142518.306042678,/rigid_bodies.rigidbodies[2].pose.position.z,0.18447263414452816
47.633390231999996,1709142518.316372376,1709142518.315921741,/rigid_bodies.rigidbodies[2].pose.position.z,0.1846627868121301
47.643389603,1709142518.326371747,1709142518.325842695,/rigid_bodies.rigidbodies[2].pose.position.z,0.18444541256021632
47.65374691,1709142518.336729054,1709142518.336001315,/rigid_bodies.rigidbodies[2].pose.position.z,0.18457147724792541
47.663140369,1709142518.346122513,1709142518.345800916,/rigid_bodies.rigidbodies[2].pose.position.z,0.18454781829817932
47.673465254,1709142518.356447398,1709142518.355957638,/rigid_bodies.rigidbodies[2].pose.position.z,0.18424541493879606
47.68342063,1709142518.366402774,1709142518.365929171,/rigid_bodies.rigidbodies[2].pose.position.z,0.18434602100692937
47.693715587,1709142518.376697731,1709142518.376112534,/rigid_bodies.rigidbodies[2].pose.position.z,0.1843168594474765
47.703598955,1709142518.386581099,1709142518.386043537,/rigid_bodies.rigidbodies[2].pose.position.z,0.18418999317612073
47.713748463,1709142518.396730607,1709142518.396157504,/rigid_bodies.rigidbodies[2].pose.position.z,0.18414022646521033
47.72280186,1709142518.405784004,1709142518.405523839,/rigid_bodies.rigidbodies[2].pose.position.z,0.18426981108477158
47.732850058,1709142518.415832202,1709142518.415606182,/rigid_bodies.rigidbodies[2].pose.position.z,0.18440563161865806
47.742749268,1709142518.425731412,1709142518.425507465,/rigid_bodies.rigidbodies[2].pose.position.z,0.1846486678072876
47.752882085,1709142518.435864229,1709142518.435588142,/rigid_bodies.rigidbodies[2].pose.position.z,0.1848059817919025
47.762942876,1709142518.445925020,1709142518.445750851,/rigid_bodies.rigidbodies[2].pose.position.z,0.18460306926064593
47.772967936,1709142518.455950080,1709142518.455642085,/rigid_bodies.rigidbodies[2].pose.position.z,0.18469305598670765
47.783336432,1709142518.466318576,1709142518.465850645,/rigid_bodies.rigidbodies[2].pose.position.z,0.18458104437635417
47.793194272,1709142518.476176416,1709142518.475779668,/rigid_bodies.rigidbodies[2].pose.position.z,0.1844544136021627
47.803383289,1709142518.486365433,1709142518.485818533,/rigid_bodies.rigidbodies[2].pose.position.z,0.1844331086293414
47.813336346,1709142518.496318490,1709142518.495881590,/rigid_bodies.rigidbodies[2].pose.position.z,0.18421287002987274
47.823118121,1709142518.506100265,1709142518.505724283,/rigid_bodies.rigidbodies[2].pose.position.z,0.1842279607965653
47.833604872,1709142518.516587016,1709142518.515953996,/rigid_bodies.rigidbodies[2].pose.position.z,0.18422843235200737
47.843202688,1709142518.526184832,1709142518.525745315,/rigid_bodies.rigidbodies[2].pose.position.z,0.18422104737565081
47.8531847,1709142518.536166844,1709142518.535796132,/rigid_bodies.rigidbodies[2].pose.position.z,0.18428812363989688
47.86338446,1709142518.546366604,1709142518.545956919,/rigid_bodies.rigidbodies[2].pose.position.z,0.18457008949341788
47.873564371,1709142518.556546515,1709142518.555994563,/rigid_bodies.rigidbodies[2].pose.position.z,0.1847298473874238
47.883058831,1709142518.566040975,1709142518.565731267,/rigid_bodies.rigidbodies[2].pose.position.z,0.18483798283889283
47.893217993,1709142518.576200137,1709142518.575819110,/rigid_bodies.rigidbodies[2].pose.position.z,0.18484795830584153
47.903425488,1709142518.586407632,1709142518.585923583,/rigid_bodies.rigidbodies[2].pose.position.z,0.18460105113827868
47.913247751,1709142518.596229895,1709142518.595850572,/rigid_bodies.rigidbodies[2].pose.position.z,0.18455537998388905
47.923261092,1709142518.606243236,1709142518.605823235,/rigid_bodies.rigidbodies[2].pose.position.z,0.18453776940890448
47.933513482,1709142518.616495626,1709142518.615964161,/rigid_bodies.rigidbodies[2].pose.position.z,0.18433363627505459
47.943256275,1709142518.626238419,1709142518.625833808,/rigid_bodies.rigidbodies[2].pose.position.z,0.18419065121659572
47.953329988,1709142518.636312132,1709142518.635841033,/rigid_bodies.rigidbodies[2].pose.position.z,0.1841520507677722
47.963210263,1709142518.646192407,1709142518.645853697,/rigid_bodies.rigidbodies[2].pose.position.z,0.1842766449487105
47.973507312,1709142518.656489456,1709142518.655972600,/rigid_bodies.rigidbodies[2].pose.position.z,0.18452858423603352
47.983657959,1709142518.666640103,1709142518.666025141,/rigid_bodies.rigidbodies[2].pose.position.z,0.18455564652187986
47.993132413,1709142518.676114557,1709142518.675724087,/rigid_bodies.rigidbodies[2].pose.position.z,0.18444371984354038
48.003440538,1709142518.686422682,1709142518.685912601,/rigid_bodies.rigidbodies[2].pose.position.z,0.18447828800325353
48.013347931,1709142518.696330075,1709142518.695830178,/rigid_bodies.rigidbodies[2].pose.position.z,0.1845029561157407
48.02332084,1709142518.706302984,1709142518.705776946,/rigid_bodies.rigidbodies[2].pose.position.z,0.18447188435105272
48.033412678,1709142518.716394822,1709142518.715919818,/rigid_bodies.rigidbodies[2].pose.position.z,0.18464803822043627
48.043205484,1709142518.726187628,1709142518.725761412,/rigid_bodies.rigidbodies[2].pose.position.z,0.18442852804309134
48.053137536,1709142518.736119680,1709142518.735766137,/rigid_bodies.rigidbodies[2].pose.position.z,0.1842576593835611
48.06315347,1709142518.746135614,1709142518.745835285,/rigid_bodies.rigidbodies[2].pose.position.z,0.18439977365218577
48.073410323,1709142518.756392467,1709142518.755869304,/rigid_bodies.rigidbodies[2].pose.position.z,0.1843252818808518
48.083144832,1709142518.766126976,1709142518.765724759,/rigid_bodies.rigidbodies[2].pose.position.z,0.1843214789747524
48.093415577,1709142518.776397721,1709142518.775916805,/rigid_bodies.rigidbodies[2].pose.position.z,0.1845128305311205
48.103186017,1709142518.786168161,1709142518.785801348,/rigid_bodies.rigidbodies[2].pose.position.z,0.184421291355809
48.113300624,1709142518.796282768,1709142518.795869144,/rigid_bodies.rigidbodies[2].pose.position.z,0.184574431543846
48.123259448,1709142518.806241592,1709142518.805820558,/rigid_bodies.rigidbodies[2].pose.position.z,0.1845881508924249
48.133298059,1709142518.816280203,1709142518.815830620,/rigid_bodies.rigidbodies[2].pose.position.z,0.1844228269157656
48.143376512,1709142518.826358656,1709142518.825834783,/rigid_bodies.rigidbodies[2].pose.position.z,0.184844094800797
48.153350307,1709142518.836332451,1709142518.835874529,/rigid_bodies.rigidbodies[2].pose.position.z,0.18429052273324117
48.16324713,1709142518.846229274,1709142518.845905034,/rigid_bodies.rigidbodies[2].pose.position.z,0.18375680827472696
48.173181922,1709142518.856164066,1709142518.855786014,/rigid_bodies.rigidbodies[2].pose.position.z,0.18444160437883877
48.183150512,1709142518.866132656,1709142518.865793530,/rigid_bodies.rigidbodies[2].pose.position.z,0.18458189323527074
48.193356568,1709142518.876338712,1709142518.875912406,/rigid_bodies.rigidbodies[2].pose.position.z,0.18449207575740262
48.203515463,1709142518.886497607,1709142518.885923883,/rigid_bodies.rigidbodies[2].pose.position.z,0.1844884308055464
48.21331268,1709142518.896294824,1709142518.895859404,/rigid_bodies.rigidbodies[2].pose.position.z,0.18553625967634632
48.223441229,1709142518.906423373,1709142518.905903151,/rigid_bodies.rigidbodies[2].pose.position.z,0.18473390898683484
48.233589498,1709142518.916571642,1709142518.915931132,/rigid_bodies.rigidbodies[2].pose.position.z,0.1845590786405616
48.243301117,1709142518.926283261,1709142518.925893150,/rigid_bodies.rigidbodies[2].pose.position.z,0.1844570325452363
48.253618794,1709142518.936600938,1709142518.936025001,/rigid_bodies.rigidbodies[2].pose.position.z,0.18427714186688013
48.263383138,1709142518.946365282,1709142518.945928448,/rigid_bodies.rigidbodies[2].pose.position.z,0.18438338582885466
48.273508529,1709142518.956490673,1709142518.956097931,/rigid_bodies.rigidbodies[2].pose.position.z,0.1844960399418927
48.283433177,1709142518.966415321,1709142518.965977775,/rigid_bodies.rigidbodies[2].pose.position.z,0.18444447026957106
48.293749969,1709142518.976732113,1709142518.976258175,/rigid_bodies.rigidbodies[2].pose.position.z,0.18455077096428174
48.303436457,1709142518.986418601,1709142518.986044332,/rigid_bodies.rigidbodies[2].pose.position.z,0.184442931550856
48.313301607,1709142518.996283751,1709142518.995976194,/rigid_bodies.rigidbodies[2].pose.position.z,0.18441345582724186
48.32358454,1709142519.006566684,1709142519.006099617,/rigid_bodies.rigidbodies[2].pose.position.z,0.1845645728500649
48.333612846,1709142519.016594990,1709142519.016163475,/rigid_bodies.rigidbodies[2].pose.position.z,0.18440764878841356
48.343286812,1709142519.026268956,1709142519.025925849,/rigid_bodies.rigidbodies[2].pose.position.z,0.18431989648255726
48.353734655,1709142519.036716799,1709142519.036284185,/rigid_bodies.rigidbodies[2].pose.position.z,0.1845747760184155
48.363170977,1709142519.046153121,1709142519.045849933,/rigid_bodies.rigidbodies[2].pose.position.z,0.18441072388046448
48.373521882,1709142519.056504026,1709142519.055974521,/rigid_bodies.rigidbodies[2].pose.position.z,0.18451999395179147
48.383150302,1709142519.066132446,1709142519.065891837,/rigid_bodies.rigidbodies[2].pose.position.z,0.18446341962951687
48.393475508,1709142519.076457652,1709142519.076057480,/rigid_bodies.rigidbodies[2].pose.position.z,0.18401623995392868
48.403385093,1709142519.086367237,1709142519.085972877,/rigid_bodies.rigidbodies[2].pose.position.z,0.18467849615206594
48.413860471,1709142519.096842615,1709142519.096143306,/rigid_bodies.rigidbodies[2].pose.position.z,0.18467780647376883
48.423407568,1709142519.106389712,1709142519.105992567,/rigid_bodies.rigidbodies[2].pose.position.z,0.18455723047276873
48.433308227,1709142519.116290371,1709142519.115943357,/rigid_bodies.rigidbodies[2].pose.position.z,0.18436776413036346
48.443763216,1709142519.126745360,1709142519.126171756,/rigid_bodies.rigidbodies[2].pose.position.z,0.18424397288811117
48.453597678,1709142519.136579822,1709142519.136149421,/rigid_bodies.rigidbodies[2].pose.position.z,0.18432287436426284
48.463520809,1709142519.146502953,1709142519.145999938,/rigid_bodies.rigidbodies[2].pose.position.z,0.18440805489487275
48.473609116,1709142519.156591260,1709142519.156069930,/rigid_bodies.rigidbodies[2].pose.position.z,0.18456361755685674
48.483787037,1709142519.166769181,1709142519.166116046,/rigid_bodies.rigidbodies[2].pose.position.z,0.18531620146762579
48.493335752,1709142519.176317896,1709142519.175935320,/rigid_bodies.rigidbodies[2].pose.position.z,0.18458545827633463
48.503630321,1709142519.186612465,1709142519.186101160,/rigid_bodies.rigidbodies[2].pose.position.z,0.18462251965218351
48.513646103,1709142519.196628247,1709142519.196041672,/rigid_bodies.rigidbodies[2].pose.position.z,0.1845304789683227
48.523412415,1709142519.206394559,1709142519.205920865,/rigid_bodies.rigidbodies[2].pose.position.z,0.18462440921015386
48.533665934,1709142519.216648078,1709142519.216077640,/rigid_bodies.rigidbodies[2].pose.position.z,0.1844831430056553
48.543428001,1709142519.226410145,1709142519.225915586,/rigid_bodies.rigidbodies[2].pose.position.z,0.18447011274491915
48.553515574,1709142519.236497718,1709142519.236007626,/rigid_bodies.rigidbodies[2].pose.position.z,0.18450300257227942
48.563190679,1709142519.246172823,1709142519.245872363,/rigid_bodies.rigidbodies[2].pose.position.z,0.18440489706422514
48.573482271,1709142519.256464415,1709142519.256068630,/rigid_bodies.rigidbodies[2].pose.position.z,0.18423362698078874
48.58345875,1709142519.266440894,1709142519.266024404,/rigid_bodies.rigidbodies[2].pose.position.z,0.1842594572168372
48.593268659,1709142519.276250803,1709142519.275962384,/rigid_bodies.rigidbodies[2].pose.position.z,0.18439534427329432
48.603441229,1709142519.286423373,1709142519.286013369,/rigid_bodies.rigidbodies[2].pose.position.z,0.18444427506790934
48.613303328,1709142519.296285472,1709142519.295933593,/rigid_bodies.rigidbodies[2].pose.position.z,0.18464886700015268
48.623318056,1709142519.306300200,1709142519.305978041,/rigid_bodies.rigidbodies[2].pose.position.z,0.184420127537349
48.633467311,1709142519.316449455,1709142519.316055395,/rigid_bodies.rigidbodies[2].pose.position.z,0.18452679782381867
48.643329162,1709142519.326311306,1709142519.325938148,/rigid_bodies.rigidbodies[2].pose.position.z,0.1847115247849301
48.653440038,1709142519.336422182,1709142519.336017189,/rigid_bodies.rigidbodies[2].pose.position.z,0.18457811070844857
48.66333804,1709142519.346320184,1709142519.345833642,/rigid_bodies.rigidbodies[2].pose.position.z,0.18446282278341736
48.67343841,1709142519.356420554,1709142519.355976400,/rigid_bodies.rigidbodies[2].pose.position.z,0.1843713605445645
48.683312256,1709142519.366294400,1709142519.365962095,/rigid_bodies.rigidbodies[2].pose.position.z,0.18420529433081057
48.6932708,1709142519.376252944,1709142519.375915246,/rigid_bodies.rigidbodies[2].pose.position.z,0.18437867197337915
48.703714526,1709142519.386696670,1709142519.386161394,/rigid_bodies.rigidbodies[2].pose.position.z,0.18442793789443554
48.713253052,1709142519.396235196,1709142519.395847621,/rigid_bodies.rigidbodies[2].pose.position.z,0.18436025551497565
48.723326185,1709142519.406308329,1709142519.405905782,/rigid_bodies.rigidbodies[2].pose.position.z,0.18432831600058316
48.733572467,1709142519.416554611,1709142519.416053866,/rigid_bodies.rigidbodies[2].pose.position.z,0.18446973404278943
48.743404815,1709142519.426386959,1709142519.426018674,/rigid_bodies.rigidbodies[2].pose.position.z,0.18452315560796984
48.753461279,1709142519.436443423,1709142519.436004357,/rigid_bodies.rigidbodies[2].pose.position.z,0.1846722815438244
48.76324475,1709142519.446226894,1709142519.445935561,/rigid_bodies.rigidbodies[2].pose.position.z,0.18452426440549627
48.77332848,1709142519.456310624,1709142519.456006256,/rigid_bodies.rigidbodies[2].pose.position.z,0.1843482567696628
48.783730889,1709142519.466713033,1709142519.466290539,/rigid_bodies.rigidbodies[2].pose.position.z,0.18441744631663942
48.79330639,1709142519.476288534,1709142519.475911102,/rigid_bodies.rigidbodies[2].pose.position.z,0.18447608834620752
48.803609923,1709142519.486592067,1709142519.486035703,/rigid_bodies.rigidbodies[2].pose.position.z,0.18446900825569548
48.813259548,1709142519.496241692,1709142519.495880866,/rigid_bodies.rigidbodies[2].pose.position.z,0.18440795793058531
48.823270766,1709142519.506252910,1709142519.505918142,/rigid_bodies.rigidbodies[2].pose.position.z,0.18441940792222802
48.833298279,1709142519.516280423,1709142519.515927000,/rigid_bodies.rigidbodies[2].pose.position.z,0.18434231097537046
48.843275187,1709142519.526257331,1709142519.525981643,/rigid_bodies.rigidbodies[2].pose.position.z,0.1845206602959
48.853359049,1709142519.536341193,1709142519.535943012,/rigid_bodies.rigidbodies[2].pose.position.z,0.18432006797214368
48.863193734,1709142519.546175878,1709142519.545833963,/rigid_bodies.rigidbodies[2].pose.position.z,0.18443585463073256
48.873425524,1709142519.556407668,1709142519.555997140,/rigid_bodies.rigidbodies[2].pose.position.z,0.18456826105558943
48.883193987,1709142519.566176131,1709142519.565819132,/rigid_bodies.rigidbodies[2].pose.position.z,0.18443012915089924
48.893291581,1709142519.576273725,1709142519.575880269,/rigid_bodies.rigidbodies[2].pose.position.z,0.184524173126824
48.903779004,1709142519.586761148,1709142519.586224656,/rigid_bodies.rigidbodies[2].pose.position.z,0.18454196112191712
48.913297517,1709142519.596279661,1709142519.595982721,/rigid_bodies.rigidbodies[2].pose.position.z,0.1843165942873787
48.923337687,1709142519.606319831,1709142519.606028221,/rigid_bodies.rigidbodies[2].pose.position.z,0.18433101063411675
48.933249735,1709142519.616231879,1709142519.615961386,/rigid_bodies.rigidbodies[2].pose.position.z,0.18442870159205413
48.943419251,1709142519.626401395,1709142519.626078250,/rigid_bodies.rigidbodies[2].pose.position.z,0.18430103372368872
48.953229012,1709142519.636211156,1709142519.635910154,/rigid_bodies.rigidbodies[2].pose.position.z,0.18447888813916805
48.963048479,1709142519.646030623,1709142519.645785542,/rigid_bodies.rigidbodies[2].pose.position.z,0.18441399595813154
48.973618795,1709142519.656600939,1709142519.656194156,/rigid_bodies.rigidbodies[2].pose.position.z,0.18436306507360364
48.98317242,1709142519.666154564,1709142519.665875187,/rigid_bodies.rigidbodies[2].pose.position.z,0.18451224384981138
48.993591107,1709142519.676573251,1709142519.676064878,/rigid_bodies.rigidbodies[2].pose.position.z,0.18471994375751516
49.003331369,1709142519.686313513,1709142519.685872141,/rigid_bodies.rigidbodies[2].pose.position.z,0.18449469765146953
49.013218032,1709142519.696200176,1709142519.695810729,/rigid_bodies.rigidbodies[2].pose.position.z,0.18452268683802786
49.023230131,1709142519.706212275,1709142519.705793544,/rigid_bodies.rigidbodies[2].pose.position.z,0.18453419422968378
49.033301182,1709142519.716283326,1709142519.715864766,/rigid_bodies.rigidbodies[2].pose.position.z,0.18443437507610913
49.043383855,1709142519.726365999,1709142519.725923574,/rigid_bodies.rigidbodies[2].pose.position.z,0.18445475914721762
49.053387983,1709142519.736370127,1709142519.735875324,/rigid_bodies.rigidbodies[2].pose.position.z,0.18428926873031104
49.063026502,1709142519.746008646,1709142519.745728290,/rigid_bodies.rigidbodies[2].pose.position.z,0.18429359869961828
49.073537845,1709142519.756519989,1709142519.756078483,/rigid_bodies.rigidbodies[2].pose.position.z,0.18441016400735002
49.083588895,1709142519.766571039,1709142519.766148186,/rigid_bodies.rigidbodies[2].pose.position.z,0.18447074886094866
49.093319027,1709142519.776301171,1709142519.775982962,/rigid_bodies.rigidbodies[2].pose.position.z,0.18437071045484416
49.103509712,1709142519.786491856,1709142519.786009365,/rigid_bodies.rigidbodies[2].pose.position.z,0.1843978790506807
49.113287829,1709142519.796269973,1709142519.795942424,/rigid_bodies.rigidbodies[2].pose.position.z,0.18446550265467798
49.123383323,1709142519.806365467,1709142519.806004212,/rigid_bodies.rigidbodies[2].pose.position.z,0.18464429801166707
49.133585413,1709142519.816567557,1709142519.816022653,/rigid_bodies.rigidbodies[2].pose.position.z,0.18475610935317408
49.143145799,1709142519.826127943,1709142519.825903646,/rigid_bodies.rigidbodies[2].pose.position.z,0.18463627891286583
49.153015252,1709142519.835997396,1709142519.835613277,/rigid_bodies.rigidbodies[2].pose.position.z,0.1843231173088979
49.162812402,1709142519.845794546,1709142519.845650393,/rigid_bodies.rigidbodies[2].pose.position.z,0.18438281047594365
49.172884543,1709142519.855866687,1709142519.855700464,/rigid_bodies.rigidbodies[2].pose.position.z,0.18432332726367387
49.18317726,1709142519.866159404,1709142519.865829087,/rigid_bodies.rigidbodies[2].pose.position.z,0.18437627702221174
49.193785503,1709142519.876767647,1709142519.876087436,/rigid_bodies.rigidbodies[2].pose.position.z,0.18446600661889834
49.203182353,1709142519.886164497,1709142519.885836887,/rigid_bodies.rigidbodies[2].pose.position.z,0.1843212582667257
49.213373547,1709142519.896355691,1709142519.895878346,/rigid_bodies.rigidbodies[2].pose.position.z,0.18446994276305306
49.223120774,1709142519.906102918,1709142519.905716160,/rigid_bodies.rigidbodies[2].pose.position.z,0.1846820586173452
49.233206177,1709142519.916188321,1709142519.915806348,/rigid_bodies.rigidbodies[2].pose.position.z,0.18457025366987
49.243506967,1709142519.926489111,1709142519.925964603,/rigid_bodies.rigidbodies[2].pose.position.z,0.18467286687739845
49.253495094,1709142519.936477238,1709142519.935902662,/rigid_bodies.rigidbodies[2].pose.position.z,0.18447509081240634
49.263273847,1709142519.946255991,1709142519.945847065,/rigid_bodies.rigidbodies[2].pose.position.z,0.18433731269256637
49.273511405,1709142519.956493549,1709142519.955945953,/rigid_bodies.rigidbodies[2].pose.position.z,0.18448587942367997
49.283515441,1709142519.966497585,1709142519.965966852,/rigid_bodies.rigidbodies[2].pose.position.z,0.1843636272408663
49.293247742,1709142519.976229886,1709142519.975779783,/rigid_bodies.rigidbodies[2].pose.position.z,0.18421060119249213
49.303248189,1709142519.986230333,1709142519.985815453,/rigid_bodies.rigidbodies[2].pose.position.z,0.18424189269195915
49.31323251,1709142519.996214654,1709142519.995837285,/rigid_bodies.rigidbodies[2].pose.position.z,0.18442062598023642
49.323192283,1709142520.006174427,1709142520.005775499,/rigid_bodies.rigidbodies[2].pose.position.z,0.18450109926603114
49.333336248,1709142520.016318392,1709142520.015810910,/rigid_bodies.rigidbodies[2].pose.position.z,0.184778848333449
49.343364512,1709142520.026346656,1709142520.025786774,/rigid_bodies.rigidbodies[2].pose.position.z,0.18461698467013574
49.35309563,1709142520.036077774,1709142520.035670456,/rigid_bodies.rigidbodies[2].pose.position.z,0.18458637705562872
49.362923508,1709142520.045905652,1709142520.045580483,/rigid_bodies.rigidbodies[2].pose.position.z,0.184582971754647
49.372968553,1709142520.055950697,1709142520.055599437,/rigid_bodies.rigidbodies[2].pose.position.z,0.18443504178711118
49.382920629,1709142520.065902773,1709142520.065577180,/rigid_bodies.rigidbodies[2].pose.position.z,0.18440362404524568
49.392913372,1709142520.075895516,1709142520.075631595,/rigid_bodies.rigidbodies[2].pose.position.z,0.18432357255153456
49.402887782,1709142520.085869926,1709142520.085580850,/rigid_bodies.rigidbodies[2].pose.position.z,0.18430062195025065
49.412863761,1709142520.095845905,1709142520.095561114,/rigid_bodies.rigidbodies[2].pose.position.z,0.18434911285728187
49.422998269,1709142520.105980413,1709142520.105722057,/rigid_bodies.rigidbodies[2].pose.position.z,0.1845311182359932
49.432962132,1709142520.115944276,1709142520.115628310,/rigid_bodies.rigidbodies[2].pose.position.z,0.1845046977430367
49.443070955,1709142520.126053099,1709142520.125686087,/rigid_bodies.rigidbodies[2].pose.position.z,0.1845453117881418
49.453215212,1709142520.136197356,1709142520.135767905,/rigid_bodies.rigidbodies[2].pose.position.z,0.1846662875921413
49.463154229,1709142520.146136373,1709142520.145728385,/rigid_bodies.rigidbodies[2].pose.position.z,0.1845006877256285
49.473123836,1709142520.156105980,1709142520.155672498,/rigid_bodies.rigidbodies[2].pose.position.z,0.18455300383487533
49.483422353,1709142520.166404497,1709142520.165850368,/rigid_bodies.rigidbodies[2].pose.position.z,0.18442902837738318
49.493408335,1709142520.176390479,1709142520.175803556,/rigid_bodies.rigidbodies[2].pose.position.z,0.18419712794493873
49.50332523,1709142520.186307374,1709142520.185841594,/rigid_bodies.rigidbodies[2].pose.position.z,0.18418940841073694
49.513608081,1709142520.196590225,1709142520.195944774,/rigid_bodies.rigidbodies[2].pose.position.z,0.1843756628469989
49.523279077,1709142520.206261221,1709142520.205792467,/rigid_bodies.rigidbodies[2].pose.position.z,0.1843841989724757
49.533197156,1709142520.216179300,1709142520.215756911,/rigid_bodies.rigidbodies[2].pose.position.z,0.18458840051289155
49.543191164,1709142520.226173308,1709142520.225770341,/rigid_bodies.rigidbodies[2].pose.position.z,0.1846224699741712
49.553280691,1709142520.236262835,1709142520.235799638,/rigid_bodies.rigidbodies[2].pose.position.z,0.1845099775655988
49.563095659,1709142520.246077803,1709142520.245716545,/rigid_bodies.rigidbodies[2].pose.position.z,0.18441948232778846
49.573445954,1709142520.256428098,1709142520.255891798,/rigid_bodies.rigidbodies[2].pose.position.z,0.1844649965693971
49.583649425,1709142520.266631569,1709142520.265887372,/rigid_bodies.rigidbodies[2].pose.position.z,0.18438148331549298
49.593313586,1709142520.276295730,1709142520.275803572,/rigid_bodies.rigidbodies[2].pose.position.z,0.1845329358286869
49.603695171,1709142520.286677315,1709142520.285989862,/rigid_bodies.rigidbodies[2].pose.position.z,0.18454593824143622
49.613313119,1709142520.296295263,1709142520.295862729,/rigid_bodies.rigidbodies[2].pose.position.z,0.18439382474264138
49.623087743,1709142520.306069887,1709142520.305767645,/rigid_bodies.rigidbodies[2].pose.position.z,0.184337695919569
49.633121279,1709142520.316103423,1709142520.315692062,/rigid_bodies.rigidbodies[2].pose.position.z,0.1843026303468074
49.643029305,1709142520.326011449,1709142520.325596923,/rigid_bodies.rigidbodies[2].pose.position.z,0.18436736196719436
49.653153625,1709142520.336135769,1709142520.335716239,/rigid_bodies.rigidbodies[2].pose.position.z,0.18454698785544915
49.66316648,1709142520.346148624,1709142520.345770330,/rigid_bodies.rigidbodies[2].pose.position.z,0.18447976117967368
49.673540068,1709142520.356522212,1709142520.356019850,/rigid_bodies.rigidbodies[2].pose.position.z,0.18456797423072366
49.68345521,1709142520.366437354,1709142520.365914392,/rigid_bodies.rigidbodies[2].pose.position.z,0.18461027660658239
49.693311559,1709142520.376293703,1709142520.375856224,/rigid_bodies.rigidbodies[2].pose.position.z,0.1845516570386392
49.703508549,1709142520.386490693,1709142520.385984797,/rigid_bodies.rigidbodies[2].pose.position.z,0.18462687622253848
49.713206237,1709142520.396188381,1709142520.395850567,/rigid_bodies.rigidbodies[2].pose.position.z,0.18467782401664148
49.7231993,1709142520.406181444,1709142520.405805365,/rigid_bodies.rigidbodies[2].pose.position.z,0.18453764443331333
49.733551489,1709142520.416533633,1709142520.416033565,/rigid_bodies.rigidbodies[2].pose.position.z,0.18445305545569823
49.743331928,1709142520.426314072,1709142520.425795944,/rigid_bodies.rigidbodies[2].pose.position.z,0.18441428038416346
49.753331994,1709142520.436314138,1709142520.435791762,/rigid_bodies.rigidbodies[2].pose.position.z,0.1842958913012266
49.762977562,1709142520.445959706,1709142520.445704401,/rigid_bodies.rigidbodies[2].pose.position.z,0.18431592382494574
49.772890964,1709142520.455873108,1709142520.455602484,/rigid_bodies.rigidbodies[2].pose.position.z,0.1844336949224673
49.783275153,1709142520.466257297,1709142520.465821605,/rigid_bodies.rigidbodies[2].pose.position.z,0.1845630055279805
49.79356499,1709142520.476547134,1709142520.475956802,/rigid_bodies.rigidbodies[2].pose.position.z,0.18466266960698074
49.80356632,1709142520.486548464,1709142520.485941845,/rigid_bodies.rigidbodies[2].pose.position.z,0.18488915581118998
49.813205034,1709142520.496187178,1709142520.495730637,/rigid_bodies.rigidbodies[2].pose.position.z,0.18460766255740965
49.823636483,1709142520.506618627,1709142520.506026638,/rigid_bodies.rigidbodies[2].pose.position.z,0.18450163539060768
49.833682536,1709142520.516664680,1709142520.516054835,/rigid_bodies.rigidbodies[2].pose.position.z,0.1844668705215425
49.843184552,1709142520.526166696,1709142520.525738525,/rigid_bodies.rigidbodies[2].pose.position.z,0.18436964200812855
49.853463714,1709142520.536445858,1709142520.535897428,/rigid_bodies.rigidbodies[2].pose.position.z,0.18450312033327837
49.863217379,1709142520.546199523,1709142520.545738429,/rigid_bodies.rigidbodies[2].pose.position.z,0.18446525227858546
49.873281378,1709142520.556263522,1709142520.555822071,/rigid_bodies.rigidbodies[2].pose.position.z,0.18435779881588077
49.883530887,1709142520.566513031,1709142520.565868629,/rigid_bodies.rigidbodies[2].pose.position.z,0.18441703328220094
49.893525336,1709142520.576507480,1709142520.575833722,/rigid_bodies.rigidbodies[2].pose.position.z,0.1844312812488069
49.903153078,1709142520.586135222,1709142520.585677849,/rigid_bodies.rigidbodies[2].pose.position.z,0.1844703797319933
49.913580396,1709142520.596562540,1709142520.595917863,/rigid_bodies.rigidbodies[2].pose.position.z,0.1844448267240175
49.92372634,1709142520.606708484,1709142520.605979182,/rigid_bodies.rigidbodies[2].pose.position.z,0.1842983505082616
49.933277781,1709142520.616259925,1709142520.615755622,/rigid_bodies.rigidbodies[2].pose.position.z,0.18445365095384963
49.943413476,1709142520.626395620,1709142520.625818566,/rigid_bodies.rigidbodies[2].pose.position.z,0.18454631901735988
49.953301334,1709142520.636283478,1709142520.635790283,/rigid_bodies.rigidbodies[2].pose.position.z,0.18464930684585396
49.963196954,1709142520.646179098,1709142520.645738772,/rigid_bodies.rigidbodies[2].pose.position.z,0.18455793870462256
49.973293133,1709142520.656275277,1709142520.655789701,/rigid_bodies.rigidbodies[2].pose.position.z,0.18444751716344396
49.983752105,1709142520.666734249,1709142520.666017986,/rigid_bodies.rigidbodies[2].pose.position.z,0.18432236103809466
49.993143171,1709142520.676125315,1709142520.675703024,/rigid_bodies.rigidbodies[2].pose.position.z,0.18432836597371227
50.003285907,1709142520.686268051,1709142520.685864107,/rigid_bodies.rigidbodies[2].pose.position.z,0.18439184123018418
50.013903652,1709142520.696885796,1709142520.696198693,/rigid_bodies.rigidbodies[2].pose.position.z,0.1843648906503823
50.023335194,1709142520.706317338,1709142520.705859592,/rigid_bodies.rigidbodies[2].pose.position.z,0.18446378892452972
50.033402808,1709142520.716384952,1709142520.715937625,/rigid_bodies.rigidbodies[2].pose.position.z,0.18453867665606966
50.043868141,1709142520.726850285,1709142520.725990453,/rigid_bodies.rigidbodies[2].pose.position.z,0.1844950723283314
50.053348213,1709142520.736330357,1709142520.735859510,/rigid_bodies.rigidbodies[2].pose.position.z,0.18445746402760832
50.063207237,1709142520.746189381,1709142520.745774408,/rigid_bodies.rigidbodies[2].pose.position.z,0.18443727245767827
50.073340405,1709142520.756322549,1709142520.755835874,/rigid_bodies.rigidbodies[2].pose.position.z,0.1843567496136071
50.083185326,1709142520.766167470,1709142520.765788775,/rigid_bodies.rigidbodies[2].pose.position.z,0.18439614004245372
50.093281942,1709142520.776264086,1709142520.775804937,/rigid_bodies.rigidbodies[2].pose.position.z,0.18442535783649175
50.103339912,1709142520.786322056,1709142520.785855859,/rigid_bodies.rigidbodies[2].pose.position.z,0.18429162905728233
50.113268676,1709142520.796250820,1709142520.795896409,/rigid_bodies.rigidbodies[2].pose.position.z,0.18439478096381695
50.123645829,1709142520.806627973,1709142520.806115062,/rigid_bodies.rigidbodies[2].pose.position.z,0.18477536559220192
50.133483528,1709142520.816465672,1709142520.815964160,/rigid_bodies.rigidbodies[2].pose.position.z,0.18469743617540713
50.143275419,1709142520.826257563,1709142520.825907570,/rigid_bodies.rigidbodies[2].pose.position.z,0.1846819997001635
50.153532397,1709142520.836514541,1709142520.836006605,/rigid_bodies.rigidbodies[2].pose.position.z,0.18447996740199224
50.163235557,1709142520.846217701,1709142520.845858023,/rigid_bodies.rigidbodies[2].pose.position.z,0.1841321589649011
50.173794581,1709142520.856776725,1709142520.856158812,/rigid_bodies.rigidbodies[2].pose.position.z,0.18437949240900675
50.183391826,1709142520.866373970,1709142520.865924438,/rigid_bodies.rigidbodies[2].pose.position.z,0.18438146341057834
50.19362479,1709142520.876606934,1709142520.876054271,/rigid_bodies.rigidbodies[2].pose.position.z,0.1844729203254014
50.203719421,1709142520.886701565,1709142520.886106883,/rigid_bodies.rigidbodies[2].pose.position.z,0.18462311838333267
50.213008903,1709142520.895991047,1709142520.895685702,/rigid_bodies.rigidbodies[2].pose.position.z,0.18456193542267865
50.222855813,1709142520.905837957,1709142520.905550147,/rigid_bodies.rigidbodies[2].pose.position.z,0.1845721007548975
50.232864995,1709142520.915847139,1709142520.915577868,/rigid_bodies.rigidbodies[2].pose.position.z,0.18446275575297358
50.242910613,1709142520.925892757,1709142520.925584982,/rigid_bodies.rigidbodies[2].pose.position.z,0.18451661022529756
50.253230556,1709142520.936212700,1709142520.935842519,/rigid_bodies.rigidbodies[2].pose.position.z,0.18439654852472254
50.262849729,1709142520.945831873,1709142520.945570933,/rigid_bodies.rigidbodies[2].pose.position.z,0.18446386275245097
50.273157939,1709142520.956140083,1709142520.955744431,/rigid_bodies.rigidbodies[2].pose.position.z,0.18455146946821735
50.283515695,1709142520.966497839,1709142520.965960138,/rigid_bodies.rigidbodies[2].pose.position.z,0.18458333041441702
50.293202806,1709142520.976184950,1709142520.975730088,/rigid_bodies.rigidbodies[2].pose.position.z,0.18451575953589192
50.303362121,1709142520.986344265,1709142520.985861530,/rigid_bodies.rigidbodies[2].pose.position.z,0.18429913858516153
50.31340887,1709142520.996391014,1709142520.995915894,/rigid_bodies.rigidbodies[2].pose.position.z,0.184445484950691
50.323090249,1709142521.006072393,1709142521.005702862,/rigid_bodies.rigidbodies[2].pose.position.z,0.18458178449891455
50.333164104,1709142521.016146248,1709142521.015755507,/rigid_bodies.rigidbodies[2].pose.position.z,0.18457552843159786
50.343358671,1709142521.026340815,1709142521.025888007,/rigid_bodies.rigidbodies[2].pose.position.z,0.18437318987593956
50.353387185,1709142521.036369329,1709142521.035911455,/rigid_bodies.rigidbodies[2].pose.position.z,0.18425564098595165
50.363241398,1709142521.046223542,1709142521.045802952,/rigid_bodies.rigidbodies[2].pose.position.z,0.18424050764517078
50.37346955,1709142521.056451694,1709142521.055930184,/rigid_bodies.rigidbodies[2].pose.position.z,0.1844793476856769
50.383167282,1709142521.066149426,1709142521.065758286,/rigid_bodies.rigidbodies[2].pose.position.z,0.1846654625540595
50.393149343,1709142521.076131487,1709142521.075716557,/rigid_bodies.rigidbodies[2].pose.position.z,0.18468377009440204
50.403577264,1709142521.086559408,1709142521.085921859,/rigid_bodies.rigidbodies[2].pose.position.z,0.18442365674623373
50.413555466,1709142521.096537610,1709142521.095930044,/rigid_bodies.rigidbodies[2].pose.position.z,0.1843142478661914
50.423200545,1709142521.106182689,1709142521.105746117,/rigid_bodies.rigidbodies[2].pose.position.z,0.18435702072459823
50.433758582,1709142521.116740726,1709142521.116042580,/rigid_bodies.rigidbodies[2].pose.position.z,0.18442315625137373
50.44345735,1709142521.126439494,1709142521.125903318,/rigid_bodies.rigidbodies[2].pose.position.z,0.18454468631200077
50.453237808,1709142521.136219952,1709142521.135765587,/rigid_bodies.rigidbodies[2].pose.position.z,0.18453839937955363
50.463279586,1709142521.146261730,1709142521.145801894,/rigid_bodies.rigidbodies[2].pose.position.z,0.18457381313805135
50.472934046,1709142521.155916190,1709142521.155613990,/rigid_bodies.rigidbodies[2].pose.position.z,0.18444059912045063
50.483197076,1709142521.166179220,1709142521.165753547,/rigid_bodies.rigidbodies[2].pose.position.z,0.1844153765468323
50.493565747,1709142521.176547891,1709142521.175896334,/rigid_bodies.rigidbodies[2].pose.position.z,0.18432371206756945
50.503950018,1709142521.186932162,1709142521.186073165,/rigid_bodies.rigidbodies[2].pose.position.z,0.18415788440509873
50.513477549,1709142521.196459693,1709142521.195939260,/rigid_bodies.rigidbodies[2].pose.position.z,0.1843635128758984
50.523438662,1709142521.206420806,1709142521.205883179,/rigid_bodies.rigidbodies[2].pose.position.z,0.1843963931768324
50.533832917,1709142521.216815061,1709142521.216074119,/rigid_bodies.rigidbodies[2].pose.position.z,0.18447697614405661
50.543502758,1709142521.226484902,1709142521.225963329,/rigid_bodies.rigidbodies[2].pose.position.z,0.18455066607179868
50.553404691,1709142521.236386835,1709142521.235947746,/rigid_bodies.rigidbodies[2].pose.position.z,0.18444537412443007
50.563166116,1709142521.246148260,1709142521.245748157,/rigid_bodies.rigidbodies[2].pose.position.z,0.18458754522365406
50.573425697,1709142521.256407841,1709142521.255895496,/rigid_bodies.rigidbodies[2].pose.position.z,0.18442925839913307
50.583530813,1709142521.266512957,1709142521.265922239,/rigid_bodies.rigidbodies[2].pose.position.z,0.1845413881071802
50.59344381,1709142521.276425954,1709142521.275865414,/rigid_bodies.rigidbodies[2].pose.position.z,0.1844108045426971
50.603359855,1709142521.286341999,1709142521.285922080,/rigid_bodies.rigidbodies[2].pose.position.z,0.184279439841154
50.613449251,1709142521.296431395,1709142521.295917873,/rigid_bodies.rigidbodies[2].pose.position.z,0.1843626345176952
50.623461107,1709142521.306443251,1709142521.305892204,/rigid_bodies.rigidbodies[2].pose.position.z,0.18435770922009473
50.633563519,1709142521.316545663,1709142521.315972781,/rigid_bodies.rigidbodies[2].pose.position.z,0.1843892984232359
50.643182022,1709142521.326164166,1709142521.325857498,/rigid_bodies.rigidbodies[2].pose.position.z,0.18448538098542863
50.65356041,1709142521.336542554,1709142521.335967788,/rigid_bodies.rigidbodies[2].pose.position.z,0.18458130630362238
50.663135217,1709142521.346117361,1709142521.345769200,/rigid_bodies.rigidbodies[2].pose.position.z,0.1846543924755377
50.673526842,1709142521.356508986,1709142521.355967417,/rigid_bodies.rigidbodies[2].pose.position.z,0.1843494450167329
50.682900082,1709142521.365882226,1709142521.365621326,/rigid_bodies.rigidbodies[2].pose.position.z,0.1843507005279434
50.692934382,1709142521.375916526,1709142521.375645324,/rigid_bodies.rigidbodies[2].pose.position.z,0.18427608852985042
50.702926852,1709142521.385908996,1709142521.385690998,/rigid_bodies.rigidbodies[2].pose.position.z,0.18450028358675366
50.712994577,1709142521.395976721,1709142521.395766044,/rigid_bodies.rigidbodies[2].pose.position.z,0.18460564875535582
50.723179252,1709142521.406161396,1709142521.405855129,/rigid_bodies.rigidbodies[2].pose.position.z,0.18445648314460364
50.733029698,1709142521.416011842,1709142521.415640875,/rigid_bodies.rigidbodies[2].pose.position.z,0.1844680097960173
50.742720572,1709142521.425702716,1709142521.425528614,/rigid_bodies.rigidbodies[2].pose.position.z,0.18438947764460084
50.752819636,1709142521.435801780,1709142521.435560659,/rigid_bodies.rigidbodies[2].pose.position.z,0.18443699970840566
50.762902085,1709142521.445884229,1709142521.445741594,/rigid_bodies.rigidbodies[2].pose.position.z,0.18433148087033313
50.772826333,1709142521.455808477,1709142521.455556602,/rigid_bodies.rigidbodies[2].pose.position.z,0.18445959984933993
50.783155738,1709142521.466137882,1709142521.465705828,/rigid_bodies.rigidbodies[2].pose.position.z,0.18439888332845847
50.793357618,1709142521.476339762,1709142521.475835173,/rigid_bodies.rigidbodies[2].pose.position.z,0.18453181493495732
50.803425329,1709142521.486407473,1709142521.485917044,/rigid_bodies.rigidbodies[2].pose.position.z,0.18482152783482186
50.813744982,1709142521.496727126,1709142521.496112087,/rigid_bodies.rigidbodies[2].pose.position.z,0.18458163950763004
50.823428369,1709142521.506410513,1709142521.505907868,/rigid_bodies.rigidbodies[2].pose.position.z,0.18444352625300436
50.833468986,1709142521.516451130,1709142521.515963738,/rigid_bodies.rigidbodies[2].pose.position.z,0.18420316142451076
50.843580911000004,1709142521.526563055,1709142521.526008856,/rigid_bodies.rigidbodies[2].pose.position.z,0.18412004628988216
50.853471501,1709142521.536453645,1709142521.536032982,/rigid_bodies.rigidbodies[2].pose.position.z,0.1845382267796148
50.863317491000004,1709142521.546299635,1709142521.545837608,/rigid_bodies.rigidbodies[2].pose.position.z,0.1846755336400841
50.873374161,1709142521.556356305,1709142521.555832744,/rigid_bodies.rigidbodies[2].pose.position.z,0.18449389906763802
50.88348936,1709142521.566471504,1709142521.565957932,/rigid_bodies.rigidbodies[2].pose.position.z,0.18441656218930255
50.893271048,1709142521.576253192,1709142521.575915854,/rigid_bodies.rigidbodies[2].pose.position.z,0.18447872193004208
50.903603877,1709142521.586586021,1709142521.586023906,/rigid_bodies.rigidbodies[2].pose.position.z,0.18472093337844198
50.913427126,1709142521.596409270,1709142521.595879116,/rigid_bodies.rigidbodies[2].pose.position.z,0.18484946231682847
50.923291627,1709142521.606273771,1709142521.605863114,/rigid_bodies.rigidbodies[2].pose.position.z,0.18478276328554447
50.933472457,1709142521.616454601,1709142521.616004941,/rigid_bodies.rigidbodies[2].pose.position.z,0.1842947445698966
50.943286009,1709142521.626268153,1709142521.625787822,/rigid_bodies.rigidbodies[2].pose.position.z,0.18411213321751632
50.953623024,1709142521.636605168,1709142521.636019229,/rigid_bodies.rigidbodies[2].pose.position.z,0.18419828046540188
50.963452798,1709142521.646434942,1709142521.645964441,/rigid_bodies.rigidbodies[2].pose.position.z,0.1844337183825419
50.973407273,1709142521.656389417,1709142521.655861672,/rigid_bodies.rigidbodies[2].pose.position.z,0.18456145057397597
50.983936646000004,1709142521.666918790,1709142521.666197824,/rigid_bodies.rigidbodies[2].pose.position.z,0.1844148088343314
50.993607318,1709142521.676589462,1709142521.676001533,/rigid_bodies.rigidbodies[2].pose.position.z,0.18444809719519364
51.003351657,1709142521.686333801,1709142521.685746032,/rigid_bodies.rigidbodies[2].pose.position.z,0.18462834104810522
51.013356481,1709142521.696338625,1709142521.695867651,/rigid_bodies.rigidbodies[2].pose.position.z,0.18452872349152605
51.023633064,1709142521.706615208,1709142521.706038628,/rigid_bodies.rigidbodies[2].pose.position.z,0.18448554491099237
51.033202217,1709142521.716184361,1709142521.715792859,/rigid_bodies.rigidbodies[2].pose.position.z,0.18442547147841956
51.044012617,1709142521.726994761,1709142521.726356049,/rigid_bodies.rigidbodies[2].pose.position.z,0.1844613630654834
51.053621714,1709142521.736603858,1709142521.736011193,/rigid_bodies.rigidbodies[2].pose.position.z,0.18457322391486594
51.063285528,1709142521.746267672,1709142521.745887221,/rigid_bodies.rigidbodies[2].pose.position.z,0.18461438256139306
51.073330006,1709142521.756312150,1709142521.755880657,/rigid_bodies.rigidbodies[2].pose.position.z,0.18446499812977313
51.083699088,1709142521.766681232,1709142521.766089138,/rigid_bodies.rigidbodies[2].pose.position.z,0.1841535057791835
51.093420386,1709142521.776402530,1709142521.775982284,/rigid_bodies.rigidbodies[2].pose.position.z,0.18414022871694097
51.103108931,1709142521.786091075,1709142521.785717075,/rigid_bodies.rigidbodies[2].pose.position.z,0.18424492820531516
51.113534223,1709142521.796516367,1709142521.795910268,/rigid_bodies.rigidbodies[2].pose.position.z,0.18449791432159837
51.123370734,1709142521.806352878,1709142521.805930365,/rigid_bodies.rigidbodies[2].pose.position.z,0.18458144300913035
51.133539461,1709142521.816521605,1709142521.815972795,/rigid_bodies.rigidbodies[2].pose.position.z,0.1844691682186345
51.143629418,1709142521.826611562,1709142521.826011951,/rigid_bodies.rigidbodies[2].pose.position.z,0.18445710492791628
51.153728717,1709142521.836710861,1709142521.836151476,/rigid_bodies.rigidbodies[2].pose.position.z,0.1845116916641512
51.16335598,1709142521.846338124,1709142521.845915909,/rigid_bodies.rigidbodies[2].pose.position.z,0.18452713487078043
51.173060086,1709142521.856042230,1709142521.855613420,/rigid_bodies.rigidbodies[2].pose.position.z,0.18452933532364194
51.183144396,1709142521.866126540,1709142521.865837940,/rigid_bodies.rigidbodies[2].pose.position.z,0.1844071973624066
51.193134377,1709142521.876116521,1709142521.875740261,/rigid_bodies.rigidbodies[2].pose.position.z,0.18432819625810645
51.203154315,1709142521.886136459,1709142521.885647287,/rigid_bodies.rigidbodies[2].pose.position.z,0.18415643596826928
51.213961548,1709142521.896943692,1709142521.896141133,/rigid_bodies.rigidbodies[2].pose.position.z,0.184341638722747
51.223394915,1709142521.906377059,1709142521.905805180,/rigid_bodies.rigidbodies[2].pose.position.z,0.18437242021159364
51.233921082,1709142521.916903226,1709142521.916071260,/rigid_bodies.rigidbodies[2].pose.position.z,0.18456781190536423
51.243437505,1709142521.926419649,1709142521.925887025,/rigid_bodies.rigidbodies[2].pose.position.z,0.18449254270796644
51.253341382,1709142521.936323526,1709142521.935818496,/rigid_bodies.rigidbodies[2].pose.position.z,0.18447942194345637
51.263265454,1709142521.946247598,1709142521.945862391,/rigid_bodies.rigidbodies[2].pose.position.z,0.18460254721746638
51.273311037,1709142521.956293181,1709142521.955855054,/rigid_bodies.rigidbodies[2].pose.position.z,0.18447073067160033
51.28328472,1709142521.966266864,1709142521.965923855,/rigid_bodies.rigidbodies[2].pose.position.z,0.1843792466721756
51.293669944,1709142521.976652088,1709142521.976092266,/rigid_bodies.rigidbodies[2].pose.position.z,0.18435044130070227
51.303432677,1709142521.986414821,1709142521.985920061,/rigid_bodies.rigidbodies[2].pose.position.z,0.18430954489403825
51.313269009,1709142521.996251153,1709142521.995812037,/rigid_bodies.rigidbodies[2].pose.position.z,0.18450348263554842
51.323407748,1709142522.006389892,1709142522.005952967,/rigid_bodies.rigidbodies[2].pose.position.z,0.1844776439992772
51.333680169,1709142522.016662313,1709142522.016062449,/rigid_bodies.rigidbodies[2].pose.position.z,0.18459058039990883
51.343342161,1709142522.026324305,1709142522.026012685,/rigid_bodies.rigidbodies[2].pose.position.z,0.184644913479108
51.353059286,1709142522.036041430,1709142522.035744049,/rigid_bodies.rigidbodies[2].pose.position.z,0.1844128130607716
51.362916443,1709142522.045898587,1709142522.045720938,/rigid_bodies.rigidbodies[2].pose.position.z,0.18449962808443882
51.373157085,1709142522.056139229,1709142522.055805476,/rigid_bodies.rigidbodies[2].pose.position.z,0.18441743238979272
51.382946888,1709142522.065929032,1709142522.065657062,/rigid_bodies.rigidbodies[2].pose.position.z,0.1845310653940229
51.392858409,1709142522.075840553,1709142522.075648821,/rigid_bodies.rigidbodies[2].pose.position.z,0.18449639802508702
51.402921561,1709142522.085903705,1709142522.085663547,/rigid_bodies.rigidbodies[2].pose.position.z,0.18445898474993466
51.4130691,1709142522.096051244,1709142522.095741899,/rigid_bodies.rigidbodies[2].pose.position.z,0.1842972335905084
51.422952543,1709142522.105934687,1709142522.105595286,/rigid_bodies.rigidbodies[2].pose.position.z,0.1840683826280374
51.433163764,1709142522.116145908,1709142522.115781088,/rigid_bodies.rigidbodies[2].pose.position.z,0.18428839917444306
51.443157249,1709142522.126139393,1709142522.125722164,/rigid_bodies.rigidbodies[2].pose.position.z,0.1845512443669085
51.453740706,1709142522.136722850,1709142522.136140554,/rigid_bodies.rigidbodies[2].pose.position.z,0.18460043911912702
51.463320613,1709142522.146302757,1709142522.145889788,/rigid_bodies.rigidbodies[2].pose.position.z,0.18458330886928243
51.473644916,1709142522.156627060,1709142522.156100038,/rigid_bodies.rigidbodies[2].pose.position.z,0.18461809364143814
51.483453583,1709142522.166435727,1709142522.165989346,/rigid_bodies.rigidbodies[2].pose.position.z,0.18453081015166897
51.493578139,1709142522.176560283,1709142522.176071897,/rigid_bodies.rigidbodies[2].pose.position.z,0.1844975708981257
51.503363631,1709142522.186345775,1709142522.186033529,/rigid_bodies.rigidbodies[2].pose.position.z,0.1845302744630362
51.513084369,1709142522.196066513,1709142522.195764892,/rigid_bodies.rigidbodies[2].pose.position.z,0.18439410737481018
51.523282353,1709142522.206264497,1709142522.205852940,/rigid_bodies.rigidbodies[2].pose.position.z,0.18439146848647872
51.533510919,1709142522.216493063,1709142522.216020455,/rigid_bodies.rigidbodies[2].pose.position.z,0.18438413272708584
51.542969912,1709142522.225952056,1709142522.225691430,/rigid_bodies.rigidbodies[2].pose.position.z,0.1842562737342329
51.553794031,1709142522.236776175,1709142522.236243514,/rigid_bodies.rigidbodies[2].pose.position.z,0.18430559430837237
51.563324808,1709142522.246306952,1709142522.245868639,/rigid_bodies.rigidbodies[2].pose.position.z,0.18438207287986141
51.573487723,1709142522.256469867,1709142522.255952712,/rigid_bodies.rigidbodies[2].pose.position.z,0.18447283104863438
51.583682729,1709142522.266664873,1709142522.266062623,/rigid_bodies.rigidbodies[2].pose.position.z,0.1846202230114619
51.593722407,1709142522.276704551,1709142522.276116989,/rigid_bodies.rigidbodies[2].pose.position.z,0.184669179572514
51.603310568,1709142522.286292712,1709142522.285776273,/rigid_bodies.rigidbodies[2].pose.position.z,0.1845867304702103
51.613646391,1709142522.296628535,1709142522.296091807,/rigid_bodies.rigidbodies[2].pose.position.z,0.18438913707761898
51.623326596,1709142522.306308740,1709142522.305907930,/rigid_bodies.rigidbodies[2].pose.position.z,0.18446130186573068
51.633814565,1709142522.316796709,1709142522.316222050,/rigid_bodies.rigidbodies[2].pose.position.z,0.18436335342233032
51.643647264,1709142522.326629408,1709142522.326079819,/rigid_bodies.rigidbodies[2].pose.position.z,0.18446763033949382
51.65339368,1709142522.336375824,1709142522.335967844,/rigid_bodies.rigidbodies[2].pose.position.z,0.1844168912914221
51.663346994,1709142522.346329138,1709142522.345925203,/rigid_bodies.rigidbodies[2].pose.position.z,0.18433057672615133
51.673691863,1709142522.356674007,1709142522.356104469,/rigid_bodies.rigidbodies[2].pose.position.z,0.18450937147607396
51.683247999,1709142522.366230143,1709142522.365910574,/rigid_bodies.rigidbodies[2].pose.position.z,0.1844721728184248
51.69353737,1709142522.376519514,1709142522.376123674,/rigid_bodies.rigidbodies[2].pose.position.z,0.18455446569972378
51.70330177,1709142522.386283914,1709142522.385952648,/rigid_bodies.rigidbodies[2].pose.position.z,0.18465150236686076
51.713285499,1709142522.396267643,1709142522.395969174,/rigid_bodies.rigidbodies[2].pose.position.z,0.18458141715374612
51.723511211,1709142522.406493355,1709142522.406030916,/rigid_bodies.rigidbodies[2].pose.position.z,0.18449787430134001
51.733369849,1709142522.416351993,1709142522.415991794,/rigid_bodies.rigidbodies[2].pose.position.z,0.1843506104740543
51.743175883,1709142522.426158027,1709142522.425919932,/rigid_bodies.rigidbodies[2].pose.position.z,0.18431813588473844
51.753626246,1709142522.436608390,1709142522.436125855,/rigid_bodies.rigidbodies[2].pose.position.z,0.18420791819178253
51.763308867,1709142522.446291011,1709142522.445894342,/rigid_bodies.rigidbodies[2].pose.position.z,0.18436226100136202
51.773481771,1709142522.456463915,1709142522.455999285,/rigid_bodies.rigidbodies[2].pose.position.z,0.1844696019449105
51.783314149,1709142522.466296293,1709142522.465987227,/rigid_bodies.rigidbodies[2].pose.position.z,0.1846655454207802
51.793010828,1709142522.475992972,1709142522.475720499,/rigid_bodies.rigidbodies[2].pose.position.z,0.18460892479849494
51.80313876,1709142522.486120904,1709142522.485762305,/rigid_bodies.rigidbodies[2].pose.position.z,0.18437249962878924
51.813538543,1709142522.496520687,1709142522.496024896,/rigid_bodies.rigidbodies[2].pose.position.z,0.1843764249270829
51.823802696,1709142522.506784840,1709142522.506080703,/rigid_bodies.rigidbodies[2].pose.position.z,0.1845727921241373
51.833797302,1709142522.516779446,1709142522.516081465,/rigid_bodies.rigidbodies[2].pose.position.z,0.18441879649793086
51.843787559,1709142522.526769703,1709142522.526026941,/rigid_bodies.rigidbodies[2].pose.position.z,0.18435240730212255
51.853853338,1709142522.536835482,1709142522.536214881,/rigid_bodies.rigidbodies[2].pose.position.z,0.1841583153285635
51.863355364,1709142522.546337508,1709142522.545981758,/rigid_bodies.rigidbodies[2].pose.position.z,0.18410315573572916
51.873842182,1709142522.556824326,1709142522.556191283,/rigid_bodies.rigidbodies[2].pose.position.z,0.1844127848872403
51.883681587,1709142522.566663731,1709142522.566211335,/rigid_bodies.rigidbodies[2].pose.position.z,0.1845492257701103
51.893332215,1709142522.576314359,1709142522.575947888,/rigid_bodies.rigidbodies[2].pose.position.z,0.18461491721836715
51.903851401,1709142522.586833545,1709142522.586305246,/rigid_bodies.rigidbodies[2].pose.position.z,0.18459323613024461
51.913731345,1709142522.596713489,1709142522.596112211,/rigid_bodies.rigidbodies[2].pose.position.z,0.18458520990157867
51.923371873,1709142522.606354017,1709142522.605907819,/rigid_bodies.rigidbodies[2].pose.position.z,0.18458533591360896
51.933854992,1709142522.616837136,1709142522.616181308,/rigid_bodies.rigidbodies[2].pose.position.z,0.18451267094174983
51.943617533,1709142522.626599677,1709142522.626049634,/rigid_bodies.rigidbodies[2].pose.position.z,0.18447633272783187
51.953364931,1709142522.636347075,1709142522.635885223,/rigid_bodies.rigidbodies[2].pose.position.z,0.18424871238068313
51.963304381,1709142522.646286525,1709142522.645807536,/rigid_bodies.rigidbodies[2].pose.position.z,0.1842679636164007
51.973653589,1709142522.656635733,1709142522.656005523,/rigid_bodies.rigidbodies[2].pose.position.z,0.18438673919630993
51.983594991,1709142522.666577135,1709142522.666004461,/rigid_bodies.rigidbodies[2].pose.position.z,0.18430063818254308
51.99351048,1709142522.676492624,1709142522.675906237,/rigid_bodies.rigidbodies[2].pose.position.z,0.1843626456105588
52.004178592,1709142522.687160736,1709142522.686229676,/rigid_bodies.rigidbodies[2].pose.position.z,0.18427895245302423
52.013599964,1709142522.696582108,1709142522.696014479,/rigid_bodies.rigidbodies[2].pose.position.z,0.18430350710256857
52.023439784,1709142522.706421928,1709142522.705911490,/rigid_bodies.rigidbodies[2].pose.position.z,0.18442252406597914
52.034024164,1709142522.717006308,1709142522.716294314,/rigid_bodies.rigidbodies[2].pose.position.z,0.18454217961166194
52.043667535,1709142522.726649679,1709142522.726058440,/rigid_bodies.rigidbodies[2].pose.position.z,0.18456148103012288
52.053312735,1709142522.736294879,1709142522.735929919,/rigid_bodies.rigidbodies[2].pose.position.z,0.1845080686874989
52.063539689,1709142522.746521833,1709142522.746028304,/rigid_bodies.rigidbodies[2].pose.position.z,0.18444853050693436
52.0738202,1709142522.756802344,1709142522.756229508,/rigid_bodies.rigidbodies[2].pose.position.z,0.1844295815202138
52.083358241,1709142522.766340385,1709142522.765922228,/rigid_bodies.rigidbodies[2].pose.position.z,0.18446161353391485
52.09291476,1709142522.775896904,1709142522.775647331,/rigid_bodies.rigidbodies[2].pose.position.z,0.18430927470489467
52.102988039,1709142522.785970183,1709142522.785706809,/rigid_bodies.rigidbodies[2].pose.position.z,0.18433984243812943
52.112883175,1709142522.795865319,1709142522.795643380,/rigid_bodies.rigidbodies[2].pose.position.z,0.18442851558807988
52.123250212,1709142522.806232356,1709142522.805869537,/rigid_bodies.rigidbodies[2].pose.position.z,0.18436298023191175
52.133725076,1709142522.816707220,1709142522.816158396,/rigid_bodies.rigidbodies[2].pose.position.z,0.1844486912465567
52.143637551,1709142522.826619695,1709142522.826075880,/rigid_bodies.rigidbodies[2].pose.position.z,0.1843647023762733
52.153647265,1709142522.836629409,1709142522.836094819,/rigid_bodies.rigidbodies[2].pose.position.z,0.1842213057647969
52.163050024,1709142522.846032168,1709142522.845688109,/rigid_bodies.rigidbodies[2].pose.position.z,0.1842826118830356
52.173496091,1709142522.856478235,1709142522.855938185,/rigid_bodies.rigidbodies[2].pose.position.z,0.18432418026051234
52.183770367,1709142522.866752511,1709142522.866155205,/rigid_bodies.rigidbodies[2].pose.position.z,0.18440140286793982
52.193763456,1709142522.876745600,1709142522.876129873,/rigid_bodies.rigidbodies[2].pose.position.z,0.18434204569174387
52.203595313,1709142522.886577457,1709142522.886025806,/rigid_bodies.rigidbodies[2].pose.position.z,0.1844438834690124
52.213513337,1709142522.896495481,1709142522.896049769,/rigid_bodies.rigidbodies[2].pose.position.z,0.18440935540281578
52.223691869,1709142522.906674013,1709142522.905937486,/rigid_bodies.rigidbodies[2].pose.position.z,0.18432236506976085
52.233544152,1709142522.916526296,1709142522.915965407,/rigid_bodies.rigidbodies[2].pose.position.z,0.18431870868463257
52.24325551,1709142522.926237654,1709142522.925848609,/rigid_bodies.rigidbodies[2].pose.position.z,0.18422489503529657
52.253812439,1709142522.936794583,1709142522.936147676,/rigid_bodies.rigidbodies[2].pose.position.z,0.18419717603065366
52.263313892,1709142522.946296036,1709142522.945867251,/rigid_bodies.rigidbodies[2].pose.position.z,0.18411128152463804
52.273810085,1709142522.956792229,1709142522.956092224,/rigid_bodies.rigidbodies[2].pose.position.z,0.1839195795589801
52.283705565,1709142522.966687709,1709142522.966082098,/rigid_bodies.rigidbodies[2].pose.position.z,0.18401009728276332
52.293303058,1709142522.976285202,1709142522.975883064,/rigid_bodies.rigidbodies[2].pose.position.z,0.18396940598978545
52.303720325,1709142522.986702469,1709142522.986185403,/rigid_bodies.rigidbodies[2].pose.position.z,0.18435955826155428
52.313246322,1709142522.996228466,1709142522.995927766,/rigid_bodies.rigidbodies[2].pose.position.z,0.18451884877554184
52.32337787,1709142523.006360014,1709142523.005959153,/rigid_bodies.rigidbodies[2].pose.position.z,0.18448819073756453
52.334037813,1709142523.017019957,1709142523.016332692,/rigid_bodies.rigidbodies[2].pose.position.z,0.18442956105861244
52.343246658,1709142523.026228802,1709142523.025845870,/rigid_bodies.rigidbodies[2].pose.position.z,0.18437663273401317
52.353491612,1709142523.036473756,1709142523.035980200,/rigid_bodies.rigidbodies[2].pose.position.z,0.18445116875856654
52.36332448,1709142523.046306624,1709142523.045912116,/rigid_bodies.rigidbodies[2].pose.position.z,0.18452158782493847
52.37320127,1709142523.056183414,1709142523.055887314,/rigid_bodies.rigidbodies[2].pose.position.z,0.18465324966309318
52.383099024,1709142523.066081168,1709142523.065846195,/rigid_bodies.rigidbodies[2].pose.position.z,0.18452373468972144
52.393286029,1709142523.076268173,1709142523.075937664,/rigid_bodies.rigidbodies[2].pose.position.z,0.18444169127089763
52.403416806,1709142523.086398950,1709142523.085992475,/rigid_bodies.rigidbodies[2].pose.position.z,0.18435110979238237
52.413293775,1709142523.096275919,1709142523.095831151,/rigid_bodies.rigidbodies[2].pose.position.z,0.18432925476002798
52.423393411,1709142523.106375555,1709142523.105868190,/rigid_bodies.rigidbodies[2].pose.position.z,0.18443034870462346
52.433794731,1709142523.116776875,1709142523.116082273,/rigid_bodies.rigidbodies[2].pose.position.z,0.18439994329504242
52.44339579,1709142523.126377934,1709142523.125989320,/rigid_bodies.rigidbodies[2].pose.position.z,0.18450274063515407
52.453801138,1709142523.136783282,1709142523.136155457,/rigid_bodies.rigidbodies[2].pose.position.z,0.18451709861390136
52.463412226,1709142523.146394370,1709142523.145866490,/rigid_bodies.rigidbodies[2].pose.position.z,0.18444144945100574
52.473495245,1709142523.156477389,1709142523.155975875,/rigid_bodies.rigidbodies[2].pose.position.z,0.1844482729526018
52.48363039,1709142523.166612534,1709142523.166028767,/rigid_bodies.rigidbodies[2].pose.position.z,0.18440334205952458
52.4937413,1709142523.176723444,1709142523.176062264,/rigid_bodies.rigidbodies[2].pose.position.z,0.18447634034959517
52.503410285,1709142523.186392429,1709142523.185888049,/rigid_bodies.rigidbodies[2].pose.position.z,0.1845117897900198
52.513346493,1709142523.196328637,1709142523.195874537,/rigid_bodies.rigidbodies[2].pose.position.z,0.18451027430770228
52.523506181,1709142523.206488325,1709142523.205964442,/rigid_bodies.rigidbodies[2].pose.position.z,0.18460744072602112
52.533342679,1709142523.216324823,1709142523.215879637,/rigid_bodies.rigidbodies[2].pose.position.z,0.18436044196020934
52.54349172,1709142523.226473864,1709142523.225927830,/rigid_bodies.rigidbodies[2].pose.position.z,0.18446716270986566
52.553945509,1709142523.236927653,1709142523.236182504,/rigid_bodies.rigidbodies[2].pose.position.z,0.18454180912846455
52.563234292,1709142523.246216436,1709142523.245841876,/rigid_bodies.rigidbodies[2].pose.position.z,0.18452916054239082
52.57368351,1709142523.256665654,1709142523.256003036,/rigid_bodies.rigidbodies[2].pose.position.z,0.18448884929998435
52.583360944,1709142523.266343088,1709142523.265840495,/rigid_bodies.rigidbodies[2].pose.position.z,0.18431178648660368
52.593640686,1709142523.276622830,1709142523.275921233,/rigid_bodies.rigidbodies[2].pose.position.z,0.18420453083613403
52.603299016,1709142523.286281160,1709142523.285774949,/rigid_bodies.rigidbodies[2].pose.position.z,0.18425378055756877
52.613217697,1709142523.296199841,1709142523.295715551,/rigid_bodies.rigidbodies[2].pose.position.z,0.18443193148476006
52.623817507,1709142523.306799651,1709142523.305958658,/rigid_bodies.rigidbodies[2].pose.position.z,0.1844883880656284
52.633210506,1709142523.316192650,1709142523.315851533,/rigid_bodies.rigidbodies[2].pose.position.z,0.18452871531752493
52.643327218,1709142523.326309362,1709142523.325906490,/rigid_bodies.rigidbodies[2].pose.position.z,0.18460514747633436
52.653658893,1709142523.336641037,1709142523.336015203,/rigid_bodies.rigidbodies[2].pose.position.z,0.1845390567786642
52.663254646,1709142523.346236790,1709142523.345824828,/rigid_bodies.rigidbodies[2].pose.position.z,0.1845168203895994
52.673331714,1709142523.356313858,1709142523.355855376,/rigid_bodies.rigidbodies[2].pose.position.z,0.1844494106240923
52.683298844,1709142523.366280988,1709142523.365929205,/rigid_bodies.rigidbodies[2].pose.position.z,0.1842563436798071
52.693234457,1709142523.376216601,1709142523.375864930,/rigid_bodies.rigidbodies[2].pose.position.z,0.18439428351843712
52.703102428,1709142523.386084572,1709142523.385817774,/rigid_bodies.rigidbodies[2].pose.position.z,0.1843911869617757
52.713385472,1709142523.396367616,1709142523.395816836,/rigid_bodies.rigidbodies[2].pose.position.z,0.18455867467531104
52.723381309,1709142523.406363453,1709142523.405801935,/rigid_bodies.rigidbodies[2].pose.position.z,0.18448479976736742
52.733732762,1709142523.416714906,1709142523.415946292,/rigid_bodies.rigidbodies[2].pose.position.z,0.18434232647311793
52.743409656,1709142523.426391800,1709142523.425810009,/rigid_bodies.rigidbodies[2].pose.position.z,0.18434903249338871
52.753448256,1709142523.436430400,1709142523.435890749,/rigid_bodies.rigidbodies[2].pose.position.z,0.18439944015627555
52.763574218,1709142523.446556362,1709142523.445956895,/rigid_bodies.rigidbodies[2].pose.position.z,0.1845647057478082
52.773852595,1709142523.456834739,1709142523.455981901,/rigid_bodies.rigidbodies[2].pose.position.z,0.18431740327364887
52.783241801,1709142523.466223945,1709142523.465772144,/rigid_bodies.rigidbodies[2].pose.position.z,0.18436733628562813
52.793017786,1709142523.475999930,1709142523.475643102,/rigid_bodies.rigidbodies[2].pose.position.z,0.1845145247133558
52.803442603,1709142523.486424747,1709142523.485929491,/rigid_bodies.rigidbodies[2].pose.position.z,0.18446531370417135
52.813334622,1709142523.496316766,1709142523.495891400,/rigid_bodies.rigidbodies[2].pose.position.z,0.1846987459239188
52.823243043,1709142523.506225187,1709142523.505809083,/rigid_bodies.rigidbodies[2].pose.position.z,0.18438834986506186
52.83371148,1709142523.516693624,1709142523.516063041,/rigid_bodies.rigidbodies[2].pose.position.z,0.18438524260652014
52.843338748,1709142523.526320892,1709142523.525874470,/rigid_bodies.rigidbodies[2].pose.position.z,0.18452301442170319
52.853329713,1709142523.536311857,1709142523.535766394,/rigid_bodies.rigidbodies[2].pose.position.z,0.18444753436498124
52.863195995,1709142523.546178139,1709142523.545778690,/rigid_bodies.rigidbodies[2].pose.position.z,0.18449772571653686
52.873363427,1709142523.556345571,1709142523.555851939,/rigid_bodies.rigidbodies[2].pose.position.z,0.18430739186352382
52.883630442,1709142523.566612586,1709142523.566088023,/rigid_bodies.rigidbodies[2].pose.position.z,0.18416676001007518
52.893338085,1709142523.576320229,1709142523.575842488,/rigid_bodies.rigidbodies[2].pose.position.z,0.18426404150998132
52.903267446,1709142523.586249590,1709142523.585902426,/rigid_bodies.rigidbodies[2].pose.position.z,0.1844503710066018
52.9134485,1709142523.596430644,1709142523.595902509,/rigid_bodies.rigidbodies[2].pose.position.z,0.18460596852965794
52.923427903,1709142523.606410047,1709142523.605923700,/rigid_bodies.rigidbodies[2].pose.position.z,0.184537428830922
52.933414912,1709142523.616397056,1709142523.615906269,/rigid_bodies.rigidbodies[2].pose.position.z,0.18435367190910323
52.943624936,1709142523.626607080,1709142523.625992322,/rigid_bodies.rigidbodies[2].pose.position.z,0.18431317788245993
52.953649019,1709142523.636631163,1709142523.636031825,/rigid_bodies.rigidbodies[2].pose.position.z,0.18440402229052932
52.963130364,1709142523.646112508,1709142523.645741531,/rigid_bodies.rigidbodies[2].pose.position.z,0.18471103329501484
52.973555314,1709142523.656537458,1709142523.655934898,/rigid_bodies.rigidbodies[2].pose.position.z,0.18461932123810232
52.983246603,1709142523.666228747,1709142523.665757680,/rigid_bodies.rigidbodies[2].pose.position.z,0.18457432829012338
52.993238866,1709142523.676221010,1709142523.675743924,/rigid_bodies.rigidbodies[2].pose.position.z,0.18444878322042027
53.003286927,1709142523.686269071,1709142523.685785657,/rigid_bodies.rigidbodies[2].pose.position.z,0.18421294435332594
53.013585454,1709142523.696567598,1709142523.695967317,/rigid_bodies.rigidbodies[2].pose.position.z,0.18436274999611976
53.023357816,1709142523.706339960,1709142523.705874625,/rigid_bodies.rigidbodies[2].pose.position.z,0.1846143385397887
53.033210178,1709142523.716192322,1709142523.715739298,/rigid_bodies.rigidbodies[2].pose.position.z,0.18441048703146523
53.043340205,1709142523.726322349,1709142523.725892828,/rigid_bodies.rigidbodies[2].pose.position.z,0.1843811330218249
53.053499153,1709142523.736481297,1709142523.735917568,/rigid_bodies.rigidbodies[2].pose.position.z,0.18560597543533033
53.063325976,1709142523.746308120,1709142523.745814327,/rigid_bodies.rigidbodies[2].pose.position.z,0.18331140657541503
53.073639518,1709142523.756621662,1709142523.756027423,/rigid_bodies.rigidbodies[2].pose.position.z,0.18456838191476635
53.083442635,1709142523.766424779,1709142523.765946254,/rigid_bodies.rigidbodies[2].pose.position.z,0.18464595748839485
53.093238047,1709142523.776220191,1709142523.775800857,/rigid_bodies.rigidbodies[2].pose.position.z,0.18386183090828787
53.103409412,1709142523.786391556,1709142523.785928248,/rigid_bodies.rigidbodies[2].pose.position.z,0.18446118261769598
53.113282769,1709142523.796264913,1709142523.795779661,/rigid_bodies.rigidbodies[2].pose.position.z,0.1844596446987637
53.123249911,1709142523.806232055,1709142523.805750238,/rigid_bodies.rigidbodies[2].pose.position.z,0.1844535950161915
53.133547358,1709142523.816529502,1709142523.815963196,/rigid_bodies.rigidbodies[2].pose.position.z,0.18449048236771115
53.143356623,1709142523.826338767,1709142523.825888392,/rigid_bodies.rigidbodies[2].pose.position.z,0.18433726647669008
53.153503382,1709142523.836485526,1709142523.835951404,/rigid_bodies.rigidbodies[2].pose.position.z,0.18441734192829334
53.163362086,1709142523.846344230,1709142523.845881020,/rigid_bodies.rigidbodies[2].pose.position.z,0.18453146632794892
53.173454108,1709142523.856436252,1709142523.855975373,/rigid_bodies.rigidbodies[2].pose.position.z,0.18437180446726675
53.183221661,1709142523.866203805,1709142523.865847648,/rigid_bodies.rigidbodies[2].pose.position.z,0.18443505060243706
53.193180169,1709142523.876162313,1709142523.875760509,/rigid_bodies.rigidbodies[2].pose.position.z,0.18423471578356806
53.202825802,1709142523.885807946,1709142523.885592161,/rigid_bodies.rigidbodies[2].pose.position.z,0.18431239517491338
53.21274242,1709142523.895724564,1709142523.895581372,/rigid_bodies.rigidbodies[2].pose.position.z,0.18436401345746975
53.222687483,1709142523.905669627,1709142523.905487166,/rigid_bodies.rigidbodies[2].pose.position.z,0.1846095085865909
53.23294562,1709142523.915927764,1709142523.915673454,/rigid_bodies.rigidbodies[2].pose.position.z,0.18470615243772637
53.243354457,1709142523.926336601,1709142523.925990983,/rigid_bodies.rigidbodies[2].pose.position.z,0.18456442422749111
53.253625659,1709142523.936607803,1709142523.936065646,/rigid_bodies.rigidbodies[2].pose.position.z,0.18460213674778203
53.263221515,1709142523.946203659,1709142523.945766773,/rigid_bodies.rigidbodies[2].pose.position.z,0.18560142059183357
53.273396498,1709142523.956378642,1709142523.955784029,/rigid_bodies.rigidbodies[2].pose.position.z,0.1844055665411975
53.283515391,1709142523.966497535,1709142523.965860176,/rigid_bodies.rigidbodies[2].pose.position.z,0.18435645302711742
53.293774112,1709142523.976756256,1709142523.976031605,/rigid_bodies.rigidbodies[2].pose.position.z,0.184158053611077
53.303326831,1709142523.986308975,1709142523.985805108,/rigid_bodies.rigidbodies[2].pose.position.z,0.18479543525237524
53.313139316,1709142523.996121460,1709142523.995749549,/rigid_bodies.rigidbodies[2].pose.position.z,0.18441607964085258
53.323680608,1709142524.006662752,1709142524.006002791,/rigid_bodies.rigidbodies[2].pose.position.z,0.18450311859353707
53.333277488,1709142524.016259632,1709142524.015833012,/rigid_bodies.rigidbodies[2].pose.position.z,0.184703535682427
53.34322733,1709142524.026209474,1709142524.025825443,/rigid_bodies.rigidbodies[2].pose.position.z,0.1843966474587804
53.353157882,1709142524.036140026,1709142524.035743997,/rigid_bodies.rigidbodies[2].pose.position.z,0.18459854118599067
53.363196566,1709142524.046178710,1709142524.045791028,/rigid_bodies.rigidbodies[2].pose.position.z,0.18456723369487074
53.373205808,1709142524.056187952,1709142524.055791199,/rigid_bodies.rigidbodies[2].pose.position.z,0.18450539013824446
53.383061324,1709142524.066043468,1709142524.065772377,/rigid_bodies.rigidbodies[2].pose.position.z,0.18442112456991824
53.393140861,1709142524.076123005,1709142524.075786148,/rigid_bodies.rigidbodies[2].pose.position.z,0.18444799863720326
53.403134668,1709142524.086116812,1709142524.085765901,/rigid_bodies.rigidbodies[2].pose.position.z,0.18433862124226272
53.413179836,1709142524.096161980,1709142524.095854695,/rigid_bodies.rigidbodies[2].pose.position.z,0.18419014562500607
53.423304849,1709142524.106286993,1709142524.105978346,/rigid_bodies.rigidbodies[2].pose.position.z,0.18438751508094825
53.43310139,1709142524.116083534,1709142524.115752726,/rigid_bodies.rigidbodies[2].pose.position.z,0.18437183467255797
53.443313519,1709142524.126295663,1709142524.125895646,/rigid_bodies.rigidbodies[2].pose.position.z,0.18443901984710906
53.453939511,1709142524.136921655,1709142524.136264229,/rigid_bodies.rigidbodies[2].pose.position.z,0.18453776354949034
53.463923651,1709142524.146905795,1709142524.146158177,/rigid_bodies.rigidbodies[2].pose.position.z,0.18443267173935235
53.47406809,1709142524.157050234,1709142524.156536973,/rigid_bodies.rigidbodies[2].pose.position.z,0.18447943873678793
53.483919053,1709142524.166901197,1709142524.166402123,/rigid_bodies.rigidbodies[2].pose.position.z,0.18460779932504648
53.493736599,1709142524.176718743,1709142524.176286864,/rigid_bodies.rigidbodies[2].pose.position.z,0.1845553535795141
53.504157389,1709142524.187139533,1709142524.186556541,/rigid_bodies.rigidbodies[2].pose.position.z,0.18466413818439467
53.513553145,1709142524.196535289,1709142524.196163950,/rigid_bodies.rigidbodies[2].pose.position.z,0.18452757753949267
53.523343051,1709142524.206325195,1709142524.205932006,/rigid_bodies.rigidbodies[2].pose.position.z,0.18432653581693415
53.533391615,1709142524.216373759,1709142524.215960606,/rigid_bodies.rigidbodies[2].pose.position.z,0.18423807031447473
53.543306435,1709142524.226288579,1709142524.225945981,/rigid_bodies.rigidbodies[2].pose.position.z,0.1841344317621195
53.553348246,1709142524.236330390,1709142524.235935329,/rigid_bodies.rigidbodies[2].pose.position.z,0.18413417135622262
53.563239111,1709142524.246221255,1709142524.245913241,/rigid_bodies.rigidbodies[2].pose.position.z,0.18431406943903741
53.573644025,1709142524.256626169,1709142524.256070007,/rigid_bodies.rigidbodies[2].pose.position.z,0.18445862186640327
53.583294385,1709142524.266276529,1709142524.265844214,/rigid_bodies.rigidbodies[2].pose.position.z,0.18456246427495232
53.593325709,1709142524.276307853,1709142524.275918723,/rigid_bodies.rigidbodies[2].pose.position.z,0.1842364504539048
53.603564704,1709142524.286546848,1709142524.286088694,/rigid_bodies.rigidbodies[2].pose.position.z,0.18447083363800865
53.613200952,1709142524.296183096,1709142524.295852220,/rigid_bodies.rigidbodies[2].pose.position.z,0.18438692804859852
53.623142042,1709142524.306124186,1709142524.305757702,/rigid_bodies.rigidbodies[2].pose.position.z,0.1845279320792418
53.63348878,1709142524.316470924,1709142524.316087311,/rigid_bodies.rigidbodies[2].pose.position.z,0.1845758457586819
53.643126438,1709142524.326108582,1709142524.325774654,/rigid_bodies.rigidbodies[2].pose.position.z,0.18533671866624457
53.653282314,1709142524.336264458,1709142524.335899226,/rigid_bodies.rigidbodies[2].pose.position.z,0.18444297559299178
53.663094649,1709142524.346076793,1709142524.345799282,/rigid_bodies.rigidbodies[2].pose.position.z,0.18425310062092393
53.673394177,1709142524.356376321,1709142524.355943264,/rigid_bodies.rigidbodies[2].pose.position.z,0.18313618951264113
53.683324913,1709142524.366307057,1709142524.365912111,/rigid_bodies.rigidbodies[2].pose.position.z,0.18450821453533406
53.694022725,1709142524.377004869,1709142524.376347364,/rigid_bodies.rigidbodies[2].pose.position.z,0.18449739150463335
53.703429835,1709142524.386411979,1709142524.385915414,/rigid_bodies.rigidbodies[2].pose.position.z,0.18445167292498577
53.713514921,1709142524.396497065,1709142524.396047477,/rigid_bodies.rigidbodies[2].pose.position.z,0.18446987149548993
53.72358138,1709142524.406563524,1709142524.406052694,/rigid_bodies.rigidbodies[2].pose.position.z,0.18511622911424835
53.733321982,1709142524.416304126,1709142524.415908867,/rigid_bodies.rigidbodies[2].pose.position.z,0.18446269573562607
53.743346133,1709142524.426328277,1709142524.426029491,/rigid_bodies.rigidbodies[2].pose.position.z,0.18454192793200994
53.753705947,1709142524.436688091,1709142524.436227699,/rigid_bodies.rigidbodies[2].pose.position.z,0.18447631255312172
53.76327754,1709142524.446259684,1709142524.445798175,/rigid_bodies.rigidbodies[2].pose.position.z,0.18456474696579978
53.773863682,1709142524.456845826,1709142524.456209699,/rigid_bodies.rigidbodies[2].pose.position.z,0.18446847355096746
53.783416477,1709142524.466398621,1709142524.465857370,/rigid_bodies.rigidbodies[2].pose.position.z,0.18430501169420363
53.793377605,1709142524.476359749,1709142524.475908389,/rigid_bodies.rigidbodies[2].pose.position.z,0.18415587867576083
53.80333288,1709142524.486315024,1709142524.485977886,/rigid_bodies.rigidbodies[2].pose.position.z,0.18408144261587428
53.812950068,1709142524.495932212,1709142524.495741488,/rigid_bodies.rigidbodies[2].pose.position.z,0.18433454591222653
53.823159544,1709142524.506141688,1709142524.505897361,/rigid_bodies.rigidbodies[2].pose.position.z,0.18446573877453445
53.833106618,1709142524.516088762,1709142524.515820178,/rigid_bodies.rigidbodies[2].pose.position.z,0.18468563150593512
53.843230435,1709142524.526212579,1709142524.525889164,/rigid_bodies.rigidbodies[2].pose.position.z,0.184506146245475
53.853567205,1709142524.536549349,1709142524.536131731,/rigid_bodies.rigidbodies[2].pose.position.z,0.18435775842791674
53.863561939,1709142524.546544083,1709142524.546031180,/rigid_bodies.rigidbodies[2].pose.position.z,0.18437215806826074
53.873842819000004,1709142524.556824963,1709142524.556143334,/rigid_bodies.rigidbodies[2].pose.position.z,0.18437261330568522
53.883771998,1709142524.566754142,1709142524.566140678,/rigid_bodies.rigidbodies[2].pose.position.z,0.18425560555362325
53.893573119,1709142524.576555263,1709142524.576084730,/rigid_bodies.rigidbodies[2].pose.position.z,0.1826436977065713
53.903591234,1709142524.586573378,1709142524.586104133,/rigid_bodies.rigidbodies[2].pose.position.z,0.18432869570541963
53.91331481,1709142524.596296954,1709142524.595868175,/rigid_bodies.rigidbodies[2].pose.position.z,0.18439304523550665
53.923513247,1709142524.606495391,1709142524.605957004,/rigid_bodies.rigidbodies[2].pose.position.z,0.18450896708213158
53.933938842,1709142524.616920986,1709142524.616244145,/rigid_bodies.rigidbodies[2].pose.position.z,0.18444383179114363
53.943273757,1709142524.626255901,1709142524.625878650,/rigid_bodies.rigidbodies[2].pose.position.z,0.18465789278948724
53.953837938,1709142524.636820082,1709142524.636246791,/rigid_bodies.rigidbodies[2].pose.position.z,0.18448338666880215
53.963273594,1709142524.646255738,1709142524.645829016,/rigid_bodies.rigidbodies[2].pose.position.z,0.18438097828294037
53.973553947,1709142524.656536091,1709142524.656058215,/rigid_bodies.rigidbodies[2].pose.position.z,0.18433272309391213
53.983550495,1709142524.666532639,1709142524.666079792,/rigid_bodies.rigidbodies[2].pose.position.z,0.18364873521518188
53.993621644,1709142524.676603788,1709142524.676170783,/rigid_bodies.rigidbodies[2].pose.position.z,0.18426404405800245
54.003313457,1709142524.686295601,1709142524.685944416,/rigid_bodies.rigidbodies[2].pose.position.z,0.18434646191061227
54.013304303,1709142524.696286447,1709142524.695925038,/rigid_bodies.rigidbodies[2].pose.position.z,0.18430769383125112
54.023555725,1709142524.706537869,1709142524.706112933,/rigid_bodies.rigidbodies[2].pose.position.z,0.1843297443673562
54.03354069,1709142524.716522834,1709142524.716062952,/rigid_bodies.rigidbodies[2].pose.position.z,0.18546930735580155
54.04318944,1709142524.726171584,1709142524.725876093,/rigid_bodies.rigidbodies[2].pose.position.z,0.1845470802016815
54.053433941,1709142524.736416085,1709142524.736057231,/rigid_bodies.rigidbodies[2].pose.position.z,0.18463242596165758
54.063534602,1709142524.746516746,1709142524.746002644,/rigid_bodies.rigidbodies[2].pose.position.z,0.18448417493549135
54.07360664,1709142524.756588784,1709142524.756074433,/rigid_bodies.rigidbodies[2].pose.position.z,0.1844549275420961
54.083929005,1709142524.766911149,1709142524.766317361,/rigid_bodies.rigidbodies[2].pose.position.z,0.18444863197282993
54.093976701,1709142524.776958845,1709142524.776281802,/rigid_bodies.rigidbodies[2].pose.position.z,0.18439422221739785
54.103519582,1709142524.786501726,1709142524.785925274,/rigid_bodies.rigidbodies[2].pose.position.z,0.1843499093338309
54.113553329,1709142524.796535473,1709142524.796017026,/rigid_bodies.rigidbodies[2].pose.position.z,0.18431278525728534
54.124010204,1709142524.806992348,1709142524.806243947,/rigid_bodies.rigidbodies[2].pose.position.z,0.18426290065649115
54.133311295,1709142524.816293439,1709142524.815889522,/rigid_bodies.rigidbodies[2].pose.position.z,0.18424305641084712
54.143520303,1709142524.826502447,1709142524.826120600,/rigid_bodies.rigidbodies[2].pose.position.z,0.18434458772961146
54.15369715,1709142524.836679294,1709142524.836186886,/rigid_bodies.rigidbodies[2].pose.position.z,0.1845240805253733
54.163381107,1709142524.846363251,1709142524.845894647,/rigid_bodies.rigidbodies[2].pose.position.z,0.18451599466455212
54.173481842,1709142524.856463986,1709142524.856098994,/rigid_bodies.rigidbodies[2].pose.position.z,0.18460067753928744
54.18348484,1709142524.866466984,1709142524.866146692,/rigid_bodies.rigidbodies[2].pose.position.z,0.18463903627534095
54.193474884,1709142524.876457028,1709142524.875938708,/rigid_bodies.rigidbodies[2].pose.position.z,0.18443765119335398
54.203532653,1709142524.886514797,1709142524.886027178,/rigid_bodies.rigidbodies[2].pose.position.z,0.18441518371301815
54.213465154,1709142524.896447298,1709142524.895894570,/rigid_bodies.rigidbodies[2].pose.position.z,0.18431945567319408
54.223440835,1709142524.906422979,1709142524.905961688,/rigid_bodies.rigidbodies[2].pose.position.z,0.18431000496302144
54.233445449,1709142524.916427593,1709142524.915903000,/rigid_bodies.rigidbodies[2].pose.position.z,0.1843462977226895
54.243395147,1709142524.926377291,1709142524.925851386,/rigid_bodies.rigidbodies[2].pose.position.z,0.18451932042143002
54.253181314,1709142524.936163458,1709142524.935766488,/rigid_bodies.rigidbodies[2].pose.position.z,0.18445569718808416
54.263213324,1709142524.946195468,1709142524.945797962,/rigid_bodies.rigidbodies[2].pose.position.z,0.1844384233366053
54.273677713,1709142524.956659857,1709142524.956054988,/rigid_bodies.rigidbodies[2].pose.position.z,0.1844939235457685
54.283221929,1709142524.966204073,1709142524.965819126,/rigid_bodies.rigidbodies[2].pose.position.z,0.1843442080865933
54.293191073,1709142524.976173217,1709142524.975817610,/rigid_bodies.rigidbodies[2].pose.position.z,0.18446704971384095
54.303818194,1709142524.986800338,1709142524.986188119,/rigid_bodies.rigidbodies[2].pose.position.z,0.18457320539270264
54.313089802,1709142524.996071946,1709142524.995734320,/rigid_bodies.rigidbodies[2].pose.position.z,0.18444117471829766
54.323292834,1709142525.006274978,1709142525.005883577,/rigid_bodies.rigidbodies[2].pose.position.z,0.18442600752901528
54.333467137,1709142525.016449281,1709142525.016065289,/rigid_bodies.rigidbodies[2].pose.position.z,0.18434439367559755
54.343412818,1709142525.026394962,1709142525.025956562,/rigid_bodies.rigidbodies[2].pose.position.z,0.18447252615558218
54.353564827,1709142525.036546971,1709142525.035978794,/rigid_bodies.rigidbodies[2].pose.position.z,0.18457434671045897
54.363403986,1709142525.046386130,1709142525.045895273,/rigid_bodies.rigidbodies[2].pose.position.z,0.18455709211183693
54.373642002,1709142525.056624146,1709142525.056027027,/rigid_bodies.rigidbodies[2].pose.position.z,0.184472759480155
54.383485465,1709142525.066467609,1709142525.065847360,/rigid_bodies.rigidbodies[2].pose.position.z,0.18428044892556447
54.393500791,1709142525.076482935,1709142525.075876469,/rigid_bodies.rigidbodies[2].pose.position.z,0.18427173761688193
54.403731091,1709142525.086713235,1709142525.086117780,/rigid_bodies.rigidbodies[2].pose.position.z,0.18424425231403127
54.413485231,1709142525.096467375,1709142525.095961094,/rigid_bodies.rigidbodies[2].pose.position.z,0.18440666397008926
54.423636183,1709142525.106618327,1709142525.106044075,/rigid_bodies.rigidbodies[2].pose.position.z,0.184460971143448
54.433709727,1709142525.116691871,1709142525.116106345,/rigid_bodies.rigidbodies[2].pose.position.z,0.1845274861134264
54.443305881,1709142525.126288025,1709142525.125796568,/rigid_bodies.rigidbodies[2].pose.position.z,0.18462693851666576
54.453274459,1709142525.136256603,1709142525.135818021,/rigid_bodies.rigidbodies[2].pose.position.z,0.18449879916551906
54.463256862,1709142525.146239006,1709142525.145856603,/rigid_bodies.rigidbodies[2].pose.position.z,0.18450291593735302
54.473351049,1709142525.156333193,1709142525.155902092,/rigid_bodies.rigidbodies[2].pose.position.z,0.18443083714813593
54.483713226,1709142525.166695370,1709142525.166163023,/rigid_bodies.rigidbodies[2].pose.position.z,0.18440527378113017
54.493580974,1709142525.176563118,1709142525.176074773,/rigid_bodies.rigidbodies[2].pose.position.z,0.18452417811028024
54.503276911,1709142525.186259055,1709142525.185972668,/rigid_bodies.rigidbodies[2].pose.position.z,0.1844738004373615
54.513288514,1709142525.196270658,1709142525.196001113,/rigid_bodies.rigidbodies[2].pose.position.z,0.1843056168534001
54.523665446,1709142525.206647590,1709142525.206222133,/rigid_bodies.rigidbodies[2].pose.position.z,0.18424654509343905
54.533502201,1709142525.216484345,1709142525.215994464,/rigid_bodies.rigidbodies[2].pose.position.z,0.1841289707362071
54.543643557,1709142525.226625701,1709142525.226017703,/rigid_bodies.rigidbodies[2].pose.position.z,0.18433305221742555
54.553724099,1709142525.236706243,1709142525.236035811,/rigid_bodies.rigidbodies[2].pose.position.z,0.18444517360452442
54.563440523,1709142525.246422667,1709142525.245998144,/rigid_bodies.rigidbodies[2].pose.position.z,0.18454483648675837
54.573873703,1709142525.256855847,1709142525.256182508,/rigid_bodies.rigidbodies[2].pose.position.z,0.18428372711920615
54.583594065,1709142525.266576209,1709142525.266068889,/rigid_bodies.rigidbodies[2].pose.position.z,0.18437695775686333
54.59360346,1709142525.276585604,1709142525.276106259,/rigid_bodies.rigidbodies[2].pose.position.z,0.184543571785736
54.603769635,1709142525.286751779,1709142525.286122000,/rigid_bodies.rigidbodies[2].pose.position.z,0.1845485307152553
54.613204308,1709142525.296186452,1709142525.295866624,/rigid_bodies.rigidbodies[2].pose.position.z,0.1845825026476469
54.623229931,1709142525.306212075,1709142525.305809338,/rigid_bodies.rigidbodies[2].pose.position.z,0.1845048122447762
54.633747163,1709142525.316729307,1709142525.316079232,/rigid_bodies.rigidbodies[2].pose.position.z,0.18426678054818882
54.643208299,1709142525.326190443,1709142525.325779588,/rigid_bodies.rigidbodies[2].pose.position.z,0.18427703099782183
54.653014803,1709142525.335996947,1709142525.335736379,/rigid_bodies.rigidbodies[2].pose.position.z,0.18415114240632485
54.663200854,1709142525.346182998,1709142525.345833672,/rigid_bodies.rigidbodies[2].pose.position.z,0.1841933940122585
54.673145155,1709142525.356127299,1709142525.355700077,/rigid_bodies.rigidbodies[2].pose.position.z,0.18430767145932567
54.683376977,1709142525.366359121,1709142525.365810518,/rigid_bodies.rigidbodies[2].pose.position.z,0.1844084411583842
54.693504333,1709142525.376486477,1709142525.375856215,/rigid_bodies.rigidbodies[2].pose.position.z,0.1844718765987485
54.703737255,1709142525.386719399,1709142525.386013540,/rigid_bodies.rigidbodies[2].pose.position.z,0.18451571389838672
54.713262172,1709142525.396244316,1709142525.395888345,/rigid_bodies.rigidbodies[2].pose.position.z,0.18451675389044103
54.723503969,1709142525.406486113,1709142525.406008742,/rigid_bodies.rigidbodies[2].pose.position.z,0.18439408006845062
54.733274173,1709142525.416256317,1709142525.415906871,/rigid_bodies.rigidbodies[2].pose.position.z,0.18440013243011424
54.743116521,1709142525.426098665,1709142525.425777117,/rigid_bodies.rigidbodies[2].pose.position.z,0.184348597937926
54.753324476,1709142525.436306620,1709142525.435905590,/rigid_bodies.rigidbodies[2].pose.position.z,0.1843713327715149
54.763200027,1709142525.446182171,1709142525.445831196,/rigid_bodies.rigidbodies[2].pose.position.z,0.18433569029730854
54.773245678,1709142525.456227822,1709142525.455824908,/rigid_bodies.rigidbodies[2].pose.position.z,0.1842796822465867
54.78324192,1709142525.466224064,1709142525.465795794,/rigid_bodies.rigidbodies[2].pose.position.z,0.18445622160353173
54.793542057,1709142525.476524201,1709142525.475969475,/rigid_bodies.rigidbodies[2].pose.position.z,0.18444034472650497
54.803143625,1709142525.486125769,1709142525.485823528,/rigid_bodies.rigidbodies[2].pose.position.z,0.1843348646082984
54.813163302,1709142525.496145446,1709142525.495805523,/rigid_bodies.rigidbodies[2].pose.position.z,0.18434991894281202
54.82337141,1709142525.506353554,1709142525.505903708,/rigid_bodies.rigidbodies[2].pose.position.z,0.1843868716973656
54.833521206,1709142525.516503350,1709142525.516011639,/rigid_bodies.rigidbodies[2].pose.position.z,0.18431173331889966
54.843357034,1709142525.526339178,1709142525.525963236,/rigid_bodies.rigidbodies[2].pose.position.z,0.18437970523256933
54.853433199,1709142525.536415343,1709142525.536014448,/rigid_bodies.rigidbodies[2].pose.position.z,0.18455496425480591
54.86322761,1709142525.546209754,1709142525.545915781,/rigid_bodies.rigidbodies[2].pose.position.z,0.18449401984606822
54.873701877,1709142525.556684021,1709142525.556115646,/rigid_bodies.rigidbodies[2].pose.position.z,0.18440550807955805
54.883181393,1709142525.566163537,1709142525.565788023,/rigid_bodies.rigidbodies[2].pose.position.z,0.1844629763742359
54.893504318,1709142525.576486462,1709142525.575982559,/rigid_bodies.rigidbodies[2].pose.position.z,0.1843908140416701
54.903738945,1709142525.586721089,1709142525.586139035,/rigid_bodies.rigidbodies[2].pose.position.z,0.18438078296137728
54.913468675,1709142525.596450819,1709142525.596022617,/rigid_bodies.rigidbodies[2].pose.position.z,0.18429221824493286
54.923920449,1709142525.606902593,1709142525.606294868,/rigid_bodies.rigidbodies[2].pose.position.z,0.1842147313857675
54.933570179,1709142525.616552323,1709142525.616085639,/rigid_bodies.rigidbodies[2].pose.position.z,0.18440062415432854
54.943607454,1709142525.626589598,1709142525.626164695,/rigid_bodies.rigidbodies[2].pose.position.z,0.18437161877610336
54.953612743,1709142525.636594887,1709142525.636142655,/rigid_bodies.rigidbodies[2].pose.position.z,0.18442916230903306
54.963625379,1709142525.646607523,1709142525.646050065,/rigid_bodies.rigidbodies[2].pose.position.z,0.18450070581048217
54.973704256,1709142525.656686400,1709142525.656050899,/rigid_bodies.rigidbodies[2].pose.position.z,0.18458492700748624
54.983509322,1709142525.666491466,1709142525.665944086,/rigid_bodies.rigidbodies[2].pose.position.z,0.18459016569358647
54.99340747,1709142525.676389614,1709142525.675866354,/rigid_bodies.rigidbodies[2].pose.position.z,0.1845849716527494
55.003823037,1709142525.686805181,1709142525.686038872,/rigid_bodies.rigidbodies[2].pose.position.z,0.1843521784167676
55.013274956,1709142525.696257100,1709142525.695814726,/rigid_bodies.rigidbodies[2].pose.position.z,0.1842160690794243
55.023315048,1709142525.706297192,1709142525.705904111,/rigid_bodies.rigidbodies[2].pose.position.z,0.1844148048981711
55.03377852,1709142525.716760664,1709142525.716167994,/rigid_bodies.rigidbodies[2].pose.position.z,0.18441338127119347
55.043583698,1709142525.726565842,1709142525.726019084,/rigid_bodies.rigidbodies[2].pose.position.z,0.18444168475655545
55.053342842,1709142525.736324986,1709142525.735919437,/rigid_bodies.rigidbodies[2].pose.position.z,0.18446745193151826
55.063571207,1709142525.746553351,1709142525.746030867,/rigid_bodies.rigidbodies[2].pose.position.z,0.18412091042547082
55.074122098,1709142525.757104242,1709142525.756329824,/rigid_bodies.rigidbodies[2].pose.position.z,0.18414046859870414
55.083307478,1709142525.766289622,1709142525.765970276,/rigid_bodies.rigidbodies[2].pose.position.z,0.18437242100107548
55.093269708,1709142525.776251852,1709142525.775826939,/rigid_bodies.rigidbodies[2].pose.position.z,0.18433507848231373
55.103470732,1709142525.786452876,1709142525.785915000,/rigid_bodies.rigidbodies[2].pose.position.z,0.18458541759246602
55.113432532,1709142525.796414676,1709142525.795898780,/rigid_bodies.rigidbodies[2].pose.position.z,0.1844369065953786
55.123658965,1709142525.806641109,1709142525.806101334,/rigid_bodies.rigidbodies[2].pose.position.z,0.18426725963989166
55.133970275,1709142525.816952419,1709142525.816323754,/rigid_bodies.rigidbodies[2].pose.position.z,0.1845107379284099
55.143459481,1709142525.826441625,1709142525.826079419,/rigid_bodies.rigidbodies[2].pose.position.z,0.18453311165307637
55.153331876,1709142525.836314020,1709142525.835980997,/rigid_bodies.rigidbodies[2].pose.position.z,0.18445314085850698
55.163382253,1709142525.846364397,1709142525.846071169,/rigid_bodies.rigidbodies[2].pose.position.z,0.18444730963299305
55.173298115,1709142525.856280259,1709142525.855856115,/rigid_bodies.rigidbodies[2].pose.position.z,0.18437059030920028
55.183612884,1709142525.866595028,1709142525.866070722,/rigid_bodies.rigidbodies[2].pose.position.z,0.18428458795191566
55.193525234,1709142525.876507378,1709142525.875985320,/rigid_bodies.rigidbodies[2].pose.position.z,0.1843314804489969
55.203685691,1709142525.886667835,1709142525.886089319,/rigid_bodies.rigidbodies[2].pose.position.z,0.18436520916002472
55.213488202,1709142525.896470346,1709142525.896020190,/rigid_bodies.rigidbodies[2].pose.position.z,0.1844293564197495
55.222965387,1709142525.905947531,1709142525.905700809,/rigid_bodies.rigidbodies[2].pose.position.z,0.18460628546850033
55.23335639,1709142525.916338534,1709142525.915948799,/rigid_bodies.rigidbodies[2].pose.position.z,0.1845462960945698
55.243049301,1709142525.926031445,1709142525.925772466,/rigid_bodies.rigidbodies[2].pose.position.z,0.1845707372115008
55.253239214,1709142525.936221358,1709142525.935977799,/rigid_bodies.rigidbodies[2].pose.position.z,0.18452656023539404
55.263720659,1709142525.946702803,1709142525.946146192,/rigid_bodies.rigidbodies[2].pose.position.z,0.18437032889793042
55.27368013,1709142525.956662274,1709142525.956078983,/rigid_bodies.rigidbodies[2].pose.position.z,0.18451241971961896
55.28341382,1709142525.966395964,1709142525.965891744,/rigid_bodies.rigidbodies[2].pose.position.z,0.1845697345867502
55.293736199,1709142525.976718343,1709142525.976134367,/rigid_bodies.rigidbodies[2].pose.position.z,0.18449420178120315
55.303278085,1709142525.986260229,1709142525.985805305,/rigid_bodies.rigidbodies[2].pose.position.z,0.18443380556272848
55.313236845,1709142525.996218989,1709142525.995792245,/rigid_bodies.rigidbodies[2].pose.position.z,0.18443287532317498
55.323547357,1709142526.006529501,1709142526.005976227,/rigid_bodies.rigidbodies[2].pose.position.z,0.1843666750512164
55.33341067,1709142526.016392814,1709142526.015948042,/rigid_bodies.rigidbodies[2].pose.position.z,0.18437492312476625
55.343320875,1709142526.026303019,1709142526.025846466,/rigid_bodies.rigidbodies[2].pose.position.z,0.1844507868872103
55.353236342,1709142526.036218486,1709142526.035794078,/rigid_bodies.rigidbodies[2].pose.position.z,0.18428060338884308
55.363086435,1709142526.046068579,1709142526.045760011,/rigid_bodies.rigidbodies[2].pose.position.z,0.18444584300336492
55.372854754,1709142526.055836898,1709142526.055585045,/rigid_bodies.rigidbodies[2].pose.position.z,0.1845807573695624
55.383056843,1709142526.066038987,1709142526.065707033,/rigid_bodies.rigidbodies[2].pose.position.z,0.1845517345225301
55.39301754,1709142526.075999684,1709142526.075632194,/rigid_bodies.rigidbodies[2].pose.position.z,0.18471477459450736
55.402992508,1709142526.085974652,1709142526.085591215,/rigid_bodies.rigidbodies[2].pose.position.z,0.18454335560905352
55.413042419,1709142526.096024563,1709142526.095710160,/rigid_bodies.rigidbodies[2].pose.position.z,0.18434409420082667
55.423148554,1709142526.106130698,1709142526.105813531,/rigid_bodies.rigidbodies[2].pose.position.z,0.18440485743164473
55.432948321,1709142526.115930465,1709142526.115589702,/rigid_bodies.rigidbodies[2].pose.position.z,0.18445530094650056
55.443124412,1709142526.126106556,1709142526.125769554,/rigid_bodies.rigidbodies[2].pose.position.z,0.18440872501988745
55.453418378,1709142526.136400522,1709142526.135909993,/rigid_bodies.rigidbodies[2].pose.position.z,0.18436853240564438
55.463287252,1709142526.146269396,1709142526.145808037,/rigid_bodies.rigidbodies[2].pose.position.z,0.18446190825360048
55.473343206,1709142526.156325350,1709142526.155840633,/rigid_bodies.rigidbodies[2].pose.position.z,0.18450559350819506
55.483528184,1709142526.166510328,1709142526.165919486,/rigid_bodies.rigidbodies[2].pose.position.z,0.18453972686547535
55.493535601,1709142526.176517745,1709142526.175942323,/rigid_bodies.rigidbodies[2].pose.position.z,0.1845325809996152
55.503534104,1709142526.186516248,1709142526.185904918,/rigid_bodies.rigidbodies[2].pose.position.z,0.18450715777870377
55.513248217,1709142526.196230361,1709142526.195835556,/rigid_bodies.rigidbodies[2].pose.position.z,0.1845408315071119
55.523337734,1709142526.206319878,1709142526.205831710,/rigid_bodies.rigidbodies[2].pose.position.z,0.18452853196162178
55.53366489,1709142526.216647034,1709142526.216031848,/rigid_bodies.rigidbodies[2].pose.position.z,0.18445422107804751
55.543308684,1709142526.226290828,1709142526.225926192,/rigid_bodies.rigidbodies[2].pose.position.z,0.18451117713715962
55.553692581,1709142526.236674725,1709142526.236041931,/rigid_bodies.rigidbodies[2].pose.position.z,0.18433308638158957
55.56328446,1709142526.246266604,1709142526.245831282,/rigid_bodies.rigidbodies[2].pose.position.z,0.1844099728470166
55.573478027,1709142526.256460171,1709142526.255945050,/rigid_bodies.rigidbodies[2].pose.position.z,0.18450939699849392
55.58385432,1709142526.266836464,1709142526.266193813,/rigid_bodies.rigidbodies[2].pose.position.z,0.1845061240906663
55.593540792,1709142526.276522936,1709142526.276033759,/rigid_bodies.rigidbodies[2].pose.position.z,0.18450733681271397
55.603357874,1709142526.286340018,1709142526.285844051,/rigid_bodies.rigidbodies[2].pose.position.z,0.1844608819342022
55.613319206,1709142526.296301350,1709142526.295844511,/rigid_bodies.rigidbodies[2].pose.position.z,0.18436053489169796
55.62377766,1709142526.306759804,1709142526.306116478,/rigid_bodies.rigidbodies[2].pose.position.z,0.18448470508352227
55.633500729,1709142526.316482873,1709142526.316031534,/rigid_bodies.rigidbodies[2].pose.position.z,0.1846255902337719
55.643537262,1709142526.326519406,1709142526.326009548,/rigid_bodies.rigidbodies[2].pose.position.z,0.1845611596398841
55.653740732,1709142526.336722876,1709142526.336043588,/rigid_bodies.rigidbodies[2].pose.position.z,0.1844896216272826
55.663349783,1709142526.346331927,1709142526.345859512,/rigid_bodies.rigidbodies[2].pose.position.z,0.1845623290103746
55.673596651,1709142526.356578795,1709142526.355988172,/rigid_bodies.rigidbodies[2].pose.position.z,0.1844178729479172
55.683429043,1709142526.366411187,1709142526.365955060,/rigid_bodies.rigidbodies[2].pose.position.z,0.18453493521396083
55.693324444,1709142526.376306588,1709142526.375803029,/rigid_bodies.rigidbodies[2].pose.position.z,0.1843979481719778
55.703417741,1709142526.386399885,1709142526.385913124,/rigid_bodies.rigidbodies[2].pose.position.z,0.18444453215060758
55.713504936,1709142526.396487080,1709142526.395941454,/rigid_bodies.rigidbodies[2].pose.position.z,0.18447087062937711
55.723213955,1709142526.406196099,1709142526.405834071,/rigid_bodies.rigidbodies[2].pose.position.z,0.1844046762836034
55.733276799,1709142526.416258943,1709142526.415814188,/rigid_bodies.rigidbodies[2].pose.position.z,0.18437106244521234
55.743509444,1709142526.426491588,1709142526.425946478,/rigid_bodies.rigidbodies[2].pose.position.z,0.1843516004080503
55.75337746,1709142526.436359604,1709142526.435966415,/rigid_bodies.rigidbodies[2].pose.position.z,0.1844375475850726
55.763462394,1709142526.446444538,1709142526.446035093,/rigid_bodies.rigidbodies[2].pose.position.z,0.18460412723575828
55.773986084,1709142526.456968228,1709142526.456310058,/rigid_bodies.rigidbodies[2].pose.position.z,0.18466210945323
55.783661212,1709142526.466643356,1709142526.466084866,/rigid_bodies.rigidbodies[2].pose.position.z,0.18467966151957932
55.793547434,1709142526.476529578,1709142526.475942829,/rigid_bodies.rigidbodies[2].pose.position.z,0.18459963777447744
55.803707832,1709142526.486689976,1709142526.486057346,/rigid_bodies.rigidbodies[2].pose.position.z,0.18471897739418996
55.813404307,1709142526.496386451,1709142526.495921421,/rigid_bodies.rigidbodies[2].pose.position.z,0.18465956102024925
55.823306511,1709142526.506288655,1709142526.505824376,/rigid_bodies.rigidbodies[2].pose.position.z,0.18451627119635686
55.833022736,1709142526.516004880,1709142526.515680431,/rigid_bodies.rigidbodies[2].pose.position.z,0.18453439692901294
55.842742376,1709142526.525724520,1709142526.525583882,/rigid_bodies.rigidbodies[2].pose.position.z,0.18438437748790723
55.852881437,1709142526.535863581,1709142526.535693812,/rigid_bodies.rigidbodies[2].pose.position.z,0.18440718591290334
55.863266599,1709142526.546248743,1709142526.545831321,/rigid_bodies.rigidbodies[2].pose.position.z,0.1844975218756485
55.873581613,1709142526.556563757,1709142526.556012711,/rigid_bodies.rigidbodies[2].pose.position.z,0.18452515491687851
55.883365074,1709142526.566347218,1709142526.565873452,/rigid_bodies.rigidbodies[2].pose.position.z,0.18434288283108738
55.89366574,1709142526.576647884,1709142526.576083624,/rigid_bodies.rigidbodies[2].pose.position.z,0.1843913578272978
55.903428873,1709142526.586411017,1709142526.585911437,/rigid_bodies.rigidbodies[2].pose.position.z,0.18447223216217593
55.913330253,1709142526.596312397,1709142526.595880926,/rigid_bodies.rigidbodies[2].pose.position.z,0.18456469975106823
55.923503304,1709142526.606485448,1709142526.605950304,/rigid_bodies.rigidbodies[2].pose.position.z,0.1845170517066479
55.933187464,1709142526.616169608,1709142526.615808626,/rigid_bodies.rigidbodies[2].pose.position.z,0.18446628371676663
55.943326394,1709142526.626308538,1709142526.625911044,/rigid_bodies.rigidbodies[2].pose.position.z,0.18428044363569485
55.953552326,1709142526.636534470,1709142526.636015491,/rigid_bodies.rigidbodies[2].pose.position.z,0.18446010346021055
55.963187048,1709142526.646169192,1709142526.645784146,/rigid_bodies.rigidbodies[2].pose.position.z,0.18452436377482057
55.973423074,1709142526.656405218,1709142526.655923131,/rigid_bodies.rigidbodies[2].pose.position.z,0.18445114353193828
55.983349639,1709142526.666331783,1709142526.665883404,/rigid_bodies.rigidbodies[2].pose.position.z,0.18443632441473473
55.993366959,1709142526.676349103,1709142526.675821916,/rigid_bodies.rigidbodies[2].pose.position.z,0.18443335710245395
56.003366145,1709142526.686348289,1709142526.685871017,/rigid_bodies.rigidbodies[2].pose.position.z,0.18543934721965724
56.013798665,1709142526.696780809,1709142526.696135044,/rigid_bodies.rigidbodies[2].pose.position.z,0.18441696350673623
56.02328222,1709142526.706264364,1709142526.705825848,/rigid_bodies.rigidbodies[2].pose.position.z,0.1844460618889191
56.033369201,1709142526.716351345,1709142526.715859649,/rigid_bodies.rigidbodies[2].pose.position.z,0.18448133001452274
56.043231888,1709142526.726214032,1709142526.725867763,/rigid_bodies.rigidbodies[2].pose.position.z,0.18286725343671933
56.053111913,1709142526.736094057,1709142526.735774376,/rigid_bodies.rigidbodies[2].pose.position.z,0.1842480341926666
56.063338133,1709142526.746320277,1709142526.745953689,/rigid_bodies.rigidbodies[2].pose.position.z,0.18444900279759396
56.073679782,1709142526.756661926,1709142526.756056693,/rigid_bodies.rigidbodies[2].pose.position.z,0.18466741751336072
56.083374988,1709142526.766357132,1709142526.765883422,/rigid_bodies.rigidbodies[2].pose.position.z,0.1846417681537516
56.09341996,1709142526.776402104,1709142526.775950649,/rigid_bodies.rigidbodies[2].pose.position.z,0.1845987965392123
56.103745022,1709142526.786727166,1709142526.786096796,/rigid_bodies.rigidbodies[2].pose.position.z,0.18605846073673438
56.113403689,1709142526.796385833,1709142526.795908809,/rigid_bodies.rigidbodies[2].pose.position.z,0.1842695615270579
56.123306111,1709142526.806288255,1709142526.805907492,/rigid_bodies.rigidbodies[2].pose.position.z,0.18426847710300218
56.133542378,1709142526.816524522,1709142526.815975911,/rigid_bodies.rigidbodies[2].pose.position.z,0.18423440892289575
56.143252797,1709142526.826234941,1709142526.825827364,/rigid_bodies.rigidbodies[2].pose.position.z,0.1840033400306009
56.153344435,1709142526.836326579,1709142526.835901115,/rigid_bodies.rigidbodies[2].pose.position.z,0.1844538644931707
56.16345537,1709142526.846437514,1709142526.845924204,/rigid_bodies.rigidbodies[2].pose.position.z,0.18448907714706028
56.173660234,1709142526.856642378,1709142526.855985069,/rigid_bodies.rigidbodies[2].pose.position.z,0.184424911222206
56.183338511,1709142526.866320655,1709142526.865928118,/rigid_bodies.rigidbodies[2].pose.position.z,0.1844753815380888
56.193697569,1709142526.876679713,1709142526.876089372,/rigid_bodies.rigidbodies[2].pose.position.z,0.18438609587091537
56.203741247,1709142526.886723391,1709142526.886032805,/rigid_bodies.rigidbodies[2].pose.position.z,0.18445241552601419
56.213459398,1709142526.896441542,1709142526.895980368,/rigid_bodies.rigidbodies[2].pose.position.z,0.1844951095127444
56.223540723,1709142526.906522867,1709142526.905993369,/rigid_bodies.rigidbodies[2].pose.position.z,0.18455977421706213
56.233661167,1709142526.916643311,1709142526.916029710,/rigid_bodies.rigidbodies[2].pose.position.z,0.18447668018640898
56.243285001,1709142526.926267145,1709142526.925854734,/rigid_bodies.rigidbodies[2].pose.position.z,0.18437417667317502
56.253225844,1709142526.936207988,1709142526.935914009,/rigid_bodies.rigidbodies[2].pose.position.z,0.18431142097980208
56.263165151,1709142526.946147295,1709142526.945857203,/rigid_bodies.rigidbodies[2].pose.position.z,0.18433982716205372
56.273502075,1709142526.956484219,1709142526.956060555,/rigid_bodies.rigidbodies[2].pose.position.z,0.18524972276223953
56.28355538,1709142526.966537524,1709142526.966061073,/rigid_bodies.rigidbodies[2].pose.position.z,0.18458842035725248
56.294121999,1709142526.977104143,1709142526.976454089,/rigid_bodies.rigidbodies[2].pose.position.z,0.1843582100440811
56.303798426,1709142526.986780570,1709142526.986146231,/rigid_bodies.rigidbodies[2].pose.position.z,0.18431463813794252
56.313414092,1709142526.996396236,1709142526.995934820,/rigid_bodies.rigidbodies[2].pose.position.z,0.18304696108542715
56.324263122,1709142527.007245266,1709142527.006386237,/rigid_bodies.rigidbodies[2].pose.position.z,0.18437030553022318
56.334050304,1709142527.017032448,1709142527.016321220,/rigid_bodies.rigidbodies[2].pose.position.z,0.18439477511798533
56.343485092,1709142527.026467236,1709142527.026005640,/rigid_bodies.rigidbodies[2].pose.position.z,0.1855274326002137
56.353317074,1709142527.036299218,1709142527.035847862,/rigid_bodies.rigidbodies[2].pose.position.z,0.18442427166556194
56.363319534,1709142527.046301678,1709142527.045927039,/rigid_bodies.rigidbodies[2].pose.position.z,0.18435683430468267
56.373564904,1709142527.056547048,1709142527.056010222,/rigid_bodies.rigidbodies[2].pose.position.z,0.1844252802291134
56.384202749,1709142527.067184893,1709142527.066451307,/rigid_bodies.rigidbodies[2].pose.position.z,0.18440122757656008
56.39390123,1709142527.076883374,1709142527.076165922,/rigid_bodies.rigidbodies[2].pose.position.z,0.18439813262261118
56.403614076,1709142527.086596220,1709142527.086047149,/rigid_bodies.rigidbodies[2].pose.position.z,0.1843497932128959
56.413735226,1709142527.096717370,1709142527.096169262,/rigid_bodies.rigidbodies[2].pose.position.z,0.18432327114418615
56.423685783,1709142527.106667927,1709142527.106064373,/rigid_bodies.rigidbodies[2].pose.position.z,0.18435206227371467
56.43361943,1709142527.116601574,1709142527.116112581,/rigid_bodies.rigidbodies[2].pose.position.z,0.18426551133602886
56.443736363,1709142527.126718507,1709142527.126159841,/rigid_bodies.rigidbodies[2].pose.position.z,0.18435223879689783
56.453661022,1709142527.136643166,1709142527.136142981,/rigid_bodies.rigidbodies[2].pose.position.z,0.18445496459344168
56.463369036,1709142527.146351180,1709142527.145884227,/rigid_bodies.rigidbodies[2].pose.position.z,0.18430080275017083
56.473539696,1709142527.156521840,1709142527.156069631,/rigid_bodies.rigidbodies[2].pose.position.z,0.184478930083159
56.483593986,1709142527.166576130,1709142527.166051955,/rigid_bodies.rigidbodies[2].pose.position.z,0.1844876625886492
56.493270904,1709142527.176253048,1709142527.175842607,/rigid_bodies.rigidbodies[2].pose.position.z,0.18447145775195561
56.503454724,1709142527.186436868,1709142527.185935415,/rigid_bodies.rigidbodies[2].pose.position.z,0.1852449526676228
56.513521933,1709142527.196504077,1709142527.195975280,/rigid_bodies.rigidbodies[2].pose.position.z,0.18385600393733523
56.52327838,1709142527.206260524,1709142527.205854212,/rigid_bodies.rigidbodies[2].pose.position.z,0.18454206407339693
56.533290942,1709142527.216273086,1709142527.215842415,/rigid_bodies.rigidbodies[2].pose.position.z,0.18456907425327132
56.543627831,1709142527.226609975,1709142527.226054838,/rigid_bodies.rigidbodies[2].pose.position.z,0.18451085737017003
56.55328579,1709142527.236267934,1709142527.235991623,/rigid_bodies.rigidbodies[2].pose.position.z,0.18441038381978814
56.563563884,1709142527.246546028,1709142527.246142486,/rigid_bodies.rigidbodies[2].pose.position.z,0.18416819454151787
56.573262108,1709142527.256244252,1709142527.255928447,/rigid_bodies.rigidbodies[2].pose.position.z,0.1841961269393275
56.583253659,1709142527.266235803,1709142527.265961080,/rigid_bodies.rigidbodies[2].pose.position.z,0.18417295158584707
56.59351112,1709142527.276493264,1709142527.276092975,/rigid_bodies.rigidbodies[2].pose.position.z,0.1843573496141346
56.604341039,1709142527.287323183,1709142527.286284708,/rigid_bodies.rigidbodies[2].pose.position.z,0.18445253564761904
56.613432931,1709142527.296415075,1709142527.295979148,/rigid_bodies.rigidbodies[2].pose.position.z,0.18451824278419104
56.623976224,1709142527.306958368,1709142527.306328303,/rigid_bodies.rigidbodies[2].pose.position.z,0.18451540969699182
56.633750603,1709142527.316732747,1709142527.316129314,/rigid_bodies.rigidbodies[2].pose.position.z,0.18451948983057292
56.643311839,1709142527.326293983,1709142527.325927488,/rigid_bodies.rigidbodies[2].pose.position.z,0.1845894574800348
56.653546341,1709142527.336528485,1709142527.336176757,/rigid_bodies.rigidbodies[2].pose.position.z,0.1844558990681962
56.663344896,1709142527.346327040,1709142527.345950965,/rigid_bodies.rigidbodies[2].pose.position.z,0.18439711556003058
56.673440595,1709142527.356422739,1709142527.355939387,/rigid_bodies.rigidbodies[2].pose.position.z,0.18421438073038737
56.683537535,1709142527.366519679,1709142527.365903707,/rigid_bodies.rigidbodies[2].pose.position.z,0.18420119970027235
56.693151604,1709142527.376133748,1709142527.375749771,/rigid_bodies.rigidbodies[2].pose.position.z,0.18436874424054545
56.703269872999996,1709142527.386252017,1709142527.385840743,/rigid_bodies.rigidbodies[2].pose.position.z,0.18443357575979225
56.713340627,1709142527.396322771,1709142527.395813591,/rigid_bodies.rigidbodies[2].pose.position.z,0.183800086017231
56.723308777,1709142527.406290921,1709142527.405806478,/rigid_bodies.rigidbodies[2].pose.position.z,0.18460326300116378
56.733494722,1709142527.416476866,1709142527.415952301,/rigid_bodies.rigidbodies[2].pose.position.z,0.1844889021379303
56.743400293,1709142527.426382437,1709142527.425820106,/rigid_bodies.rigidbodies[2].pose.position.z,0.1840911032925585
56.753553671,1709142527.436535815,1709142527.436044698,/rigid_bodies.rigidbodies[2].pose.position.z,0.1861127624651648
56.763368759,1709142527.446350903,1709142527.445908743,/rigid_bodies.rigidbodies[2].pose.position.z,0.18457665490060096
56.773201656,1709142527.456183800,1709142527.455802729,/rigid_bodies.rigidbodies[2].pose.position.z,0.18438961566767048
56.783449765,1709142527.466431909,1709142527.465947794,/rigid_bodies.rigidbodies[2].pose.position.z,0.18508120606519768
56.793357873,1709142527.476340017,1709142527.475892602,/rigid_bodies.rigidbodies[2].pose.position.z,0.18421179160838616
56.803360324,1709142527.486342468,1709142527.485869403,/rigid_bodies.rigidbodies[2].pose.position.z,0.18428660781112274
56.813528182,1709142527.496510326,1709142527.495908706,/rigid_bodies.rigidbodies[2].pose.position.z,0.18445555460391497
56.823383627,1709142527.506365771,1709142527.505822230,/rigid_bodies.rigidbodies[2].pose.position.z,0.18456116012890353
56.833852392,1709142527.516834536,1709142527.516075789,/rigid_bodies.rigidbodies[2].pose.position.z,0.18441585028186042
56.843410839,1709142527.526392983,1709142527.525840765,/rigid_bodies.rigidbodies[2].pose.position.z,0.1843723407366915
56.85335066,1709142527.536332804,1709142527.535929732,/rigid_bodies.rigidbodies[2].pose.position.z,0.1845901136166514
56.863770614,1709142527.546752758,1709142527.546116284,/rigid_bodies.rigidbodies[2].pose.position.z,0.18463384511762468
56.874033465,1709142527.557015609,1709142527.556262926,/rigid_bodies.rigidbodies[2].pose.position.z,0.1845288372614758
56.883646521,1709142527.566628665,1709142527.566169316,/rigid_bodies.rigidbodies[2].pose.position.z,0.18435189857602294
56.893595669,1709142527.576577813,1709142527.576157190,/rigid_bodies.rigidbodies[2].pose.position.z,0.18432519853026144
56.90360517,1709142527.586587314,1709142527.586158324,/rigid_bodies.rigidbodies[2].pose.position.z,0.18424986379745456
56.913478191,1709142527.596460335,1709142527.596132585,/rigid_bodies.rigidbodies[2].pose.position.z,0.1842844127947783
56.923348464,1709142527.606330608,1709142527.605973342,/rigid_bodies.rigidbodies[2].pose.position.z,0.18427883375347215
56.933594776,1709142527.616576920,1709142527.616212776,/rigid_bodies.rigidbodies[2].pose.position.z,0.18419233492346276
56.943579239,1709142527.626561383,1709142527.626102367,/rigid_bodies.rigidbodies[2].pose.position.z,0.18436697862875087
56.953468276,1709142527.636450420,1709142527.636002992,/rigid_bodies.rigidbodies[2].pose.position.z,0.18459452669038415
56.963360879,1709142527.646343023,1709142527.645932252,/rigid_bodies.rigidbodies[2].pose.position.z,0.18455401350000353
56.973646591,1709142527.656628735,1709142527.656109019,/rigid_bodies.rigidbodies[2].pose.position.z,0.18455182743456688
56.983271439,1709142527.666253583,1709142527.665921605,/rigid_bodies.rigidbodies[2].pose.position.z,0.18443863324801069
56.993406405,1709142527.676388549,1709142527.676031316,/rigid_bodies.rigidbodies[2].pose.position.z,0.1843528882215157
57.003840101,1709142527.686822245,1709142527.686270169,/rigid_bodies.rigidbodies[2].pose.position.z,0.18453862881131064
57.013333465,1709142527.696315609,1709142527.696027297,/rigid_bodies.rigidbodies[2].pose.position.z,0.18456529899623855
57.023585942,1709142527.706568086,1709142527.706073892,/rigid_bodies.rigidbodies[2].pose.position.z,0.18421032322091455
57.033755967,1709142527.716738111,1709142527.716208568,/rigid_bodies.rigidbodies[2].pose.position.z,0.18415212551188798
57.043416859,1709142527.726399003,1709142527.725982939,/rigid_bodies.rigidbodies[2].pose.position.z,0.18416955612377917
57.053826048,1709142527.736808192,1709142527.736174521,/rigid_bodies.rigidbodies[2].pose.position.z,0.18430530835208736
57.06357568,1709142527.746557824,1709142527.745989818,/rigid_bodies.rigidbodies[2].pose.position.z,0.18449208945035175
57.073474516,1709142527.756456660,1709142527.756016113,/rigid_bodies.rigidbodies[2].pose.position.z,0.18452953051587906
57.083636124,1709142527.766618268,1709142527.766198930,/rigid_bodies.rigidbodies[2].pose.position.z,0.1845591748418019
57.093623197,1709142527.776605341,1709142527.776214742,/rigid_bodies.rigidbodies[2].pose.position.z,0.18459502122787788
57.103383679,1709142527.786365823,1709142527.786069835,/rigid_bodies.rigidbodies[2].pose.position.z,0.18440635975677627
57.113942144,1709142527.796924288,1709142527.796316163,/rigid_bodies.rigidbodies[2].pose.position.z,0.18442945313035378
57.123841708,1709142527.806823852,1709142527.806215583,/rigid_bodies.rigidbodies[2].pose.position.z,0.18423554532815614
57.133433647,1709142527.816415791,1709142527.816010162,/rigid_bodies.rigidbodies[2].pose.position.z,0.18425488612623178
57.143627056,1709142527.826609200,1709142527.825993885,/rigid_bodies.rigidbodies[2].pose.position.z,0.18437141608092064
57.153771748,1709142527.836753892,1709142527.836173439,/rigid_bodies.rigidbodies[2].pose.position.z,0.1844232148307739
57.163399181,1709142527.846381325,1709142527.846010378,/rigid_bodies.rigidbodies[2].pose.position.z,0.18437879136359597
57.173515669,1709142527.856497813,1709142527.855987545,/rigid_bodies.rigidbodies[2].pose.position.z,0.18443761358100336
57.183903627,1709142527.866885771,1709142527.866190086,/rigid_bodies.rigidbodies[2].pose.position.z,0.18440965972964285
57.193175437,1709142527.876157581,1709142527.875807975,/rigid_bodies.rigidbodies[2].pose.position.z,0.18441019432677358
57.203314407,1709142527.886296551,1709142527.885980989,/rigid_bodies.rigidbodies[2].pose.position.z,0.18442474116013066
57.213515676,1709142527.896497820,1709142527.896037841,/rigid_bodies.rigidbodies[2].pose.position.z,0.1844898408659299
57.223452664,1709142527.906434808,1709142527.906040682,/rigid_bodies.rigidbodies[2].pose.position.z,0.184351257538819
57.233564353,1709142527.916546497,1709142527.916051846,/rigid_bodies.rigidbodies[2].pose.position.z,0.18443202967015146
57.243303724,1709142527.926285868,1709142527.925948844,/rigid_bodies.rigidbodies[2].pose.position.z,0.18444600258354893
57.253080369,1709142527.936062513,1709142527.935797530,/rigid_bodies.rigidbodies[2].pose.position.z,0.18441930680136248
57.263166196,1709142527.946148340,1709142527.945916757,/rigid_bodies.rigidbodies[2].pose.position.z,0.18445004059004927
57.272812197,1709142527.955794341,1709142527.955603254,/rigid_bodies.rigidbodies[2].pose.position.z,0.18440579849222466
57.282756741,1709142527.965738885,1709142527.965555385,/rigid_bodies.rigidbodies[2].pose.position.z,0.18435291104439794
57.293027044,1709142527.976009188,1709142527.975652761,/rigid_bodies.rigidbodies[2].pose.position.z,0.18441229343946094
57.303286962,1709142527.986269106,1709142527.985817854,/rigid_bodies.rigidbodies[2].pose.position.z,0.18446084792038436
57.313395461,1709142527.996377605,1709142527.995819457,/rigid_bodies.rigidbodies[2].pose.position.z,0.18429299637567062
57.32339747,1709142528.006379614,1709142528.005853445,/rigid_bodies.rigidbodies[2].pose.position.z,0.18436542546642817
57.33314744,1709142528.016129584,1709142528.015789622,/rigid_bodies.rigidbodies[2].pose.position.z,0.1845310437538956
57.343391874,1709142528.026374018,1709142528.025889421,/rigid_bodies.rigidbodies[2].pose.position.z,0.1846116689238552
57.353220895,1709142528.036203039,1709142528.035806008,/rigid_bodies.rigidbodies[2].pose.position.z,0.1846762104827477
57.363373415,1709142528.046355559,1709142528.045936733,/rigid_bodies.rigidbodies[2].pose.position.z,0.1845558941713321
57.37290422,1709142528.055886364,1709142528.055568854,/rigid_bodies.rigidbodies[2].pose.position.z,0.18432355952194232
57.383035108,1709142528.066017252,1709142528.065664811,/rigid_bodies.rigidbodies[2].pose.position.z,0.18435937583105008
57.393215025,1709142528.076197169,1709142528.075922603,/rigid_bodies.rigidbodies[2].pose.position.z,0.18436282327348769
57.402915183,1709142528.085897327,1709142528.085658658,/rigid_bodies.rigidbodies[2].pose.position.z,0.18438294833193822
57.413205429,1709142528.096187573,1709142528.095895112,/rigid_bodies.rigidbodies[2].pose.position.z,0.18452781177340125
57.422926494,1709142528.105908638,1709142528.105659594,/rigid_bodies.rigidbodies[2].pose.position.z,0.18448085357378688
57.43337615,1709142528.116358294,1709142528.115874489,/rigid_bodies.rigidbodies[2].pose.position.z,0.18457896588523015
57.443497912,1709142528.126480056,1709142528.125918910,/rigid_bodies.rigidbodies[2].pose.position.z,0.18451348049790878
57.453468798,1709142528.136450942,1709142528.135924919,/rigid_bodies.rigidbodies[2].pose.position.z,0.1845407355639738
57.463363887,1709142528.146346031,1709142528.145842735,/rigid_bodies.rigidbodies[2].pose.position.z,0.18434487488565737
57.473510074000004,1709142528.156492218,1709142528.155949465,/rigid_bodies.rigidbodies[2].pose.position.z,0.18435472267738412
57.483770746,1709142528.166752890,1709142528.166053259,/rigid_bodies.rigidbodies[2].pose.position.z,0.18438189675684002
57.493373316,1709142528.176355460,1709142528.175883317,/rigid_bodies.rigidbodies[2].pose.position.z,0.18435309500504532
57.503422864,1709142528.186405008,1709142528.185971364,/rigid_bodies.rigidbodies[2].pose.position.z,0.18439407280286635
57.513619408,1709142528.196601552,1709142528.196010569,/rigid_bodies.rigidbodies[2].pose.position.z,0.18429714898979008
57.523490035,1709142528.206472179,1709142528.205993681,/rigid_bodies.rigidbodies[2].pose.position.z,0.18443929072147108
57.533195732,1709142528.216177876,1709142528.215902545,/rigid_bodies.rigidbodies[2].pose.position.z,0.1846058741624243
57.543388237,1709142528.226370381,1709142528.226063436,/rigid_bodies.rigidbodies[2].pose.position.z,0.1845632582702769
57.553361234,1709142528.236343378,1709142528.235949214,/rigid_bodies.rigidbodies[2].pose.position.z,0.1844689102007732
57.563506409,1709142528.246488553,1709142528.245968407,/rigid_bodies.rigidbodies[2].pose.position.z,0.18444077193019026
57.573995785,1709142528.256977929,1709142528.256257931,/rigid_bodies.rigidbodies[2].pose.position.z,0.1843427375662825
57.583906183,1709142528.266888327,1709142528.266251181,/rigid_bodies.rigidbodies[2].pose.position.z,0.1844609473455094
57.593500727,1709142528.276482871,1709142528.275955127,/rigid_bodies.rigidbodies[2].pose.position.z,0.18451293992649087
57.603613441,1709142528.286595585,1709142528.286023607,/rigid_bodies.rigidbodies[2].pose.position.z,0.18447988073567387
57.613528033,1709142528.296510177,1709142528.296015498,/rigid_bodies.rigidbodies[2].pose.position.z,0.18439885696176356
57.623402056,1709142528.306384200,1709142528.305927673,/rigid_bodies.rigidbodies[2].pose.position.z,0.1844307584958909
57.633732499,1709142528.316714643,1709142528.316123719,/rigid_bodies.rigidbodies[2].pose.position.z,0.18435904522902596
57.64376175,1709142528.326743894,1709142528.326168579,/rigid_bodies.rigidbodies[2].pose.position.z,0.18444810931684774
57.653507676,1709142528.336489820,1709142528.335997926,/rigid_bodies.rigidbodies[2].pose.position.z,0.18440971380419818
57.663438896,1709142528.346421040,1709142528.345951558,/rigid_bodies.rigidbodies[2].pose.position.z,0.18435562938777295
57.673562477,1709142528.356544621,1709142528.356084656,/rigid_bodies.rigidbodies[2].pose.position.z,0.18459274887325697
57.683415269,1709142528.366397413,1709142528.365919831,/rigid_bodies.rigidbodies[2].pose.position.z,0.18460927245887077
57.69359991,1709142528.376582054,1709142528.376032887,/rigid_bodies.rigidbodies[2].pose.position.z,0.18450019970830206
57.703629559,1709142528.386611703,1709142528.385986884,/rigid_bodies.rigidbodies[2].pose.position.z,0.1842852600513118
57.713214249,1709142528.396196393,1709142528.395876585,/rigid_bodies.rigidbodies[2].pose.position.z,0.18423186888046963
57.723259303,1709142528.406241447,1709142528.405884789,/rigid_bodies.rigidbodies[2].pose.position.z,0.18432800481627185
57.733614213,1709142528.416596357,1709142528.416087892,/rigid_bodies.rigidbodies[2].pose.position.z,0.1844680048770259
57.743182119,1709142528.426164263,1709142528.425864739,/rigid_bodies.rigidbodies[2].pose.position.z,0.18460276086140726
57.75343327,1709142528.436415414,1709142528.436016601,/rigid_bodies.rigidbodies[2].pose.position.z,0.1845342109697226
57.763293783,1709142528.446275927,1709142528.445848082,/rigid_bodies.rigidbodies[2].pose.position.z,0.18461819791484885
57.773619901,1709142528.456602045,1709142528.456031423,/rigid_bodies.rigidbodies[2].pose.position.z,0.1846791066857865
57.783636248,1709142528.466618392,1709142528.466031527,/rigid_bodies.rigidbodies[2].pose.position.z,0.1846287486477999
57.793961563,1709142528.476943707,1709142528.476264559,/rigid_bodies.rigidbodies[2].pose.position.z,0.18451682522176552
57.803495787,1709142528.486477931,1709142528.485985861,/rigid_bodies.rigidbodies[2].pose.position.z,0.18435480655267186
57.813356043,1709142528.496338187,1709142528.495886627,/rigid_bodies.rigidbodies[2].pose.position.z,0.18428881036711148
57.82301593,1709142528.505998074,1709142528.505671565,/rigid_bodies.rigidbodies[2].pose.position.z,0.18430916626502228
57.833375145,1709142528.516357289,1709142528.515907514,/rigid_bodies.rigidbodies[2].pose.position.z,0.1842916991449821
57.843441967,1709142528.526424111,1709142528.526054465,/rigid_bodies.rigidbodies[2].pose.position.z,0.18434286683383908
57.853503482,1709142528.536485626,1709142528.535973417,/rigid_bodies.rigidbodies[2].pose.position.z,0.18449641251825524
57.863087083,1709142528.546069227,1709142528.545707657,/rigid_bodies.rigidbodies[2].pose.position.z,0.18451553363495538
57.873007514,1709142528.555989658,1709142528.555686771,/rigid_bodies.rigidbodies[2].pose.position.z,0.18471421275301242
57.883038806,1709142528.566020950,1709142528.565689193,/rigid_bodies.rigidbodies[2].pose.position.z,0.18458486663128376
57.893364143,1709142528.576346287,1709142528.575808738,/rigid_bodies.rigidbodies[2].pose.position.z,0.18451804338725258
57.903510248,1709142528.586492392,1709142528.586016523,/rigid_bodies.rigidbodies[2].pose.position.z,0.184461435712683
57.913417936,1709142528.596400080,1709142528.595954708,/rigid_bodies.rigidbodies[2].pose.position.z,0.18438596618698389
57.923559974,1709142528.606542118,1709142528.606024102,/rigid_bodies.rigidbodies[2].pose.position.z,0.1843863496852905
57.933412169,1709142528.616394313,1709142528.615940532,/rigid_bodies.rigidbodies[2].pose.position.z,0.18457931177698625
57.943341109,1709142528.626323253,1709142528.625952849,/rigid_bodies.rigidbodies[2].pose.position.z,0.18459988972060634
57.953496096,1709142528.636478240,1709142528.636021237,/rigid_bodies.rigidbodies[2].pose.position.z,0.18446364441985103
57.963343632,1709142528.646325776,1709142528.645839502,/rigid_bodies.rigidbodies[2].pose.position.z,0.18446658350181486
57.973256288,1709142528.656238432,1709142528.655808140,/rigid_bodies.rigidbodies[2].pose.position.z,0.18445233353965734
57.983339528,1709142528.666321672,1709142528.665878907,/rigid_bodies.rigidbodies[2].pose.position.z,0.18439592752710962
57.993133102,1709142528.676115246,1709142528.675745900,/rigid_bodies.rigidbodies[2].pose.position.z,0.1844476454614351
58.003375189,1709142528.686357333,1709142528.685866108,/rigid_bodies.rigidbodies[2].pose.position.z,0.18450067571972328
58.013382482,1709142528.696364626,1709142528.695856210,/rigid_bodies.rigidbodies[2].pose.position.z,0.18441323207834534
58.023262015,1709142528.706244159,1709142528.705844510,/rigid_bodies.rigidbodies[2].pose.position.z,0.1843829390364794
58.033204998,1709142528.716187142,1709142528.715765048,/rigid_bodies.rigidbodies[2].pose.position.z,0.18450829247200048
58.043554608,1709142528.726536752,1709142528.725962507,/rigid_bodies.rigidbodies[2].pose.position.z,0.18443895760001042
58.053303943,1709142528.736286087,1709142528.735844852,/rigid_bodies.rigidbodies[2].pose.position.z,0.18455009371817171
58.063374254,1709142528.746356398,1709142528.745915035,/rigid_bodies.rigidbodies[2].pose.position.z,0.18451362211212158
58.073851468,1709142528.756833612,1709142528.756168413,/rigid_bodies.rigidbodies[2].pose.position.z,0.18453006484504655
58.083237445,1709142528.766219589,1709142528.765872044,/rigid_bodies.rigidbodies[2].pose.position.z,0.18451935575177456
58.093657764,1709142528.776639908,1709142528.776140222,/rigid_bodies.rigidbodies[2].pose.position.z,0.18444018960524594
58.103547341,1709142528.786529485,1709142528.786011359,/rigid_bodies.rigidbodies[2].pose.position.z,0.18438191181344138
58.113518896,1709142528.796501040,1709142528.796067020,/rigid_bodies.rigidbodies[2].pose.position.z,0.18445004220097877
58.123719549,1709142528.806701693,1709142528.806110564,/rigid_bodies.rigidbodies[2].pose.position.z,0.18452937999186023
58.133940466,1709142528.816922610,1709142528.816214252,/rigid_bodies.rigidbodies[2].pose.position.z,0.18444534298605
58.143634713,1709142528.826616857,1709142528.826131680,/rigid_bodies.rigidbodies[2].pose.position.z,0.18439508374502758
58.153542997,1709142528.836525141,1709142528.835933607,/rigid_bodies.rigidbodies[2].pose.position.z,0.18433179929728166
58.163236219,1709142528.846218363,1709142528.845808977,/rigid_bodies.rigidbodies[2].pose.position.z,0.18430859739975572
58.173417757,1709142528.856399901,1709142528.855903024,/rigid_bodies.rigidbodies[2].pose.position.z,0.18441652292579716
58.183787579,1709142528.866769723,1709142528.866088554,/rigid_bodies.rigidbodies[2].pose.position.z,0.18455627599802787
58.193350937,1709142528.876333081,1709142528.875817945,/rigid_bodies.rigidbodies[2].pose.position.z,0.1846291824590051
58.203405912,1709142528.886388056,1709142528.885865601,/rigid_bodies.rigidbodies[2].pose.position.z,0.18454706684381536
58.21323889,1709142528.896221034,1709142528.895816861,/rigid_bodies.rigidbodies[2].pose.position.z,0.1845932789553382
58.223598781,1709142528.906580925,1709142528.905994132,/rigid_bodies.rigidbodies[2].pose.position.z,0.18464340139084875
58.23350106,1709142528.916483204,1709142528.915966623,/rigid_bodies.rigidbodies[2].pose.position.z,0.18453399720488653
58.243241874,1709142528.926224018,1709142528.925855939,/rigid_bodies.rigidbodies[2].pose.position.z,0.18439799386190245
58.253477991,1709142528.936460135,1709142528.936013951,/rigid_bodies.rigidbodies[2].pose.position.z,0.18438928201826352
58.263272626,1709142528.946254770,1709142528.945858784,/rigid_bodies.rigidbodies[2].pose.position.z,0.18429471115127521
58.273633885,1709142528.956616029,1709142528.955962881,/rigid_bodies.rigidbodies[2].pose.position.z,0.18430027886573427
58.283890162,1709142528.966872306,1709142528.966096132,/rigid_bodies.rigidbodies[2].pose.position.z,0.18428878762359843
58.293402871,1709142528.976385015,1709142528.976015165,/rigid_bodies.rigidbodies[2].pose.position.z,0.18418010483705283
58.303546376,1709142528.986528520,1709142528.986035294,/rigid_bodies.rigidbodies[2].pose.position.z,0.18418234603417016
58.313424234,1709142528.996406378,1709142528.995937538,/rigid_bodies.rigidbodies[2].pose.position.z,0.1844925531668139
58.323331618,1709142529.006313762,1709142529.005926101,/rigid_bodies.rigidbodies[2].pose.position.z,0.18462179303737974
58.333904663,1709142529.016886807,1709142529.016360384,/rigid_bodies.rigidbodies[2].pose.position.z,0.1847191462738301
58.343713517,1709142529.026695661,1709142529.026167737,/rigid_bodies.rigidbodies[2].pose.position.z,0.1847538989732156
58.353411163,1709142529.036393307,1709142529.035977943,/rigid_bodies.rigidbodies[2].pose.position.z,0.18463416569226737
58.363497483,1709142529.046479627,1709142529.045931134,/rigid_bodies.rigidbodies[2].pose.position.z,0.18454731058006288
58.373742384,1709142529.056724528,1709142529.056070157,/rigid_bodies.rigidbodies[2].pose.position.z,0.18451425969513152
58.38355736,1709142529.066539504,1709142529.066017416,/rigid_bodies.rigidbodies[2].pose.position.z,0.18440963372849908
58.393614648,1709142529.076596792,1709142529.075972738,/rigid_bodies.rigidbodies[2].pose.position.z,0.18428107291886847
58.403695087,1709142529.086677231,1709142529.086025601,/rigid_bodies.rigidbodies[2].pose.position.z,0.18412836328519736
58.413292349,1709142529.096274493,1709142529.095812795,/rigid_bodies.rigidbodies[2].pose.position.z,0.18428122166704683
58.423435468,1709142529.106417612,1709142529.105905688,/rigid_bodies.rigidbodies[2].pose.position.z,0.1842874178313265
58.433493151,1709142529.116475295,1709142529.115955189,/rigid_bodies.rigidbodies[2].pose.position.z,0.18443209783563233
58.443414458,1709142529.126396602,1709142529.125914048,/rigid_bodies.rigidbodies[2].pose.position.z,0.18453862882652758
58.453187186,1709142529.136169330,1709142529.135830759,/rigid_bodies.rigidbodies[2].pose.position.z,0.18448258466172018
58.463528793,1709142529.146510937,1709142529.145961776,/rigid_bodies.rigidbodies[2].pose.position.z,0.18468273779504196
58.473750404,1709142529.156732548,1709142529.156100517,/rigid_bodies.rigidbodies[2].pose.position.z,0.18479920764181593
58.483381833,1709142529.166363977,1709142529.165899993,/rigid_bodies.rigidbodies[2].pose.position.z,0.18484319923259682
58.493697259,1709142529.176679403,1709142529.176074140,/rigid_bodies.rigidbodies[2].pose.position.z,0.1846039460679766
58.503640426,1709142529.186622570,1709142529.186085620,/rigid_bodies.rigidbodies[2].pose.position.z,0.18433458944024045
58.513368253,1709142529.196350397,1709142529.195883524,/rigid_bodies.rigidbodies[2].pose.position.z,0.18432689167327998
58.523529004,1709142529.206511148,1709142529.205973235,/rigid_bodies.rigidbodies[2].pose.position.z,0.18449324101429165
58.533724923,1709142529.216707067,1709142529.216051352,/rigid_bodies.rigidbodies[2].pose.position.z,0.18457890174387231
58.543325248,1709142529.226307392,1709142529.225900277,/rigid_bodies.rigidbodies[2].pose.position.z,0.18446928762811277
58.553675508,1709142529.236657652,1709142529.236095604,/rigid_bodies.rigidbodies[2].pose.position.z,0.18431261304144725
58.563416139,1709142529.246398283,1709142529.245990583,/rigid_bodies.rigidbodies[2].pose.position.z,0.18440301350212981
58.573581166,1709142529.256563310,1709142529.256064813,/rigid_bodies.rigidbodies[2].pose.position.z,0.1844308912741239
58.583678289,1709142529.266660433,1709142529.266202956,/rigid_bodies.rigidbodies[2].pose.position.z,0.18457210074851027
58.594131145,1709142529.277113289,1709142529.276543207,/rigid_bodies.rigidbodies[2].pose.position.z,0.18447308994729233
58.603394076,1709142529.286376220,1709142529.285959205,/rigid_bodies.rigidbodies[2].pose.position.z,0.18438765832857112
58.613435387,1709142529.296417531,1709142529.296003526,/rigid_bodies.rigidbodies[2].pose.position.z,0.18449495878899824
58.623911441,1709142529.306893585,1709142529.306303956,/rigid_bodies.rigidbodies[2].pose.position.z,0.1845657249875206
58.633517224,1709142529.316499368,1709142529.316115161,/rigid_bodies.rigidbodies[2].pose.position.z,0.1845309901852991
58.643671258,1709142529.326653402,1709142529.326194106,/rigid_bodies.rigidbodies[2].pose.position.z,0.18446873396345964
58.653183177,1709142529.336165321,1709142529.335857210,/rigid_bodies.rigidbodies[2].pose.position.z,0.1843081922695543
58.663358722,1709142529.346340866,1709142529.345947736,/rigid_bodies.rigidbodies[2].pose.position.z,0.18456227767436378
58.673437337,1709142529.356419481,1709142529.355968597,/rigid_bodies.rigidbodies[2].pose.position.z,0.18464864313580068
58.683549295,1709142529.366531439,1709142529.365952660,/rigid_bodies.rigidbodies[2].pose.position.z,0.18448534233611505
58.693339042,1709142529.376321186,1709142529.375847997,/rigid_bodies.rigidbodies[2].pose.position.z,0.18444732395994584
58.703941847,1709142529.386923991,1709142529.386114003,/rigid_bodies.rigidbodies[2].pose.position.z,0.1843294925178746
58.713303872,1709142529.396286016,1709142529.395865798,/rigid_bodies.rigidbodies[2].pose.position.z,0.18443435359985078
58.723317793,1709142529.406299937,1709142529.405835683,/rigid_bodies.rigidbodies[2].pose.position.z,0.18450356749581176
58.733749747,1709142529.416731891,1709142529.416081408,/rigid_bodies.rigidbodies[2].pose.position.z,0.18455997035970886
58.743370422,1709142529.426352566,1709142529.425900617,/rigid_bodies.rigidbodies[2].pose.position.z,0.18438048682247613
58.753237769,1709142529.436219913,1709142529.435864211,/rigid_bodies.rigidbodies[2].pose.position.z,0.18429487643459713
58.763227698,1709142529.446209842,1709142529.445883212,/rigid_bodies.rigidbodies[2].pose.position.z,0.1844194755184674
58.773359024,1709142529.456341168,1709142529.455982171,/rigid_bodies.rigidbodies[2].pose.position.z,0.18448268295950684
58.783361481,1709142529.466343625,1709142529.465931058,/rigid_bodies.rigidbodies[2].pose.position.z,0.1846209455857425
58.793682086,1709142529.476664230,1709142529.476208762,/rigid_bodies.rigidbodies[2].pose.position.z,0.18465944306230414
58.803327073,1709142529.486309217,1709142529.486014498,/rigid_bodies.rigidbodies[2].pose.position.z,0.18449041117480885
58.813368718,1709142529.496350862,1709142529.495993838,/rigid_bodies.rigidbodies[2].pose.position.z,0.18450709190174244
58.823503217,1709142529.506485361,1709142529.506088025,/rigid_bodies.rigidbodies[2].pose.position.z,0.18441353745742248
58.833637991,1709142529.516620135,1709142529.516165356,/rigid_bodies.rigidbodies[2].pose.position.z,0.18435638832781998
58.843499297,1709142529.526481441,1709142529.526063290,/rigid_bodies.rigidbodies[2].pose.position.z,0.18414597724192305
58.853473432,1709142529.536455576,1709142529.536097739,/rigid_bodies.rigidbodies[2].pose.position.z,0.18429398388259896
58.863258865,1709142529.546241009,1709142529.545936777,/rigid_bodies.rigidbodies[2].pose.position.z,0.1843081424916431
58.873581789,1709142529.556563933,1709142529.556189183,/rigid_bodies.rigidbodies[2].pose.position.z,0.18447388991538877
58.884015756,1709142529.566997900,1709142529.566321563,/rigid_bodies.rigidbodies[2].pose.position.z,0.18451194949928335
58.893818133,1709142529.576800277,1709142529.576221133,/rigid_bodies.rigidbodies[2].pose.position.z,0.18438697315148755
58.903446704,1709142529.586428848,1709142529.585951997,/rigid_bodies.rigidbodies[2].pose.position.z,0.18434986300783854
58.913469334,1709142529.596451478,1709142529.596000968,/rigid_bodies.rigidbodies[2].pose.position.z,0.1844518865576145
58.923284116,1709142529.606266260,1709142529.605888781,/rigid_bodies.rigidbodies[2].pose.position.z,0.18461352577407558
58.933646362,1709142529.616628506,1709142529.616215280,/rigid_bodies.rigidbodies[2].pose.position.z,0.1847093116007383
58.94378207,1709142529.626764214,1709142529.626217366,/rigid_bodies.rigidbodies[2].pose.position.z,0.1845268352816073
58.953797749,1709142529.636779893,1709142529.636302420,/rigid_bodies.rigidbodies[2].pose.position.z,0.18448668496428675
58.9635722,1709142529.646554344,1709142529.646088827,/rigid_bodies.rigidbodies[2].pose.position.z,0.18452384867608526
58.974053177,1709142529.657035321,1709142529.656427656,/rigid_bodies.rigidbodies[2].pose.position.z,0.18452841145554771
58.983755692,1709142529.666737836,1709142529.666115481,/rigid_bodies.rigidbodies[2].pose.position.z,0.18459490768552003
58.993588993,1709142529.676571137,1709142529.676016356,/rigid_bodies.rigidbodies[2].pose.position.z,0.1845349460781617
59.003466382,1709142529.686448526,1709142529.685942124,/rigid_bodies.rigidbodies[2].pose.position.z,0.18441546697802133
59.013580653,1709142529.696562797,1709142529.696006593,/rigid_bodies.rigidbodies[2].pose.position.z,0.18452093751225102
59.023385579,1709142529.706367723,1709142529.705884568,/rigid_bodies.rigidbodies[2].pose.position.z,0.18442339085982853
59.033573321,1709142529.716555465,1709142529.715925685,/rigid_bodies.rigidbodies[2].pose.position.z,0.18448767137480468
59.043496992,1709142529.726479136,1709142529.725944440,/rigid_bodies.rigidbodies[2].pose.position.z,0.1844372754960817
59.053792082,1709142529.736774226,1709142529.736346219,/rigid_bodies.rigidbodies[2].pose.position.z,0.18450488815615546
59.063876541,1709142529.746858685,1709142529.746447303,/rigid_bodies.rigidbodies[2].pose.position.z,0.18451874623437334
59.073295848,1709142529.756277992,1709142529.755932463,/rigid_bodies.rigidbodies[2].pose.position.z,0.18456532168328138
59.083231767,1709142529.766213911,1709142529.765849616,/rigid_bodies.rigidbodies[2].pose.position.z,0.18467529935809043
59.093370729,1709142529.776352873,1709142529.775879776,/rigid_bodies.rigidbodies[2].pose.position.z,0.1844973079005212
59.103777407,1709142529.786759551,1709142529.786120632,/rigid_bodies.rigidbodies[2].pose.position.z,0.1844104159399316
59.113459514,1709142529.796441658,1709142529.795927871,/rigid_bodies.rigidbodies[2].pose.position.z,0.18440636723534642
59.123219102,1709142529.806201246,1709142529.805816561,/rigid_bodies.rigidbodies[2].pose.position.z,0.18440030562714163
59.133627755,1709142529.816609899,1709142529.816026048,/rigid_bodies.rigidbodies[2].pose.position.z,0.18446852387900778
59.14350666,1709142529.826488804,1709142529.825950875,/rigid_bodies.rigidbodies[2].pose.position.z,0.18448443052156033
59.15330665,1709142529.836288794,1709142529.835820041,/rigid_bodies.rigidbodies[2].pose.position.z,0.18451701447951943
59.163404053,1709142529.846386197,1709142529.845900215,/rigid_bodies.rigidbodies[2].pose.position.z,0.18443767722523835
59.173702212,1709142529.856684356,1709142529.856142391,/rigid_bodies.rigidbodies[2].pose.position.z,0.1844703258317286
59.183412984,1709142529.866395128,1709142529.865920629,/rigid_bodies.rigidbodies[2].pose.position.z,0.1842461891330269
59.193420889,1709142529.876403033,1709142529.875878082,/rigid_bodies.rigidbodies[2].pose.position.z,0.18439175631338744
59.203732052,1709142529.886714196,1709142529.886076919,/rigid_bodies.rigidbodies[2].pose.position.z,0.18452228450433825
59.21322632,1709142529.896208464,1709142529.895837736,/rigid_bodies.rigidbodies[2].pose.position.z,0.18440965007536292
59.223432254,1709142529.906414398,1709142529.905961993,/rigid_bodies.rigidbodies[2].pose.position.z,0.18456727126128705
59.233555039,1709142529.916537183,1709142529.915999113,/rigid_bodies.rigidbodies[2].pose.position.z,0.18444438267894284
59.243157559,1709142529.926139703,1709142529.925835227,/rigid_bodies.rigidbodies[2].pose.position.z,0.18439995963319764
59.253266154,1709142529.936248298,1709142529.935937962,/rigid_bodies.rigidbodies[2].pose.position.z,0.18457742492834123
59.263238813,1709142529.946220957,1709142529.945845225,/rigid_bodies.rigidbodies[2].pose.position.z,0.18456364120759922
59.273353274,1709142529.956335418,1709142529.955870407,/rigid_bodies.rigidbodies[2].pose.position.z,0.184532977626302
59.283172789,1709142529.966154933,1709142529.965824260,/rigid_bodies.rigidbodies[2].pose.position.z,0.18442969364138706
59.292982978,1709142529.975965122,1709142529.975623771,/rigid_bodies.rigidbodies[2].pose.position.z,0.18447250989702016
59.303106248,1709142529.986088392,1709142529.985728291,/rigid_bodies.rigidbodies[2].pose.position.z,0.18439556154801845
59.312947406,1709142529.995929550,1709142529.995611131,/rigid_bodies.rigidbodies[2].pose.position.z,0.18435478907577335
59.323137156,1709142530.006119300,1709142530.005790529,/rigid_bodies.rigidbodies[2].pose.position.z,0.1844718214017173
59.333469938,1709142530.016452082,1709142530.016014907,/rigid_bodies.rigidbodies[2].pose.position.z,0.18446312138740503
59.343426889,1709142530.026409033,1709142530.025976036,/rigid_bodies.rigidbodies[2].pose.position.z,0.18455310609724238
59.353377646,1709142530.036359790,1709142530.035965016,/rigid_bodies.rigidbodies[2].pose.position.z,0.1846914894187061
59.363251381,1709142530.046233525,1709142530.045909396,/rigid_bodies.rigidbodies[2].pose.position.z,0.18456204015360184
59.373218285,1709142530.056200429,1709142530.055990674,/rigid_bodies.rigidbodies[2].pose.position.z,0.18448424280034345
59.383321909,1709142530.066304053,1709142530.065991268,/rigid_bodies.rigidbodies[2].pose.position.z,0.18428048055258017
59.393167556,1709142530.076149700,1709142530.075805074,/rigid_bodies.rigidbodies[2].pose.position.z,0.18450964639225895
59.403109406,1709142530.086091550,1709142530.085864442,/rigid_bodies.rigidbodies[2].pose.position.z,0.1846263354003293
59.413206806,1709142530.096188950,1709142530.095880168,/rigid_bodies.rigidbodies[2].pose.position.z,0.18454471816904533
59.423156746,1709142530.106138890,1709142530.105810030,/rigid_bodies.rigidbodies[2].pose.position.z,0.18436994166826365
59.433193215,1709142530.116175359,1709142530.115840819,/rigid_bodies.rigidbodies[2].pose.position.z,0.18430584670605943
59.443374897,1709142530.126357041,1709142530.125880499,/rigid_bodies.rigidbodies[2].pose.position.z,0.1842855372293929
59.453004649,1709142530.135986793,1709142530.135759973,/rigid_bodies.rigidbodies[2].pose.position.z,0.18459653332784415
59.463348545,1709142530.146330689,1709142530.145964667,/rigid_bodies.rigidbodies[2].pose.position.z,0.18466597372984228
59.473888978,1709142530.156871122,1709142530.156269278,/rigid_bodies.rigidbodies[2].pose.position.z,0.1845624713103866
59.483833063,1709142530.166815207,1709142530.166177094,/rigid_bodies.rigidbodies[2].pose.position.z,0.1844090328452004
59.493545379,1709142530.176527523,1709142530.176016593,/rigid_bodies.rigidbodies[2].pose.position.z,0.1844406861648066
59.503844265,1709142530.186826409,1709142530.186214909,/rigid_bodies.rigidbodies[2].pose.position.z,0.18452352239303846
59.513208949,1709142530.196191093,1709142530.195770486,/rigid_bodies.rigidbodies[2].pose.position.z,0.18444898059238543
59.523552677,1709142530.206534821,1709142530.205946443,/rigid_bodies.rigidbodies[2].pose.position.z,0.1844961941824256
59.533395387,1709142530.216377531,1709142530.215857962,/rigid_bodies.rigidbodies[2].pose.position.z,0.18432080437224807
59.543453232,1709142530.226435376,1709142530.225921675,/rigid_bodies.rigidbodies[2].pose.position.z,0.18445359828130822
59.553331862,1709142530.236314006,1709142530.235901897,/rigid_bodies.rigidbodies[2].pose.position.z,0.18460494313834439
59.563555812,1709142530.246537956,1709142530.246096651,/rigid_bodies.rigidbodies[2].pose.position.z,0.18459424169258654
59.573422142,1709142530.256404286,1709142530.256002113,/rigid_bodies.rigidbodies[2].pose.position.z,0.18456494749997462
59.583362203,1709142530.266344347,1709142530.265939657,/rigid_bodies.rigidbodies[2].pose.position.z,0.18448854538610385
59.593798589,1709142530.276780733,1709142530.276245007,/rigid_bodies.rigidbodies[2].pose.position.z,0.18445664147127344
59.603295857,1709142530.286278001,1709142530.285948561,/rigid_bodies.rigidbodies[2].pose.position.z,0.18470480488573285
59.613133558,1709142530.296115702,1709142530.295758836,/rigid_bodies.rigidbodies[2].pose.position.z,0.18468205430959522
59.623738533,1709142530.306720677,1709142530.305976029,/rigid_bodies.rigidbodies[2].pose.position.z,0.18434325436438487
59.633473688,1709142530.316455832,1709142530.315966982,/rigid_bodies.rigidbodies[2].pose.position.z,0.1842885742625134
59.643322364,1709142530.326304508,1709142530.325884672,/rigid_bodies.rigidbodies[2].pose.position.z,0.1845405206524516
59.657610536,1709142530.340592680,1709142530.340231440,/rigid_bodies.rigidbodies[2].pose.position.z,0.18467946906606406
59.668225301,1709142530.351207445,1709142530.350629701,/rigid_bodies.rigidbodies[2].pose.position.z,0.1846204255468407
59.677694103,1709142530.360676247,1709142530.360327472,/rigid_bodies.rigidbodies[2].pose.position.z,0.18446176161287625
59.68838553,1709142530.371367674,1709142530.370906703,/rigid_bodies.rigidbodies[2].pose.position.z,0.1845507997305818
59.698961635,1709142530.381943779,1709142530.381431016,/rigid_bodies.rigidbodies[2].pose.position.z,0.18458085480310407
59.707928082,1709142530.390910226,1709142530.390514226,/rigid_bodies.rigidbodies[2].pose.position.z,0.18455558931663404
59.718199001,1709142530.401181145,1709142530.400765396,/rigid_bodies.rigidbodies[2].pose.position.z,0.18450327753039836
59.727931707,1709142530.410913851,1709142530.410409727,/rigid_bodies.rigidbodies[2].pose.position.z,0.18441698120432842
59.737933688,1709142530.420915832,1709142530.420442796,/rigid_bodies.rigidbodies[2].pose.position.z,0.18448696940886466
59.748465387,1709142530.431447531,1709142530.430782909,/rigid_bodies.rigidbodies[2].pose.position.z,0.18450341640017773
59.758292201,1709142530.441274345,1709142530.440871056,/rigid_bodies.rigidbodies[2].pose.position.z,0.18453957903890544
59.768060008,1709142530.451042152,1709142530.450684868,/rigid_bodies.rigidbodies[2].pose.position.z,0.1844209104308104
59.778197219,1709142530.461179363,1709142530.460809151,/rigid_bodies.rigidbodies[2].pose.position.z,0.18433701850578518
59.787918006,1709142530.470900150,1709142530.470401251,/rigid_bodies.rigidbodies[2].pose.position.z,0.18441922733212623
59.798016295,1709142530.480998439,1709142530.480605145,/rigid_bodies.rigidbodies[2].pose.position.z,0.18452132099863763
59.808035432,1709142530.491017576,1709142530.490625785,/rigid_bodies.rigidbodies[2].pose.position.z,0.18464115525170663
59.818127284,1709142530.501109428,1709142530.500633587,/rigid_bodies.rigidbodies[2].pose.position.z,0.18446393976926176
59.827688443,1709142530.510670587,1709142530.510140805,/rigid_bodies.rigidbodies[2].pose.position.z,0.18447992171495245
59.838302977,1709142530.521285121,1709142530.520816614,/rigid_bodies.rigidbodies[2].pose.position.z,0.18440854320136474
59.848324387,1709142530.531306531,1709142530.530769878,/rigid_bodies.rigidbodies[2].pose.position.z,0.18448364563750727
59.858039524,1709142530.541021668,1709142530.540699492,/rigid_bodies.rigidbodies[2].pose.position.z,0.18467323628472668
59.868441593,1709142530.551423737,1709142530.551026956,/rigid_bodies.rigidbodies[2].pose.position.z,0.18455812466348945
59.877772527,1709142530.560754671,1709142530.560446995,/rigid_bodies.rigidbodies[2].pose.position.z,0.18432747374253003
59.887695664,1709142530.570677808,1709142530.570481401,/rigid_bodies.rigidbodies[2].pose.position.z,0.18431246315132793
59.897852005,1709142530.580834149,1709142530.580592247,/rigid_bodies.rigidbodies[2].pose.position.z,0.18440680421569958
59.907742017,1709142530.590724161,1709142530.590564064,/rigid_bodies.rigidbodies[2].pose.position.z,0.1844159839028535
59.9175393,1709142530.600521444,1709142530.600103310,/rigid_bodies.rigidbodies[2].pose.position.z,0.18452088317381973
59.927761227,1709142530.610743371,1709142530.610410492,/rigid_bodies.rigidbodies[2].pose.position.z,0.18465243071391055
59.938186035,1709142530.621168179,1709142530.620738608,/rigid_bodies.rigidbodies[2].pose.position.z,0.18456702964227745
59.948211944,1709142530.631194088,1709142530.630782113,/rigid_bodies.rigidbodies[2].pose.position.z,0.18455461683099594
59.957191463,1709142530.640173607,1709142530.639832853,/rigid_bodies.rigidbodies[2].pose.position.z,0.18460739463958878
59.96827682,1709142530.651258964,1709142530.650854751,/rigid_bodies.rigidbodies[2].pose.position.z,0.18442647116383493
59.977207131,1709142530.660189275,1709142530.659781629,/rigid_bodies.rigidbodies[2].pose.position.z,0.18447193545212084
59.987916552,1709142530.670898696,1709142530.670450784,/rigid_bodies.rigidbodies[2].pose.position.z,0.18445492102998512
59.998202854,1709142530.681184998,1709142530.680670384,/rigid_bodies.rigidbodies[2].pose.position.z,0.1844534247403424
60.008015953,1709142530.690998097,1709142530.690517755,/rigid_bodies.rigidbodies[2].pose.position.z,0.18452033202746662
60.017935929,1709142530.700918073,1709142530.700549113,/rigid_bodies.rigidbodies[2].pose.position.z,0.18440629652385476
60.02847574,1709142530.711457884,1709142530.710890716,/rigid_bodies.rigidbodies[2].pose.position.z,0.18445106977883008
60.038146762,1709142530.721128906,1709142530.720615345,/rigid_bodies.rigidbodies[2].pose.position.z,0.1846665710013614
60.048170851,1709142530.731152995,1709142530.730767550,/rigid_bodies.rigidbodies[2].pose.position.z,0.18473540991103127
60.058099166,1709142530.741081310,1709142530.740723873,/rigid_bodies.rigidbodies[2].pose.position.z,0.18479756004066125
60.067861513,1709142530.750843657,1709142530.750270647,/rigid_bodies.rigidbodies[2].pose.position.z,0.18464293046474983
60.077450316,1709142530.760432460,1709142530.760040594,/rigid_bodies.rigidbodies[2].pose.position.z,0.18457937514533512
60.08673797,1709142530.769720114,1709142530.769391556,/rigid_bodies.rigidbodies[2].pose.position.z,0.1844512485302057
60.098239368,1709142530.781221512,1709142530.780792797,/rigid_bodies.rigidbodies[2].pose.position.z,0.18456960664360272
60.107488386,1709142530.790470530,1709142530.790135040,/rigid_bodies.rigidbodies[2].pose.position.z,0.18446864088358178
60.118343297,1709142530.801325441,1709142530.800957296,/rigid_bodies.rigidbodies[2].pose.position.z,0.1842974554528978
60.128055107,1709142530.811037251,1709142530.810114003,/rigid_bodies.rigidbodies[2].pose.position.z,0.18443090759065572
60.137871673,1709142530.820853817,1709142530.820552323,/rigid_bodies.rigidbodies[2].pose.position.z,0.18447247263111932
60.147555657,1709142530.830537801,1709142530.830104304,/rigid_bodies.rigidbodies[2].pose.position.z,0.1845323518349675
60.157945874,1709142530.840928018,1709142530.840587606,/rigid_bodies.rigidbodies[2].pose.position.z,0.18457905549785214
60.167957561,1709142530.850939705,1709142530.850543989,/rigid_bodies.rigidbodies[2].pose.position.z,0.1845746611540219
60.177895266,1709142530.860877410,1709142530.860421317,/rigid_bodies.rigidbodies[2].pose.position.z,0.1846650613191951
60.188453727,1709142530.871435871,1709142530.870735166,/rigid_bodies.rigidbodies[2].pose.position.z,0.1847568896284988
60.198107636,1709142530.881089780,1709142530.880711710,/rigid_bodies.rigidbodies[2].pose.position.z,0.18472807932512147
60.20812993,1709142530.891112074,1709142530.890548838,/rigid_bodies.rigidbodies[2].pose.position.z,0.1846779157947936
60.218214776,1709142530.901196920,1709142530.900651344,/rigid_bodies.rigidbodies[2].pose.position.z,0.18445122714346007
60.22760104,1709142530.910583184,1709142530.910232060,/rigid_bodies.rigidbodies[2].pose.position.z,0.18437886564802547
60.238331806,1709142530.921313950,1709142530.920762579,/rigid_bodies.rigidbodies[2].pose.position.z,0.18428277239565508
60.247944835,1709142530.930926979,1709142530.930582353,/rigid_bodies.rigidbodies[2].pose.position.z,0.18439220148612392
60.258089408000004,1709142530.941071552,1709142530.940738594,/rigid_bodies.rigidbodies[2].pose.position.z,0.1843822669280018
60.268223088,1709142530.951205232,1709142530.950730880,/rigid_bodies.rigidbodies[2].pose.position.z,0.18439396723734275
60.278440562,1709142530.961422706,1709142530.960949617,/rigid_bodies.rigidbodies[2].pose.position.z,0.18453304265760118
60.287457159,1709142530.970439303,1709142530.969939532,/rigid_bodies.rigidbodies[2].pose.position.z,0.18450641663612447
60.298746759,1709142530.981728903,1709142530.981289049,/rigid_bodies.rigidbodies[2].pose.position.z,0.1846449490631758
60.308066026,1709142530.991048170,1709142530.990519543,/rigid_bodies.rigidbodies[2].pose.position.z,0.18469256167297762
60.318356043,1709142531.001338187,1709142531.000887768,/rigid_bodies.rigidbodies[2].pose.position.z,0.1844889463305833
60.328348193,1709142531.011330337,1709142531.010718693,/rigid_bodies.rigidbodies[2].pose.position.z,0.18458103252210967
60.338814713,1709142531.021796857,1709142531.021313338,/rigid_bodies.rigidbodies[2].pose.position.z,0.1845790485469771
60.348129384,1709142531.031111528,1709142531.030729176,/rigid_bodies.rigidbodies[2].pose.position.z,0.1845442745577721
60.358856038,1709142531.041838182,1709142531.041457314,/rigid_bodies.rigidbodies[2].pose.position.z,0.18453576182665435
60.36850147,1709142531.051483614,1709142531.050951678,/rigid_bodies.rigidbodies[2].pose.position.z,0.1845308803806543
60.378626339,1709142531.061608483,1709142531.060942402,/rigid_bodies.rigidbodies[2].pose.position.z,0.18445602770582253
60.388141547000004,1709142531.071123691,1709142531.070319418,/rigid_bodies.rigidbodies[2].pose.position.z,0.1844770663275917
60.398541156,1709142531.081523300,1709142531.080854659,/rigid_bodies.rigidbodies[2].pose.position.z,0.1844740030567214
60.408312888,1709142531.091295032,1709142531.090845799,/rigid_bodies.rigidbodies[2].pose.position.z,0.18440822632044304
60.418532001,1709142531.101514145,1709142531.100947714,/rigid_bodies.rigidbodies[2].pose.position.z,0.18437084802132875
60.427591329,1709142531.110573473,1709142531.109941843,/rigid_bodies.rigidbodies[2].pose.position.z,0.18446773252258283
60.438222425,1709142531.121204569,1709142531.120781007,/rigid_bodies.rigidbodies[2].pose.position.z,0.1846060452983433
60.448605261,1709142531.131587405,1709142531.131115543,/rigid_bodies.rigidbodies[2].pose.position.z,0.18479014886411838
60.457904784,1709142531.140886928,1709142531.140446890,/rigid_bodies.rigidbodies[2].pose.position.z,0.1848265294757997
60.468742624,1709142531.151724768,1709142531.151180543,/rigid_bodies.rigidbodies[2].pose.position.z,0.18466212571406534
60.476677033,1709142531.159659177,1709142531.159232189,/rigid_bodies.rigidbodies[2].pose.position.z,0.18462111090071692
60.488046504,1709142531.171028648,1709142531.170488589,/rigid_bodies.rigidbodies[2].pose.position.z,0.18449497113007043
60.498577131,1709142531.181559275,1709142531.180881665,/rigid_bodies.rigidbodies[2].pose.position.z,0.18451277367438038
60.507525249,1709142531.190507393,1709142531.190051469,/rigid_bodies.rigidbodies[2].pose.position.z,0.18450891531493116
60.518555203,1709142531.201537347,1709142531.200866610,/rigid_bodies.rigidbodies[2].pose.position.z,0.18439520870529835
60.5278782,1709142531.210860344,1709142531.210382341,/rigid_bodies.rigidbodies[2].pose.position.z,0.1845152672775912
60.53785892,1709142531.220841064,1709142531.220445943,/rigid_bodies.rigidbodies[2].pose.position.z,0.1846827523978235
60.548700102,1709142531.231682246,1709142531.231008933,/rigid_bodies.rigidbodies[2].pose.position.z,0.18453133536014993
60.558009,1709142531.240991144,1709142531.240626277,/rigid_bodies.rigidbodies[2].pose.position.z,0.18437523677873557
60.568136462,1709142531.251118606,1709142531.250730006,/rigid_bodies.rigidbodies[2].pose.position.z,0.18429777798293465
60.577766597,1709142531.260748741,1709142531.260404340,/rigid_bodies.rigidbodies[2].pose.position.z,0.18431995413299157
60.588528424,1709142531.271510568,1709142531.270971673,/rigid_bodies.rigidbodies[2].pose.position.z,0.18445068735262835
60.59805626,1709142531.281038404,1709142531.280695573,/rigid_bodies.rigidbodies[2].pose.position.z,0.18460495742058594
60.607537658,1709142531.290519802,1709142531.290094466,/rigid_bodies.rigidbodies[2].pose.position.z,0.1845161470466656
60.61791143,1709142531.300893574,1709142531.300577252,/rigid_bodies.rigidbodies[2].pose.position.z,0.1845774339755595
60.627811685,1709142531.310793829,1709142531.310416627,/rigid_bodies.rigidbodies[2].pose.position.z,0.18465111921350538
60.638243675,1709142531.321225819,1709142531.320829644,/rigid_bodies.rigidbodies[2].pose.position.z,0.18456103690546713
60.647977578,1709142531.330959722,1709142531.330588260,/rigid_bodies.rigidbodies[2].pose.position.z,0.18450897460254917
60.657924763,1709142531.340906907,1709142531.340388426,/rigid_bodies.rigidbodies[2].pose.position.z,0.1843654161457335
60.668295058,1709142531.351277202,1709142531.350681818,/rigid_bodies.rigidbodies[2].pose.position.z,0.18435009291078747
60.677592255,1709142531.360574399,1709142531.360160317,/rigid_bodies.rigidbodies[2].pose.position.z,0.18447825867160722
60.687531846,1709142531.370513990,1709142531.370220383,/rigid_bodies.rigidbodies[2].pose.position.z,0.18455753936712804
60.698306373,1709142531.381288517,1709142531.380832984,/rigid_bodies.rigidbodies[2].pose.position.z,0.18463020970587848
60.708263822,1709142531.391245966,1709142531.390770716,/rigid_bodies.rigidbodies[2].pose.position.z,0.18467084999450964
60.718424998,1709142531.401407142,1709142531.400953720,/rigid_bodies.rigidbodies[2].pose.position.z,0.18461633414451337
60.727767554,1709142531.410749698,1709142531.410291557,/rigid_bodies.rigidbodies[2].pose.position.z,0.18453653069190154
60.738448142,1709142531.421430286,1709142531.420939064,/rigid_bodies.rigidbodies[2].pose.position.z,0.18459297764916732
60.74809389,1709142531.431076034,1709142531.430752156,/rigid_bodies.rigidbodies[2].pose.position.z,0.18470548300226264
60.757569132,1709142531.440551276,1709142531.440245199,/rigid_bodies.rigidbodies[2].pose.position.z,0.1845053784601069
60.767708283,1709142531.450690427,1709142531.450468363,/rigid_bodies.rigidbodies[2].pose.position.z,0.18455747942811007
60.777492936,1709142531.460475080,1709142531.460268585,/rigid_bodies.rigidbodies[2].pose.position.z,0.1846643089483231
60.78790273,1709142531.470884874,1709142531.470600187,/rigid_bodies.rigidbodies[2].pose.position.z,0.18467690274737802
60.797545757,1709142531.480527901,1709142531.480361667,/rigid_bodies.rigidbodies[2].pose.position.z,0.18458095893177848
60.807604615,1709142531.490586759,1709142531.490377793,/rigid_bodies.rigidbodies[2].pose.position.z,0.18451130050985445
60.817662948,1709142531.500645092,1709142531.500421059,/rigid_bodies.rigidbodies[2].pose.position.z,0.18456437885832244
60.827071611,1709142531.510053755,1709142531.509840327,/rigid_bodies.rigidbodies[2].pose.position.z,0.18458998773589957
60.837577439,1709142531.520559583,1709142531.520381942,/rigid_bodies.rigidbodies[2].pose.position.z,0.18456729368593333
60.847343892,1709142531.530326036,1709142531.530231892,/rigid_bodies.rigidbodies[2].pose.position.z,0.18451631512893854
60.8581571,1709142531.541139244,1709142531.540963270,/rigid_bodies.rigidbodies[2].pose.position.z,0.184599119418929
60.867815033,1709142531.550797177,1709142531.550520751,/rigid_bodies.rigidbodies[2].pose.position.z,0.18467178432998038
60.878049335,1709142531.561031479,1709142531.560681974,/rigid_bodies.rigidbodies[2].pose.position.z,0.18465343577832566
60.887572341,1709142531.570554485,1709142531.570130041,/rigid_bodies.rigidbodies[2].pose.position.z,0.18465158073221
60.898409047,1709142531.581391191,1709142531.581002456,/rigid_bodies.rigidbodies[2].pose.position.z,0.18463588980556855
60.908377545,1709142531.591359689,1709142531.590898784,/rigid_bodies.rigidbodies[2].pose.position.z,0.1843965705878982
60.918183888,1709142531.601166032,1709142531.600727767,/rigid_bodies.rigidbodies[2].pose.position.z,0.18422639583495004
60.927878235,1709142531.610860379,1709142531.610261135,/rigid_bodies.rigidbodies[2].pose.position.z,0.1843160669002808
60.937963602,1709142531.620945746,1709142531.620613635,/rigid_bodies.rigidbodies[2].pose.position.z,0.1846026111280334
60.948159097,1709142531.631141241,1709142531.630671761,/rigid_bodies.rigidbodies[2].pose.position.z,0.18469663684951085
60.957762344,1709142531.640744488,1709142531.640371079,/rigid_bodies.rigidbodies[2].pose.position.z,0.18447919437240792
60.967739519,1709142531.650721663,1709142531.650326644,/rigid_bodies.rigidbodies[2].pose.position.z,0.18443497675620266
60.977144167,1709142531.660126311,1709142531.659799292,/rigid_bodies.rigidbodies[2].pose.position.z,0.18456507001866115
60.987810832,1709142531.670792976,1709142531.670478315,/rigid_bodies.rigidbodies[2].pose.position.z,0.18466652442413115
60.998244582,1709142531.681226726,1709142531.680893807,/rigid_bodies.rigidbodies[2].pose.position.z,0.18476356675763836
61.00832863,1709142531.691310774,1709142531.690822133,/rigid_bodies.rigidbodies[2].pose.position.z,0.1846260049784101
61.018298339,1709142531.701280483,1709142531.700766910,/rigid_bodies.rigidbodies[2].pose.position.z,0.1844446316290833
61.027754561,1709142531.710736705,1709142531.710423600,/rigid_bodies.rigidbodies[2].pose.position.z,0.184420797100639
61.038213068,1709142531.721195212,1709142531.720689746,/rigid_bodies.rigidbodies[2].pose.position.z,0.1844224833862034
61.048201458,1709142531.731183602,1709142531.730810217,/rigid_bodies.rigidbodies[2].pose.position.z,0.18448729570218453
61.057925076,1709142531.740907220,1709142531.740551472,/rigid_bodies.rigidbodies[2].pose.position.z,0.18449937739561326
61.068313874,1709142531.751296018,1709142531.750765810,/rigid_bodies.rigidbodies[2].pose.position.z,0.18456290716188642
61.077696504,1709142531.760678648,1709142531.760301184,/rigid_bodies.rigidbodies[2].pose.position.z,0.18447222310736586
61.088397805,1709142531.771379949,1709142531.771004575,/rigid_bodies.rigidbodies[2].pose.position.z,0.18456718080214557
61.098397517,1709142531.781379661,1709142531.780860223,/rigid_bodies.rigidbodies[2].pose.position.z,0.18460650450985072
61.107953086,1709142531.790935230,1709142531.790492349,/rigid_bodies.rigidbodies[2].pose.position.z,0.18445978786125053
61.117903698,1709142531.800885842,1709142531.800480721,/rigid_bodies.rigidbodies[2].pose.position.z,0.1845472930009674
61.128150493,1709142531.811132637,1709142531.810290715,/rigid_bodies.rigidbodies[2].pose.position.z,0.18462328884981005
61.138972228,1709142531.821954372,1709142531.821174395,/rigid_bodies.rigidbodies[2].pose.position.z,0.184672884525504
61.148551174,1709142531.831533318,1709142531.830922142,/rigid_bodies.rigidbodies[2].pose.position.z,0.18460886250226194
61.158451236,1709142531.841433380,1709142531.840919942,/rigid_bodies.rigidbodies[2].pose.position.z,0.1843875216565442
61.168067851,1709142531.851049995,1709142531.850622801,/rigid_bodies.rigidbodies[2].pose.position.z,0.18431761205635763
61.177891008,1709142531.860873152,1709142531.860410338,/rigid_bodies.rigidbodies[2].pose.position.z,0.18429120670042187
61.188217215,1709142531.871199359,1709142531.870777265,/rigid_bodies.rigidbodies[2].pose.position.z,0.1845281262242868
61.19841437,1709142531.881396514,1709142531.880851606,/rigid_bodies.rigidbodies[2].pose.position.z,0.18452988984109311
61.208091581,1709142531.891073725,1709142531.890654733,/rigid_bodies.rigidbodies[2].pose.position.z,0.18456374260927288
61.217896589,1709142531.900878733,1709142531.900243597,/rigid_bodies.rigidbodies[2].pose.position.z,0.18459593479014935
61.228815079,1709142531.911797223,1709142531.911089070,/rigid_bodies.rigidbodies[2].pose.position.z,0.18450365371108313
61.238129112,1709142531.921111256,1709142531.920608146,/rigid_bodies.rigidbodies[2].pose.position.z,0.18465143032383666
61.248594934,1709142531.931577078,1709142531.931051208,/rigid_bodies.rigidbodies[2].pose.position.z,0.18454980832045442
61.257466561,1709142531.940448705,1709142531.939967668,/rigid_bodies.rigidbodies[2].pose.position.z,0.1844166846687062
61.268335916,1709142531.951318060,1709142531.950843976,/rigid_bodies.rigidbodies[2].pose.position.z,0.18435832238767058
61.278017686,1709142531.960999830,1709142531.960594711,/rigid_bodies.rigidbodies[2].pose.position.z,0.18430792007999913
61.287977105,1709142531.970959249,1709142531.970439851,/rigid_bodies.rigidbodies[2].pose.position.z,0.1843156850042778
61.298281604,1709142531.981263748,1709142531.980885572,/rigid_bodies.rigidbodies[2].pose.position.z,0.18442869631790892
61.307731575,1709142531.990713719,1709142531.990451726,/rigid_bodies.rigidbodies[2].pose.position.z,0.18459326014435648
61.31723935,1709142532.000221494,1709142531.999987708,/rigid_bodies.rigidbodies[2].pose.position.z,0.18479003041253497
61.328062443,1709142532.011044587,1709142532.010634498,/rigid_bodies.rigidbodies[2].pose.position.z,0.1849712849695323
61.338001076,1709142532.020983220,1709142532.020582710,/rigid_bodies.rigidbodies[2].pose.position.z,0.1848230790583396
61.34870246,1709142532.031684604,1709142532.031207891,/rigid_bodies.rigidbodies[2].pose.position.z,0.18460575661271283
61.35785024,1709142532.040832384,1709142532.040482413,/rigid_bodies.rigidbodies[2].pose.position.z,0.18433931637550757
61.367854513,1709142532.050836657,1709142532.050466198,/rigid_bodies.rigidbodies[2].pose.position.z,0.18415879980385036
61.377676769,1709142532.060658913,1709142532.060451557,/rigid_bodies.rigidbodies[2].pose.position.z,0.18424925367697328
61.388034995,1709142532.071017139,1709142532.070688120,/rigid_bodies.rigidbodies[2].pose.position.z,0.18434504984867744
61.397922976,1709142532.080905120,1709142532.080565974,/rigid_bodies.rigidbodies[2].pose.position.z,0.1842562292696827
61.407341895,1709142532.090324039,1709142532.090116721,/rigid_bodies.rigidbodies[2].pose.position.z,0.1843132860255882
61.41326318,1709142532.096245324,1709142532.095900663,/rigid_bodies.rigidbodies[2].pose.position.z,0.18459163574067708
61.428038507,1709142532.111020651,1709142532.110691483,/rigid_bodies.rigidbodies[2].pose.position.z,0.1848008760968018
61.438464036,1709142532.121446180,1709142532.120900184,/rigid_bodies.rigidbodies[2].pose.position.z,0.1848765417302934
61.447951995,1709142532.130934139,1709142532.130293702,/rigid_bodies.rigidbodies[2].pose.position.z,0.18476804899280333
61.457802532,1709142532.140784676,1709142532.140309359,/rigid_bodies.rigidbodies[2].pose.position.z,0.18444449700726728
61.468401894,1709142532.151384038,1709142532.150862866,/rigid_bodies.rigidbodies[2].pose.position.z,0.18454780852895486
61.47806781,1709142532.161049954,1709142532.160412291,/rigid_bodies.rigidbodies[2].pose.position.z,0.18457580385707728
61.488000017,1709142532.170982161,1709142532.170536741,/rigid_bodies.rigidbodies[2].pose.position.z,0.1844627412447774
61.498193027,1709142532.181175171,1709142532.180549650,/rigid_bodies.rigidbodies[2].pose.position.z,0.18434264219277313
61.508116951,1709142532.191099095,1709142532.190549293,/rigid_bodies.rigidbodies[2].pose.position.z,0.18418095058445128
61.518347062,1709142532.201329206,1709142532.200785758,/rigid_bodies.rigidbodies[2].pose.position.z,0.1842701734242358
61.527772039,1709142532.210754183,1709142532.210102213,/rigid_bodies.rigidbodies[2].pose.position.z,0.1844876462930373
61.538194007,1709142532.221176151,1709142532.220582833,/rigid_bodies.rigidbodies[2].pose.position.z,0.1846741836590326
61.547821414,1709142532.230803558,1709142532.230502346,/rigid_bodies.rigidbodies[2].pose.position.z,0.1847350823658623
61.557877128,1709142532.240859272,1709142532.240388270,/rigid_bodies.rigidbodies[2].pose.position.z,0.18461798102110066
61.567845367,1709142532.250827511,1709142532.250336558,/rigid_bodies.rigidbodies[2].pose.position.z,0.18465086172529538
61.577976149,1709142532.260958293,1709142532.260464729,/rigid_bodies.rigidbodies[2].pose.position.z,0.18470165654193957
61.587750214,1709142532.270732358,1709142532.270273592,/rigid_bodies.rigidbodies[2].pose.position.z,0.1847222554961104
61.598117729,1709142532.281099873,1709142532.280733588,/rigid_bodies.rigidbodies[2].pose.position.z,0.18457420099684999
61.607632692,1709142532.290614836,1709142532.290400034,/rigid_bodies.rigidbodies[2].pose.position.z,0.18421680032203258
61.618046308,1709142532.301028452,1709142532.300425011,/rigid_bodies.rigidbodies[2].pose.position.z,0.18421601755820755
61.628471628,1709142532.311453772,1709142532.310773659,/rigid_bodies.rigidbodies[2].pose.position.z,0.18441167710301706
61.637428632,1709142532.320410776,1709142532.319993110,/rigid_bodies.rigidbodies[2].pose.position.z,0.1845777611559275
61.648813839,1709142532.331795983,1709142532.331280465,/rigid_bodies.rigidbodies[2].pose.position.z,0.18454752887623102
61.657541915,1709142532.340524059,1709142532.340106656,/rigid_bodies.rigidbodies[2].pose.position.z,0.18453937815579183
61.668151714,1709142532.351133858,1709142532.350702391,/rigid_bodies.rigidbodies[2].pose.position.z,0.18457471838537828
61.677929089,1709142532.360911233,1709142532.360534602,/rigid_bodies.rigidbodies[2].pose.position.z,0.18463017882057212
61.68814575,1709142532.371127894,1709142532.370694682,/rigid_bodies.rigidbodies[2].pose.position.z,0.18471374069419647
61.697858421,1709142532.380840565,1709142532.380558269,/rigid_bodies.rigidbodies[2].pose.position.z,0.1845965351914981
61.708035382,1709142532.391017526,1709142532.390599802,/rigid_bodies.rigidbodies[2].pose.position.z,0.18436210477051077
61.718124861,1709142532.401107005,1709142532.400635827,/rigid_bodies.rigidbodies[2].pose.position.z,0.18420198649524844
61.727590139,1709142532.410572283,1709142532.410252063,/rigid_bodies.rigidbodies[2].pose.position.z,0.18436843843483047
61.738280851,1709142532.421262995,1709142532.420793131,/rigid_bodies.rigidbodies[2].pose.position.z,0.18459130350822825
61.74842588,1709142532.431408024,1709142532.430908817,/rigid_bodies.rigidbodies[2].pose.position.z,0.18465580871695186
61.758033832,1709142532.441015976,1709142532.440646016,/rigid_bodies.rigidbodies[2].pose.position.z,0.18453836386579878
61.767861396,1709142532.450843540,1709142532.450449519,/rigid_bodies.rigidbodies[2].pose.position.z,0.18439072335913176
61.777747557,1709142532.460729701,1709142532.460350249,/rigid_bodies.rigidbodies[2].pose.position.z,0.18454891375668397
61.787931451,1709142532.470913595,1709142532.470618066,/rigid_bodies.rigidbodies[2].pose.position.z,0.18484103836117613
61.798638732,1709142532.481620876,1709142532.481209257,/rigid_bodies.rigidbodies[2].pose.position.z,0.18475163314625193
61.807963694,1709142532.490945838,1709142532.490575847,/rigid_bodies.rigidbodies[2].pose.position.z,0.18456411305671308
61.817936448,1709142532.500918592,1709142532.500573187,/rigid_bodies.rigidbodies[2].pose.position.z,0.18439661617906355
61.82929844,1709142532.512280584,1709142532.511532617,/rigid_bodies.rigidbodies[2].pose.position.z,0.18436152565379213
61.838603634,1709142532.521585778,1709142532.520791763,/rigid_bodies.rigidbodies[2].pose.position.z,0.18436483689136302
61.848415814,1709142532.531397958,1709142532.530829599,/rigid_bodies.rigidbodies[2].pose.position.z,0.1845887076884123
61.857883315,1709142532.540865459,1709142532.540312440,/rigid_bodies.rigidbodies[2].pose.position.z,0.18457163579484048
61.868067348,1709142532.551049492,1709142532.550434106,/rigid_bodies.rigidbodies[2].pose.position.z,0.18451842199882967
61.873382191,1709142532.556364335,1709142532.555794837,/rigid_bodies.rigidbodies[2].pose.position.z,0.1846838919198129
61.888891403,1709142532.571873547,1709142532.571062559,/rigid_bodies.rigidbodies[2].pose.position.z,0.1847951467359725
61.898564697,1709142532.581546841,1709142532.581019514,/rigid_bodies.rigidbodies[2].pose.position.z,0.1847685968475856
61.908256184,1709142532.591238328,1709142532.590683333,/rigid_bodies.rigidbodies[2].pose.position.z,0.18470782404746183
61.917905243,1709142532.600887387,1709142532.600508489,/rigid_bodies.rigidbodies[2].pose.position.z,0.18465985714947142
61.927409581,1709142532.610391725,1709142532.610187687,/rigid_bodies.rigidbodies[2].pose.position.z,0.18445857040889863
61.937349716,1709142532.620331860,1709142532.620047607,/rigid_bodies.rigidbodies[2].pose.position.z,0.1843937797748321
61.948341229,1709142532.631323373,1709142532.630825124,/rigid_bodies.rigidbodies[2].pose.position.z,0.18430690353251808
61.958206347,1709142532.641188491,1709142532.640899457,/rigid_bodies.rigidbodies[2].pose.position.z,0.18424680203141497
61.967993576,1709142532.650975720,1709142532.650503837,/rigid_bodies.rigidbodies[2].pose.position.z,0.1842693288264489
61.978177298,1709142532.661159442,1709142532.660469816,/rigid_bodies.rigidbodies[2].pose.position.z,0.18449875350021092
61.988584934,1709142532.671567078,1709142532.670954608,/rigid_bodies.rigidbodies[2].pose.position.z,0.1845544557256676
61.998288835,1709142532.681270979,1709142532.680684596,/rigid_bodies.rigidbodies[2].pose.position.z,0.18453861794076698
62.008515737,1709142532.691497881,1709142532.690940235,/rigid_bodies.rigidbodies[2].pose.position.z,0.18467322842207054
62.01807481,1709142532.701056954,1709142532.700603890,/rigid_bodies.rigidbodies[2].pose.position.z,0.18463489353487306
62.027809569,1709142532.710791713,1709142532.710311562,/rigid_bodies.rigidbodies[2].pose.position.z,0.18472225575092943
62.03759828,1709142532.720580424,1709142532.720094375,/rigid_bodies.rigidbodies[2].pose.position.z,0.18476402952343848
62.048759662,1709142532.731741806,1709142532.731045218,/rigid_bodies.rigidbodies[2].pose.position.z,0.18455981860551426
62.057964294,1709142532.740946438,1709142532.740564558,/rigid_bodies.rigidbodies[2].pose.position.z,0.18436634549856448
62.068341572,1709142532.751323716,1709142532.750833771,/rigid_bodies.rigidbodies[2].pose.position.z,0.18420518019994978
62.077890933,1709142532.760873077,1709142532.760461119,/rigid_bodies.rigidbodies[2].pose.position.z,0.18422174886416104
62.088539226,1709142532.771521370,1709142532.770978095,/rigid_bodies.rigidbodies[2].pose.position.z,0.1842735872917182
62.098596838,1709142532.781578982,1709142532.781175431,/rigid_bodies.rigidbodies[2].pose.position.z,0.18448757736944063
62.108040663,1709142532.791022807,1709142532.790410423,/rigid_bodies.rigidbodies[2].pose.position.z,0.18461145027521056
62.117511913,1709142532.800494057,1709142532.799844481,/rigid_bodies.rigidbodies[2].pose.position.z,0.18482755849127183
62.128197133,1709142532.811179277,1709142532.810732763,/rigid_bodies.rigidbodies[2].pose.position.z,0.18475391916759556
62.137933721,1709142532.820915865,1709142532.820398486,/rigid_bodies.rigidbodies[2].pose.position.z,0.18463255672650652
62.148464983,1709142532.831447127,1709142532.830986770,/rigid_bodies.rigidbodies[2].pose.position.z,0.18440285326162867
62.157996404,1709142532.840978548,1709142532.840625973,/rigid_bodies.rigidbodies[2].pose.position.z,0.1841527747339505
62.167637747,1709142532.850619891,1709142532.850157197,/rigid_bodies.rigidbodies[2].pose.position.z,0.18427980783230488
62.177957693,1709142532.860939837,1709142532.860523905,/rigid_bodies.rigidbodies[2].pose.position.z,0.18444408164354453
62.188483792,1709142532.871465936,1709142532.871093644,/rigid_bodies.rigidbodies[2].pose.position.z,0.18431217545482034
62.197965303,1709142532.880947447,1709142532.880622428,/rigid_bodies.rigidbodies[2].pose.position.z,0.184269137677772
62.208496331,1709142532.891478475,1709142532.891025183,/rigid_bodies.rigidbodies[2].pose.position.z,0.18439202060006868
62.217839079,1709142532.900821223,1709142532.900429516,/rigid_bodies.rigidbodies[2].pose.position.z,0.18455165830397874
62.227752635,1709142532.910734779,1709142532.910363709,/rigid_bodies.rigidbodies[2].pose.position.z,0.18467389399327275
62.237171605,1709142532.920153749,1709142532.919892434,/rigid_bodies.rigidbodies[2].pose.position.z,0.18479813066600956
62.248416182,1709142532.931398326,1709142532.931002245,/rigid_bodies.rigidbodies[2].pose.position.z,0.1845845901469301
62.257413611,1709142532.940395755,1709142532.939940301,/rigid_bodies.rigidbodies[2].pose.position.z,0.1844439268299776
62.267749539,1709142532.950731683,1709142532.950125585,/rigid_bodies.rigidbodies[2].pose.position.z,0.18444327212115363
62.277859341,1709142532.960841485,1709142532.960408591,/rigid_bodies.rigidbodies[2].pose.position.z,0.1843200694746345
62.288151058,1709142532.971133202,1709142532.970725473,/rigid_bodies.rigidbodies[2].pose.position.z,0.1842664851024902
62.298644926,1709142532.981627070,1709142532.980924867,/rigid_bodies.rigidbodies[2].pose.position.z,0.18418681344338747
62.307538975,1709142532.990521119,1709142532.990117430,/rigid_bodies.rigidbodies[2].pose.position.z,0.18418583014706963
62.317760738,1709142533.000742882,1709142533.000400195,/rigid_bodies.rigidbodies[2].pose.position.z,0.18433826305553008
62.327417804,1709142533.010399948,1709142533.010022383,/rigid_bodies.rigidbodies[2].pose.position.z,0.18453089259916577
62.338145785,1709142533.021127929,1709142533.020749460,/rigid_bodies.rigidbodies[2].pose.position.z,0.1846756704536378
62.34848152,1709142533.031463664,1709142533.030964800,/rigid_bodies.rigidbodies[2].pose.position.z,0.184847062520333
62.357925944,1709142533.040908088,1709142533.040436769,/rigid_bodies.rigidbodies[2].pose.position.z,0.18474040299137381
62.36841207,1709142533.051394214,1709142533.050905509,/rigid_bodies.rigidbodies[2].pose.position.z,0.18454784432403953
62.377495901,1709142533.060478045,1709142533.060029183,/rigid_bodies.rigidbodies[2].pose.position.z,0.1844878790779381
62.388436697,1709142533.071418841,1709142533.071016353,/rigid_bodies.rigidbodies[2].pose.position.z,0.18437365815818324
62.398427729,1709142533.081409873,1709142533.080916813,/rigid_bodies.rigidbodies[2].pose.position.z,0.1842571582391378
62.407984607,1709142533.090966751,1709142533.090402665,/rigid_bodies.rigidbodies[2].pose.position.z,0.1841733011226362
62.418053456,1709142533.101035600,1709142533.100312906,/rigid_bodies.rigidbodies[2].pose.position.z,0.18414687373364014
62.427927736,1709142533.110909880,1709142533.110233165,/rigid_bodies.rigidbodies[2].pose.position.z,0.18438612097917748
62.438214565,1709142533.121196709,1709142533.120734630,/rigid_bodies.rigidbodies[2].pose.position.z,0.18447019274518314
62.448361005,1709142533.131343149,1709142533.130818717,/rigid_bodies.rigidbodies[2].pose.position.z,0.1845109092627173
62.458171042000004,1709142533.141153186,1709142533.140646293,/rigid_bodies.rigidbodies[2].pose.position.z,0.1845481655706977
62.468279722,1709142533.151261866,1709142533.150792141,/rigid_bodies.rigidbodies[2].pose.position.z,0.18471336346838185
62.478277621,1709142533.161259765,1709142533.160696880,/rigid_bodies.rigidbodies[2].pose.position.z,0.18463164122660203
62.488384233,1709142533.171366377,1709142533.170693425,/rigid_bodies.rigidbodies[2].pose.position.z,0.18469626815976695
62.498670987,1709142533.181653131,1709142533.181098975,/rigid_bodies.rigidbodies[2].pose.position.z,0.18471146210055922
62.508300549,1709142533.191282693,1709142533.190645001,/rigid_bodies.rigidbodies[2].pose.position.z,0.18447957723601915
62.517806456,1709142533.200788600,1709142533.200289503,/rigid_bodies.rigidbodies[2].pose.position.z,0.18443530800621843
62.528190437,1709142533.211172581,1709142533.210637403,/rigid_bodies.rigidbodies[2].pose.position.z,0.18450919660883283
62.538078214,1709142533.221060358,1709142533.220454928,/rigid_bodies.rigidbodies[2].pose.position.z,0.1844303582798674
62.548515211,1709142533.231497355,1709142533.231032860,/rigid_bodies.rigidbodies[2].pose.position.z,0.18418927027318463
62.558398425,1709142533.241380569,1709142533.240859260,/rigid_bodies.rigidbodies[2].pose.position.z,0.18422979116308283
62.56820211,1709142533.251184254,1709142533.250729761,/rigid_bodies.rigidbodies[2].pose.position.z,0.18426349625986468
62.577474092,1709142533.260456236,1709142533.259997909,/rigid_bodies.rigidbodies[2].pose.position.z,0.1846897712879223
62.588439312,1709142533.271421456,1709142533.270927814,/rigid_bodies.rigidbodies[2].pose.position.z,0.18477268983044717
62.598178192,1709142533.281160336,1709142533.280692296,/rigid_bodies.rigidbodies[2].pose.position.z,0.1845651116947473
62.607898159,1709142533.290880303,1709142533.290297997,/rigid_bodies.rigidbodies[2].pose.position.z,0.18462719153736812
62.618156489,1709142533.301138633,1709142533.300676413,/rigid_bodies.rigidbodies[2].pose.position.z,0.18452246720055368
62.628483201,1709142533.311465345,1709142533.310862336,/rigid_bodies.rigidbodies[2].pose.position.z,0.18457114176995673
62.638377484,1709142533.321359628,1709142533.320790969,/rigid_bodies.rigidbodies[2].pose.position.z,0.18473275977697579
62.648002854,1709142533.330984998,1709142533.330540411,/rigid_bodies.rigidbodies[2].pose.position.z,0.18470192870110574
62.658145555,1709142533.341127699,1709142533.340688090,/rigid_bodies.rigidbodies[2].pose.position.z,0.1846508864881664
62.668413656,1709142533.351395800,1709142533.350832801,/rigid_bodies.rigidbodies[2].pose.position.z,0.1845566370735084
62.677772675,1709142533.360754819,1709142533.360285951,/rigid_bodies.rigidbodies[2].pose.position.z,0.1845731984118315
62.688906925,1709142533.371889069,1709142533.371158105,/rigid_bodies.rigidbodies[2].pose.position.z,0.18465018238211636
62.69834678,1709142533.381328924,1709142533.380896211,/rigid_bodies.rigidbodies[2].pose.position.z,0.18467108875606988
62.707827017,1709142533.390809161,1709142533.390413048,/rigid_bodies.rigidbodies[2].pose.position.z,0.18470063299314535
62.717781995,1709142533.400764139,1709142533.400181279,/rigid_bodies.rigidbodies[2].pose.position.z,0.18465225213931138
62.728252344,1709142533.411234488,1709142533.410579073,/rigid_bodies.rigidbodies[2].pose.position.z,0.18464966938493588
62.738135769,1709142533.421117913,1709142533.420688655,/rigid_bodies.rigidbodies[2].pose.position.z,0.18443841176675763
62.74828568,1709142533.431267824,1709142533.430716551,/rigid_bodies.rigidbodies[2].pose.position.z,0.18433261125983844
62.757892072,1709142533.440874216,1709142533.440339532,/rigid_bodies.rigidbodies[2].pose.position.z,0.1845123457605784
62.767411864,1709142533.450394008,1709142533.450007163,/rigid_bodies.rigidbodies[2].pose.position.z,0.1847344147067641
62.778390902,1709142533.461373046,1709142533.460822007,/rigid_bodies.rigidbodies[2].pose.position.z,0.18481335819422054
62.787991199,1709142533.470973343,1709142533.470315234,/rigid_bodies.rigidbodies[2].pose.position.z,0.1849071806805265
62.798403162,1709142533.481385306,1709142533.480872447,/rigid_bodies.rigidbodies[2].pose.position.z,0.18465575145980875
62.807944406,1709142533.490926550,1709142533.490550647,/rigid_bodies.rigidbodies[2].pose.position.z,0.18466786322437018
62.818407362,1709142533.501389506,1709142533.500789460,/rigid_bodies.rigidbodies[2].pose.position.z,0.1847566216875355
62.827770172,1709142533.510752316,1709142533.509882993,/rigid_bodies.rigidbodies[2].pose.position.z,0.18472462601918407
62.838184469,1709142533.521166613,1709142533.520761204,/rigid_bodies.rigidbodies[2].pose.position.z,0.1847159624685998
62.848719148,1709142533.531701292,1709142533.531101170,/rigid_bodies.rigidbodies[2].pose.position.z,0.1844620261463308
62.858045489,1709142533.541027633,1709142533.540615083,/rigid_bodies.rigidbodies[2].pose.position.z,0.1841513582916993
62.868267046,1709142533.551249190,1709142533.550712222,/rigid_bodies.rigidbodies[2].pose.position.z,0.18415799547184084
62.878293996,1709142533.561276140,1709142533.560776569,/rigid_bodies.rigidbodies[2].pose.position.z,0.18440036046392258
62.888328631,1709142533.571310775,1709142533.570699030,/rigid_bodies.rigidbodies[2].pose.position.z,0.18463330859907454
62.898556035,1709142533.581538179,1709142533.581028880,/rigid_bodies.rigidbodies[2].pose.position.z,0.18478320303777734
62.90821902,1709142533.591201164,1709142533.590691505,/rigid_bodies.rigidbodies[2].pose.position.z,0.18484531845589186
62.917940005,1709142533.600922149,1709142533.600342333,/rigid_bodies.rigidbodies[2].pose.position.z,0.18466975628583288
62.928284288,1709142533.611266432,1709142533.610766617,/rigid_bodies.rigidbodies[2].pose.position.z,0.18474125749892295
62.938404173,1709142533.621386317,1709142533.620886778,/rigid_bodies.rigidbodies[2].pose.position.z,0.1845597777931085
62.948371072,1709142533.631353216,1709142533.630870244,/rigid_bodies.rigidbodies[2].pose.position.z,0.1843801450826831
62.958242025,1709142533.641224169,1709142533.640758039,/rigid_bodies.rigidbodies[2].pose.position.z,0.18434606442323825
62.968178734,1709142533.651160878,1709142533.650752553,/rigid_bodies.rigidbodies[2].pose.position.z,0.18441270834775123
62.977931231,1709142533.660913375,1709142533.660415932,/rigid_bodies.rigidbodies[2].pose.position.z,0.18435645433968736
62.988394351,1709142533.671376495,1709142533.670818855,/rigid_bodies.rigidbodies[2].pose.position.z,0.1843993748092878
62.998107361,1709142533.681089505,1709142533.680655874,/rigid_bodies.rigidbodies[2].pose.position.z,0.18425783309894067
63.008505636,1709142533.691487780,1709142533.690939960,/rigid_bodies.rigidbodies[2].pose.position.z,0.1844066916306478
63.01789373,1709142533.700875874,1709142533.700405913,/rigid_bodies.rigidbodies[2].pose.position.z,0.18463374137510294
63.027879157,1709142533.710861301,1709142533.710568436,/rigid_bodies.rigidbodies[2].pose.position.z,0.18465708370384232
63.038602752,1709142533.721584896,1709142533.721082129,/rigid_bodies.rigidbodies[2].pose.position.z,0.18454379156849038
63.048418822,1709142533.731400966,1709142533.730858266,/rigid_bodies.rigidbodies[2].pose.position.z,0.18440196519420438
63.058122512,1709142533.741104656,1709142533.740656629,/rigid_bodies.rigidbodies[2].pose.position.z,0.18437852772991473
63.068305211,1709142533.751287355,1709142533.750833741,/rigid_bodies.rigidbodies[2].pose.position.z,0.18445391085941384
63.077619923,1709142533.760602067,1709142533.760069094,/rigid_bodies.rigidbodies[2].pose.position.z,0.18445501283149818
63.087822889,1709142533.770805033,1709142533.770195479,/rigid_bodies.rigidbodies[2].pose.position.z,0.1843019106707186
63.098748339,1709142533.781730483,1709142533.781197840,/rigid_bodies.rigidbodies[2].pose.position.z,0.18424492349409852
63.10819396,1709142533.791176104,1709142533.790704583,/rigid_bodies.rigidbodies[2].pose.position.z,0.18433740602777832
63.11846916,1709142533.801451304,1709142533.800854933,/rigid_bodies.rigidbodies[2].pose.position.z,0.1842508919873963
63.127905887,1709142533.810888031,1709142533.810295470,/rigid_bodies.rigidbodies[2].pose.position.z,0.18449147362080306
63.138323967,1709142533.821306111,1709142533.820877866,/rigid_bodies.rigidbodies[2].pose.position.z,0.1847002843879725
63.148815988,1709142533.831798132,1709142533.831322383,/rigid_bodies.rigidbodies[2].pose.position.z,0.18458230042333304
63.157619572,1709142533.840601716,1709142533.840176412,/rigid_bodies.rigidbodies[2].pose.position.z,0.18460384003746647
63.167424439,1709142533.850406583,1709142533.849985501,/rigid_bodies.rigidbodies[2].pose.position.z,0.184630625891447
63.177889431,1709142533.860871575,1709142533.860371805,/rigid_bodies.rigidbodies[2].pose.position.z,0.18453389002909754
63.188154407,1709142533.871136551,1709142533.870577246,/rigid_bodies.rigidbodies[2].pose.position.z,0.1844678594750903
63.19856117,1709142533.881543314,1709142533.881055900,/rigid_bodies.rigidbodies[2].pose.position.z,0.18421084575844557
63.207794272,1709142533.890776416,1709142533.890385452,/rigid_bodies.rigidbodies[2].pose.position.z,0.18427824766125023
63.217999895,1709142533.900982039,1709142533.900457510,/rigid_bodies.rigidbodies[2].pose.position.z,0.18440187809411876
63.228010362,1709142533.910992506,1709142533.910449690,/rigid_bodies.rigidbodies[2].pose.position.z,0.18451802949618032
63.23849199,1709142533.921474134,1709142533.920938951,/rigid_bodies.rigidbodies[2].pose.position.z,0.18445602364563404
63.248449931,1709142533.931432075,1709142533.930894930,/rigid_bodies.rigidbodies[2].pose.position.z,0.18458193347749086
63.258114106,1709142533.941096250,1709142533.940711146,/rigid_bodies.rigidbodies[2].pose.position.z,0.18470348343855164
63.268389228,1709142533.951371372,1709142533.950745429,/rigid_bodies.rigidbodies[2].pose.position.z,0.1846395187578074
63.277857724,1709142533.960839868,1709142533.960499505,/rigid_bodies.rigidbodies[2].pose.position.z,0.18461123734083223
63.287754776,1709142533.970736920,1709142533.970242122,/rigid_bodies.rigidbodies[2].pose.position.z,0.18442647856419073
63.29803641,1709142533.981018554,1709142533.980579493,/rigid_bodies.rigidbodies[2].pose.position.z,0.1843316370274814
63.307823067,1709142533.990805211,1709142533.990506744,/rigid_bodies.rigidbodies[2].pose.position.z,0.18446193040094558
63.3183106,1709142534.001292744,1709142534.000880825,/rigid_bodies.rigidbodies[2].pose.position.z,0.1844379279992345
63.328354384,1709142534.011336528,1709142534.010753536,/rigid_bodies.rigidbodies[2].pose.position.z,0.18454624781160864
63.338315095,1709142534.021297239,1709142534.020877278,/rigid_bodies.rigidbodies[2].pose.position.z,0.184428727495509
63.347738645,1709142534.030720789,1709142534.030503872,/rigid_bodies.rigidbodies[2].pose.position.z,0.18421386826795783
63.357481369,1709142534.040463513,1709142534.040271453,/rigid_bodies.rigidbodies[2].pose.position.z,0.18429356467190616
63.367941024,1709142534.050923168,1709142534.050740513,/rigid_bodies.rigidbodies[2].pose.position.z,0.1846299769284293
63.377703849,1709142534.060685993,1709142534.060453157,/rigid_bodies.rigidbodies[2].pose.position.z,0.18476097037872563
63.387255756,1709142534.070237900,1709142534.070074016,/rigid_bodies.rigidbodies[2].pose.position.z,0.1845948581042761
63.398001878,1709142534.080984022,1709142534.080784459,/rigid_bodies.rigidbodies[2].pose.position.z,0.18436505506209896
63.407178709,1709142534.090160853,1709142534.090025552,/rigid_bodies.rigidbodies[2].pose.position.z,0.18419503455494046
63.417384862,1709142534.100367006,1709142534.100032695,/rigid_bodies.rigidbodies[2].pose.position.z,0.18430917562297292
63.428483724,1709142534.111465868,1709142534.110866662,/rigid_bodies.rigidbodies[2].pose.position.z,0.18464097834517992
63.438241748,1709142534.121223892,1709142534.120660561,/rigid_bodies.rigidbodies[2].pose.position.z,0.18460147755089085
63.448387117,1709142534.131369261,1709142534.131051244,/rigid_bodies.rigidbodies[2].pose.position.z,0.18451470009228574
63.458153085,1709142534.141135229,1709142534.140714311,/rigid_bodies.rigidbodies[2].pose.position.z,0.18437272926663684
63.468120232,1709142534.151102376,1709142534.150710282,/rigid_bodies.rigidbodies[2].pose.position.z,0.1842627110134585
63.478090673,1709142534.161072817,1709142534.160652780,/rigid_bodies.rigidbodies[2].pose.position.z,0.1845180493899079
63.488158493,1709142534.171140637,1709142534.170797348,/rigid_bodies.rigidbodies[2].pose.position.z,0.1845894067192774
63.498206718,1709142534.181188862,1709142534.180774138,/rigid_bodies.rigidbodies[2].pose.position.z,0.18442635081520478
63.507663854,1709142534.190645998,1709142534.190358966,/rigid_bodies.rigidbodies[2].pose.position.z,0.18449776879781174
63.51836432,1709142534.201346464,1709142534.200819890,/rigid_bodies.rigidbodies[2].pose.position.z,0.18438684873676434
63.528385312,1709142534.211367456,1709142534.210761339,/rigid_bodies.rigidbodies[2].pose.position.z,0.18434271639839112
63.538038611,1709142534.221020755,1709142534.220662517,/rigid_bodies.rigidbodies[2].pose.position.z,0.1842544145198089
63.548432472,1709142534.231414616,1709142534.230911956,/rigid_bodies.rigidbodies[2].pose.position.z,0.1843041379789596
63.557934697,1709142534.240916841,1709142534.240466960,/rigid_bodies.rigidbodies[2].pose.position.z,0.1845115351816564
63.567933487,1709142534.250915631,1709142534.250435664,/rigid_bodies.rigidbodies[2].pose.position.z,0.18474907021286213
63.577529516,1709142534.260511660,1709142534.260014731,/rigid_bodies.rigidbodies[2].pose.position.z,0.18490518803439462
63.588371465,1709142534.271353609,1709142534.270710709,/rigid_bodies.rigidbodies[2].pose.position.z,0.18472972335412258
63.59780751,1709142534.280789654,1709142534.280330574,/rigid_bodies.rigidbodies[2].pose.position.z,0.18448855657249436
63.608115248,1709142534.291097392,1709142534.290657815,/rigid_bodies.rigidbodies[2].pose.position.z,0.18444665710021504
63.618486669,1709142534.301468813,1709142534.301028322,/rigid_bodies.rigidbodies[2].pose.position.z,0.18440091591815466
63.628162358,1709142534.311144502,1709142534.310654205,/rigid_bodies.rigidbodies[2].pose.position.z,0.18451368277878238
63.637867145,1709142534.320849289,1709142534.320479645,/rigid_bodies.rigidbodies[2].pose.position.z,0.18421804094462302
63.648823313,1709142534.331805457,1709142534.331293781,/rigid_bodies.rigidbodies[2].pose.position.z,0.18409175609527229
63.658138053,1709142534.341120197,1709142534.340744058,/rigid_bodies.rigidbodies[2].pose.position.z,0.1841609228675849
63.66787225,1709142534.350854394,1709142534.350519085,/rigid_bodies.rigidbodies[2].pose.position.z,0.1843500719816336
63.678057656,1709142534.361039800,1709142534.360562998,/rigid_bodies.rigidbodies[2].pose.position.z,0.18454097119408702
63.688389907,1709142534.371372051,1709142534.370915339,/rigid_bodies.rigidbodies[2].pose.position.z,0.18473977437535402
63.698451125,1709142534.381433269,1709142534.381056709,/rigid_bodies.rigidbodies[2].pose.position.z,0.18469784398617378
63.707826388,1709142534.390808532,1709142534.390430042,/rigid_bodies.rigidbodies[2].pose.position.z,0.18467509567027235
63.718375228,1709142534.401357372,1709142534.400892303,/rigid_bodies.rigidbodies[2].pose.position.z,0.18463969705102998
63.728145449,1709142534.411127593,1709142534.410656653,/rigid_bodies.rigidbodies[2].pose.position.z,0.1845004126725489
63.73837304,1709142534.421355184,1709142534.420785468,/rigid_bodies.rigidbodies[2].pose.position.z,0.18442247501233083
63.748652475,1709142534.431634619,1709142534.431128419,/rigid_bodies.rigidbodies[2].pose.position.z,0.18437700348339756
63.758097629,1709142534.441079773,1709142534.440676872,/rigid_bodies.rigidbodies[2].pose.position.z,0.18434270307978304
63.768103237,1709142534.451085381,1709142534.450689880,/rigid_bodies.rigidbodies[2].pose.position.z,0.1843818930173176
63.77795428,1709142534.460936424,1709142534.460444272,/rigid_bodies.rigidbodies[2].pose.position.z,0.1844778563310553
63.788698533,1709142534.471680677,1709142534.471215236,/rigid_bodies.rigidbodies[2].pose.position.z,0.18440893589981572
63.798239583,1709142534.481221727,1709142534.480877956,/rigid_bodies.rigidbodies[2].pose.position.z,0.18443456073574496
63.808515908,1709142534.491498052,1709142534.491001012,/rigid_bodies.rigidbodies[2].pose.position.z,0.18452149121261296
63.818311222,1709142534.501293366,1709142534.500810220,/rigid_bodies.rigidbodies[2].pose.position.z,0.18454237030915144
63.828212314,1709142534.511194458,1709142534.510760211,/rigid_bodies.rigidbodies[2].pose.position.z,0.18457673860918677
63.838289247,1709142534.521271391,1709142534.520652184,/rigid_bodies.rigidbodies[2].pose.position.z,0.1844987781551294
63.847662914,1709142534.530645058,1709142534.530184161,/rigid_bodies.rigidbodies[2].pose.position.z,0.18448360096471206
63.85688432,1709142534.539866464,1709142534.539435463,/rigid_bodies.rigidbodies[2].pose.position.z,0.18457574354057807
63.868106781,1709142534.551088925,1709142534.550647756,/rigid_bodies.rigidbodies[2].pose.position.z,0.18447182749118193
63.878077315,1709142534.561059459,1709142534.560756148,/rigid_bodies.rigidbodies[2].pose.position.z,0.18452246192687025
63.888378968,1709142534.571361112,1709142534.570886611,/rigid_bodies.rigidbodies[2].pose.position.z,0.1844013295442038
63.898418002,1709142534.581400146,1709142534.581018961,/rigid_bodies.rigidbodies[2].pose.position.z,0.1844281269450367
63.907480539,1709142534.590462683,1709142534.590219555,/rigid_bodies.rigidbodies[2].pose.position.z,0.18440483785441697
63.918047617,1709142534.601029761,1709142534.600666171,/rigid_bodies.rigidbodies[2].pose.position.z,0.1846194418527649
63.928018842,1709142534.611000986,1709142534.610620218,/rigid_bodies.rigidbodies[2].pose.position.z,0.18462124695376742
63.938136044,1709142534.621118188,1709142534.620804489,/rigid_bodies.rigidbodies[2].pose.position.z,0.18450815981190286
63.948216581,1709142534.631198725,1709142534.631068574,/rigid_bodies.rigidbodies[2].pose.position.z,0.18442528435405722
63.957353877,1709142534.640336021,1709142534.640075261,/rigid_bodies.rigidbodies[2].pose.position.z,0.184424109840709
63.967601309,1709142534.650583453,1709142534.650225280,/rigid_bodies.rigidbodies[2].pose.position.z,0.18450175507390643
63.97821972,1709142534.661201864,1709142534.660736123,/rigid_bodies.rigidbodies[2].pose.position.z,0.18460531146604164
63.988119256,1709142534.671101400,1709142534.670755636,/rigid_bodies.rigidbodies[2].pose.position.z,0.18440625854127193
63.998025836,1709142534.681007980,1709142534.680621440,/rigid_bodies.rigidbodies[2].pose.position.z,0.18446009661977575
64.007695143,1709142534.690677287,1709142534.690237379,/rigid_bodies.rigidbodies[2].pose.position.z,0.18455707413089245
64.018334411,1709142534.701316555,1709142534.700907984,/rigid_bodies.rigidbodies[2].pose.position.z,0.18457948376296215
64.02788237,1709142534.710864514,1709142534.710552572,/rigid_bodies.rigidbodies[2].pose.position.z,0.18470747185573522
64.037786305,1709142534.720768449,1709142534.720281391,/rigid_bodies.rigidbodies[2].pose.position.z,0.1846355923592723
64.048661598,1709142534.731643742,1709142534.730903203,/rigid_bodies.rigidbodies[2].pose.position.z,0.1845952148275852
64.057888783,1709142534.740870927,1709142534.740455266,/rigid_bodies.rigidbodies[2].pose.position.z,0.1846842474849226
64.068088053,1709142534.751070197,1709142534.750580249,/rigid_bodies.rigidbodies[2].pose.position.z,0.18453546487968187
64.078508031,1709142534.761490175,1709142534.760812894,/rigid_bodies.rigidbodies[2].pose.position.z,0.18429676758205943
64.087295811,1709142534.770277955,1709142534.769813164,/rigid_bodies.rigidbodies[2].pose.position.z,0.18427025700663405
64.098153375,1709142534.781135519,1709142534.780521907,/rigid_bodies.rigidbodies[2].pose.position.z,0.184368166555147
64.108867194,1709142534.791849338,1709142534.791145977,/rigid_bodies.rigidbodies[2].pose.position.z,0.18451928131074743
64.118389517,1709142534.801371661,1709142534.800887816,/rigid_bodies.rigidbodies[2].pose.position.z,0.18458560740136115
64.127742607,1709142534.810724751,1709142534.810323224,/rigid_bodies.rigidbodies[2].pose.position.z,0.1844869395124337
64.138403893,1709142534.821386037,1709142534.820871516,/rigid_bodies.rigidbodies[2].pose.position.z,0.18432917433639448
64.148240042,1709142534.831222186,1709142534.830825506,/rigid_bodies.rigidbodies[2].pose.position.z,0.18439018620347852
64.158179232,1709142534.841161376,1709142534.840600832,/rigid_bodies.rigidbodies[2].pose.position.z,0.18467924922336412
64.167812109,1709142534.850794253,1709142534.850322139,/rigid_bodies.rigidbodies[2].pose.position.z,0.18479418221337546
64.177678572,1709142534.860660716,1709142534.860207263,/rigid_bodies.rigidbodies[2].pose.position.z,0.1848295846164805
64.188679852,1709142534.871661996,1709142534.871021859,/rigid_bodies.rigidbodies[2].pose.position.z,0.18463483467062314
64.19855967,1709142534.881541814,1709142534.880952625,/rigid_bodies.rigidbodies[2].pose.position.z,0.1843668541359701
64.207659394,1709142534.890641538,1709142534.890205678,/rigid_bodies.rigidbodies[2].pose.position.z,0.18434179686178717
64.218199487,1709142534.901181631,1709142534.900710410,/rigid_bodies.rigidbodies[2].pose.position.z,0.18442660105157002
64.228072357,1709142534.911054501,1709142534.910581880,/rigid_bodies.rigidbodies[2].pose.position.z,0.18449043987936606
64.238223979,1709142534.921206123,1709142534.920674282,/rigid_bodies.rigidbodies[2].pose.position.z,0.18444707590677653
64.248144731,1709142534.931126875,1709142534.930823377,/rigid_bodies.rigidbodies[2].pose.position.z,0.18444544860538145
64.258336427,1709142534.941318571,1709142534.941004440,/rigid_bodies.rigidbodies[2].pose.position.z,0.18450006847909253
64.267934821,1709142534.950916965,1709142534.950421274,/rigid_bodies.rigidbodies[2].pose.position.z,0.18453517727071594
64.27816684,1709142534.961148984,1709142534.960675903,/rigid_bodies.rigidbodies[2].pose.position.z,0.1845381373996414
64.288619403,1709142534.971601547,1709142534.970930336,/rigid_bodies.rigidbodies[2].pose.position.z,0.18469679016547388
64.298701895,1709142534.981684039,1709142534.981086844,/rigid_bodies.rigidbodies[2].pose.position.z,0.18462686565631647
64.307403148,1709142534.990385292,1709142534.990139767,/rigid_bodies.rigidbodies[2].pose.position.z,0.18456828704171566
64.31833878,1709142535.001320924,1709142535.000795216,/rigid_bodies.rigidbodies[2].pose.position.z,0.18457313084764504
64.327696862,1709142535.010679006,1709142535.010359609,/rigid_bodies.rigidbodies[2].pose.position.z,0.18452898759366199
64.337306008,1709142535.020288152,1709142535.019790526,/rigid_bodies.rigidbodies[2].pose.position.z,0.18449971498557338
64.348375673,1709142535.031357817,1709142535.030859120,/rigid_bodies.rigidbodies[2].pose.position.z,0.1843921007711118
64.358080365,1709142535.041062509,1709142535.040615555,/rigid_bodies.rigidbodies[2].pose.position.z,0.18450099730187847
64.368248443,1709142535.051230587,1709142535.050811688,/rigid_bodies.rigidbodies[2].pose.position.z,0.18466571956129815
64.378127444,1709142535.061109588,1709142535.060570691,/rigid_bodies.rigidbodies[2].pose.position.z,0.18473332109996407
64.38883211,1709142535.071814254,1709142535.071147358,/rigid_bodies.rigidbodies[2].pose.position.z,0.18465685578156188
64.398070967,1709142535.081053111,1709142535.080658862,/rigid_bodies.rigidbodies[2].pose.position.z,0.18455464924368614
64.40810774,1709142535.091089884,1709142535.090510888,/rigid_bodies.rigidbodies[2].pose.position.z,0.18483203275299523
64.418376688,1709142535.101358832,1709142535.100775035,/rigid_bodies.rigidbodies[2].pose.position.z,0.18485919246812355
64.428124491,1709142535.111106635,1709142535.110594604,/rigid_bodies.rigidbodies[2].pose.position.z,0.18472745975035998
64.438283112,1709142535.121265256,1709142535.120782658,/rigid_bodies.rigidbodies[2].pose.position.z,0.18448091605814043
64.448597231,1709142535.131579375,1709142535.131038996,/rigid_bodies.rigidbodies[2].pose.position.z,0.1842587139109085
64.458132782,1709142535.141114926,1709142535.140683483,/rigid_bodies.rigidbodies[2].pose.position.z,0.1842751007058905
64.468202264,1709142535.151184408,1709142535.150654966,/rigid_bodies.rigidbodies[2].pose.position.z,0.18445458975588505
64.477486501,1709142535.160468645,1709142535.160130266,/rigid_bodies.rigidbodies[2].pose.position.z,0.18458699805500173
64.487990101,1709142535.170972245,1709142535.170548171,/rigid_bodies.rigidbodies[2].pose.position.z,0.18465100110983096
64.498598935,1709142535.181581079,1709142535.181134657,/rigid_bodies.rigidbodies[2].pose.position.z,0.18465087247618917
64.507902727,1709142535.190884871,1709142535.190203972,/rigid_bodies.rigidbodies[2].pose.position.z,0.18464487258425893
64.518272727,1709142535.201254871,1709142535.200743913,/rigid_bodies.rigidbodies[2].pose.position.z,0.18462770639819365
64.52821418,1709142535.211196324,1709142535.210480839,/rigid_bodies.rigidbodies[2].pose.position.z,0.18464002457895576
64.538565553,1709142535.221547697,1709142535.221092348,/rigid_bodies.rigidbodies[2].pose.position.z,0.18458207782073477
64.548093209,1709142535.231075353,1709142535.230695886,/rigid_bodies.rigidbodies[2].pose.position.z,0.18442803734084637
64.558345767,1709142535.241327911,1709142535.240905368,/rigid_bodies.rigidbodies[2].pose.position.z,0.1843096651787884
64.567964132,1709142535.250946276,1709142535.250678384,/rigid_bodies.rigidbodies[2].pose.position.z,0.18430396510567748
64.577911067,1709142535.260893211,1709142535.260464488,/rigid_bodies.rigidbodies[2].pose.position.z,0.18427304583608126
64.587746372,1709142535.270728516,1709142535.270305124,/rigid_bodies.rigidbodies[2].pose.position.z,0.18440436198902085
64.598079715,1709142535.281061859,1709142535.280715751,/rigid_bodies.rigidbodies[2].pose.position.z,0.18456580558403404
64.60810211,1709142535.291084254,1709142535.290524920,/rigid_bodies.rigidbodies[2].pose.position.z,0.18462719143955286
64.618924864,1709142535.301907008,1709142535.301266020,/rigid_bodies.rigidbodies[2].pose.position.z,0.18467893818627268
64.627685207,1709142535.310667351,1709142535.310227835,/rigid_bodies.rigidbodies[2].pose.position.z,0.18470594533520185
64.637897657,1709142535.320879801,1709142535.320241842,/rigid_bodies.rigidbodies[2].pose.position.z,0.18464142512637569
64.648084545,1709142535.331066689,1709142535.330806551,/rigid_bodies.rigidbodies[2].pose.position.z,0.18467177800133117
64.658062655,1709142535.341044799,1709142535.340602807,/rigid_bodies.rigidbodies[2].pose.position.z,0.18471111326965275
64.668178286,1709142535.351160430,1709142535.350641819,/rigid_bodies.rigidbodies[2].pose.position.z,0.18445519889330758
64.677911472,1709142535.360893616,1709142535.360463529,/rigid_bodies.rigidbodies[2].pose.position.z,0.1841521474636646
64.68852453,1709142535.371506674,1709142535.370964407,/rigid_bodies.rigidbodies[2].pose.position.z,0.18417716639179935
64.698475728,1709142535.381457872,1709142535.380996253,/rigid_bodies.rigidbodies[2].pose.position.z,0.18429993109717668
64.70785742,1709142535.390839564,1709142535.390508293,/rigid_bodies.rigidbodies[2].pose.position.z,0.18453399721867725
64.718687679,1709142535.401669823,1709142535.401206767,/rigid_bodies.rigidbodies[2].pose.position.z,0.1845614526595643
64.727946443,1709142535.410928587,1709142535.410436796,/rigid_bodies.rigidbodies[2].pose.position.z,0.1845844784063387
64.738536799,1709142535.421518943,1709142535.421056676,/rigid_bodies.rigidbodies[2].pose.position.z,0.18459549199718586
64.748562737,1709142535.431544881,1709142535.431175423,/rigid_bodies.rigidbodies[2].pose.position.z,0.18452751873447207
64.758421858,1709142535.441404002,1709142535.440963586,/rigid_bodies.rigidbodies[2].pose.position.z,0.18446660188043584
64.768279999,1709142535.451262143,1709142535.450782093,/rigid_bodies.rigidbodies[2].pose.position.z,0.18444865055907148
64.777862488,1709142535.460844632,1709142535.460289124,/rigid_bodies.rigidbodies[2].pose.position.z,0.18442869503944775
64.788490945,1709142535.471473089,1709142535.470812953,/rigid_bodies.rigidbodies[2].pose.position.z,0.1843196200282054
64.798596732,1709142535.481578876,1709142535.481144805,/rigid_bodies.rigidbodies[2].pose.position.z,0.18439070384365944
64.808690983,1709142535.491673127,1709142535.490991604,/rigid_bodies.rigidbodies[2].pose.position.z,0.18440238336825182
64.818342424,1709142535.501324568,1709142535.500830496,/rigid_bodies.rigidbodies[2].pose.position.z,0.18449043989549993
64.827972929,1709142535.510955073,1709142535.510408498,/rigid_bodies.rigidbodies[2].pose.position.z,0.1846390186857838
64.838114959,1709142535.521097103,1709142535.520734196,/rigid_bodies.rigidbodies[2].pose.position.z,0.18451995339933072
64.848339896,1709142535.531322040,1709142535.530893289,/rigid_bodies.rigidbodies[2].pose.position.z,0.18453870297524794
64.858160314,1709142535.541142458,1709142535.540683150,/rigid_bodies.rigidbodies[2].pose.position.z,0.18458772864140657
64.868197814,1709142535.551179958,1709142535.550709741,/rigid_bodies.rigidbodies[2].pose.position.z,0.18458173262242272
64.878538046,1709142535.561520190,1709142535.560954650,/rigid_bodies.rigidbodies[2].pose.position.z,0.18431556585354233
64.888114499,1709142535.571096643,1709142535.570658014,/rigid_bodies.rigidbodies[2].pose.position.z,0.18426151166202798
64.898607643,1709142535.581589787,1709142535.581049637,/rigid_bodies.rigidbodies[2].pose.position.z,0.1843751881840759
64.907401031,1709142535.590383175,1709142535.590016976,/rigid_bodies.rigidbodies[2].pose.position.z,0.18448109486380776
64.917940221,1709142535.600922365,1709142535.600570793,/rigid_bodies.rigidbodies[2].pose.position.z,0.18445445944245564
64.927925756,1709142535.610907900,1709142535.610501183,/rigid_bodies.rigidbodies[2].pose.position.z,0.18432841996988136
64.938227428,1709142535.621209572,1709142535.620771270,/rigid_bodies.rigidbodies[2].pose.position.z,0.18437782139772033
64.948162447,1709142535.631144591,1709142535.630809602,/rigid_bodies.rigidbodies[2].pose.position.z,0.1846574121397084
64.95780254,1709142535.640784684,1709142535.640430410,/rigid_bodies.rigidbodies[2].pose.position.z,0.1847700804537382
64.968367673,1709142535.651349817,1709142535.650893530,/rigid_bodies.rigidbodies[2].pose.position.z,0.18493923379604393
64.97767927,1709142535.660661414,1709142535.660219237,/rigid_bodies.rigidbodies[2].pose.position.z,0.18473736466842236
64.988537868,1709142535.671520012,1709142535.670999297,/rigid_bodies.rigidbodies[2].pose.position.z,0.1845023595455862
64.998141343,1709142535.681123487,1709142535.680583777,/rigid_bodies.rigidbodies[2].pose.position.z,0.18430561091350156
65.008376478,1709142535.691358622,1709142535.690852379,/rigid_bodies.rigidbodies[2].pose.position.z,0.18438275081254568
65.017866697,1709142535.700848841,1709142535.700474686,/rigid_bodies.rigidbodies[2].pose.position.z,0.18428110207765
65.027752348,1709142535.710734492,1709142535.710245789,/rigid_bodies.rigidbodies[2].pose.position.z,0.18431829188624568
65.03776844,1709142535.720750584,1709142535.720343275,/rigid_bodies.rigidbodies[2].pose.position.z,0.18431410149935973
65.047726178,1709142535.730708322,1709142535.730343214,/rigid_bodies.rigidbodies[2].pose.position.z,0.18428827949703935
65.058253483,1709142535.741235627,1709142535.740715159,/rigid_bodies.rigidbodies[2].pose.position.z,0.18471078663735602
65.06805882,1709142535.751040964,1709142535.750491709,/rigid_bodies.rigidbodies[2].pose.position.z,0.18506147789343566
65.077985677,1709142535.760967821,1709142535.760514722,/rigid_bodies.rigidbodies[2].pose.position.z,0.18495818470172679
65.088190645,1709142535.771172789,1709142535.770521135,/rigid_bodies.rigidbodies[2].pose.position.z,0.18474332587030137
65.097938177,1709142535.780920321,1709142535.780437155,/rigid_bodies.rigidbodies[2].pose.position.z,0.18457752230168817
65.108068476,1709142535.791050620,1709142535.790572449,/rigid_bodies.rigidbodies[2].pose.position.z,0.1844887529601503
65.118217048,1709142535.801199192,1709142535.800551137,/rigid_bodies.rigidbodies[2].pose.position.z,0.1844201714091266
65.128203546,1709142535.811185690,1709142535.810545087,/rigid_bodies.rigidbodies[2].pose.position.z,0.1843252457940389
65.138183502,1709142535.821165646,1709142535.820811178,/rigid_bodies.rigidbodies[2].pose.position.z,0.1843829390541834
65.147973302,1709142535.830955446,1709142535.830625498,/rigid_bodies.rigidbodies[2].pose.position.z,0.18465448344489502
65.158224568,1709142535.841206712,1709142535.840687265,/rigid_bodies.rigidbodies[2].pose.position.z,0.18464527929883984
65.168165582,1709142535.851147726,1709142535.850721758,/rigid_bodies.rigidbodies[2].pose.position.z,0.18463508998280917
65.177638328,1709142535.860620472,1709142535.860141721,/rigid_bodies.rigidbodies[2].pose.position.z,0.18451139818068885
65.187580366,1709142535.870562510,1709142535.869932975,/rigid_bodies.rigidbodies[2].pose.position.z,0.18445625443923588
65.198275556,1709142535.881257700,1709142535.880781280,/rigid_bodies.rigidbodies[2].pose.position.z,0.18456477831246168
65.207807793,1709142535.890789937,1709142535.890154348,/rigid_bodies.rigidbodies[2].pose.position.z,0.18467808011031156
65.218377214,1709142535.901359358,1709142535.900830137,/rigid_bodies.rigidbodies[2].pose.position.z,0.18469032464461646
65.227700907,1709142535.910683051,1709142535.910360569,/rigid_bodies.rigidbodies[2].pose.position.z,0.18452366442578408
65.238233758,1709142535.921215902,1709142535.920732758,/rigid_bodies.rigidbodies[2].pose.position.z,0.18449576141455337
65.247470667,1709142535.930452811,1709142535.930118387,/rigid_bodies.rigidbodies[2].pose.position.z,0.18445108235553304
65.258017661,1709142535.940999805,1709142535.940624165,/rigid_bodies.rigidbodies[2].pose.position.z,0.18461349414431327
65.267905931,1709142535.950888075,1709142535.950565172,/rigid_bodies.rigidbodies[2].pose.position.z,0.1847101975083148
65.277988826,1709142535.960970970,1709142535.960542429,/rigid_bodies.rigidbodies[2].pose.position.z,0.18445702152199572
65.2876797,1709142535.970661844,1709142535.970354145,/rigid_bodies.rigidbodies[2].pose.position.z,0.18431598554499676
65.298419353,1709142535.981401497,1709142535.981003783,/rigid_bodies.rigidbodies[2].pose.position.z,0.1844181383288272
65.308369957,1709142535.991352101,1709142535.990628638,/rigid_bodies.rigidbodies[2].pose.position.z,0.18445706786186092
65.318024805,1709142536.001006949,1709142536.000630841,/rigid_bodies.rigidbodies[2].pose.position.z,0.18461693941445037
65.327959409,1709142536.010941553,1709142536.010340044,/rigid_bodies.rigidbodies[2].pose.position.z,0.18442871279339484
65.337558086,1709142536.020540230,1709142536.020137045,/rigid_bodies.rigidbodies[2].pose.position.z,0.1843568548941464
65.347403563,1709142536.030385707,1709142536.030000858,/rigid_bodies.rigidbodies[2].pose.position.z,0.18442722164489345
65.35782549,1709142536.040807634,1709142536.040496558,/rigid_bodies.rigidbodies[2].pose.position.z,0.1844137811111739
65.367817483,1709142536.050799627,1709142536.050545057,/rigid_bodies.rigidbodies[2].pose.position.z,0.18445664149720803
65.377727837,1709142536.060709981,1709142536.060441291,/rigid_bodies.rigidbodies[2].pose.position.z,0.18445700348100705
65.387783257,1709142536.070765401,1709142536.070531985,/rigid_bodies.rigidbodies[2].pose.position.z,0.1845857706310634
65.398120377,1709142536.081102521,1709142536.080869961,/rigid_bodies.rigidbodies[2].pose.position.z,0.18468853232127838
65.407557536,1709142536.090539680,1709142536.090269942,/rigid_bodies.rigidbodies[2].pose.position.z,0.18484255889876627
65.418074004,1709142536.101056148,1709142536.100677813,/rigid_bodies.rigidbodies[2].pose.position.z,0.18468300329089696
65.427740757,1709142536.110722901,1709142536.110298639,/rigid_bodies.rigidbodies[2].pose.position.z,0.18459039373880964
65.437956364,1709142536.120938508,1709142536.120599798,/rigid_bodies.rigidbodies[2].pose.position.z,0.18457607473484944
65.448000602,1709142536.130982746,1709142536.130609079,/rigid_bodies.rigidbodies[2].pose.position.z,0.184260073025405
65.458440789,1709142536.141422933,1709142536.141005182,/rigid_bodies.rigidbodies[2].pose.position.z,0.1842623588001884
65.468449128,1709142536.151431272,1709142536.150982757,/rigid_bodies.rigidbodies[2].pose.position.z,0.18435638380994046
65.47825871,1709142536.161240854,1709142536.160579393,/rigid_bodies.rigidbodies[2].pose.position.z,0.18417783729138631
65.488124228,1709142536.171106372,1709142536.170626766,/rigid_bodies.rigidbodies[2].pose.position.z,0.18429975178625532
65.497988139,1709142536.180970283,1709142536.180411335,/rigid_bodies.rigidbodies[2].pose.position.z,0.18461177540521026
65.507988923,1709142536.190971067,1709142536.190577111,/rigid_bodies.rigidbodies[2].pose.position.z,0.1847440656705484
65.518238816,1709142536.201220960,1709142536.200817030,/rigid_bodies.rigidbodies[2].pose.position.z,0.1849192654478706
65.52827694,1709142536.211259084,1709142536.210665325,/rigid_bodies.rigidbodies[2].pose.position.z,0.18474460174257756
65.53802923,1709142536.221011374,1709142536.220445944,/rigid_bodies.rigidbodies[2].pose.position.z,0.18443561555490667
65.548466661,1709142536.231448805,1709142536.230906700,/rigid_bodies.rigidbodies[2].pose.position.z,0.18446293832738064
65.557969867,1709142536.240952011,1709142536.240403179,/rigid_bodies.rigidbodies[2].pose.position.z,0.18451526921456873
65.567548043,1709142536.250530187,1709142536.250023957,/rigid_bodies.rigidbodies[2].pose.position.z,0.18450300933087035
65.57780374,1709142536.260785884,1709142536.260296239,/rigid_bodies.rigidbodies[2].pose.position.z,0.18439497446961203
65.587811695,1709142536.270793839,1709142536.270447138,/rigid_bodies.rigidbodies[2].pose.position.z,0.18432972702504438
65.59787594,1709142536.280858084,1709142536.280322804,/rigid_bodies.rigidbodies[2].pose.position.z,0.18424892059837752
65.608083261,1709142536.291065405,1709142536.290386458,/rigid_bodies.rigidbodies[2].pose.position.z,0.1843812170265638
65.618130182,1709142536.301112326,1709142536.300647277,/rigid_bodies.rigidbodies[2].pose.position.z,0.1844809197462834
65.628536005,1709142536.311518149,1709142536.310943470,/rigid_bodies.rigidbodies[2].pose.position.z,0.18433350248604885
65.636477399,1709142536.319459543,1709142536.318938448,/rigid_bodies.rigidbodies[2].pose.position.z,0.18438373570562747
65.647610985,1709142536.330593129,1709142536.330084005,/rigid_bodies.rigidbodies[2].pose.position.z,0.184479913783167
65.658217109,1709142536.341199253,1709142536.340804421,/rigid_bodies.rigidbodies[2].pose.position.z,0.18457102735577072
65.668406807,1709142536.351388951,1709142536.350830866,/rigid_bodies.rigidbodies[2].pose.position.z,0.18484847705617677
65.678304551,1709142536.361286695,1709142536.360642597,/rigid_bodies.rigidbodies[2].pose.position.z,0.18478181889515677
65.688474967,1709142536.371457111,1709142536.370934015,/rigid_bodies.rigidbodies[2].pose.position.z,0.18454056956324133
65.698691105,1709142536.381673249,1709142536.381005337,/rigid_bodies.rigidbodies[2].pose.position.z,0.18441366298431736
65.70863971200001,1709142536.391621856,1709142536.391015663,/rigid_bodies.rigidbodies[2].pose.position.z,0.18423888917484485
65.717948284,1709142536.400930428,1709142536.400426424,/rigid_bodies.rigidbodies[2].pose.position.z,0.1840929768810293
65.728188613,1709142536.411170757,1709142536.410547023,/rigid_bodies.rigidbodies[2].pose.position.z,0.18426375658311614
65.738387206,1709142536.421369350,1709142536.420734010,/rigid_bodies.rigidbodies[2].pose.position.z,0.18437398446958977
65.748455197,1709142536.431437341,1709142536.431050801,/rigid_bodies.rigidbodies[2].pose.position.z,0.18454665100365156
65.758255688,1709142536.441237832,1709142536.440835594,/rigid_bodies.rigidbodies[2].pose.position.z,0.1847018051235577
65.768618818,1709142536.451600962,1709142536.451044428,/rigid_bodies.rigidbodies[2].pose.position.z,0.18458048957235978
65.777951431,1709142536.460933575,1709142536.460541816,/rigid_bodies.rigidbodies[2].pose.position.z,0.18458013164626766
65.788414731,1709142536.471396875,1709142536.470786784,/rigid_bodies.rigidbodies[2].pose.position.z,0.18455900728014682
65.797244083,1709142536.480226227,1709142536.479841760,/rigid_bodies.rigidbodies[2].pose.position.z,0.18444202893222952
65.807757029,1709142536.490739173,1709142536.490278019,/rigid_bodies.rigidbodies[2].pose.position.z,0.18451876235118447
65.81843877,1709142536.501420914,1709142536.500965649,/rigid_bodies.rigidbodies[2].pose.position.z,0.18450436428089353
65.828573854,1709142536.511555998,1709142536.510926117,/rigid_bodies.rigidbodies[2].pose.position.z,0.1843224838967313
65.837285195,1709142536.520267339,1709142536.519871428,/rigid_bodies.rigidbodies[2].pose.position.z,0.18443748906382265
65.848132234,1709142536.531114378,1709142536.530727685,/rigid_bodies.rigidbodies[2].pose.position.z,0.1845204026457101
65.857596409,1709142536.540578553,1709142536.540176027,/rigid_bodies.rigidbodies[2].pose.position.z,0.18450832367639589
65.868334306,1709142536.551316450,1709142536.550822851,/rigid_bodies.rigidbodies[2].pose.position.z,0.18442728302935849
65.877926036,1709142536.560908180,1709142536.560528494,/rigid_bodies.rigidbodies[2].pose.position.z,0.1843972583984314
65.888149508,1709142536.571131652,1709142536.570681769,/rigid_bodies.rigidbodies[2].pose.position.z,0.1843559006631602
65.89779034,1709142536.580772484,1709142536.580405929,/rigid_bodies.rigidbodies[2].pose.position.z,0.18447028070510044
65.907887399,1709142536.590869543,1709142536.590561608,/rigid_bodies.rigidbodies[2].pose.position.z,0.18462782743801096
65.91846391,1709142536.601446054,1709142536.600958817,/rigid_bodies.rigidbodies[2].pose.position.z,0.18466185147677378
65.927685695,1709142536.610667839,1709142536.610349928,/rigid_bodies.rigidbodies[2].pose.position.z,0.18479146040583755
65.938013121,1709142536.620995265,1709142536.620429677,/rigid_bodies.rigidbodies[2].pose.position.z,0.1844494447300567
65.948060445,1709142536.631042589,1709142536.630622395,/rigid_bodies.rigidbodies[2].pose.position.z,0.18437936932683724
65.957986003,1709142536.640968147,1709142536.640541944,/rigid_bodies.rigidbodies[2].pose.position.z,0.18438484995932936
65.968001415,1709142536.650983559,1709142536.650531661,/rigid_bodies.rigidbodies[2].pose.position.z,0.1842866393423284
65.977815677,1709142536.660797821,1709142536.660498379,/rigid_bodies.rigidbodies[2].pose.position.z,0.1843716540112819
65.987852848,1709142536.670834992,1709142536.670513277,/rigid_bodies.rigidbodies[2].pose.position.z,0.18450828997668156
65.998132366,1709142536.681114510,1709142536.680615061,/rigid_bodies.rigidbodies[2].pose.position.z,0.18454047183023373
66.007943754,1709142536.690925898,1709142536.690514188,/rigid_bodies.rigidbodies[2].pose.position.z,0.1847763111131628
66.017982054,1709142536.700964198,1709142536.700556742,/rigid_bodies.rigidbodies[2].pose.position.z,0.1848139855486509
66.028075162,1709142536.711057306,1709142536.710500791,/rigid_bodies.rigidbodies[2].pose.position.z,0.18448566209836537
66.038145952,1709142536.721128096,1709142536.720644826,/rigid_bodies.rigidbodies[2].pose.position.z,0.1843990857297783
66.047913701,1709142536.730895845,1709142536.730430931,/rigid_bodies.rigidbodies[2].pose.position.z,0.1843194726845509
66.0580985,1709142536.741080644,1709142536.740615372,/rigid_bodies.rigidbodies[2].pose.position.z,0.18433081000391316
66.068225292,1709142536.751207436,1709142536.750661771,/rigid_bodies.rigidbodies[2].pose.position.z,0.18436365762390405
66.078260988,1709142536.761243132,1709142536.760726355,/rigid_bodies.rigidbodies[2].pose.position.z,0.18431534998984378
66.088127409,1709142536.771109553,1709142536.770646361,/rigid_bodies.rigidbodies[2].pose.position.z,0.18434548367549602
66.09806105,1709142536.781043194,1709142536.780594266,/rigid_bodies.rigidbodies[2].pose.position.z,0.18454185906400378
66.107707202,1709142536.790689346,1709142536.790130550,/rigid_bodies.rigidbodies[2].pose.position.z,0.18488863876656741
66.118651813,1709142536.801633957,1709142536.801045894,/rigid_bodies.rigidbodies[2].pose.position.z,0.18472069801082133
66.12822305,1709142536.811205194,1709142536.810580374,/rigid_bodies.rigidbodies[2].pose.position.z,0.1845602068700033
66.138562849,1709142536.821544993,1709142536.820811094,/rigid_bodies.rigidbodies[2].pose.position.z,0.1842054311988309
66.148527438,1709142536.831509582,1709142536.831063736,/rigid_bodies.rigidbodies[2].pose.position.z,0.18417876441534034
66.157640982,1709142536.840623126,1709142536.840162664,/rigid_bodies.rigidbodies[2].pose.position.z,0.1844415998627403
66.16815783,1709142536.851139974,1709142536.850711148,/rigid_bodies.rigidbodies[2].pose.position.z,0.18449969785659082
66.178004172,1709142536.860986316,1709142536.860530861,/rigid_bodies.rigidbodies[2].pose.position.z,0.18452607054782774
66.188368157,1709142536.871350301,1709142536.870736909,/rigid_bodies.rigidbodies[2].pose.position.z,0.18445537075931645
66.198095987,1709142536.881078131,1709142536.880597827,/rigid_bodies.rigidbodies[2].pose.position.z,0.18448256140825783
66.208060096,1709142536.891042240,1709142536.890642109,/rigid_bodies.rigidbodies[2].pose.position.z,0.1844885527381967
66.217933056,1709142536.900915200,1709142536.900427404,/rigid_bodies.rigidbodies[2].pose.position.z,0.18458358505083206
66.227870444,1709142536.910852588,1709142536.910445018,/rigid_bodies.rigidbodies[2].pose.position.z,0.18458407181472292
66.23822521,1709142536.921207354,1709142536.920806581,/rigid_bodies.rigidbodies[2].pose.position.z,0.18449548032130986
66.248249518,1709142536.931231662,1709142536.930655542,/rigid_bodies.rigidbodies[2].pose.position.z,0.1845371649605918
66.257887548,1709142536.940869692,1709142536.940304386,/rigid_bodies.rigidbodies[2].pose.position.z,0.1845849477009869
66.268355389,1709142536.951337533,1709142536.950890335,/rigid_bodies.rigidbodies[2].pose.position.z,0.18446992950037133
66.277885644,1709142536.960867788,1709142536.960284300,/rigid_bodies.rigidbodies[2].pose.position.z,0.18444854881265177
66.287665768,1709142536.970647912,1709142536.970126833,/rigid_bodies.rigidbodies[2].pose.position.z,0.18417650838284838
66.298117988,1709142536.981100132,1709142536.980647012,/rigid_bodies.rigidbodies[2].pose.position.z,0.18421840734891584
66.307914928,1709142536.990897072,1709142536.990486344,/rigid_bodies.rigidbodies[2].pose.position.z,0.18446398412679446
66.318396581,1709142537.001378725,1709142537.000735355,/rigid_bodies.rigidbodies[2].pose.position.z,0.1845459296246014
66.327727558,1709142537.010709702,1709142537.010172526,/rigid_bodies.rigidbodies[2].pose.position.z,0.1847074423893602
66.338107705,1709142537.021089849,1709142537.020579281,/rigid_bodies.rigidbodies[2].pose.position.z,0.18460785882577713
66.348495017,1709142537.031477161,1709142537.030939034,/rigid_bodies.rigidbodies[2].pose.position.z,0.1845859313096077
66.357712374,1709142537.040694518,1709142537.040307424,/rigid_bodies.rigidbodies[2].pose.position.z,0.18476174553819283
66.368319169,1709142537.051301313,1709142537.050830871,/rigid_bodies.rigidbodies[2].pose.position.z,0.18489824989143092
66.37799407,1709142537.060976214,1709142537.060445197,/rigid_bodies.rigidbodies[2].pose.position.z,0.18466600120330598
66.388031774,1709142537.071013918,1709142537.070513558,/rigid_bodies.rigidbodies[2].pose.position.z,0.18436973822830388
66.398389654,1709142537.081371798,1709142537.080741256,/rigid_bodies.rigidbodies[2].pose.position.z,0.18408197618565328
66.407859693,1709142537.090841837,1709142537.090304933,/rigid_bodies.rigidbodies[2].pose.position.z,0.18406229715895733
66.417903857,1709142537.100886001,1709142537.100645782,/rigid_bodies.rigidbodies[2].pose.position.z,0.184396185270735
66.427227881,1709142537.110210025,1709142537.110024373,/rigid_bodies.rigidbodies[2].pose.position.z,0.18458150217213734
66.437412273,1709142537.120394417,1709142537.120246697,/rigid_bodies.rigidbodies[2].pose.position.z,0.1845055230813934
66.447491708,1709142537.130473852,1709142537.130122654,/rigid_bodies.rigidbodies[2].pose.position.z,0.18454298831665136
66.45813547,1709142537.141117614,1709142537.140554519,/rigid_bodies.rigidbodies[2].pose.position.z,0.18467841405966953
66.468402272,1709142537.151384416,1709142537.150815627,/rigid_bodies.rigidbodies[2].pose.position.z,0.18474356564997504
66.478379438,1709142537.161361582,1709142537.160895837,/rigid_bodies.rigidbodies[2].pose.position.z,0.18480842488207894
66.488531534,1709142537.171513678,1709142537.170953745,/rigid_bodies.rigidbodies[2].pose.position.z,0.184641765525415
66.498503479,1709142537.181485623,1709142537.180792331,/rigid_bodies.rigidbodies[2].pose.position.z,0.1843147593531018
66.508297723,1709142537.191279867,1709142537.190733866,/rigid_bodies.rigidbodies[2].pose.position.z,0.18432563899704113
66.518330047,1709142537.201312191,1709142537.200784079,/rigid_bodies.rigidbodies[2].pose.position.z,0.18442636196225282
66.528204349,1709142537.211186493,1709142537.210336315,/rigid_bodies.rigidbodies[2].pose.position.z,0.18447649123066723
66.538786589,1709142537.221768733,1709142537.221159523,/rigid_bodies.rigidbodies[2].pose.position.z,0.18447814565237877
66.547178018,1709142537.230160162,1709142537.229777011,/rigid_bodies.rigidbodies[2].pose.position.z,0.18436329750881852
66.558166514,1709142537.241148658,1709142537.240696483,/rigid_bodies.rigidbodies[2].pose.position.z,0.1845596665309844
66.568398061,1709142537.251380205,1709142537.250903923,/rigid_bodies.rigidbodies[2].pose.position.z,0.18468039274239612
66.578036359,1709142537.261018503,1709142537.260591800,/rigid_bodies.rigidbodies[2].pose.position.z,0.18477159576196173
66.588809437,1709142537.271791581,1709142537.271140843,/rigid_bodies.rigidbodies[2].pose.position.z,0.18470881846171255
66.598520892,1709142537.281503036,1709142537.280838649,/rigid_bodies.rigidbodies[2].pose.position.z,0.18449131992408185
66.607979487,1709142537.290961631,1709142537.290504468,/rigid_bodies.rigidbodies[2].pose.position.z,0.1842886565279811
66.618260202,1709142537.301242346,1709142537.300761662,/rigid_bodies.rigidbodies[2].pose.position.z,0.18455851470467846
66.626935326,1709142537.309917470,1709142537.309449531,/rigid_bodies.rigidbodies[2].pose.position.z,0.18465627321502065
66.638060297,1709142537.321042441,1709142537.320673941,/rigid_bodies.rigidbodies[2].pose.position.z,0.18454846142747347
66.648208537,1709142537.331190681,1709142537.330813230,/rigid_bodies.rigidbodies[2].pose.position.z,0.1843723521567063
66.658396929,1709142537.341379073,1709142537.340873191,/rigid_bodies.rigidbodies[2].pose.position.z,0.18441920300345055
66.667498666,1709142537.350480810,1709142537.350101488,/rigid_bodies.rigidbodies[2].pose.position.z,0.18446667290665097
66.67775128,1709142537.360733424,1709142537.360397686,/rigid_bodies.rigidbodies[2].pose.position.z,0.1847147237862413
66.688231128,1709142537.371213272,1709142537.370686856,/rigid_bodies.rigidbodies[2].pose.position.z,0.1846720799165556
66.698349328,1709142537.381331472,1709142537.380874769,/rigid_bodies.rigidbodies[2].pose.position.z,0.1843575672706557
66.708997413,1709142537.391979557,1709142537.391511113,/rigid_bodies.rigidbodies[2].pose.position.z,0.18435189781419853
66.717997237,1709142537.400979381,1709142537.400428696,/rigid_bodies.rigidbodies[2].pose.position.z,0.18441356499318667
66.72781635,1709142537.410798494,1709142537.410469995,/rigid_bodies.rigidbodies[2].pose.position.z,0.1845025118547996
66.737858006,1709142537.420840150,1709142537.420411527,/rigid_bodies.rigidbodies[2].pose.position.z,0.1844269544822503
66.748339239,1709142537.431321383,1709142537.430909868,/rigid_bodies.rigidbodies[2].pose.position.z,0.18426865282688257
66.757708644,1709142537.440690788,1709142537.440346965,/rigid_bodies.rigidbodies[2].pose.position.z,0.184279654124144
66.768875208,1709142537.451857352,1709142537.451260042,/rigid_bodies.rigidbodies[2].pose.position.z,0.18451025147325598
66.778179946,1709142537.461162090,1709142537.460522142,/rigid_bodies.rigidbodies[2].pose.position.z,0.18476197328389699
66.788620271,1709142537.471602415,1709142537.471037785,/rigid_bodies.rigidbodies[2].pose.position.z,0.18484573121098202
66.798731728,1709142537.481713872,1709142537.480877392,/rigid_bodies.rigidbodies[2].pose.position.z,0.18473673026202947
66.808449258,1709142537.491431402,1709142537.490800438,/rigid_bodies.rigidbodies[2].pose.position.z,0.1845381443097115
66.817348434,1709142537.500330578,1709142537.499751558,/rigid_bodies.rigidbodies[2].pose.position.z,0.1844419181667576
66.828525352,1709142537.511507496,1709142537.510791885,/rigid_bodies.rigidbodies[2].pose.position.z,0.18462678117038991
66.838834221,1709142537.521816365,1709142537.521211114,/rigid_bodies.rigidbodies[2].pose.position.z,0.1845774499854195
66.848106239,1709142537.531088383,1709142537.530675416,/rigid_bodies.rigidbodies[2].pose.position.z,0.18420854520820545
66.85872457,1709142537.541706714,1709142537.540993116,/rigid_bodies.rigidbodies[2].pose.position.z,0.18411344923316364
66.868672831,1709142537.551654975,1709142537.551112551,/rigid_bodies.rigidbodies[2].pose.position.z,0.1841765106729058
66.878051488,1709142537.561033632,1709142537.560556482,/rigid_bodies.rigidbodies[2].pose.position.z,0.1844920393609734
66.888320446,1709142537.571302590,1709142537.570658710,/rigid_bodies.rigidbodies[2].pose.position.z,0.1847483875946076
66.898194104,1709142537.581176248,1709142537.580773086,/rigid_bodies.rigidbodies[2].pose.position.z,0.18477251304915135
66.907658025,1709142537.590640169,1709142537.590033996,/rigid_bodies.rigidbodies[2].pose.position.z,0.18470200910845463
66.918578385,1709142537.601560529,1709142537.600836408,/rigid_bodies.rigidbodies[2].pose.position.z,0.1845768130874569
66.92383035,1709142537.606812494,1709142537.606184249,/rigid_bodies.rigidbodies[2].pose.position.z,0.18465996055968634
66.937863056,1709142537.620845200,1709142537.620208791,/rigid_bodies.rigidbodies[2].pose.position.z,0.18467542635882245
66.948217599,1709142537.631199743,1709142537.630600450,/rigid_bodies.rigidbodies[2].pose.position.z,0.18449525028179853
66.958712117,1709142537.641694261,1709142537.640954549,/rigid_bodies.rigidbodies[2].pose.position.z,0.1843363427968879
66.968183002,1709142537.651165146,1709142537.650614878,/rigid_bodies.rigidbodies[2].pose.position.z,0.18432692633211412
66.977998383,1709142537.660980527,1709142537.660375262,/rigid_bodies.rigidbodies[2].pose.position.z,0.18451820927150808
66.988472836,1709142537.671454980,1709142537.670785728,/rigid_bodies.rigidbodies[2].pose.position.z,0.18453307021919954
66.998042406,1709142537.681024550,1709142537.680513923,/rigid_bodies.rigidbodies[2].pose.position.z,0.1845055674523023
67.007970496,1709142537.690952640,1709142537.690440073,/rigid_bodies.rigidbodies[2].pose.position.z,0.18437195679966753
67.018232997,1709142537.701215141,1709142537.700612136,/rigid_bodies.rigidbodies[2].pose.position.z,0.18441477633208336
67.027979169,1709142537.710961313,1709142537.710507563,/rigid_bodies.rigidbodies[2].pose.position.z,0.18465163680268973
67.038746307,1709142537.721728451,1709142537.720887748,/rigid_bodies.rigidbodies[2].pose.position.z,0.18475143599662452
67.048130453,1709142537.731112597,1709142537.730740735,/rigid_bodies.rigidbodies[2].pose.position.z,0.18464008804702703
67.057937558,1709142537.740919702,1709142537.740526108,/rigid_bodies.rigidbodies[2].pose.position.z,0.18457005323460687
67.068534013,1709142537.751516157,1709142537.750858100,/rigid_bodies.rigidbodies[2].pose.position.z,0.18452073725740697
67.078564636,1709142537.761546780,1709142537.760879901,/rigid_bodies.rigidbodies[2].pose.position.z,0.18449779733824762
67.087881533,1709142537.770863677,1709142537.770384674,/rigid_bodies.rigidbodies[2].pose.position.z,0.1847781787887784
67.098947566,1709142537.781929710,1709142537.781184272,/rigid_bodies.rigidbodies[2].pose.position.z,0.1846345626161096
67.108337539,1709142537.791319683,1709142537.790579242,/rigid_bodies.rigidbodies[2].pose.position.z,0.18434105870075532
67.118608037,1709142537.801590181,1709142537.800887650,/rigid_bodies.rigidbodies[2].pose.position.z,0.18425521323452432
67.12811165,1709142537.811093794,1709142537.810486685,/rigid_bodies.rigidbodies[2].pose.position.z,0.18436077306486354
67.13852486,1709142537.821507004,1709142537.820846444,/rigid_bodies.rigidbodies[2].pose.position.z,0.18453366064317522
67.148462677,1709142537.831444821,1709142537.831098914,/rigid_bodies.rigidbodies[2].pose.position.z,0.1845812056603562
67.158379837,1709142537.841361981,1709142537.840925227,/rigid_bodies.rigidbodies[2].pose.position.z,0.18462783528032473
67.168157172,1709142537.851139316,1709142537.850642668,/rigid_bodies.rigidbodies[2].pose.position.z,0.18449671897764278
67.178127023,1709142537.861109167,1709142537.860585374,/rigid_bodies.rigidbodies[2].pose.position.z,0.1845420355526321
67.188031244,1709142537.871013388,1709142537.870478496,/rigid_bodies.rigidbodies[2].pose.position.z,0.18467493909846275
67.199312682,1709142537.882294826,1709142537.881635727,/rigid_bodies.rigidbodies[2].pose.position.z,0.18458230227713754
67.208367001,1709142537.891349145,1709142537.890766847,/rigid_bodies.rigidbodies[2].pose.position.z,0.184567602695252
67.218082024,1709142537.901064168,1709142537.900613551,/rigid_bodies.rigidbodies[2].pose.position.z,0.18452527857409495
67.227687499,1709142537.910669643,1709142537.910135043,/rigid_bodies.rigidbodies[2].pose.position.z,0.18438903599359707
67.237991502,1709142537.920973646,1709142537.920518885,/rigid_bodies.rigidbodies[2].pose.position.z,0.18445630273977592
67.247816361,1709142537.930798505,1709142537.930529475,/rigid_bodies.rigidbodies[2].pose.position.z,0.18452079156302503
67.257407189,1709142537.940389333,1709142537.940104886,/rigid_bodies.rigidbodies[2].pose.position.z,0.18456061274622318
67.268106649,1709142537.951088793,1709142537.950703117,/rigid_bodies.rigidbodies[2].pose.position.z,0.18463054840695753
67.277969855,1709142537.960951999,1709142537.960694690,/rigid_bodies.rigidbodies[2].pose.position.z,0.1846065829929512
67.287912777,1709142537.970894921,1709142537.970656694,/rigid_bodies.rigidbodies[2].pose.position.z,0.18446743106868665
67.298402197,1709142537.981384341,1709142537.980878933,/rigid_bodies.rigidbodies[2].pose.position.z,0.18447777157477147
67.306979832,1709142537.989961976,1709142537.989715376,/rigid_bodies.rigidbodies[2].pose.position.z,0.18431479912277532
67.318219186,1709142538.001201330,1709142538.000816328,/rigid_bodies.rigidbodies[2].pose.position.z,0.1845450853691686
67.328065525,1709142538.011047669,1709142538.010590415,/rigid_bodies.rigidbodies[2].pose.position.z,0.18466710635638922
67.337500841,1709142538.020482985,1709142538.020132071,/rigid_bodies.rigidbodies[2].pose.position.z,0.1845167596820164
67.348078891,1709142538.031061035,1709142538.030785795,/rigid_bodies.rigidbodies[2].pose.position.z,0.18452693569645778
67.357684208,1709142538.040666352,1709142538.040404833,/rigid_bodies.rigidbodies[2].pose.position.z,0.18452408053189276
67.367909328,1709142538.050891472,1709142538.050623005,/rigid_bodies.rigidbodies[2].pose.position.z,0.1845258384434423
67.377726859,1709142538.060709003,1709142538.060453020,/rigid_bodies.rigidbodies[2].pose.position.z,0.1846252696379323
67.387604241,1709142538.070586385,1709142538.070387992,/rigid_bodies.rigidbodies[2].pose.position.z,0.1845866017887028
67.397853078,1709142538.080835222,1709142538.080536202,/rigid_bodies.rigidbodies[2].pose.position.z,0.18440116645347662
67.406859279,1709142538.089841423,1709142538.089691842,/rigid_bodies.rigidbodies[2].pose.position.z,0.18445090499425157
67.417976049,1709142538.100958193,1709142538.100694373,/rigid_bodies.rigidbodies[2].pose.position.z,0.184571886980369
67.427648166,1709142538.110630310,1709142538.110342521,/rigid_bodies.rigidbodies[2].pose.position.z,0.18447727373026984
67.438185512,1709142538.121167656,1709142538.120814759,/rigid_bodies.rigidbodies[2].pose.position.z,0.18454307308037832
67.448152733,1709142538.131134877,1709142538.130762951,/rigid_bodies.rigidbodies[2].pose.position.z,0.1845310516271679
67.458200659,1709142538.141182803,1709142538.140652199,/rigid_bodies.rigidbodies[2].pose.position.z,0.18431197921030892
67.468288283,1709142538.151270427,1709142538.150673809,/rigid_bodies.rigidbodies[2].pose.position.z,0.18449022147181696
67.477888097,1709142538.160870241,1709142538.160467112,/rigid_bodies.rigidbodies[2].pose.position.z,0.18463335309837403
67.488428857,1709142538.171411001,1709142538.170953321,/rigid_bodies.rigidbodies[2].pose.position.z,0.18464630528850348
67.498677719,1709142538.181659863,1709142538.181105702,/rigid_bodies.rigidbodies[2].pose.position.z,0.18473762837086508
67.508038581,1709142538.191020725,1709142538.190563343,/rigid_bodies.rigidbodies[2].pose.position.z,0.18459632108286814
67.518238811,1709142538.201220955,1709142538.200678905,/rigid_bodies.rigidbodies[2].pose.position.z,0.18449640683847693
67.527609224,1709142538.210591368,1709142538.210058725,/rigid_bodies.rigidbodies[2].pose.position.z,0.18438154601130666
67.538184658,1709142538.221166802,1709142538.220566483,/rigid_bodies.rigidbodies[2].pose.position.z,0.18435658647614853
67.548026071,1709142538.231008215,1709142538.230589236,/rigid_bodies.rigidbodies[2].pose.position.z,0.18428276523442125
67.557646378,1709142538.240628522,1709142538.240262601,/rigid_bodies.rigidbodies[2].pose.position.z,0.18437084649382138
67.567988288,1709142538.250970432,1709142538.250630075,/rigid_bodies.rigidbodies[2].pose.position.z,0.18448706513130309
67.577793697,1709142538.260775841,1709142538.260378311,/rigid_bodies.rigidbodies[2].pose.position.z,0.18456821487198455
67.588187993,1709142538.271170137,1709142538.270645856,/rigid_bodies.rigidbodies[2].pose.position.z,0.18468358993630268
67.598454681,1709142538.281436825,1709142538.280853997,/rigid_bodies.rigidbodies[2].pose.position.z,0.18463718753778371
67.608132871,1709142538.291115015,1709142538.290587967,/rigid_bodies.rigidbodies[2].pose.position.z,0.18464594426147132
67.61864445,1709142538.301626594,1709142538.301026250,/rigid_bodies.rigidbodies[2].pose.position.z,0.18471552499048655
67.628239259,1709142538.311221403,1709142538.310643894,/rigid_bodies.rigidbodies[2].pose.position.z,0.18466664127626908
67.638224138,1709142538.321206282,1709142538.320738703,/rigid_bodies.rigidbodies[2].pose.position.z,0.18446461423525493
67.647921013,1709142538.330903157,1709142538.330421005,/rigid_bodies.rigidbodies[2].pose.position.z,0.18442927308479545
67.658429275,1709142538.341411419,1709142538.340892238,/rigid_bodies.rigidbodies[2].pose.position.z,0.18423447074569438
67.66803523,1709142538.351017374,1709142538.350605453,/rigid_bodies.rigidbodies[2].pose.position.z,0.1844296656262697
67.678007379,1709142538.360989523,1709142538.360500472,/rigid_bodies.rigidbodies[2].pose.position.z,0.1844310279965716
67.688195733,1709142538.371177877,1709142538.370883714,/rigid_bodies.rigidbodies[2].pose.position.z,0.18471825219954197
67.698966026,1709142538.381948170,1709142538.381559679,/rigid_bodies.rigidbodies[2].pose.position.z,0.18466430577785303
67.70803219,1709142538.391014334,1709142538.390568649,/rigid_bodies.rigidbodies[2].pose.position.z,0.18441839186406292
67.718402382,1709142538.401384526,1709142538.400773821,/rigid_bodies.rigidbodies[2].pose.position.z,0.18432347546461528
67.728203495,1709142538.411185639,1709142538.410643104,/rigid_bodies.rigidbodies[2].pose.position.z,0.18450620585834282
67.738026341,1709142538.421008485,1709142538.420639661,/rigid_bodies.rigidbodies[2].pose.position.z,0.18473634386616422
67.748463615,1709142538.431445759,1709142538.431086711,/rigid_bodies.rigidbodies[2].pose.position.z,0.18471565211775529
67.758190783,1709142538.441172927,1709142538.440732144,/rigid_bodies.rigidbodies[2].pose.position.z,0.18451604023484003
67.767647244,1709142538.450629388,1709142538.450284827,/rigid_bodies.rigidbodies[2].pose.position.z,0.18439355821638206
67.777876849,1709142538.460858993,1709142538.460450972,/rigid_bodies.rigidbodies[2].pose.position.z,0.18436382724912037
67.788336772,1709142538.471318916,1709142538.470832472,/rigid_bodies.rigidbodies[2].pose.position.z,0.18457073361883647
67.798121988,1709142538.481104132,1709142538.480746069,/rigid_bodies.rigidbodies[2].pose.position.z,0.18459052247545923
67.808815815,1709142538.491797959,1709142538.491259308,/rigid_bodies.rigidbodies[2].pose.position.z,0.1844977013903213
67.818009106,1709142538.500991250,1709142538.500499760,/rigid_bodies.rigidbodies[2].pose.position.z,0.18467158916930865
67.827987823,1709142538.510969967,1709142538.510535757,/rigid_bodies.rigidbodies[2].pose.position.z,0.1847358415235225
67.838724452,1709142538.521706596,1709142538.521165150,/rigid_bodies.rigidbodies[2].pose.position.z,0.18466516526106497
67.847547758,1709142538.530529902,1709142538.530234846,/rigid_bodies.rigidbodies[2].pose.position.z,0.1846850549808151
67.858066282,1709142538.541048426,1709142538.540537841,/rigid_bodies.rigidbodies[2].pose.position.z,0.1845191084363223
67.868431659,1709142538.551413803,1709142538.550874589,/rigid_bodies.rigidbodies[2].pose.position.z,0.1844347514916442
67.877772066,1709142538.560754210,1709142538.560287070,/rigid_bodies.rigidbodies[2].pose.position.z,0.18442809757962178
67.887576726,1709142538.570558870,1709142538.570214863,/rigid_bodies.rigidbodies[2].pose.position.z,0.18450374734933528
67.898688986,1709142538.581671130,1709142538.581356381,/rigid_bodies.rigidbodies[2].pose.position.z,0.18436361136679233
67.907905155,1709142538.590887299,1709142538.590444822,/rigid_bodies.rigidbodies[2].pose.position.z,0.18444430260957423
67.917742609,1709142538.600724753,1709142538.600350209,/rigid_bodies.rigidbodies[2].pose.position.z,0.18465617764756026
67.928217735,1709142538.611199879,1709142538.610851470,/rigid_bodies.rigidbodies[2].pose.position.z,0.1847839716276063
67.93743343,1709142538.620415574,1709142538.620050258,/rigid_bodies.rigidbodies[2].pose.position.z,0.18489134545864727
67.948794017,1709142538.631776161,1709142538.631354386,/rigid_bodies.rigidbodies[2].pose.position.z,0.18464160773988889
67.958121369,1709142538.641103513,1709142538.640599557,/rigid_bodies.rigidbodies[2].pose.position.z,0.18439649579968817
67.967994694,1709142538.650976838,1709142538.650500350,/rigid_bodies.rigidbodies[2].pose.position.z,0.18435674985597694
67.977857785,1709142538.660839929,1709142538.660408004,/rigid_bodies.rigidbodies[2].pose.position.z,0.184438740749105
67.987721389,1709142538.670703533,1709142538.670215392,/rigid_bodies.rigidbodies[2].pose.position.z,0.1844350094361038
67.998406251,1709142538.681388395,1709142538.680927301,/rigid_bodies.rigidbodies[2].pose.position.z,0.1843857331057541
68.007507937,1709142538.690490081,1709142538.690251663,/rigid_bodies.rigidbodies[2].pose.position.z,0.18440890623826417
68.017931051,1709142538.700913195,1709142538.700523753,/rigid_bodies.rigidbodies[2].pose.position.z,0.18441088081617582
68.028689444,1709142538.711671588,1709142538.711058935,/rigid_bodies.rigidbodies[2].pose.position.z,0.18455474271345354
68.038513795,1709142538.721495939,1709142538.721000355,/rigid_bodies.rigidbodies[2].pose.position.z,0.18472027789294423
68.048648416,1709142538.731630560,1709142538.731017916,/rigid_bodies.rigidbodies[2].pose.position.z,0.18479602202675047
68.058498993,1709142538.741481137,1709142538.740978309,/rigid_bodies.rigidbodies[2].pose.position.z,0.18470386620263074
68.06842807,1709142538.751410214,1709142538.750837213,/rigid_bodies.rigidbodies[2].pose.position.z,0.18455501816722017
68.078433953,1709142538.761416097,1709142538.760766001,/rigid_bodies.rigidbodies[2].pose.position.z,0.18468569957300787
68.088491101,1709142538.771473245,1709142538.770962091,/rigid_bodies.rigidbodies[2].pose.position.z,0.18468318894787705
68.098548954,1709142538.781531098,1709142538.781065770,/rigid_bodies.rigidbodies[2].pose.position.z,0.18453987717011594
68.108029896,1709142538.791012040,1709142538.790567073,/rigid_bodies.rigidbodies[2].pose.position.z,0.184464661084849
68.118357607,1709142538.801339751,1709142538.800812121,/rigid_bodies.rigidbodies[2].pose.position.z,0.18439726423126238
68.128088768,1709142538.811070912,1709142538.810315692,/rigid_bodies.rigidbodies[2].pose.position.z,0.1843994387058978
68.138224071,1709142538.821206215,1709142538.820662579,/rigid_bodies.rigidbodies[2].pose.position.z,0.18445482195401286
68.148345639,1709142538.831327783,1709142538.830919582,/rigid_bodies.rigidbodies[2].pose.position.z,0.1844993203169308
68.158094655,1709142538.841076799,1709142538.840611904,/rigid_bodies.rigidbodies[2].pose.position.z,0.18450139586175704
68.168028585,1709142538.851010729,1709142538.850584274,/rigid_bodies.rigidbodies[2].pose.position.z,0.18443369380003086
68.177784811,1709142538.860766955,1709142538.860321092,/rigid_bodies.rigidbodies[2].pose.position.z,0.18454317610373622
68.188237301,1709142538.871219445,1709142538.870703051,/rigid_bodies.rigidbodies[2].pose.position.z,0.1847966439775349
68.198504793,1709142538.881486937,1709142538.880939899,/rigid_bodies.rigidbodies[2].pose.position.z,0.18477841248279198
68.207983042,1709142538.890965186,1709142538.890440263,/rigid_bodies.rigidbodies[2].pose.position.z,0.18463186610387836
68.217994211,1709142538.900976355,1709142538.900467920,/rigid_bodies.rigidbodies[2].pose.position.z,0.1845559763420941
68.228066125,1709142538.911048269,1709142538.910595253,/rigid_bodies.rigidbodies[2].pose.position.z,0.1847134968912607
68.237996907,1709142538.920979051,1709142538.920371756,/rigid_bodies.rigidbodies[2].pose.position.z,0.1846087471820833
68.248113173,1709142538.931095317,1709142538.930775207,/rigid_bodies.rigidbodies[2].pose.position.z,0.18454169224028844
68.257708183,1709142538.940690327,1709142538.940327782,/rigid_bodies.rigidbodies[2].pose.position.z,0.18446063330368057
68.268177183,1709142538.951159327,1709142538.950674635,/rigid_bodies.rigidbodies[2].pose.position.z,0.18434823766266736
68.277725862,1709142538.960708006,1709142538.960296746,/rigid_bodies.rigidbodies[2].pose.position.z,0.18432889525406249
68.287956222,1709142538.970938366,1709142538.970540796,/rigid_bodies.rigidbodies[2].pose.position.z,0.18460326630255186
68.297862397,1709142538.980844541,1709142538.980276310,/rigid_bodies.rigidbodies[2].pose.position.z,0.18465727920990968
68.308101181,1709142538.991083325,1709142538.990625343,/rigid_bodies.rigidbodies[2].pose.position.z,0.18459028037236902
68.317620838,1709142539.000602982,1709142539.000210639,/rigid_bodies.rigidbodies[2].pose.position.z,0.18441041313399212
68.327763567,1709142539.010745711,1709142539.010173696,/rigid_bodies.rigidbodies[2].pose.position.z,0.1846829480478824
68.338618779,1709142539.021600923,1709142539.020980652,/rigid_bodies.rigidbodies[2].pose.position.z,0.18472275221952325
68.348460014,1709142539.031442158,1709142539.031047696,/rigid_bodies.rigidbodies[2].pose.position.z,0.18472849622556103
68.357991633,1709142539.040973777,1709142539.040486802,/rigid_bodies.rigidbodies[2].pose.position.z,0.1847963013461016
68.368269906,1709142539.051252050,1709142539.050800644,/rigid_bodies.rigidbodies[2].pose.position.z,0.18465256074309805
68.377998214,1709142539.060980358,1709142539.060479128,/rigid_bodies.rigidbodies[2].pose.position.z,0.1846439329772827
68.388482596,1709142539.071464740,1709142539.070801839,/rigid_bodies.rigidbodies[2].pose.position.z,0.18450637928597488
68.398344123,1709142539.081326267,1709142539.080756577,/rigid_bodies.rigidbodies[2].pose.position.z,0.18444285070517014
68.409321161,1709142539.092303305,1709142539.091810981,/rigid_bodies.rigidbodies[2].pose.position.z,0.18439540705148633
68.418979168,1709142539.101961312,1709142539.101251541,/rigid_bodies.rigidbodies[2].pose.position.z,0.18430916924138235
68.428144188,1709142539.111126332,1709142539.110447145,/rigid_bodies.rigidbodies[2].pose.position.z,0.18427681649322536
68.437926254,1709142539.120908398,1709142539.120513329,/rigid_bodies.rigidbodies[2].pose.position.z,0.18440542940045032
68.443443966,1709142539.126426110,1709142539.125989425,/rigid_bodies.rigidbodies[2].pose.position.z,0.18450490161147354
68.457883723,1709142539.140865867,1709142539.140321226,/rigid_bodies.rigidbodies[2].pose.position.z,0.1846169173730733
68.467999423,1709142539.150981567,1709142539.150384730,/rigid_bodies.rigidbodies[2].pose.position.z,0.18466744779774832
68.477958814,1709142539.160940958,1709142539.160474338,/rigid_bodies.rigidbodies[2].pose.position.z,0.18472435323581943
68.488302434,1709142539.171284578,1709142539.170673301,/rigid_bodies.rigidbodies[2].pose.position.z,0.1846843108632513
68.498767977,1709142539.181750121,1709142539.181305163,/rigid_bodies.rigidbodies[2].pose.position.z,0.18456705217252267
68.507302509,1709142539.190284653,1709142539.189688128,/rigid_bodies.rigidbodies[2].pose.position.z,0.18452069666662665
68.51825746,1709142539.201239604,1709142539.200777987,/rigid_bodies.rigidbodies[2].pose.position.z,0.18451398027121158
68.52757549,1709142539.210557634,1709142539.210235868,/rigid_bodies.rigidbodies[2].pose.position.z,0.18444873578152038
68.538236379,1709142539.221218523,1709142539.220717211,/rigid_bodies.rigidbodies[2].pose.position.z,0.18452281356136063
68.548303123,1709142539.231285267,1709142539.230817699,/rigid_bodies.rigidbodies[2].pose.position.z,0.18447488589656058
68.558245763,1709142539.241227907,1709142539.240789486,/rigid_bodies.rigidbodies[2].pose.position.z,0.18436798067957133
68.568226445,1709142539.251208589,1709142539.250747064,/rigid_bodies.rigidbodies[2].pose.position.z,0.18428362389429787
68.578155737,1709142539.261137881,1709142539.260636825,/rigid_bodies.rigidbodies[2].pose.position.z,0.1843124232554769
68.588470955,1709142539.271453099,1709142539.270970605,/rigid_bodies.rigidbodies[2].pose.position.z,0.1844413812396687
68.598145127,1709142539.281127271,1709142539.280690617,/rigid_bodies.rigidbodies[2].pose.position.z,0.18462984961694406
68.608408788,1709142539.291390932,1709142539.290870162,/rigid_bodies.rigidbodies[2].pose.position.z,0.18482370545603122
68.618230587,1709142539.301212731,1709142539.300792131,/rigid_bodies.rigidbodies[2].pose.position.z,0.18478049023177365
68.627293059,1709142539.310275203,1709142539.309902417,/rigid_bodies.rigidbodies[2].pose.position.z,0.1847721041866654
68.639435876,1709142539.322418020,1709142539.321782590,/rigid_bodies.rigidbodies[2].pose.position.z,0.18460264550296268
68.64801447400001,1709142539.330996618,1709142539.330658831,/rigid_bodies.rigidbodies[2].pose.position.z,0.18461155157128004
68.657761052,1709142539.340743196,1709142539.340305937,/rigid_bodies.rigidbodies[2].pose.position.z,0.1845769297392439
68.668012729,1709142539.350994873,1709142539.350241242,/rigid_bodies.rigidbodies[2].pose.position.z,0.18455956916609606
68.677457796,1709142539.360439940,1709142539.359927638,/rigid_bodies.rigidbodies[2].pose.position.z,0.18450362411002777
68.688235652,1709142539.371217796,1709142539.370643412,/rigid_bodies.rigidbodies[2].pose.position.z,0.18451745449154
68.698885545,1709142539.381867689,1709142539.381251200,/rigid_bodies.rigidbodies[2].pose.position.z,0.1845706863790127
68.708427411,1709142539.391409555,1709142539.390847132,/rigid_bodies.rigidbodies[2].pose.position.z,0.18453206397608343
68.718108488,1709142539.401090632,1709142539.400582408,/rigid_bodies.rigidbodies[2].pose.position.z,0.18462224520460147
68.727933268,1709142539.410915412,1709142539.410197653,/rigid_bodies.rigidbodies[2].pose.position.z,0.18470777860170687
68.738069045,1709142539.421051189,1709142539.420590334,/rigid_bodies.rigidbodies[2].pose.position.z,0.18465774411974578
68.748096832,1709142539.431078976,1709142539.430723103,/rigid_bodies.rigidbodies[2].pose.position.z,0.1845032862568481
68.758107327,1709142539.441089471,1709142539.440611975,/rigid_bodies.rigidbodies[2].pose.position.z,0.18453116937966066
68.768162591,1709142539.451144735,1709142539.450730929,/rigid_bodies.rigidbodies[2].pose.position.z,0.18451568229515053
68.777881327,1709142539.460863471,1709142539.460429578,/rigid_bodies.rigidbodies[2].pose.position.z,0.1846400245133344
68.788262734,1709142539.471244878,1709142539.470792861,/rigid_bodies.rigidbodies[2].pose.position.z,0.1847145012430789
68.798414641,1709142539.481396785,1709142539.480795535,/rigid_bodies.rigidbodies[2].pose.position.z,0.1846266270257305
68.808316181,1709142539.491298325,1709142539.490816889,/rigid_bodies.rigidbodies[2].pose.position.z,0.18450259193063484
68.817369975,1709142539.500352119,1709142539.499852033,/rigid_bodies.rigidbodies[2].pose.position.z,0.1845402054386376
68.828385498,1709142539.511367642,1709142539.510740413,/rigid_bodies.rigidbodies[2].pose.position.z,0.1845191554484105
68.838456728,1709142539.521438872,1709142539.520957679,/rigid_bodies.rigidbodies[2].pose.position.z,0.18445758828554626
68.848047635,1709142539.531029779,1709142539.530592320,/rigid_bodies.rigidbodies[2].pose.position.z,0.184482638578988
68.858147758,1709142539.541129902,1709142539.540713167,/rigid_bodies.rigidbodies[2].pose.position.z,0.18446853987133136
68.867427001,1709142539.550409145,1709142539.549975740,/rigid_bodies.rigidbodies[2].pose.position.z,0.18438002043018822
68.877296874,1709142539.560279018,1709142539.559706029,/rigid_bodies.rigidbodies[2].pose.position.z,0.18437762324526155
68.888014677,1709142539.570996821,1709142539.570407679,/rigid_bodies.rigidbodies[2].pose.position.z,0.1844941640496421
68.89795509,1709142539.580937234,1709142539.580501977,/rigid_bodies.rigidbodies[2].pose.position.z,0.18461763322205796
68.908257445,1709142539.591239589,1709142539.590649701,/rigid_bodies.rigidbodies[2].pose.position.z,0.18466042504365124
68.918095304,1709142539.601077448,1709142539.600623085,/rigid_bodies.rigidbodies[2].pose.position.z,0.1847279217892292
68.927754521,1709142539.610736665,1709142539.610255572,/rigid_bodies.rigidbodies[2].pose.position.z,0.18479657286401852
68.938493719,1709142539.621475863,1709142539.620850893,/rigid_bodies.rigidbodies[2].pose.position.z,0.18484049964021507
68.948180354,1709142539.631162498,1709142539.630727457,/rigid_bodies.rigidbodies[2].pose.position.z,0.18463670461221962
68.95782292,1709142539.640805064,1709142539.640356031,/rigid_bodies.rigidbodies[2].pose.position.z,0.18433776354361855
68.968418336,1709142539.651400480,1709142539.650813422,/rigid_bodies.rigidbodies[2].pose.position.z,0.18436551721429967
68.977935434,1709142539.660917578,1709142539.660426844,/rigid_bodies.rigidbodies[2].pose.position.z,0.18443028297928682
68.98825042,1709142539.671232564,1709142539.670769213,/rigid_bodies.rigidbodies[2].pose.position.z,0.18443510031142343
68.999005434,1709142539.681987578,1709142539.681468759,/rigid_bodies.rigidbodies[2].pose.position.z,0.18450452161920866
69.00842421,1709142539.691406354,1709142539.690825431,/rigid_bodies.rigidbodies[2].pose.position.z,0.18436795948557091
69.018273104,1709142539.701255248,1709142539.700779723,/rigid_bodies.rigidbodies[2].pose.position.z,0.18451059844090245
69.028208732,1709142539.711190876,1709142539.710744341,/rigid_bodies.rigidbodies[2].pose.position.z,0.18457573280531372
69.038564163,1709142539.721546307,1709142539.721026761,/rigid_bodies.rigidbodies[2].pose.position.z,0.18466601266297
69.0481617,1709142539.731143844,1709142539.730709934,/rigid_bodies.rigidbodies[2].pose.position.z,0.18459892997794872
69.05821776,1709142539.741199904,1709142539.740810693,/rigid_bodies.rigidbodies[2].pose.position.z,0.1845838844645656
69.068172714,1709142539.751154858,1709142539.750733622,/rigid_bodies.rigidbodies[2].pose.position.z,0.18457714351525084
69.077965938,1709142539.760948082,1709142539.760512696,/rigid_bodies.rigidbodies[2].pose.position.z,0.1845168143062204
69.08842713,1709142539.771409274,1709142539.770748222,/rigid_bodies.rigidbodies[2].pose.position.z,0.18465263498537327
69.098705988,1709142539.781688132,1709142539.781044084,/rigid_bodies.rigidbodies[2].pose.position.z,0.1846120085234195
69.108070908,1709142539.791053052,1709142539.790619144,/rigid_bodies.rigidbodies[2].pose.position.z,0.18455121260966262
69.11857922,1709142539.801561364,1709142539.800957270,/rigid_bodies.rigidbodies[2].pose.position.z,0.18448228839150946
69.12814017,1709142539.811122314,1709142539.810623407,/rigid_bodies.rigidbodies[2].pose.position.z,0.18446052063433135
69.138232485,1709142539.821214629,1709142539.820800868,/rigid_bodies.rigidbodies[2].pose.position.z,0.18455447588269336
69.148482017,1709142539.831464161,1709142539.830901714,/rigid_bodies.rigidbodies[2].pose.position.z,0.18444874417643617
69.158336122,1709142539.841318266,1709142539.840954249,/rigid_bodies.rigidbodies[2].pose.position.z,0.18442575991481938
69.16843385,1709142539.851415994,1709142539.850951291,/rigid_bodies.rigidbodies[2].pose.position.z,0.18443432796342776
69.177702708,1709142539.860684852,1709142539.860030674,/rigid_bodies.rigidbodies[2].pose.position.z,0.18460102450763002
69.188871289,1709142539.871853433,1709142539.871092852,/rigid_bodies.rigidbodies[2].pose.position.z,0.18473109296581847
69.198768646,1709142539.881750790,1709142539.881163320,/rigid_bodies.rigidbodies[2].pose.position.z,0.18463289665884985
69.208073067,1709142539.891055211,1709142539.890543236,/rigid_bodies.rigidbodies[2].pose.position.z,0.18454546925631585
69.218487925,1709142539.901470069,1709142539.900844142,/rigid_bodies.rigidbodies[2].pose.position.z,0.18450231770059553
69.227703663,1709142539.910685807,1709142539.910193307,/rigid_bodies.rigidbodies[2].pose.position.z,0.184687073213141
69.238178785,1709142539.921160929,1709142539.920754003,/rigid_bodies.rigidbodies[2].pose.position.z,0.1848056643354294
69.248664052,1709142539.931646196,1709142539.931186328,/rigid_bodies.rigidbodies[2].pose.position.z,0.18465532942685392
69.258119797,1709142539.941101941,1709142539.940612910,/rigid_bodies.rigidbodies[2].pose.position.z,0.18464006648921666
69.268532874,1709142539.951515018,1709142539.950978339,/rigid_bodies.rigidbodies[2].pose.position.z,0.1844121869607559
69.278681822,1709142539.961663966,1709142539.961187170,/rigid_bodies.rigidbodies[2].pose.position.z,0.18427016313235214
69.28829832,1709142539.971280464,1709142539.970771732,/rigid_bodies.rigidbodies[2].pose.position.z,0.1842435290604793
69.297976368,1709142539.980958512,1709142539.980549828,/rigid_bodies.rigidbodies[2].pose.position.z,0.18423850421650562
69.308506965,1709142539.991489109,1709142539.991016080,/rigid_bodies.rigidbodies[2].pose.position.z,0.18433474061357608
69.318239867,1709142540.001222011,1709142540.000625948,/rigid_bodies.rigidbodies[2].pose.position.z,0.18445661048433765
69.327512751,1709142540.010494895,1709142540.009985465,/rigid_bodies.rigidbodies[2].pose.position.z,0.18477108844126125
69.338525465,1709142540.021507609,1709142540.020799021,/rigid_bodies.rigidbodies[2].pose.position.z,0.18496831989979765
69.347955322,1709142540.030937466,1709142540.030531551,/rigid_bodies.rigidbodies[2].pose.position.z,0.18481745055763654
69.357646905,1709142540.040629049,1709142540.040405581,/rigid_bodies.rigidbodies[2].pose.position.z,0.18477520945410256
69.367569181,1709142540.050551325,1709142540.050328112,/rigid_bodies.rigidbodies[2].pose.position.z,0.18461941661566422
69.377255653,1709142540.060237797,1709142540.059998085,/rigid_bodies.rigidbodies[2].pose.position.z,0.1845414019794792
69.387764388,1709142540.070746532,1709142540.070544363,/rigid_bodies.rigidbodies[2].pose.position.z,0.18447387293134684
69.398056528,1709142540.081038672,1709142540.080717409,/rigid_bodies.rigidbodies[2].pose.position.z,0.18432497048226026
69.407701118,1709142540.090683262,1709142540.090418881,/rigid_bodies.rigidbodies[2].pose.position.z,0.18434104541615637
69.417706546,1709142540.100688690,1709142540.100460125,/rigid_bodies.rigidbodies[2].pose.position.z,0.18440807902527642
69.427264186,1709142540.110246330,1709142540.110040694,/rigid_bodies.rigidbodies[2].pose.position.z,0.18439818267651045
69.437902117,1709142540.120884261,1709142540.120562211,/rigid_bodies.rigidbodies[2].pose.position.z,0.18458487694357603
69.448464729,1709142540.131446873,1709142540.131072477,/rigid_bodies.rigidbodies[2].pose.position.z,0.1846228752181516
69.458172249,1709142540.141154393,1709142540.140669073,/rigid_bodies.rigidbodies[2].pose.position.z,0.18474491842645419
69.468485408,1709142540.151467552,1709142540.150855408,/rigid_bodies.rigidbodies[2].pose.position.z,0.18467278091422648
69.478034015,1709142540.161016159,1709142540.160591399,/rigid_bodies.rigidbodies[2].pose.position.z,0.18472013007527868
69.488198442,1709142540.171180586,1709142540.170648201,/rigid_bodies.rigidbodies[2].pose.position.z,0.1846826138515244
69.498485482,1709142540.181467626,1709142540.180849158,/rigid_bodies.rigidbodies[2].pose.position.z,0.18465454644962448
69.508238604,1709142540.191220748,1709142540.190644622,/rigid_bodies.rigidbodies[2].pose.position.z,0.1845194519638063
69.517951344,1709142540.200933488,1709142540.200402866,/rigid_bodies.rigidbodies[2].pose.position.z,0.18431189541598758
69.527180044,1709142540.210162188,1709142540.209712647,/rigid_bodies.rigidbodies[2].pose.position.z,0.1842900847563158
69.53842236,1709142540.221404504,1709142540.220878453,/rigid_bodies.rigidbodies[2].pose.position.z,0.18443683429192084
69.547709946,1709142540.230692090,1709142540.230383238,/rigid_bodies.rigidbodies[2].pose.position.z,0.18445970037022044
69.558274655,1709142540.241256799,1709142540.240764651,/rigid_bodies.rigidbodies[2].pose.position.z,0.18445624533400362
69.567795189,1709142540.250777333,1709142540.250277888,/rigid_bodies.rigidbodies[2].pose.position.z,0.1845431811831617
69.578088991,1709142540.261071135,1709142540.260530376,/rigid_bodies.rigidbodies[2].pose.position.z,0.18481488102245547
69.588864267,1709142540.271846411,1709142540.271159249,/rigid_bodies.rigidbodies[2].pose.position.z,0.1849481409920458
69.598487337,1709142540.281469481,1709142540.280833129,/rigid_bodies.rigidbodies[2].pose.position.z,0.1847604071941966
69.607896091,1709142540.290878235,1709142540.290490631,/rigid_bodies.rigidbodies[2].pose.position.z,0.1845679406543735
69.618187594,1709142540.301169738,1709142540.300558884,/rigid_bodies.rigidbodies[2].pose.position.z,0.18443402540998244
69.628623622,1709142540.311605766,1709142540.311001534,/rigid_bodies.rigidbodies[2].pose.position.z,0.18432618516389251
69.63870925,1709142540.321691394,1709142540.321131664,/rigid_bodies.rigidbodies[2].pose.position.z,0.18452304813871753
69.647952506,1709142540.330934650,1709142540.330548398,/rigid_bodies.rigidbodies[2].pose.position.z,0.18465654553079766
69.658136354,1709142540.341118498,1709142540.340753204,/rigid_bodies.rigidbodies[2].pose.position.z,0.18464957236929064
69.668076684,1709142540.351058828,1709142540.350687132,/rigid_bodies.rigidbodies[2].pose.position.z,0.18464894499565404
69.677471573,1709142540.360453717,1709142540.360098211,/rigid_bodies.rigidbodies[2].pose.position.z,0.18457831859908205
69.688355215,1709142540.371337359,1709142540.370908537,/rigid_bodies.rigidbodies[2].pose.position.z,0.18464162224583214
69.698902096,1709142540.381884240,1709142540.381513947,/rigid_bodies.rigidbodies[2].pose.position.z,0.184630705112292
69.707418228,1709142540.390400372,1709142540.390131776,/rigid_bodies.rigidbodies[2].pose.position.z,0.18445944029918745
69.71765906,1709142540.400641204,1709142540.400235672,/rigid_bodies.rigidbodies[2].pose.position.z,0.18423614544632821
69.727343538,1709142540.410325682,1709142540.409881171,/rigid_bodies.rigidbodies[2].pose.position.z,0.18433259359288562
69.738550973,1709142540.421533117,1709142540.421150851,/rigid_bodies.rigidbodies[2].pose.position.z,0.18448691942271378
69.748199024,1709142540.431181168,1709142540.430840852,/rigid_bodies.rigidbodies[2].pose.position.z,0.18465648134117868
69.757745372,1709142540.440727516,1709142540.440306956,/rigid_bodies.rigidbodies[2].pose.position.z,0.18475284229187933
69.768017074,1709142540.450999218,1709142540.450578833,/rigid_bodies.rigidbodies[2].pose.position.z,0.18471285415057573
69.777556255,1709142540.460538399,1709142540.460370559,/rigid_bodies.rigidbodies[2].pose.position.z,0.1846663973991356
69.788239204,1709142540.471221348,1709142540.470720198,/rigid_bodies.rigidbodies[2].pose.position.z,0.18472487554197414
69.799006504,1709142540.481988648,1709142540.481406029,/rigid_bodies.rigidbodies[2].pose.position.z,0.18470104537978083
69.807830563,1709142540.490812707,1709142540.490363547,/rigid_bodies.rigidbodies[2].pose.position.z,0.18452461497635375
69.818078546,1709142540.501060690,1709142540.500641180,/rigid_bodies.rigidbodies[2].pose.position.z,0.1844075062211245
69.828304956,1709142540.511287100,1709142540.510616981,/rigid_bodies.rigidbodies[2].pose.position.z,0.18438772648814233
69.837658629,1709142540.520640773,1709142540.520203148,/rigid_bodies.rigidbodies[2].pose.position.z,0.1844741637438909
69.848110849,1709142540.531092993,1709142540.530737983,/rigid_bodies.rigidbodies[2].pose.position.z,0.18464027302960284
69.85805043,1709142540.541032574,1709142540.540534307,/rigid_bodies.rigidbodies[2].pose.position.z,0.18459414760864717
69.868361337,1709142540.551343481,1709142540.550899067,/rigid_bodies.rigidbodies[2].pose.position.z,0.1845093344600856
69.877865417,1709142540.560847561,1709142540.560429528,/rigid_bodies.rigidbodies[2].pose.position.z,0.18452889997950778
69.888100426,1709142540.571082570,1709142540.570484298,/rigid_bodies.rigidbodies[2].pose.position.z,0.18448392908125155
69.898327938,1709142540.581310082,1709142540.580700846,/rigid_bodies.rigidbodies[2].pose.position.z,0.18471289544794384
69.90799085,1709142540.590972994,1709142540.590620031,/rigid_bodies.rigidbodies[2].pose.position.z,0.18479266623068774
69.918548597,1709142540.601530741,1709142540.600991392,/rigid_bodies.rigidbodies[2].pose.position.z,0.1845685170949637
69.927957021,1709142540.610939165,1709142540.610420480,/rigid_bodies.rigidbodies[2].pose.position.z,0.18457759846055719
69.938072981,1709142540.621055125,1709142540.620607542,/rigid_bodies.rigidbodies[2].pose.position.z,0.1846622979378509
69.948160266,1709142540.631142410,1709142540.630781778,/rigid_bodies.rigidbodies[2].pose.position.z,0.18467530513230887
69.958023651,1709142540.641005795,1709142540.640606944,/rigid_bodies.rigidbodies[2].pose.position.z,0.18450426794732772
69.96809923,1709142540.651081374,1709142540.650719583,/rigid_bodies.rigidbodies[2].pose.position.z,0.1843962922530906
69.977670859,1709142540.660653003,1709142540.660254811,/rigid_bodies.rigidbodies[2].pose.position.z,0.1841903738959985
69.988066147,1709142540.671048291,1709142540.670716224,/rigid_bodies.rigidbodies[2].pose.position.z,0.18430328937108303
69.997874478,1709142540.680856622,1709142540.680517585,/rigid_bodies.rigidbodies[2].pose.position.z,0.18452997513308345
70.007782237,1709142540.690764381,1709142540.690277927,/rigid_bodies.rigidbodies[2].pose.position.z,0.18460335480886747
70.017825735,1709142540.700807879,1709142540.700580084,/rigid_bodies.rigidbodies[2].pose.position.z,0.1846764124567289
70.027850073,1709142540.710832217,1709142540.710500455,/rigid_bodies.rigidbodies[2].pose.position.z,0.18462923169789955
70.037024057,1709142540.720006201,1709142540.719787225,/rigid_bodies.rigidbodies[2].pose.position.z,0.18465231989902606
70.048180744,1709142540.731162888,1709142540.730815110,/rigid_bodies.rigidbodies[2].pose.position.z,0.1846571739452598
70.058130057,1709142540.741112201,1709142540.740513397,/rigid_bodies.rigidbodies[2].pose.position.z,0.18455031296134639
70.068330708,1709142540.751312852,1709142540.750800484,/rigid_bodies.rigidbodies[2].pose.position.z,0.18447087235171325
70.078301559,1709142540.761283703,1709142540.760691076,/rigid_bodies.rigidbodies[2].pose.position.z,0.18441921882117668
70.088303347,1709142540.771285491,1709142540.770758725,/rigid_bodies.rigidbodies[2].pose.position.z,0.1844447392302742
70.097926795,1709142540.780908939,1709142540.780446267,/rigid_bodies.rigidbodies[2].pose.position.z,0.18457057461648915
70.107871203,1709142540.790853347,1709142540.790397754,/rigid_bodies.rigidbodies[2].pose.position.z,0.18470569466352302
70.117961945,1709142540.800944089,1709142540.800374526,/rigid_bodies.rigidbodies[2].pose.position.z,0.18458759940901273
70.128029817,1709142540.811011961,1709142540.810517741,/rigid_bodies.rigidbodies[2].pose.position.z,0.18440339492049845
70.13856802,1709142540.821550164,1709142540.820909951,/rigid_bodies.rigidbodies[2].pose.position.z,0.18438546836146363
70.148248503,1709142540.831230647,1709142540.830883413,/rigid_bodies.rigidbodies[2].pose.position.z,0.1842781774830891
70.157851914,1709142540.840834058,1709142540.840430744,/rigid_bodies.rigidbodies[2].pose.position.z,0.18444418343773245
70.167987471,1709142540.850969615,1709142540.850572483,/rigid_bodies.rigidbodies[2].pose.position.z,0.18454348922538558
70.178169435,1709142540.861151579,1709142540.860616285,/rigid_bodies.rigidbodies[2].pose.position.z,0.18449168087689455
70.188266024,1709142540.871248168,1709142540.870726006,/rigid_bodies.rigidbodies[2].pose.position.z,0.1846577236027639
70.19812806,1709142540.881110204,1709142540.880750659,/rigid_bodies.rigidbodies[2].pose.position.z,0.1847426568986763
70.208330572,1709142540.891312716,1709142540.890691244,/rigid_bodies.rigidbodies[2].pose.position.z,0.18459055730684415
70.218360709,1709142540.901342853,1709142540.900773312,/rigid_bodies.rigidbodies[2].pose.position.z,0.18456242030373304
70.227868597,1709142540.910850741,1709142540.910468227,/rigid_bodies.rigidbodies[2].pose.position.z,0.18441893044123522
70.238460118,1709142540.921442262,1709142540.920675951,/rigid_bodies.rigidbodies[2].pose.position.z,0.1843221757537027
70.248834131,1709142540.931816275,1709142540.931434735,/rigid_bodies.rigidbodies[2].pose.position.z,0.18434872381243497
70.257984302,1709142540.940966446,1709142540.940592817,/rigid_bodies.rigidbodies[2].pose.position.z,0.18451845615500562
70.268782171,1709142540.951764315,1709142540.951299323,/rigid_bodies.rigidbodies[2].pose.position.z,0.1846623103113719
70.277683208,1709142540.960665352,1709142540.960293322,/rigid_bodies.rigidbodies[2].pose.position.z,0.1845566959982296
70.28812103,1709142540.971103174,1709142540.970659225,/rigid_bodies.rigidbodies[2].pose.position.z,0.1845423853505912
70.298520961,1709142540.981503105,1709142540.980942013,/rigid_bodies.rigidbodies[2].pose.position.z,0.18450218496245094
70.307783194,1709142540.990765338,1709142540.990321857,/rigid_bodies.rigidbodies[2].pose.position.z,0.18459929951980283
70.31852576,1709142541.001507904,1709142541.000961154,/rigid_bodies.rigidbodies[2].pose.position.z,0.18462297706385078
70.327965635,1709142541.010947779,1709142541.010574214,/rigid_bodies.rigidbodies[2].pose.position.z,0.1844900599833806
70.338023292,1709142541.021005436,1709142541.020702105,/rigid_bodies.rigidbodies[2].pose.position.z,0.18461384067312847
70.347946439,1709142541.030928583,1709142541.030654395,/rigid_bodies.rigidbodies[2].pose.position.z,0.18464729662708607
70.357708857,1709142541.040691001,1709142541.040376222,/rigid_bodies.rigidbodies[2].pose.position.z,0.18473205154799166
70.367831755,1709142541.050813899,1709142541.050527109,/rigid_bodies.rigidbodies[2].pose.position.z,0.18475557420582595
70.378114454,1709142541.061096598,1709142541.060777641,/rigid_bodies.rigidbodies[2].pose.position.z,0.18459809185947235
70.388190558,1709142541.071172702,1709142541.070862104,/rigid_bodies.rigidbodies[2].pose.position.z,0.18456574923978245
70.398677449,1709142541.081659593,1709142541.081201461,/rigid_bodies.rigidbodies[2].pose.position.z,0.1843509808624445
70.408122051,1709142541.091104195,1709142541.090758013,/rigid_bodies.rigidbodies[2].pose.position.z,0.18411245779437954
70.418258791,1709142541.101240935,1709142541.100929567,/rigid_bodies.rigidbodies[2].pose.position.z,0.18421716144158332
70.427665511,1709142541.110647655,1709142541.110321316,/rigid_bodies.rigidbodies[2].pose.position.z,0.18436237993017487
70.438238373,1709142541.121220517,1709142541.120767104,/rigid_bodies.rigidbodies[2].pose.position.z,0.18438800693030863
70.448389019,1709142541.131371163,1709142541.130922769,/rigid_bodies.rigidbodies[2].pose.position.z,0.184686569783342
70.457858682,1709142541.140840826,1709142541.140394915,/rigid_bodies.rigidbodies[2].pose.position.z,0.1847686109996099
70.468435884,1709142541.151418028,1709142541.150981654,/rigid_bodies.rigidbodies[2].pose.position.z,0.18478192698223045
70.473838736,1709142541.156820880,1709142541.156235703,/rigid_bodies.rigidbodies[2].pose.position.z,0.18484360608964281
70.488072726,1709142541.171054870,1709142541.170632190,/rigid_bodies.rigidbodies[2].pose.position.z,0.18471969629794074
70.498589937,1709142541.181572081,1709142541.181190495,/rigid_bodies.rigidbodies[2].pose.position.z,0.1846656207970648
70.508413716,1709142541.191395860,1709142541.190799544,/rigid_bodies.rigidbodies[2].pose.position.z,0.18456191885599055
70.517682146,1709142541.200664290,1709142541.200219370,/rigid_bodies.rigidbodies[2].pose.position.z,0.18459002489133566
70.528029808,1709142541.211011952,1709142541.210620683,/rigid_bodies.rigidbodies[2].pose.position.z,0.1844941015117809
70.538416666,1709142541.221398810,1709142541.220951134,/rigid_bodies.rigidbodies[2].pose.position.z,0.18454228941647463
70.548119423,1709142541.231101567,1709142541.230804851,/rigid_bodies.rigidbodies[2].pose.position.z,0.18451741091923854
70.557644099,1709142541.240626243,1709142541.240222136,/rigid_bodies.rigidbodies[2].pose.position.z,0.18445129643945074
70.568139348,1709142541.251121492,1709142541.250724960,/rigid_bodies.rigidbodies[2].pose.position.z,0.18454222697216838
70.577866816,1709142541.260848960,1709142541.260500790,/rigid_bodies.rigidbodies[2].pose.position.z,0.18454243704888432
70.588509669,1709142541.271491813,1709142541.270971064,/rigid_bodies.rigidbodies[2].pose.position.z,0.1846075185325119
70.598443484,1709142541.281425628,1709142541.280935993,/rigid_bodies.rigidbodies[2].pose.position.z,0.18481767426874057
70.60798464,1709142541.290966784,1709142541.290502481,/rigid_bodies.rigidbodies[2].pose.position.z,0.18472092163930504
70.61812,1709142541.301102144,1709142541.300713793,/rigid_bodies.rigidbodies[2].pose.position.z,0.18464643551712637
70.627934575,1709142541.310916719,1709142541.310484363,/rigid_bodies.rigidbodies[2].pose.position.z,0.18467088087493252
70.638481879,1709142541.321464023,1709142541.320928679,/rigid_bodies.rigidbodies[2].pose.position.z,0.18462600134286955
70.648075975,1709142541.331058119,1709142541.330704576,/rigid_bodies.rigidbodies[2].pose.position.z,0.1845881947163821
70.658097197,1709142541.341079341,1709142541.340454090,/rigid_bodies.rigidbodies[2].pose.position.z,0.1845290790387041
70.668413869,1709142541.351396013,1709142541.350780300,/rigid_bodies.rigidbodies[2].pose.position.z,0.1842575438837854
70.677477294,1709142541.360459438,1709142541.360019449,/rigid_bodies.rigidbodies[2].pose.position.z,0.1842782639840142
70.688760787,1709142541.371742931,1709142541.371025818,/rigid_bodies.rigidbodies[2].pose.position.z,0.18448695677493354
70.69907126,1709142541.382053404,1709142541.381493458,/rigid_bodies.rigidbodies[2].pose.position.z,0.1846440796063249
70.708574031,1709142541.391556175,1709142541.391023110,/rigid_bodies.rigidbodies[2].pose.position.z,0.1846963049167357
70.718909244,1709142541.401891388,1709142541.401163282,/rigid_bodies.rigidbodies[2].pose.position.z,0.1847055348159879
70.728218747,1709142541.411200891,1709142541.410648786,/rigid_bodies.rigidbodies[2].pose.position.z,0.18471663055894744
70.738056486,1709142541.421038630,1709142541.420551110,/rigid_bodies.rigidbodies[2].pose.position.z,0.1846564406874076
70.747894442,1709142541.430876586,1709142541.430447665,/rigid_bodies.rigidbodies[2].pose.position.z,0.1846467553835772
70.758185773,1709142541.441167917,1709142541.440701932,/rigid_bodies.rigidbodies[2].pose.position.z,0.1845554316558282
70.768009506,1709142541.450991650,1709142541.450605297,/rigid_bodies.rigidbodies[2].pose.position.z,0.18444404981332643
70.77805672,1709142541.461038864,1709142541.460525115,/rigid_bodies.rigidbodies[2].pose.position.z,0.18445224931029683
70.788573145,1709142541.471555289,1709142541.470931151,/rigid_bodies.rigidbodies[2].pose.position.z,0.18455733120780454
70.798458044,1709142541.481440188,1709142541.480956286,/rigid_bodies.rigidbodies[2].pose.position.z,0.18476955888612498
70.808430422,1709142541.491412566,1709142541.490885224,/rigid_bodies.rigidbodies[2].pose.position.z,0.1846743307626922
70.818475116,1709142541.501457260,1709142541.500857480,/rigid_bodies.rigidbodies[2].pose.position.z,0.18465650516435644
70.827808494,1709142541.510790638,1709142541.510272729,/rigid_bodies.rigidbodies[2].pose.position.z,0.18446090367583973
70.838142867,1709142541.521125011,1709142541.520626477,/rigid_bodies.rigidbodies[2].pose.position.z,0.18433874561571692
70.848288884,1709142541.531271028,1709142541.530754451,/rigid_bodies.rigidbodies[2].pose.position.z,0.18461483098822
70.857977135,1709142541.540959279,1709142541.540674302,/rigid_bodies.rigidbodies[2].pose.position.z,0.184669549712022
70.86840086,1709142541.551383004,1709142541.550894155,/rigid_bodies.rigidbodies[2].pose.position.z,0.18463945455152742
70.877227629,1709142541.560209773,1709142541.559702243,/rigid_bodies.rigidbodies[2].pose.position.z,0.18448655295254032
70.887679442,1709142541.570661586,1709142541.570260584,/rigid_bodies.rigidbodies[2].pose.position.z,0.1844676905103513
70.898255024,1709142541.581237168,1709142541.580724326,/rigid_bodies.rigidbodies[2].pose.position.z,0.18460911814352118
70.908255888,1709142541.591238032,1709142541.590656418,/rigid_bodies.rigidbodies[2].pose.position.z,0.18470145164732693
70.918264534,1709142541.601246678,1709142541.600759683,/rigid_bodies.rigidbodies[2].pose.position.z,0.18476532677765936
70.927606156,1709142541.610588300,1709142541.610197266,/rigid_bodies.rigidbodies[2].pose.position.z,0.18464471281437236
70.938102198,1709142541.621084342,1709142541.620667025,/rigid_bodies.rigidbodies[2].pose.position.z,0.18443958118876197
70.948200928,1709142541.631183072,1709142541.630865872,/rigid_bodies.rigidbodies[2].pose.position.z,0.1845871476706595
70.95836799,1709142541.641350134,1709142541.640988726,/rigid_bodies.rigidbodies[2].pose.position.z,0.1847690230092285
70.968101927,1709142541.651084071,1709142541.650651819,/rigid_bodies.rigidbodies[2].pose.position.z,0.18466803409997695
70.97854466,1709142541.661526804,1709142541.661049633,/rigid_bodies.rigidbodies[2].pose.position.z,0.1844660670971429
70.988086575,1709142541.671068719,1709142541.670387252,/rigid_bodies.rigidbodies[2].pose.position.z,0.1844263436649826
70.998142104,1709142541.681124248,1709142541.680668133,/rigid_bodies.rigidbodies[2].pose.position.z,0.18445615621562986
71.008247352,1709142541.691229496,1709142541.690632907,/rigid_bodies.rigidbodies[2].pose.position.z,0.18457323085916727
71.018610728,1709142541.701592872,1709142541.700993919,/rigid_bodies.rigidbodies[2].pose.position.z,0.18463571379194327
71.028052142,1709142541.711034286,1709142541.710623252,/rigid_bodies.rigidbodies[2].pose.position.z,0.18451494534685858
71.038276549,1709142541.721258693,1709142541.720719742,/rigid_bodies.rigidbodies[2].pose.position.z,0.1845351431941663
71.048340058,1709142541.731322202,1709142541.731094495,/rigid_bodies.rigidbodies[2].pose.position.z,0.18469995143000342
71.057525201,1709142541.740507345,1709142541.740256912,/rigid_bodies.rigidbodies[2].pose.position.z,0.18489976833164398
71.067754675,1709142541.750736819,1709142541.750445682,/rigid_bodies.rigidbodies[2].pose.position.z,0.1849128157855003
71.077317752,1709142541.760299896,1709142541.760067009,/rigid_bodies.rigidbodies[2].pose.position.z,0.18470885423784883
71.087372739,1709142541.770354883,1709142541.770136361,/rigid_bodies.rigidbodies[2].pose.position.z,0.184345187755944
71.098016043,1709142541.780998187,1709142541.780744827,/rigid_bodies.rigidbodies[2].pose.position.z,0.18439395423563737
71.106833607,1709142541.789815751,1709142541.789670501,/rigid_bodies.rigidbodies[2].pose.position.z,0.18447878758270542
71.117680166,1709142541.800662310,1709142541.800443913,/rigid_bodies.rigidbodies[2].pose.position.z,0.18459750693510987
71.127506782,1709142541.810488926,1709142541.810193902,/rigid_bodies.rigidbodies[2].pose.position.z,0.18454810081949158
71.138022481,1709142541.821004625,1709142541.820519497,/rigid_bodies.rigidbodies[2].pose.position.z,0.184516723594077
71.148479485,1709142541.831461629,1709142541.831023698,/rigid_bodies.rigidbodies[2].pose.position.z,0.18446950484418972
71.157886503,1709142541.840868647,1709142541.840396666,/rigid_bodies.rigidbodies[2].pose.position.z,0.18462812608853346
71.167810496,1709142541.850792640,1709142541.850238875,/rigid_bodies.rigidbodies[2].pose.position.z,0.18469989310890741
71.177741097,1709142541.860723241,1709142541.860229647,/rigid_bodies.rigidbodies[2].pose.position.z,0.1846788273577256
71.188101181,1709142541.871083325,1709142541.870643435,/rigid_bodies.rigidbodies[2].pose.position.z,0.18451020010114455
71.19798101,1709142541.880963154,1709142541.880522583,/rigid_bodies.rigidbodies[2].pose.position.z,0.18436133218717876
71.208401176,1709142541.891383320,1709142541.890779195,/rigid_bodies.rigidbodies[2].pose.position.z,0.18453706131224587
71.217900086,1709142541.900882230,1709142541.900263269,/rigid_bodies.rigidbodies[2].pose.position.z,0.18475188404684098
71.227910931,1709142541.910893075,1709142541.910276765,/rigid_bodies.rigidbodies[2].pose.position.z,0.184768884669794
71.238587559,1709142541.921569703,1709142541.920950547,/rigid_bodies.rigidbodies[2].pose.position.z,0.18470594535191445
71.248389706,1709142541.931371850,1709142541.931080471,/rigid_bodies.rigidbodies[2].pose.position.z,0.18455916117387985
71.25332997,1709142541.936312114,1709142541.935988844,/rigid_bodies.rigidbodies[2].pose.position.z,0.18464303683137942
71.263551552,1709142541.946533696,1709142541.946118332,/rigid_bodies.rigidbodies[2].pose.position.z,0.1845621854309715
71.278219146,1709142541.961201290,1709142541.960742688,/rigid_bodies.rigidbodies[2].pose.position.z,0.1846611050221263
71.288540704,1709142541.971522848,1709142541.971043353,/rigid_bodies.rigidbodies[2].pose.position.z,0.1844570836398192
71.298594258,1709142541.981576402,1709142541.981088632,/rigid_bodies.rigidbodies[2].pose.position.z,0.18444049556741604
71.308663727,1709142541.991645871,1709142541.991225250,/rigid_bodies.rigidbodies[2].pose.position.z,0.1846392993049505
71.318106353,1709142542.001088497,1709142542.000754146,/rigid_bodies.rigidbodies[2].pose.position.z,0.18478742003506682
71.328354554,1709142542.011336698,1709142542.010817252,/rigid_bodies.rigidbodies[2].pose.position.z,0.18480914405559556
71.337839868,1709142542.020822012,1709142542.020388291,/rigid_bodies.rigidbodies[2].pose.position.z,0.184556614841187
71.348238172,1709142542.031220316,1709142542.030850343,/rigid_bodies.rigidbodies[2].pose.position.z,0.18422479386681803
71.357792971,1709142542.040775115,1709142542.040417635,/rigid_bodies.rigidbodies[2].pose.position.z,0.18440301350470722
71.368031599,1709142542.051013743,1709142542.050731693,/rigid_bodies.rigidbodies[2].pose.position.z,0.18465553878982152
71.377531253,1709142542.060513397,1709142542.060296412,/rigid_bodies.rigidbodies[2].pose.position.z,0.18476795954456163
71.386985985,1709142542.069968129,1709142542.069651592,/rigid_bodies.rigidbodies[2].pose.position.z,0.18471490291290046
71.398036988,1709142542.081019132,1709142542.080682352,/rigid_bodies.rigidbodies[2].pose.position.z,0.18464050929444747
71.40703054,1709142542.090012684,1709142542.089869785,/rigid_bodies.rigidbodies[2].pose.position.z,0.1845859841915683
71.418711908,1709142542.101694052,1709142542.101402825,/rigid_bodies.rigidbodies[2].pose.position.z,0.18476252255052292
71.427218846,1709142542.110200990,1709142542.110110571,/rigid_bodies.rigidbodies[2].pose.position.z,0.18479541050870027
71.437878572,1709142542.120860716,1709142542.120722391,/rigid_bodies.rigidbodies[2].pose.position.z,0.18454154569889614
71.44831086,1709142542.131293004,1709142542.131181541,/rigid_bodies.rigidbodies[2].pose.position.z,0.18425307342047686
71.457735472,1709142542.140717616,1709142542.140618273,/rigid_bodies.rigidbodies[2].pose.position.z,0.18433068995409763
71.467693714,1709142542.150675858,1709142542.150345115,/rigid_bodies.rigidbodies[2].pose.position.z,0.1845225274914926
71.47777277,1709142542.160754914,1709142542.160477508,/rigid_bodies.rigidbodies[2].pose.position.z,0.1847824708245588
71.48849346,1709142542.171475604,1709142542.171049405,/rigid_bodies.rigidbodies[2].pose.position.z,0.1847083440120777
71.498497656,1709142542.181479800,1709142542.181175690,/rigid_bodies.rigidbodies[2].pose.position.z,0.1845513856982553
71.507877342,1709142542.190859486,1709142542.190576513,/rigid_bodies.rigidbodies[2].pose.position.z,0.18455748580717735
71.518220814,1709142542.201202958,1709142542.200853332,/rigid_bodies.rigidbodies[2].pose.position.z,0.18476447326807416
71.527578139,1709142542.210560283,1709142542.210266132,/rigid_bodies.rigidbodies[2].pose.position.z,0.18483755164783428
71.537951141,1709142542.220933285,1709142542.220687378,/rigid_bodies.rigidbodies[2].pose.position.z,0.18465851418671692
71.548429302,1709142542.231411446,1709142542.230897934,/rigid_bodies.rigidbodies[2].pose.position.z,0.18444555799020265
71.557961444,1709142542.240943588,1709142542.240405983,/rigid_bodies.rigidbodies[2].pose.position.z,0.1844784324218742
71.56783878,1709142542.250820924,1709142542.250446470,/rigid_bodies.rigidbodies[2].pose.position.z,0.18464810751655858
71.577678297,1709142542.260660441,1709142542.260240555,/rigid_bodies.rigidbodies[2].pose.position.z,0.1847704595174389
71.58809043,1709142542.271072574,1709142542.270595136,/rigid_bodies.rigidbodies[2].pose.position.z,0.18463262719711385
71.598163495,1709142542.281145639,1709142542.280747420,/rigid_bodies.rigidbodies[2].pose.position.z,0.1843400185115671
71.608205811,1709142542.291187955,1709142542.290659813,/rigid_bodies.rigidbodies[2].pose.position.z,0.18423392903782226
71.618309359,1709142542.301291503,1709142542.300808119,/rigid_bodies.rigidbodies[2].pose.position.z,0.18450679637656361
71.627618474,1709142542.310600618,1709142542.310044389,/rigid_bodies.rigidbodies[2].pose.position.z,0.18481060458718604
71.638064609,1709142542.321046753,1709142542.320509839,/rigid_bodies.rigidbodies[2].pose.position.z,0.1847483496783147
71.648473645,1709142542.331455789,1709142542.330959319,/rigid_bodies.rigidbodies[2].pose.position.z,0.18455970693834017
71.658004549,1709142542.340986693,1709142542.340454981,/rigid_bodies.rigidbodies[2].pose.position.z,0.18448742240015495
71.668126795,1709142542.351108939,1709142542.350630722,/rigid_bodies.rigidbodies[2].pose.position.z,0.18470137093036215
71.677783868,1709142542.360766012,1709142542.360270528,/rigid_bodies.rigidbodies[2].pose.position.z,0.18493699230984195
71.688379793,1709142542.371361937,1709142542.370786649,/rigid_bodies.rigidbodies[2].pose.position.z,0.18477178270765818
71.698873404,1709142542.381855548,1709142542.381313548,/rigid_bodies.rigidbodies[2].pose.position.z,0.18425675935286032
71.708308816,1709142542.391290960,1709142542.390661961,/rigid_bodies.rigidbodies[2].pose.position.z,0.18413228772504206
71.718178429,1709142542.401160573,1709142542.400681841,/rigid_bodies.rigidbodies[2].pose.position.z,0.18450730547002356
71.727927781,1709142542.410909925,1709142542.410330686,/rigid_bodies.rigidbodies[2].pose.position.z,0.18465820150749937
71.738286606,1709142542.421268750,1709142542.420703572,/rigid_bodies.rigidbodies[2].pose.position.z,0.1847443800313674
71.748428902,1709142542.431411046,1709142542.431151405,/rigid_bodies.rigidbodies[2].pose.position.z,0.1845851718065136
71.758433743,1709142542.441415887,1709142542.440926302,/rigid_bodies.rigidbodies[2].pose.position.z,0.18436327089646218
71.768520603,1709142542.451502747,1709142542.451052525,/rigid_bodies.rigidbodies[2].pose.position.z,0.18457704699189112
71.777916184,1709142542.460898328,1709142542.460465245,/rigid_bodies.rigidbodies[2].pose.position.z,0.1848212157438607
71.78897036,1709142542.471952504,1709142542.471334762,/rigid_bodies.rigidbodies[2].pose.position.z,0.18480359471805932
71.798042772,1709142542.481024916,1709142542.480570514,/rigid_bodies.rigidbodies[2].pose.position.z,0.1845602842843029
71.808436567,1709142542.491418711,1709142542.490941529,/rigid_bodies.rigidbodies[2].pose.position.z,0.18437529761478685
71.818366966,1709142542.501349110,1709142542.500834257,/rigid_bodies.rigidbodies[2].pose.position.z,0.1845547885215652
71.828366571,1709142542.511348715,1709142542.510853575,/rigid_bodies.rigidbodies[2].pose.position.z,0.1848506393842695
71.838229083,1709142542.521211227,1709142542.520810376,/rigid_bodies.rigidbodies[2].pose.position.z,0.18484319528426926
71.84867166,1709142542.531653804,1709142542.531202972,/rigid_bodies.rigidbodies[2].pose.position.z,0.1845484314359719
71.858210389,1709142542.541192533,1709142542.540647522,/rigid_bodies.rigidbodies[2].pose.position.z,0.18429916064313856
71.868640695,1709142542.551622839,1709142542.551046815,/rigid_bodies.rigidbodies[2].pose.position.z,0.18435751296303543
71.87817193,1709142542.561154074,1709142542.560774999,/rigid_bodies.rigidbodies[2].pose.position.z,0.18450635731415124
71.888177589,1709142542.571159733,1709142542.570766248,/rigid_bodies.rigidbodies[2].pose.position.z,0.1846757664261753
71.89823574,1709142542.581217884,1709142542.580729657,/rigid_bodies.rigidbodies[2].pose.position.z,0.1845074266186123
71.908098049,1709142542.591080193,1709142542.590513353,/rigid_bodies.rigidbodies[2].pose.position.z,0.1844108822305278
71.918670198,1709142542.601652342,1709142542.601059891,/rigid_bodies.rigidbodies[2].pose.position.z,0.18460482424110947
71.928183916,1709142542.611166060,1709142542.610672453,/rigid_bodies.rigidbodies[2].pose.position.z,0.1850424317620549
71.938220144,1709142542.621202288,1709142542.620640335,/rigid_bodies.rigidbodies[2].pose.position.z,0.18499800360261143
71.948170052,1709142542.631152196,1709142542.630711703,/rigid_bodies.rigidbodies[2].pose.position.z,0.18459473944200833
71.957691644,1709142542.640673788,1709142542.640404915,/rigid_bodies.rigidbodies[2].pose.position.z,0.1841553320210321
71.967839727,1709142542.650821871,1709142542.650629778,/rigid_bodies.rigidbodies[2].pose.position.z,0.18414122219257711
71.977354259,1709142542.660336403,1709142542.660131385,/rigid_bodies.rigidbodies[2].pose.position.z,0.18459363510401203
71.988070846,1709142542.671052990,1709142542.670717419,/rigid_bodies.rigidbodies[2].pose.position.z,0.18487079158758393
71.998478595,1709142542.681460739,1709142542.680940994,/rigid_bodies.rigidbodies[2].pose.position.z,0.18470230229617363
72.008521894,1709142542.691504038,1709142542.690933818,/rigid_bodies.rigidbodies[2].pose.position.z,0.1843810374481493
72.018511554,1709142542.701493698,1709142542.700949743,/rigid_bodies.rigidbodies[2].pose.position.z,0.18447592037635963
72.028327935,1709142542.711310079,1709142542.710849091,/rigid_bodies.rigidbodies[2].pose.position.z,0.18483232764754878
72.037990522,1709142542.720972666,1709142542.720695762,/rigid_bodies.rigidbodies[2].pose.position.z,0.18513524239883056
72.048137408,1709142542.731119552,1709142542.730904322,/rigid_bodies.rigidbodies[2].pose.position.z,0.18487807579390497
72.057389444,1709142542.740371588,1709142542.740140994,/rigid_bodies.rigidbodies[2].pose.position.z,0.18455689251969287
72.067881096,1709142542.750863240,1709142542.750651480,/rigid_bodies.rigidbodies[2].pose.position.z,0.18444600308226855
72.077754692,1709142542.760736836,1709142542.760470838,/rigid_bodies.rigidbodies[2].pose.position.z,0.18461011818810752
72.088045452,1709142542.771027596,1709142542.770734949,/rigid_bodies.rigidbodies[2].pose.position.z,0.18499780791749254
72.098508179,1709142542.781490323,1709142542.781097793,/rigid_bodies.rigidbodies[2].pose.position.z,0.1848332881784415
72.108298038,1709142542.791280182,1709142542.790753802,/rigid_bodies.rigidbodies[2].pose.position.z,0.1843267018142515
72.117716364,1709142542.800698508,1709142542.800489421,/rigid_bodies.rigidbodies[2].pose.position.z,0.1840901021439689
72.127902108,1709142542.810884252,1709142542.810646450,/rigid_bodies.rigidbodies[2].pose.position.z,0.18430989700806621
72.137988104,1709142542.820970248,1709142542.820471514,/rigid_bodies.rigidbodies[2].pose.position.z,0.18450195304931674
72.148469424,1709142542.831451568,1709142542.830926739,/rigid_bodies.rigidbodies[2].pose.position.z,0.1845877532712781
72.158050812,1709142542.841032956,1709142542.840448481,/rigid_bodies.rigidbodies[2].pose.position.z,0.184332225107652
72.168049173,1709142542.851031317,1709142542.850608221,/rigid_bodies.rigidbodies[2].pose.position.z,0.18434162820907193
72.177979811,1709142542.860961955,1709142542.860585363,/rigid_bodies.rigidbodies[2].pose.position.z,0.184724856268877
72.188425648,1709142542.871407792,1709142542.870840808,/rigid_bodies.rigidbodies[2].pose.position.z,0.18505991287489795
72.198831006,1709142542.881813150,1709142542.881221067,/rigid_bodies.rigidbodies[2].pose.position.z,0.1850399836644763
72.208063183,1709142542.891045327,1709142542.890563864,/rigid_bodies.rigidbodies[2].pose.position.z,0.1845692624459319
72.219184718,1709142542.902166862,1709142542.901438432,/rigid_bodies.rigidbodies[2].pose.position.z,0.18424787358144284
72.228631858,1709142542.911614002,1709142542.910867034,/rigid_bodies.rigidbodies[2].pose.position.z,0.1844682426904281
72.238446444,1709142542.921428588,1709142542.920902497,/rigid_bodies.rigidbodies[2].pose.position.z,0.18481859646474433
72.248815422,1709142542.931797566,1709142542.931195866,/rigid_bodies.rigidbodies[2].pose.position.z,0.18490740728097646
72.258332857,1709142542.941315001,1709142542.940812631,/rigid_bodies.rigidbodies[2].pose.position.z,0.18455656513316623
72.267964892,1709142542.950947036,1709142542.950408460,/rigid_bodies.rigidbodies[2].pose.position.z,0.1842751528072244
72.277699646,1709142542.960681790,1709142542.960326994,/rigid_bodies.rigidbodies[2].pose.position.z,0.18440485287477387
72.288209644,1709142542.971191788,1709142542.970729853,/rigid_bodies.rigidbodies[2].pose.position.z,0.1846638346006936
72.298643214,1709142542.981625358,1709142542.981169879,/rigid_bodies.rigidbodies[2].pose.position.z,0.184888258441403
72.308033022,1709142542.991015166,1709142542.990512899,/rigid_bodies.rigidbodies[2].pose.position.z,0.18460623670155316
72.318373138,1709142543.001355282,1709142543.000669307,/rigid_bodies.rigidbodies[2].pose.position.z,0.1843012887220721
72.328117407,1709142543.011099551,1709142543.010653902,/rigid_bodies.rigidbodies[2].pose.position.z,0.18444283418613955
72.337757371,1709142543.020739515,1709142543.020113573,/rigid_bodies.rigidbodies[2].pose.position.z,0.1848108364199511
72.348442932,1709142543.031425076,1709142543.030912799,/rigid_bodies.rigidbodies[2].pose.position.z,0.18506097261641388
72.357898692,1709142543.040880836,1709142543.040513494,/rigid_bodies.rigidbodies[2].pose.position.z,0.1848296021799008
72.368041211,1709142543.051023355,1709142543.050611475,/rigid_bodies.rigidbodies[2].pose.position.z,0.1842975707377748
72.378013357,1709142543.060995501,1709142543.060482391,/rigid_bodies.rigidbodies[2].pose.position.z,0.18425731034010712
72.387890517,1709142543.070872661,1709142543.070550348,/rigid_bodies.rigidbodies[2].pose.position.z,0.1845704738949403
72.397804141,1709142543.080786285,1709142543.080213041,/rigid_bodies.rigidbodies[2].pose.position.z,0.1846940172682468
72.40829951,1709142543.091281654,1709142543.090756788,/rigid_bodies.rigidbodies[2].pose.position.z,0.18452461339048243
72.418475076,1709142543.101457220,1709142543.101042998,/rigid_bodies.rigidbodies[2].pose.position.z,0.18427157129451618
72.428175868,1709142543.111158012,1709142543.110657674,/rigid_bodies.rigidbodies[2].pose.position.z,0.18424982868741455
72.438481698,1709142543.121463842,1709142543.120991128,/rigid_bodies.rigidbodies[2].pose.position.z,0.18490207449704343
72.448340164,1709142543.131322308,1709142543.131004113,/rigid_bodies.rigidbodies[2].pose.position.z,0.18512360283271434
72.458144789,1709142543.141126933,1709142543.140662158,/rigid_bodies.rigidbodies[2].pose.position.z,0.18483867096409684
72.46827772,1709142543.151259864,1709142543.150901561,/rigid_bodies.rigidbodies[2].pose.position.z,0.18429100517292238
72.47830122,1709142543.161283364,1709142543.160765150,/rigid_bodies.rigidbodies[2].pose.position.z,0.18414402223511273
72.488260518,1709142543.171242662,1709142543.170809985,/rigid_bodies.rigidbodies[2].pose.position.z,0.184401862429938
72.498664476,1709142543.181646620,1709142543.181256662,/rigid_bodies.rigidbodies[2].pose.position.z,0.184805521963752
72.50762288600001,1709142543.190605030,1709142543.190386827,/rigid_bodies.rigidbodies[2].pose.position.z,0.18469788154597147
72.518656867,1709142543.201639011,1709142543.201365699,/rigid_bodies.rigidbodies[2].pose.position.z,0.18446753612896727
72.528399127,1709142543.211381271,1709142543.211161240,/rigid_bodies.rigidbodies[2].pose.position.z,0.18446343310797358
72.537915799,1709142543.220897943,1709142543.220524432,/rigid_bodies.rigidbodies[2].pose.position.z,0.18468918368825035
72.548144865,1709142543.231127009,1709142543.230778739,/rigid_bodies.rigidbodies[2].pose.position.z,0.18483051360658181
72.55797701,1709142543.240959154,1709142543.240562067,/rigid_bodies.rigidbodies[2].pose.position.z,0.18469419393771835
72.568069446,1709142543.251051590,1709142543.250825687,/rigid_bodies.rigidbodies[2].pose.position.z,0.184229597334613
72.577951565,1709142543.260933709,1709142543.260558004,/rigid_bodies.rigidbodies[2].pose.position.z,0.18437445758881327
72.588175542,1709142543.271157686,1709142543.270764306,/rigid_bodies.rigidbodies[2].pose.position.z,0.18467615868396292
72.598450675,1709142543.281432819,1709142543.281061223,/rigid_bodies.rigidbodies[2].pose.position.z,0.18483351636240306
72.607923255,1709142543.290905399,1709142543.290606531,/rigid_bodies.rigidbodies[2].pose.position.z,0.18457684659389267
72.618214267,1709142543.301196411,1709142543.300732827,/rigid_bodies.rigidbodies[2].pose.position.z,0.18418627814474844
72.627859939,1709142543.310842083,1709142543.310520764,/rigid_bodies.rigidbodies[2].pose.position.z,0.18412299382852962
72.638142537,1709142543.321124681,1709142543.320726422,/rigid_bodies.rigidbodies[2].pose.position.z,0.1845591916158473
72.648232161,1709142543.331214305,1709142543.330824923,/rigid_bodies.rigidbodies[2].pose.position.z,0.1850148044373009
72.653415116,1709142543.336397260,1709142543.335999468,/rigid_bodies.rigidbodies[2].pose.position.z,0.18492132064201994
72.668261343,1709142543.351243487,1709142543.350787094,/rigid_bodies.rigidbodies[2].pose.position.z,0.1845319350477467
72.678065947,1709142543.361048091,1709142543.360569649,/rigid_bodies.rigidbodies[2].pose.position.z,0.1842843020570684
72.688014696,1709142543.370996840,1709142543.370654742,/rigid_bodies.rigidbodies[2].pose.position.z,0.18448166835314592
72.698624998,1709142543.381607142,1709142543.381204476,/rigid_bodies.rigidbodies[2].pose.position.z,0.18491675614597877
72.708000993,1709142543.390983137,1709142543.390546555,/rigid_bodies.rigidbodies[2].pose.position.z,0.18497661502054022
72.717659808,1709142543.400641952,1709142543.400320358,/rigid_bodies.rigidbodies[2].pose.position.z,0.18449487510762524
72.727745206,1709142543.410727350,1709142543.410328609,/rigid_bodies.rigidbodies[2].pose.position.z,0.1840877450097813
72.738178052,1709142543.421160196,1709142543.420635635,/rigid_bodies.rigidbodies[2].pose.position.z,0.18404964611564725
72.748539947,1709142543.431522091,1709142543.431130821,/rigid_bodies.rigidbodies[2].pose.position.z,0.1844605346567393
72.757747539,1709142543.440729683,1709142543.440406781,/rigid_bodies.rigidbodies[2].pose.position.z,0.1848903293858468
72.768014994,1709142543.450997138,1709142543.450576747,/rigid_bodies.rigidbodies[2].pose.position.z,0.1847781042271627
72.777888946,1709142543.460871090,1709142543.460425593,/rigid_bodies.rigidbodies[2].pose.position.z,0.18458864744379921
72.787930085,1709142543.470912229,1709142543.470481885,/rigid_bodies.rigidbodies[2].pose.position.z,0.18461916037192455
72.798536922,1709142543.481519066,1709142543.480927217,/rigid_bodies.rigidbodies[2].pose.position.z,0.18483498889548805
72.80837144,1709142543.491353584,1709142543.490726764,/rigid_bodies.rigidbodies[2].pose.position.z,0.18468837838674632
72.818206824,1709142543.501188968,1709142543.500730009,/rigid_bodies.rigidbodies[2].pose.position.z,0.18446163844115093
72.828304692,1709142543.511286836,1709142543.510740964,/rigid_bodies.rigidbodies[2].pose.position.z,0.18433180192752618
72.838107066,1709142543.521089210,1709142543.520399430,/rigid_bodies.rigidbodies[2].pose.position.z,0.18444265952578828
72.848308689,1709142543.531290833,1709142543.530852544,/rigid_bodies.rigidbodies[2].pose.position.z,0.18476650591205515
72.858363356,1709142543.541345500,1709142543.540879022,/rigid_bodies.rigidbodies[2].pose.position.z,0.18489207043606115
72.867808009,1709142543.550790153,1709142543.550365459,/rigid_bodies.rigidbodies[2].pose.position.z,0.18477748290315202
72.878243994,1709142543.561226138,1709142543.560777836,/rigid_bodies.rigidbodies[2].pose.position.z,0.1844698412723328
72.888641099,1709142543.571623243,1709142543.571015961,/rigid_bodies.rigidbodies[2].pose.position.z,0.1844314760865696
72.893678072,1709142543.576660216,1709142543.576170361,/rigid_bodies.rigidbodies[2].pose.position.z,0.18470172390931028
72.909044099,1709142543.592026243,1709142543.591355399,/rigid_bodies.rigidbodies[2].pose.position.z,0.18487143864905228
72.918299929,1709142543.601282073,1709142543.600777266,/rigid_bodies.rigidbodies[2].pose.position.z,0.18453106535943162
72.928305274,1709142543.611287418,1709142543.610801314,/rigid_bodies.rigidbodies[2].pose.position.z,0.18416281551283042
72.938244542,1709142543.621226686,1709142543.620716359,/rigid_bodies.rigidbodies[2].pose.position.z,0.18420807016243293
72.948167514,1709142543.631149658,1709142543.630725618,/rigid_bodies.rigidbodies[2].pose.position.z,0.18460905583404372
72.958280607,1709142543.641262751,1709142543.640818798,/rigid_bodies.rigidbodies[2].pose.position.z,0.18494360676338553
72.968276142,1709142543.651258286,1709142543.650719160,/rigid_bodies.rigidbodies[2].pose.position.z,0.18485421717836373
72.977785199,1709142543.660767343,1709142543.660498779,/rigid_bodies.rigidbodies[2].pose.position.z,0.18458987485209166
72.988042671,1709142543.671024815,1709142543.670641485,/rigid_bodies.rigidbodies[2].pose.position.z,0.184489177886275
72.998251103,1709142543.681233247,1709142543.680886435,/rigid_bodies.rigidbodies[2].pose.position.z,0.18471826469639538
73.007945428,1709142543.690927572,1709142543.690562896,/rigid_bodies.rigidbodies[2].pose.position.z,0.1848818658623996
73.017899374,1709142543.700881518,1709142543.700456525,/rigid_bodies.rigidbodies[2].pose.position.z,0.18478196256614884
73.028538199,1709142543.711520343,1709142543.710855132,/rigid_bodies.rigidbodies[2].pose.position.z,0.1842286620336062
73.037795369,1709142543.720777513,1709142543.720333679,/rigid_bodies.rigidbodies[2].pose.position.z,0.18413071672485978
73.048347026,1709142543.731329170,1709142543.731026533,/rigid_bodies.rigidbodies[2].pose.position.z,0.18442089038446055
73.058290386,1709142543.741272530,1709142543.740866378,/rigid_bodies.rigidbodies[2].pose.position.z,0.18471899722877222
73.067192096,1709142543.750174240,1709142543.749833686,/rigid_bodies.rigidbodies[2].pose.position.z,0.18475146233454673
73.078068234,1709142543.761050378,1709142543.760481536,/rigid_bodies.rigidbodies[2].pose.position.z,0.18454149978896148
73.08845319,1709142543.771435334,1709142543.770743491,/rigid_bodies.rigidbodies[2].pose.position.z,0.1843310697619196
73.09799625,1709142543.780978394,1709142543.780493587,/rigid_bodies.rigidbodies[2].pose.position.z,0.18451210717289254
73.107789428,1709142543.790771572,1709142543.790415884,/rigid_bodies.rigidbodies[2].pose.position.z,0.18502634338657656
73.118455781,1709142543.801437925,1709142543.800729491,/rigid_bodies.rigidbodies[2].pose.position.z,0.18506111028360384
73.128116155,1709142543.811098299,1709142543.810684097,/rigid_bodies.rigidbodies[2].pose.position.z,0.18463869882006279
73.138340031,1709142543.821322175,1709142543.820935600,/rigid_bodies.rigidbodies[2].pose.position.z,0.18450244780727698
73.148087256,1709142543.831069400,1709142543.830760049,/rigid_bodies.rigidbodies[2].pose.position.z,0.18456215525990471
73.157791893,1709142543.840774037,1709142543.840388695,/rigid_bodies.rigidbodies[2].pose.position.z,0.18466775554902706
73.168123311,1709142543.851105455,1709142543.850687688,/rigid_bodies.rigidbodies[2].pose.position.z,0.18466223119162511
73.177906824,1709142543.860888968,1709142543.860378848,/rigid_bodies.rigidbodies[2].pose.position.z,0.18432798394532585
73.188365683,1709142543.871347827,1709142543.870898122,/rigid_bodies.rigidbodies[2].pose.position.z,0.18430414509426363
73.198655065,1709142543.881637209,1709142543.881066760,/rigid_bodies.rigidbodies[2].pose.position.z,0.18451281085501384
73.208424999,1709142543.891407143,1709142543.890925959,/rigid_bodies.rigidbodies[2].pose.position.z,0.18473121653765684
73.218065983,1709142543.901048127,1709142543.900624422,/rigid_bodies.rigidbodies[2].pose.position.z,0.18472044968926948
73.228379438,1709142543.911361582,1709142543.910767970,/rigid_bodies.rigidbodies[2].pose.position.z,0.18447114735651193
73.238370337,1709142543.921352481,1709142543.920862023,/rigid_bodies.rigidbodies[2].pose.position.z,0.1844516725440543
73.248413656,1709142543.931395800,1709142543.931029888,/rigid_bodies.rigidbodies[2].pose.position.z,0.18467261651488467
73.258314599,1709142543.941296743,1709142543.940897295,/rigid_bodies.rigidbodies[2].pose.position.z,0.18485819157135577
73.268430166,1709142543.951412310,1709142543.950910143,/rigid_bodies.rigidbodies[2].pose.position.z,0.18490120819715727
73.277893989,1709142543.960876133,1709142543.960453256,/rigid_bodies.rigidbodies[2].pose.position.z,0.1845112341746696
73.288368746,1709142543.971350890,1709142543.970776993,/rigid_bodies.rigidbodies[2].pose.position.z,0.18424912866430285
73.297843461,1709142543.980825605,1709142543.980346287,/rigid_bodies.rigidbodies[2].pose.position.z,0.18443069208494955
73.30794637,1709142543.990928514,1709142543.990389463,/rigid_bodies.rigidbodies[2].pose.position.z,0.18479255803119674
73.318314911,1709142544.001297055,1709142544.000804196,/rigid_bodies.rigidbodies[2].pose.position.z,0.1849728771594138
73.328712032,1709142544.011694176,1709142544.011088099,/rigid_bodies.rigidbodies[2].pose.position.z,0.18448640016959386
73.338573179,1709142544.021555323,1709142544.021059563,/rigid_bodies.rigidbodies[2].pose.position.z,0.18406272847103688
73.347888186,1709142544.030870330,1709142544.030532741,/rigid_bodies.rigidbodies[2].pose.position.z,0.1841110654387328
73.35796984,1709142544.040951984,1709142544.040641365,/rigid_bodies.rigidbodies[2].pose.position.z,0.18450569886603824
73.367861035,1709142544.050843179,1709142544.050648401,/rigid_bodies.rigidbodies[2].pose.position.z,0.18484421673747756
73.377288459,1709142544.060270603,1709142544.060110597,/rigid_bodies.rigidbodies[2].pose.position.z,0.18471055192196253
73.387153489,1709142544.070135633,1709142544.070000988,/rigid_bodies.rigidbodies[2].pose.position.z,0.18449950411053653
73.398036177,1709142544.081018321,1709142544.080693723,/rigid_bodies.rigidbodies[2].pose.position.z,0.18440894763326493
73.407463315,1709142544.090445459,1709142544.090335913,/rigid_bodies.rigidbodies[2].pose.position.z,0.18460968637189812
73.417699129,1709142544.100681273,1709142544.100583345,/rigid_bodies.rigidbodies[2].pose.position.z,0.18477687474471302
73.427432062,1709142544.110414206,1709142544.110130241,/rigid_bodies.rigidbodies[2].pose.position.z,0.18473873107047933
73.43810397,1709142544.121086114,1709142544.120649066,/rigid_bodies.rigidbodies[2].pose.position.z,0.18454932142125624
73.448563399,1709142544.131545543,1709142544.131189381,/rigid_bodies.rigidbodies[2].pose.position.z,0.18433224270341855
73.457701484,1709142544.140683628,1709142544.140375358,/rigid_bodies.rigidbodies[2].pose.position.z,0.184476252776522
73.467441657,1709142544.150423801,1709142544.150195967,/rigid_bodies.rigidbodies[2].pose.position.z,0.1847038297719021
73.477584297,1709142544.160566441,1709142544.160298798,/rigid_bodies.rigidbodies[2].pose.position.z,0.1844767197268714
73.488123973,1709142544.171106117,1709142544.170698134,/rigid_bodies.rigidbodies[2].pose.position.z,0.18427355229871664
73.498373357,1709142544.181355501,1709142544.180884992,/rigid_bodies.rigidbodies[2].pose.position.z,0.1843227145713527
73.508210007,1709142544.191192151,1709142544.190716754,/rigid_bodies.rigidbodies[2].pose.position.z,0.18462861977039163
73.518568238,1709142544.201550382,1709142544.201032606,/rigid_bodies.rigidbodies[2].pose.position.z,0.184917301340713
73.52744431,1709142544.210426454,1709142544.210047936,/rigid_bodies.rigidbodies[2].pose.position.z,0.18476407335483466
73.538410876,1709142544.221393020,1709142544.220714758,/rigid_bodies.rigidbodies[2].pose.position.z,0.18444592878350383
73.548366148,1709142544.231348292,1709142544.231001310,/rigid_bodies.rigidbodies[2].pose.position.z,0.1845112419566644
73.557693694,1709142544.240675838,1709142544.240189013,/rigid_bodies.rigidbodies[2].pose.position.z,0.18484343759003863
73.568787442,1709142544.251769586,1709142544.251150890,/rigid_bodies.rigidbodies[2].pose.position.z,0.18494641984818788
73.57867517,1709142544.261657314,1709142544.260988431,/rigid_bodies.rigidbodies[2].pose.position.z,0.18479510134900226
73.587156231,1709142544.270138375,1709142544.269671888,/rigid_bodies.rigidbodies[2].pose.position.z,0.1843462547193734
73.598688259,1709142544.281670403,1709142544.280962430,/rigid_bodies.rigidbodies[2].pose.position.z,0.1842949735851055
73.608313038,1709142544.291295182,1709142544.290848033,/rigid_bodies.rigidbodies[2].pose.position.z,0.1845671724734528
73.618256686,1709142544.301238830,1709142544.300737579,/rigid_bodies.rigidbodies[2].pose.position.z,0.1849388605460884
73.628149485,1709142544.311131629,1709142544.310564232,/rigid_bodies.rigidbodies[2].pose.position.z,0.18473412813706722
73.638677392,1709142544.321659536,1709142544.320974053,/rigid_bodies.rigidbodies[2].pose.position.z,0.1844487701869697
73.648210455,1709142544.331192599,1709142544.330752631,/rigid_bodies.rigidbodies[2].pose.position.z,0.18441699002020423
73.658254682,1709142544.341236826,1709142544.340684048,/rigid_bodies.rigidbodies[2].pose.position.z,0.18466005267236954
73.668389092,1709142544.351371236,1709142544.350846593,/rigid_bodies.rigidbodies[2].pose.position.z,0.1849371315671962
73.678185559,1709142544.361167703,1709142544.360734416,/rigid_bodies.rigidbodies[2].pose.position.z,0.18482833472893692
73.688737301,1709142544.371719445,1709142544.371089617,/rigid_bodies.rigidbodies[2].pose.position.z,0.184269875436472
73.698623413,1709142544.381605557,1709142544.380979615,/rigid_bodies.rigidbodies[2].pose.position.z,0.18403893540911662
73.708258124,1709142544.391240268,1709142544.390755102,/rigid_bodies.rigidbodies[2].pose.position.z,0.18413866169454
73.717871957,1709142544.400854101,1709142544.400450787,/rigid_bodies.rigidbodies[2].pose.position.z,0.18468719199078312
73.728118525,1709142544.411100669,1709142544.410561943,/rigid_bodies.rigidbodies[2].pose.position.z,0.18474261712185328
73.738118068,1709142544.421100212,1709142544.420700409,/rigid_bodies.rigidbodies[2].pose.position.z,0.18451217522469612
73.748581966,1709142544.431564110,1709142544.431223947,/rigid_bodies.rigidbodies[2].pose.position.z,0.18441514395482683
73.758197473,1709142544.441179617,1709142544.440618946,/rigid_bodies.rigidbodies[2].pose.position.z,0.18464529085328912
73.7682123,1709142544.451194444,1709142544.450687557,/rigid_bodies.rigidbodies[2].pose.position.z,0.1848292415820526
73.777835397,1709142544.460817541,1709142544.460391356,/rigid_bodies.rigidbodies[2].pose.position.z,0.18500058141762707
73.788610385,1709142544.471592529,1709142544.470952621,/rigid_bodies.rigidbodies[2].pose.position.z,0.1844391507095702
73.798439922,1709142544.481422066,1709142544.481019629,/rigid_bodies.rigidbodies[2].pose.position.z,0.1839946294545389
73.807975444,1709142544.490957588,1709142544.490387468,/rigid_bodies.rigidbodies[2].pose.position.z,0.18407935709286383
73.818639891,1709142544.501622035,1709142544.501096788,/rigid_bodies.rigidbodies[2].pose.position.z,0.18449036655104722
73.82801212,1709142544.510994264,1709142544.510477685,/rigid_bodies.rigidbodies[2].pose.position.z,0.18471852678996484
73.838396268,1709142544.521378412,1709142544.520841122,/rigid_bodies.rigidbodies[2].pose.position.z,0.18453796946201723
73.848339533,1709142544.531321677,1709142544.530926704,/rigid_bodies.rigidbodies[2].pose.position.z,0.18443093947275094
73.85801838,1709142544.541000524,1709142544.540584987,/rigid_bodies.rigidbodies[2].pose.position.z,0.1844077678889046
73.868414708,1709142544.551396852,1709142544.550853202,/rigid_bodies.rigidbodies[2].pose.position.z,0.18484226633969625
73.87786639,1709142544.560848534,1709142544.560435942,/rigid_bodies.rigidbodies[2].pose.position.z,0.18496658312026948
73.888781344,1709142544.571763488,1709142544.571155032,/rigid_bodies.rigidbodies[2].pose.position.z,0.18444434843001223
73.898411593,1709142544.581393737,1709142544.580967537,/rigid_bodies.rigidbodies[2].pose.position.z,0.1842128492688405
73.908432549,1709142544.591414693,1709142544.590858313,/rigid_bodies.rigidbodies[2].pose.position.z,0.18434670958984134
73.918242474,1709142544.601224618,1709142544.600749185,/rigid_bodies.rigidbodies[2].pose.position.z,0.18480085898829496
73.928069559,1709142544.611051703,1709142544.610623596,/rigid_bodies.rigidbodies[2].pose.position.z,0.18488871404079757
73.938351412,1709142544.621333556,1709142544.620882346,/rigid_bodies.rigidbodies[2].pose.position.z,0.18456429208851707
73.948391468,1709142544.631373612,1709142544.630844862,/rigid_bodies.rigidbodies[2].pose.position.z,0.18410926770206215
73.958392035,1709142544.641374179,1709142544.640848873,/rigid_bodies.rigidbodies[2].pose.position.z,0.18431409210111852
73.968181665,1709142544.651163809,1709142544.650653860,/rigid_bodies.rigidbodies[2].pose.position.z,0.18479394713247385
73.978070367,1709142544.661052511,1709142544.660585795,/rigid_bodies.rigidbodies[2].pose.position.z,0.18508236285704724
73.988115563,1709142544.671097707,1709142544.670531691,/rigid_bodies.rigidbodies[2].pose.position.z,0.18482244224484365
73.9988313,1709142544.681813444,1709142544.681047882,/rigid_bodies.rigidbodies[2].pose.position.z,0.18426657860448623
74.008335796,1709142544.691317940,1709142544.690819632,/rigid_bodies.rigidbodies[2].pose.position.z,0.1840513836030414
74.018077867,1709142544.701060011,1709142544.700691027,/rigid_bodies.rigidbodies[2].pose.position.z,0.18449593898623529
74.027463013,1709142544.710445157,1709142544.709936134,/rigid_bodies.rigidbodies[2].pose.position.z,0.18501328456665955
74.03831912,1709142544.721301264,1709142544.720835969,/rigid_bodies.rigidbodies[2].pose.position.z,0.18480876842875604
74.04854946,1709142544.731531604,1709142544.731041709,/rigid_bodies.rigidbodies[2].pose.position.z,0.1844182128533674
74.058057014,1709142544.741039158,1709142544.740506145,/rigid_bodies.rigidbodies[2].pose.position.z,0.184210394575477
74.067819134,1709142544.750801278,1709142544.750428731,/rigid_bodies.rigidbodies[2].pose.position.z,0.18452408397056927
74.077439082,1709142544.760421226,1709142544.760169586,/rigid_bodies.rigidbodies[2].pose.position.z,0.18502023125001346
74.087896811,1709142544.770878955,1709142544.770704893,/rigid_bodies.rigidbodies[2].pose.position.z,0.18504424976194733
74.097434456,1709142544.780416600,1709142544.780231169,/rigid_bodies.rigidbodies[2].pose.position.z,0.18462711022968015
74.107258687,1709142544.790240831,1709142544.789979302,/rigid_bodies.rigidbodies[2].pose.position.z,0.1842191617862518
74.118190766,1709142544.801172910,1709142544.800661311,/rigid_bodies.rigidbodies[2].pose.position.z,0.18435710474898342
74.128490391,1709142544.811472535,1709142544.810908457,/rigid_bodies.rigidbodies[2].pose.position.z,0.1846082941610223
74.138092066,1709142544.821074210,1709142544.820619671,/rigid_bodies.rigidbodies[2].pose.position.z,0.18459295746533655
74.148624452,1709142544.831606596,1709142544.831227274,/rigid_bodies.rigidbodies[2].pose.position.z,0.18416753355208026
74.158063687,1709142544.841045831,1709142544.840490734,/rigid_bodies.rigidbodies[2].pose.position.z,0.18427224678657442
74.168211339,1709142544.851193483,1709142544.850766288,/rigid_bodies.rigidbodies[2].pose.position.z,0.18456027268574032
74.177487258,1709142544.860469402,1709142544.860024182,/rigid_bodies.rigidbodies[2].pose.position.z,0.18499272263979302
74.187976222,1709142544.870958366,1709142544.870564513,/rigid_bodies.rigidbodies[2].pose.position.z,0.18502541303438425
74.198477713,1709142544.881459857,1709142544.880952843,/rigid_bodies.rigidbodies[2].pose.position.z,0.18455135749214044
74.207930813,1709142544.890912957,1709142544.890542616,/rigid_bodies.rigidbodies[2].pose.position.z,0.1842809624499076
74.217934139,1709142544.900916283,1709142544.900591447,/rigid_bodies.rigidbodies[2].pose.position.z,0.1845788926325292
74.227998953,1709142544.910981097,1709142544.910634888,/rigid_bodies.rigidbodies[2].pose.position.z,0.18498077060572476
74.238033253,1709142544.921015397,1709142544.920480746,/rigid_bodies.rigidbodies[2].pose.position.z,0.18488221838134034
74.248358904,1709142544.931341048,1709142544.930842507,/rigid_bodies.rigidbodies[2].pose.position.z,0.18437999954319656
74.258374023,1709142544.941356167,1709142544.940805001,/rigid_bodies.rigidbodies[2].pose.position.z,0.18400267557822123
74.268313685,1709142544.951295829,1709142544.950764288,/rigid_bodies.rigidbodies[2].pose.position.z,0.18417975371767528
74.277568919,1709142544.960551063,1709142544.960171940,/rigid_bodies.rigidbodies[2].pose.position.z,0.18467965799294425
74.28869987,1709142544.971682014,1709142544.971093781,/rigid_bodies.rigidbodies[2].pose.position.z,0.18497788856095992
74.298132972,1709142544.981115116,1709142544.980754248,/rigid_bodies.rigidbodies[2].pose.position.z,0.1846146257700115
74.307608791,1709142544.990590935,1709142544.990313681,/rigid_bodies.rigidbodies[2].pose.position.z,0.18421667839680295
74.317931021,1709142545.000913165,1709142545.000666792,/rigid_bodies.rigidbodies[2].pose.position.z,0.1842354457549086
74.327431596,1709142545.010413740,1709142545.010186272,/rigid_bodies.rigidbodies[2].pose.position.z,0.18469928970934937
74.33792586,1709142545.020908004,1709142545.020582853,/rigid_bodies.rigidbodies[2].pose.position.z,0.18495624963312515
74.348722532,1709142545.031704676,1709142545.031303017,/rigid_bodies.rigidbodies[2].pose.position.z,0.18459867400516655
74.358044572,1709142545.041026716,1709142545.040492599,/rigid_bodies.rigidbodies[2].pose.position.z,0.18408450790689598
74.368128867,1709142545.051111011,1709142545.050676571,/rigid_bodies.rigidbodies[2].pose.position.z,0.18425923565186256
74.377976897,1709142545.060959041,1709142545.060497110,/rigid_bodies.rigidbodies[2].pose.position.z,0.18456975876432766
74.388114949,1709142545.071097093,1709142545.070674385,/rigid_bodies.rigidbodies[2].pose.position.z,0.18490235095996493
74.397923949,1709142545.080906093,1709142545.080643982,/rigid_bodies.rigidbodies[2].pose.position.z,0.18469525101567738
74.407373449,1709142545.090355593,1709142545.090086019,/rigid_bodies.rigidbodies[2].pose.position.z,0.18421099181961417
74.418554455,1709142545.101536599,1709142545.100905060,/rigid_bodies.rigidbodies[2].pose.position.z,0.18427477335978676
74.427813126,1709142545.110795270,1709142545.110311402,/rigid_bodies.rigidbodies[2].pose.position.z,0.18467863087616054
74.438614568,1709142545.121596712,1709142545.120989079,/rigid_bodies.rigidbodies[2].pose.position.z,0.18497719333018414
74.44833982,1709142545.131321964,1709142545.130863217,/rigid_bodies.rigidbodies[2].pose.position.z,0.1845702581733529
74.457905242,1709142545.140887386,1709142545.140410337,/rigid_bodies.rigidbodies[2].pose.position.z,0.1841045122883425
74.468830257,1709142545.151812401,1709142545.151092873,/rigid_bodies.rigidbodies[2].pose.position.z,0.18405172829255223
74.478424004,1709142545.161406148,1709142545.160936493,/rigid_bodies.rigidbodies[2].pose.position.z,0.18443765874806303
74.488265138,1709142545.171247282,1709142545.170669124,/rigid_bodies.rigidbodies[2].pose.position.z,0.18489248479519801
74.498477284,1709142545.181459428,1709142545.180815690,/rigid_bodies.rigidbodies[2].pose.position.z,0.1848392820204285
74.507619499,1709142545.190601643,1709142545.190288762,/rigid_bodies.rigidbodies[2].pose.position.z,0.1843993058957059
74.517830183,1709142545.200812327,1709142545.200506908,/rigid_bodies.rigidbodies[2].pose.position.z,0.18431141704501805
74.527827514,1709142545.210809658,1709142545.210478609,/rigid_bodies.rigidbodies[2].pose.position.z,0.1845812630836586
74.538156818,1709142545.221138962,1709142545.220717164,/rigid_bodies.rigidbodies[2].pose.position.z,0.18486727977467038
74.5481131,1709142545.231095244,1709142545.230727786,/rigid_bodies.rigidbodies[2].pose.position.z,0.18484145185372539
74.558003391,1709142545.240985535,1709142545.240477205,/rigid_bodies.rigidbodies[2].pose.position.z,0.18439235250439467
74.568273032,1709142545.251255176,1709142545.250830360,/rigid_bodies.rigidbodies[2].pose.position.z,0.1841764452238929
74.577655363,1709142545.260637507,1709142545.260158501,/rigid_bodies.rigidbodies[2].pose.position.z,0.18440543309682103
74.58850835,1709142545.271490494,1709142545.270910590,/rigid_bodies.rigidbodies[2].pose.position.z,0.1846896966748567
74.598386292,1709142545.281368436,1709142545.280989460,/rigid_bodies.rigidbodies[2].pose.position.z,0.1846332104159217
74.607895791,1709142545.290877935,1709142545.290377098,/rigid_bodies.rigidbodies[2].pose.position.z,0.184282959113469
74.617948804,1709142545.300930948,1709142545.300413089,/rigid_bodies.rigidbodies[2].pose.position.z,0.18417266865660828
74.628014844,1709142545.310996988,1709142545.310579668,/rigid_bodies.rigidbodies[2].pose.position.z,0.1847349681455438
74.637951009,1709142545.320933153,1709142545.320545037,/rigid_bodies.rigidbodies[2].pose.position.z,0.18511123053698783
74.647545584,1709142545.330527728,1709142545.330243767,/rigid_bodies.rigidbodies[2].pose.position.z,0.18514988659138237
74.657752092,1709142545.340734236,1709142545.340432509,/rigid_bodies.rigidbodies[2].pose.position.z,0.18469732209021247
74.663105185,1709142545.346087329,1709142545.345853296,/rigid_bodies.rigidbodies[2].pose.position.z,0.18430238091144385
74.677940681,1709142545.360922825,1709142545.360691604,/rigid_bodies.rigidbodies[2].pose.position.z,0.18438411294803592
74.687571593,1709142545.370553737,1709142545.370344216,/rigid_bodies.rigidbodies[2].pose.position.z,0.18471494797509752
74.69746461,1709142545.380446754,1709142545.380231887,/rigid_bodies.rigidbodies[2].pose.position.z,0.18492773322117056
74.707768656,1709142545.390750800,1709142545.390573237,/rigid_bodies.rigidbodies[2].pose.position.z,0.18454518966886746
74.717758953,1709142545.400741097,1709142545.400498194,/rigid_bodies.rigidbodies[2].pose.position.z,0.18428602112075754
74.727906605,1709142545.410888749,1709142545.410647032,/rigid_bodies.rigidbodies[2].pose.position.z,0.18422087022072314
74.737862215,1709142545.420844359,1709142545.420551602,/rigid_bodies.rigidbodies[2].pose.position.z,0.18468252256806414
74.748058578,1709142545.431040722,1709142545.430797112,/rigid_bodies.rigidbodies[2].pose.position.z,0.18484480552999746
74.756933819,1709142545.439915963,1709142545.439713770,/rigid_bodies.rigidbodies[2].pose.position.z,0.18465191244761675
74.767049278,1709142545.450031422,1709142545.449819108,/rigid_bodies.rigidbodies[2].pose.position.z,0.18424354590964725
74.777468468,1709142545.460450612,1709142545.460243770,/rigid_bodies.rigidbodies[2].pose.position.z,0.1844228573966142
74.788280801,1709142545.471262945,1709142545.470882990,/rigid_bodies.rigidbodies[2].pose.position.z,0.18473476586230853
74.798188673,1709142545.481170817,1709142545.480642229,/rigid_bodies.rigidbodies[2].pose.position.z,0.18484813143160503
74.808209528,1709142545.491191672,1709142545.490699316,/rigid_bodies.rigidbodies[2].pose.position.z,0.18469857406155638
74.818325728,1709142545.501307872,1709142545.500858869,/rigid_bodies.rigidbodies[2].pose.position.z,0.1845473657629284
74.827503277,1709142545.510485421,1709142545.510071007,/rigid_bodies.rigidbodies[2].pose.position.z,0.18448209893702433
74.837221041,1709142545.520203185,1709142545.519625244,/rigid_bodies.rigidbodies[2].pose.position.z,0.18478784084630068
74.848162142,1709142545.531144286,1709142545.530729173,/rigid_bodies.rigidbodies[2].pose.position.z,0.1847934570731571
74.858270231,1709142545.541252375,1709142545.540714842,/rigid_bodies.rigidbodies[2].pose.position.z,0.18438158261925294
74.86753892,1709142545.550521064,1709142545.549999153,/rigid_bodies.rigidbodies[2].pose.position.z,0.18405163921857712
74.878233599,1709142545.561215743,1709142545.560670403,/rigid_bodies.rigidbodies[2].pose.position.z,0.18410850480796173
74.888865272,1709142545.571847416,1709142545.571235988,/rigid_bodies.rigidbodies[2].pose.position.z,0.18451538846103868
74.898328904,1709142545.581311048,1709142545.580800034,/rigid_bodies.rigidbodies[2].pose.position.z,0.18490608754622265
74.908090317,1709142545.591072461,1709142545.590619712,/rigid_bodies.rigidbodies[2].pose.position.z,0.18477239397765097
74.917917053,1709142545.600899197,1709142545.600534927,/rigid_bodies.rigidbodies[2].pose.position.z,0.18439761165007165
74.927757684,1709142545.610739828,1709142545.610499231,/rigid_bodies.rigidbodies[2].pose.position.z,0.18447748914488485
74.938164734,1709142545.621146878,1709142545.620729407,/rigid_bodies.rigidbodies[2].pose.position.z,0.1847108759041496
74.948128654,1709142545.631110798,1709142545.630798023,/rigid_bodies.rigidbodies[2].pose.position.z,0.18496868134334166
74.957511001,1709142545.640493145,1709142545.640250032,/rigid_bodies.rigidbodies[2].pose.position.z,0.18489318787696482
74.967849565,1709142545.650831709,1709142545.650606847,/rigid_bodies.rigidbodies[2].pose.position.z,0.18432144221520408
74.977753533,1709142545.660735677,1709142545.660451961,/rigid_bodies.rigidbodies[2].pose.position.z,0.18427892751129338
74.987817682,1709142545.670799826,1709142545.670543109,/rigid_bodies.rigidbodies[2].pose.position.z,0.18453525179144187
74.998262768,1709142545.681244912,1709142545.680899067,/rigid_bodies.rigidbodies[2].pose.position.z,0.18485435783293167
75.008361342,1709142545.691343486,1709142545.690748408,/rigid_bodies.rigidbodies[2].pose.position.z,0.18485244894161326
75.017532482,1709142545.700514626,1709142545.700139579,/rigid_bodies.rigidbodies[2].pose.position.z,0.18427517770035445
75.027722406,1709142545.710704550,1709142545.710272826,/rigid_bodies.rigidbodies[2].pose.position.z,0.18426966774291867
75.038689129,1709142545.721671273,1709142545.720995292,/rigid_bodies.rigidbodies[2].pose.position.z,0.18457479796671336
75.047406953,1709142545.730389097,1709142545.730030087,/rigid_bodies.rigidbodies[2].pose.position.z,0.1849527944388411
75.0579779,1709142545.740960044,1709142545.740515974,/rigid_bodies.rigidbodies[2].pose.position.z,0.1848839051378118
75.06861877,1709142545.751600914,1709142545.751051823,/rigid_bodies.rigidbodies[2].pose.position.z,0.18451301829807487
75.078131658,1709142545.761113802,1709142545.760664304,/rigid_bodies.rigidbodies[2].pose.position.z,0.18440654599612766
75.087915395,1709142545.770897539,1709142545.770540860,/rigid_bodies.rigidbodies[2].pose.position.z,0.18441274830965143
75.09864518,1709142545.781627324,1709142545.781046832,/rigid_bodies.rigidbodies[2].pose.position.z,0.18480269634317442
75.108421989,1709142545.791404133,1709142545.790840381,/rigid_bodies.rigidbodies[2].pose.position.z,0.18488689376556186
75.118203163,1709142545.801185307,1709142545.800614791,/rigid_bodies.rigidbodies[2].pose.position.z,0.18436654026144522
75.128124116,1709142545.811106260,1709142545.810518147,/rigid_bodies.rigidbodies[2].pose.position.z,0.18414350753548786
75.138082528,1709142545.821064672,1709142545.820590657,/rigid_bodies.rigidbodies[2].pose.position.z,0.18435110825544798
75.146641199,1709142545.829623343,1709142545.829321246,/rigid_bodies.rigidbodies[2].pose.position.z,0.18482805465714636
75.158075394,1709142545.841057538,1709142545.840535502,/rigid_bodies.rigidbodies[2].pose.position.z,0.18502319333975129
75.168227888,1709142545.851210032,1709142545.850784120,/rigid_bodies.rigidbodies[2].pose.position.z,0.1845711600292656
75.178423796,1709142545.861405940,1709142545.860873962,/rigid_bodies.rigidbodies[2].pose.position.z,0.18430201172287283
75.18841373,1709142545.871395874,1709142545.870714403,/rigid_bodies.rigidbodies[2].pose.position.z,0.18452739885973332
75.198276864,1709142545.881259008,1709142545.880618910,/rigid_bodies.rigidbodies[2].pose.position.z,0.18468748911298893
75.207495974,1709142545.890478118,1709142545.890035632,/rigid_bodies.rigidbodies[2].pose.position.z,0.18470933451842114
75.218397188,1709142545.901379332,1709142545.900677577,/rigid_bodies.rigidbodies[2].pose.position.z,0.1844507955047139
75.227967041,1709142545.910949185,1709142545.910447625,/rigid_bodies.rigidbodies[2].pose.position.z,0.18418332273842541
75.238359125,1709142545.921341269,1709142545.920811346,/rigid_bodies.rigidbodies[2].pose.position.z,0.1844241985969822
75.248879333,1709142545.931861477,1709142545.931417999,/rigid_bodies.rigidbodies[2].pose.position.z,0.1848067454796575
75.258291492,1709142545.941273636,1709142545.940702159,/rigid_bodies.rigidbodies[2].pose.position.z,0.18498332734575282
75.26802573,1709142545.951007874,1709142545.950603293,/rigid_bodies.rigidbodies[2].pose.position.z,0.1846055931804971
75.277961504,1709142545.960943648,1709142545.960495019,/rigid_bodies.rigidbodies[2].pose.position.z,0.18418423152515795
75.288260962,1709142545.971243106,1709142545.970757061,/rigid_bodies.rigidbodies[2].pose.position.z,0.1842084817748637
75.298491476,1709142545.981473620,1709142545.980947813,/rigid_bodies.rigidbodies[2].pose.position.z,0.18473950592831037
75.308015201,1709142545.990997345,1709142545.990545432,/rigid_bodies.rigidbodies[2].pose.position.z,0.1849847668768688
75.318453679,1709142546.001435823,1709142546.000911811,/rigid_bodies.rigidbodies[2].pose.position.z,0.18471633068573984
75.328123458,1709142546.011105602,1709142546.010623279,/rigid_bodies.rigidbodies[2].pose.position.z,0.18438034794663197
75.33827827,1709142546.021260414,1709142546.020756458,/rigid_bodies.rigidbodies[2].pose.position.z,0.18453299173781235
75.348450146,1709142546.031432290,1709142546.030989746,/rigid_bodies.rigidbodies[2].pose.position.z,0.1848330270050519
75.357453243,1709142546.040435387,1709142546.040171142,/rigid_bodies.rigidbodies[2].pose.position.z,0.18491287136368
75.367853536,1709142546.050835680,1709142546.050641778,/rigid_bodies.rigidbodies[2].pose.position.z,0.1847204402205765
75.377756377,1709142546.060738521,1709142546.060430339,/rigid_bodies.rigidbodies[2].pose.position.z,0.18423620094681614
75.387977796,1709142546.070959940,1709142546.070625997,/rigid_bodies.rigidbodies[2].pose.position.z,0.18417718691950088
75.398291781,1709142546.081273925,1709142546.080911200,/rigid_bodies.rigidbodies[2].pose.position.z,0.18449235453521196
75.407528513,1709142546.090510657,1709142546.090300621,/rigid_bodies.rigidbodies[2].pose.position.z,0.1847953835400734
75.417800585,1709142546.100782729,1709142546.100447503,/rigid_bodies.rigidbodies[2].pose.position.z,0.18481437922068344
75.427796133,1709142546.110778277,1709142546.110526929,/rigid_bodies.rigidbodies[2].pose.position.z,0.1845303262132899
75.438491553,1709142546.121473697,1709142546.120984407,/rigid_bodies.rigidbodies[2].pose.position.z,0.18441792187415762
75.447810646,1709142546.130792790,1709142546.130436011,/rigid_bodies.rigidbodies[2].pose.position.z,0.18464475598870608
75.457944218,1709142546.140926362,1709142546.140519197,/rigid_bodies.rigidbodies[2].pose.position.z,0.18471602844287321
75.46845906,1709142546.151441204,1709142546.150820391,/rigid_bodies.rigidbodies[2].pose.position.z,0.18451690541464233
75.47802861,1709142546.161010754,1709142546.160563053,/rigid_bodies.rigidbodies[2].pose.position.z,0.18419409449137134
75.488045698,1709142546.171027842,1709142546.170787635,/rigid_bodies.rigidbodies[2].pose.position.z,0.1841029834784766
75.497580282,1709142546.180562426,1709142546.180398966,/rigid_bodies.rigidbodies[2].pose.position.z,0.18460388279587206
75.507526759,1709142546.190508903,1709142546.190384802,/rigid_bodies.rigidbodies[2].pose.position.z,0.18496811854021825
75.512990865,1709142546.195973009,1709142546.195720164,/rigid_bodies.rigidbodies[2].pose.position.z,0.18473986115323263
75.528181494,1709142546.211163638,1709142546.210755508,/rigid_bodies.rigidbodies[2].pose.position.z,0.1843460868570286
75.538149346,1709142546.221131490,1709142546.220658404,/rigid_bodies.rigidbodies[2].pose.position.z,0.1842110167328389
75.549030012,1709142546.232012156,1709142546.231366693,/rigid_bodies.rigidbodies[2].pose.position.z,0.18431996457312902
75.558182511,1709142546.241164655,1709142546.240726572,/rigid_bodies.rigidbodies[2].pose.position.z,0.18467490817353596
75.568506484,1709142546.251488628,1709142546.250917643,/rigid_bodies.rigidbodies[2].pose.position.z,0.184545365962624
75.577679692,1709142546.260661836,1709142546.260344112,/rigid_bodies.rigidbodies[2].pose.position.z,0.18434151325222775
75.588048768,1709142546.271030912,1709142546.270627801,/rigid_bodies.rigidbodies[2].pose.position.z,0.18428352577984025
75.599196898,1709142546.282179042,1709142546.281565236,/rigid_bodies.rigidbodies[2].pose.position.z,0.1846636426509294
75.608151319,1709142546.291133463,1709142546.290641460,/rigid_bodies.rigidbodies[2].pose.position.z,0.1850355730086019
75.618413344,1709142546.301395488,1709142546.300867859,/rigid_bodies.rigidbodies[2].pose.position.z,0.1850656991067958
75.628555934,1709142546.311538078,1709142546.310927549,/rigid_bodies.rigidbodies[2].pose.position.z,0.18455451869447095
75.637695153,1709142546.320677297,1709142546.320286987,/rigid_bodies.rigidbodies[2].pose.position.z,0.18426861755912033
75.648288531,1709142546.331270675,1709142546.330869466,/rigid_bodies.rigidbodies[2].pose.position.z,0.1843817831542349
75.657434181,1709142546.340416325,1709142546.340111060,/rigid_bodies.rigidbodies[2].pose.position.z,0.18468418631062705
75.668012919,1709142546.350995063,1709142546.350580388,/rigid_bodies.rigidbodies[2].pose.position.z,0.1846459921529072
75.678063202,1709142546.361045346,1709142546.360555044,/rigid_bodies.rigidbodies[2].pose.position.z,0.18433556710054005
75.68859978,1709142546.371581924,1709142546.370975143,/rigid_bodies.rigidbodies[2].pose.position.z,0.1841716185429315
75.698381083,1709142546.381363227,1709142546.380912483,/rigid_bodies.rigidbodies[2].pose.position.z,0.1843359430061619
75.708195194,1709142546.391177338,1709142546.390679228,/rigid_bodies.rigidbodies[2].pose.position.z,0.1848652857597186
75.718407898,1709142546.401390042,1709142546.400817741,/rigid_bodies.rigidbodies[2].pose.position.z,0.18498480656116162
75.728478863,1709142546.411461007,1709142546.411043468,/rigid_bodies.rigidbodies[2].pose.position.z,0.18462229599844165
75.738497876,1709142546.421480020,1709142546.420876473,/rigid_bodies.rigidbodies[2].pose.position.z,0.18445713944122832
75.747849557,1709142546.430831701,1709142546.430487744,/rigid_bodies.rigidbodies[2].pose.position.z,0.18468163601701715
75.758184178,1709142546.441166322,1709142546.440825718,/rigid_bodies.rigidbodies[2].pose.position.z,0.18502377088385347
75.76830665,1709142546.451288794,1709142546.450835157,/rigid_bodies.rigidbodies[2].pose.position.z,0.18506302553418605
75.778030781,1709142546.461012925,1709142546.460478555,/rigid_bodies.rigidbodies[2].pose.position.z,0.18460476298899345
75.78809185,1709142546.471073994,1709142546.470669817,/rigid_bodies.rigidbodies[2].pose.position.z,0.18410607259529166
75.798525626,1709142546.481507770,1709142546.481083262,/rigid_bodies.rigidbodies[2].pose.position.z,0.1841248660457464
75.808399529,1709142546.491381673,1709142546.490821466,/rigid_bodies.rigidbodies[2].pose.position.z,0.18451422575800347
75.818108527,1709142546.501090671,1709142546.500636014,/rigid_bodies.rigidbodies[2].pose.position.z,0.18473514820183057
75.827730017,1709142546.510712161,1709142546.510296683,/rigid_bodies.rigidbodies[2].pose.position.z,0.18452321816692965
75.838668373,1709142546.521650517,1709142546.520928942,/rigid_bodies.rigidbodies[2].pose.position.z,0.18427488925873298
75.848264691,1709142546.531246835,1709142546.530782946,/rigid_bodies.rigidbodies[2].pose.position.z,0.1845500065844305
75.85777477,1709142546.540756914,1709142546.540355264,/rigid_bodies.rigidbodies[2].pose.position.z,0.18511085250346165
75.8681996,1709142546.551181744,1709142546.550701700,/rigid_bodies.rigidbodies[2].pose.position.z,0.18528817621788513
75.878099047,1709142546.561081191,1709142546.560682831,/rigid_bodies.rigidbodies[2].pose.position.z,0.18481659930953626
75.888828777,1709142546.571810921,1709142546.571149951,/rigid_bodies.rigidbodies[2].pose.position.z,0.18421374410144528
75.898764411,1709142546.581746555,1709142546.581265462,/rigid_bodies.rigidbodies[2].pose.position.z,0.18398907611112764
75.907569737,1709142546.590551881,1709142546.590274799,/rigid_bodies.rigidbodies[2].pose.position.z,0.18450665711520034
75.917955304,1709142546.600937448,1709142546.600364225,/rigid_bodies.rigidbodies[2].pose.position.z,0.18481732383074517
75.92909098,1709142546.612073124,1709142546.611586613,/rigid_bodies.rigidbodies[2].pose.position.z,0.18447660103323976
75.938657339,1709142546.621639483,1709142546.621092068,/rigid_bodies.rigidbodies[2].pose.position.z,0.18410301264778958
75.948755989,1709142546.631738133,1709142546.631331386,/rigid_bodies.rigidbodies[2].pose.position.z,0.18423230021963813
75.958363257,1709142546.641345401,1709142546.640873648,/rigid_bodies.rigidbodies[2].pose.position.z,0.18478269434467184
75.968483832,1709142546.651465976,1709142546.650925282,/rigid_bodies.rigidbodies[2].pose.position.z,0.18525054255368853
75.978303772,1709142546.661285916,1709142546.660698088,/rigid_bodies.rigidbodies[2].pose.position.z,0.18510907707171687
75.988357379,1709142546.671339523,1709142546.670847525,/rigid_bodies.rigidbodies[2].pose.position.z,0.18435825776022918
75.998321448,1709142546.681303592,1709142546.680791442,/rigid_bodies.rigidbodies[2].pose.position.z,0.184059517336361
76.008033165,1709142546.691015309,1709142546.690480064,/rigid_bodies.rigidbodies[2].pose.position.z,0.18445893239298372
76.018116261,1709142546.701098405,1709142546.700458342,/rigid_bodies.rigidbodies[2].pose.position.z,0.18479161327707055
76.028554688,1709142546.711536832,1709142546.710884135,/rigid_bodies.rigidbodies[2].pose.position.z,0.18480531657629606
76.038483462,1709142546.721465606,1709142546.720960218,/rigid_bodies.rigidbodies[2].pose.position.z,0.18426704370833388
76.047162263,1709142546.730144407,1709142546.729731942,/rigid_bodies.rigidbodies[2].pose.position.z,0.18399388683825696
76.057779218,1709142546.740761362,1709142546.740236629,/rigid_bodies.rigidbodies[2].pose.position.z,0.18432670329988962
76.068165396,1709142546.751147540,1709142546.750676892,/rigid_bodies.rigidbodies[2].pose.position.z,0.1847771581085046
76.077623839,1709142546.760605983,1709142546.760289425,/rigid_bodies.rigidbodies[2].pose.position.z,0.18482388069469013
76.088148394,1709142546.771130538,1709142546.770686469,/rigid_bodies.rigidbodies[2].pose.position.z,0.18449106958543113
76.098499848,1709142546.781481992,1709142546.781046565,/rigid_bodies.rigidbodies[2].pose.position.z,0.18433412536963023
76.107321892,1709142546.790304036,1709142546.790199385,/rigid_bodies.rigidbodies[2].pose.position.z,0.184602067261862
76.116872217,1709142546.799854361,1709142546.799655592,/rigid_bodies.rigidbodies[2].pose.position.z,0.18510018301522668
76.127799475,1709142546.810781619,1709142546.810371894,/rigid_bodies.rigidbodies[2].pose.position.z,0.18507858485870954
76.138680015,1709142546.821662159,1709142546.820937223,/rigid_bodies.rigidbodies[2].pose.position.z,0.18431367143291474
76.148221343,1709142546.831203487,1709142546.830896702,/rigid_bodies.rigidbodies[2].pose.position.z,0.1837994359773574
76.157750076,1709142546.840732220,1709142546.840407481,/rigid_bodies.rigidbodies[2].pose.position.z,0.1842036815234872
76.168232202,1709142546.851214346,1709142546.850782508,/rigid_bodies.rigidbodies[2].pose.position.z,0.1847894393621727
76.17789393,1709142546.860876074,1709142546.860552161,/rigid_bodies.rigidbodies[2].pose.position.z,0.1849623624946168
76.183630544,1709142546.866612688,1709142546.866164327,/rigid_bodies.rigidbodies[2].pose.position.z,0.18448436874471333
76.198218487,1709142546.881200631,1709142546.880622032,/rigid_bodies.rigidbodies[2].pose.position.z,0.18418722441126723
76.207831189,1709142546.890813333,1709142546.890344476,/rigid_bodies.rigidbodies[2].pose.position.z,0.18447225291555183
76.218246599,1709142546.901228743,1709142546.900793560,/rigid_bodies.rigidbodies[2].pose.position.z,0.18513268227344246
76.223511216,1709142546.906493360,1709142546.906051270,/rigid_bodies.rigidbodies[2].pose.position.z,0.18527171481969482
76.238708878,1709142546.921691022,1709142546.921088921,/rigid_bodies.rigidbodies[2].pose.position.z,0.18465541056792872
76.247956706,1709142546.930938850,1709142546.930614474,/rigid_bodies.rigidbodies[2].pose.position.z,0.1838067597780149
76.257815543,1709142546.940797687,1709142546.940469587,/rigid_bodies.rigidbodies[2].pose.position.z,0.18379738018403502
76.268565237,1709142546.951547381,1709142546.951076630,/rigid_bodies.rigidbodies[2].pose.position.z,0.18453231399769765
76.277365521,1709142546.960347665,1709142546.959814882,/rigid_bodies.rigidbodies[2].pose.position.z,0.1851407404949423
76.288017294,1709142546.970999438,1709142546.970561966,/rigid_bodies.rigidbodies[2].pose.position.z,0.18497792784121547
76.298397617,1709142546.981379761,1709142546.980743516,/rigid_bodies.rigidbodies[2].pose.position.z,0.18434929512603346
76.308037791,1709142546.991019935,1709142546.990596458,/rigid_bodies.rigidbodies[2].pose.position.z,0.18425267211809015
76.318490685,1709142547.001472829,1709142547.000841778,/rigid_bodies.rigidbodies[2].pose.position.z,0.18497175872392888
76.328231526,1709142547.011213670,1709142547.010546718,/rigid_bodies.rigidbodies[2].pose.position.z,0.18530241700908814
76.33815312,1709142547.021135264,1709142547.020576837,/rigid_bodies.rigidbodies[2].pose.position.z,0.18493313717574578
76.348405683,1709142547.031387827,1709142547.030871616,/rigid_bodies.rigidbodies[2].pose.position.z,0.18428503021503415
76.35787891,1709142547.040861054,1709142547.040463187,/rigid_bodies.rigidbodies[2].pose.position.z,0.18395017272062242
76.368141669,1709142547.051123813,1709142547.050652918,/rigid_bodies.rigidbodies[2].pose.position.z,0.1843893264230305
76.378002027,1709142547.060984171,1709142547.060463789,/rigid_bodies.rigidbodies[2].pose.position.z,0.18486691530219565
76.388465536,1709142547.071447680,1709142547.070854346,/rigid_bodies.rigidbodies[2].pose.position.z,0.18486399255473293
76.398584691,1709142547.081566835,1709142547.081143876,/rigid_bodies.rigidbodies[2].pose.position.z,0.184178703319359
76.407862178,1709142547.090844322,1709142547.090411018,/rigid_bodies.rigidbodies[2].pose.position.z,0.18392564086345184
76.41832252,1709142547.101304664,1709142547.100812930,/rigid_bodies.rigidbodies[2].pose.position.z,0.18460702580945795
76.428111612,1709142547.111093756,1709142547.110631256,/rigid_bodies.rigidbodies[2].pose.position.z,0.1852138925222826
76.438083413,1709142547.121065557,1709142547.120552031,/rigid_bodies.rigidbodies[2].pose.position.z,0.18533946165531434
76.448393336,1709142547.131375480,1709142547.130819459,/rigid_bodies.rigidbodies[2].pose.position.z,0.18474312848924726
76.458146215,1709142547.141128359,1709142547.140635018,/rigid_bodies.rigidbodies[2].pose.position.z,0.18404787776192708
76.468567353,1709142547.151549497,1709142547.150864487,/rigid_bodies.rigidbodies[2].pose.position.z,0.18429592705761783
76.478192387,1709142547.161174531,1709142547.160626636,/rigid_bodies.rigidbodies[2].pose.position.z,0.18469774626796462
76.488538626,1709142547.171520770,1709142547.171011431,/rigid_bodies.rigidbodies[2].pose.position.z,0.18459120337956128
76.498336472,1709142547.181318616,1709142547.180862024,/rigid_bodies.rigidbodies[2].pose.position.z,0.1840195278823686
76.508372767,1709142547.191354911,1709142547.190830318,/rigid_bodies.rigidbodies[2].pose.position.z,0.18361834756122203
76.5187496,1709142547.201731744,1709142547.201226285,/rigid_bodies.rigidbodies[2].pose.position.z,0.1840716417833687
76.528132077,1709142547.211114221,1709142547.210606597,/rigid_bodies.rigidbodies[2].pose.position.z,0.1849756632696246
76.538413094,1709142547.221395238,1709142547.220842964,/rigid_bodies.rigidbodies[2].pose.position.z,0.1853202598832778
76.548361442,1709142547.231343586,1709142547.230789822,/rigid_bodies.rigidbodies[2].pose.position.z,0.18501472118162612
76.558218394,1709142547.241200538,1709142547.240508704,/rigid_bodies.rigidbodies[2].pose.position.z,0.1844968482078372
76.568007707,1709142547.250989851,1709142547.250609409,/rigid_bodies.rigidbodies[2].pose.position.z,0.18449560458120481
76.577935839,1709142547.260917983,1709142547.260462368,/rigid_bodies.rigidbodies[2].pose.position.z,0.18506046755578043
76.588288281,1709142547.271270425,1709142547.270776050,/rigid_bodies.rigidbodies[2].pose.position.z,0.1852076604327179
76.59848256,1709142547.281464704,1709142547.281002158,/rigid_bodies.rigidbodies[2].pose.position.z,0.1846167133589554
76.608343059,1709142547.291325203,1709142547.290705198,/rigid_bodies.rigidbodies[2].pose.position.z,0.18355016709482586
76.618267647,1709142547.301249791,1709142547.300782180,/rigid_bodies.rigidbodies[2].pose.position.z,0.18364500697154273
76.627868609,1709142547.310850753,1709142547.310467290,/rigid_bodies.rigidbodies[2].pose.position.z,0.18468092005405953
76.638913058,1709142547.321895202,1709142547.321200426,/rigid_bodies.rigidbodies[2].pose.position.z,0.18526490411659996
76.653053529,1709142547.336035673,1709142547.335426452,/rigid_bodies.rigidbodies[2].pose.position.z,0.18508604598238787
76.658279143,1709142547.341261287,1709142547.340831470,/rigid_bodies.rigidbodies[2].pose.position.z,0.18436460546541003
76.668330435,1709142547.351312579,1709142547.350759027,/rigid_bodies.rigidbodies[2].pose.position.z,0.18401584459164777
76.677972268,1709142547.360954412,1709142547.360539482,/rigid_bodies.rigidbodies[2].pose.position.z,0.18475054865749943
76.688253909,1709142547.371236053,1709142547.370690859,/rigid_bodies.rigidbodies[2].pose.position.z,0.18523329684155893
76.698367558,1709142547.381349702,1709142547.380899263,/rigid_bodies.rigidbodies[2].pose.position.z,0.1851538245224137
76.707926614,1709142547.390908758,1709142547.390518524,/rigid_bodies.rigidbodies[2].pose.position.z,0.18449542017402903
76.718460411,1709142547.401442555,1709142547.400723507,/rigid_bodies.rigidbodies[2].pose.position.z,0.18396227055376113
76.728244087,1709142547.411226231,1709142547.410659563,/rigid_bodies.rigidbodies[2].pose.position.z,0.18450667133989723
76.738204579,1709142547.421186723,1709142547.420758776,/rigid_bodies.rigidbodies[2].pose.position.z,0.1850090399826854
76.74817578,1709142547.431157924,1709142547.430883348,/rigid_bodies.rigidbodies[2].pose.position.z,0.18490820179088593
76.757983929,1709142547.440966073,1709142547.440581634,/rigid_bodies.rigidbodies[2].pose.position.z,0.18430129616303145
76.768131091,1709142547.451113235,1709142547.450694359,/rigid_bodies.rigidbodies[2].pose.position.z,0.18396494836617597
76.777874273,1709142547.460856417,1709142547.460297739,/rigid_bodies.rigidbodies[2].pose.position.z,0.18436605985569607
76.78844382,1709142547.471425964,1709142547.470704367,/rigid_bodies.rigidbodies[2].pose.position.z,0.18521712973392912
76.798176369,1709142547.481158513,1709142547.480693668,/rigid_bodies.rigidbodies[2].pose.position.z,0.18519152947053436
76.808339549,1709142547.491321693,1709142547.490737967,/rigid_bodies.rigidbodies[2].pose.position.z,0.18457088262635
76.818251701,1709142547.501233845,1709142547.500715764,/rigid_bodies.rigidbodies[2].pose.position.z,0.18400999422749403
76.827994265,1709142547.510976409,1709142547.510552792,/rigid_bodies.rigidbodies[2].pose.position.z,0.18431137695470706
76.839848826,1709142547.522830970,1709142547.522273551,/rigid_bodies.rigidbodies[2].pose.position.z,0.1850547242011224
76.848166058,1709142547.531148202,1709142547.530820553,/rigid_bodies.rigidbodies[2].pose.position.z,0.18513410284610554
76.858029438,1709142547.541011582,1709142547.540588959,/rigid_bodies.rigidbodies[2].pose.position.z,0.18451767785037698
76.868498809,1709142547.551480953,1709142547.550998990,/rigid_bodies.rigidbodies[2].pose.position.z,0.18373673746284316
76.878038721,1709142547.561020865,1709142547.560583445,/rigid_bodies.rigidbodies[2].pose.position.z,0.18410748289210563
76.887961031,1709142547.570943175,1709142547.570577723,/rigid_bodies.rigidbodies[2].pose.position.z,0.184943062053843
76.898530798,1709142547.581512942,1709142547.580911023,/rigid_bodies.rigidbodies[2].pose.position.z,0.18540093986835615
76.908210033,1709142547.591192177,1709142547.590690712,/rigid_bodies.rigidbodies[2].pose.position.z,0.18491393543009596
76.918061033,1709142547.601043177,1709142547.600562299,/rigid_bodies.rigidbodies[2].pose.position.z,0.1840494459908675
76.928430019,1709142547.611412163,1709142547.610889710,/rigid_bodies.rigidbodies[2].pose.position.z,0.1838756129891648
76.938077314,1709142547.621059458,1709142547.620527914,/rigid_bodies.rigidbodies[2].pose.position.z,0.18455479939682293
76.948300671,1709142547.631282815,1709142547.630899551,/rigid_bodies.rigidbodies[2].pose.position.z,0.18507038449665805
76.957911511,1709142547.640893655,1709142547.640468036,/rigid_bodies.rigidbodies[2].pose.position.z,0.1847683871366726
76.968228985,1709142547.651211129,1709142547.650764979,/rigid_bodies.rigidbodies[2].pose.position.z,0.18406791597929437
76.977971767,1709142547.660953911,1709142547.660484855,/rigid_bodies.rigidbodies[2].pose.position.z,0.18391814281326183
76.98785289,1709142547.670835034,1709142547.670437862,/rigid_bodies.rigidbodies[2].pose.position.z,0.1845619596060103
76.99885445,1709142547.681836594,1709142547.681269717,/rigid_bodies.rigidbodies[2].pose.position.z,0.18531367296859547
77.008363499,1709142547.691345643,1709142547.690779735,/rigid_bodies.rigidbodies[2].pose.position.z,0.18511646158246622
77.017999443,1709142547.700981587,1709142547.700588597,/rigid_bodies.rigidbodies[2].pose.position.z,0.18439688032694487
77.028516062,1709142547.711498206,1709142547.710877073,/rigid_bodies.rigidbodies[2].pose.position.z,0.18415015848628258
77.03793702,1709142547.720919164,1709142547.720377059,/rigid_bodies.rigidbodies[2].pose.position.z,0.18453324518107317
77.048425458,1709142547.731407602,1709142547.731000938,/rigid_bodies.rigidbodies[2].pose.position.z,0.18518724336842282
77.05830119,1709142547.741283334,1709142547.740815688,/rigid_bodies.rigidbodies[2].pose.position.z,0.18522872062737544
77.068299956,1709142547.751282100,1709142547.750872477,/rigid_bodies.rigidbodies[2].pose.position.z,0.18430695672344824
77.077760515,1709142547.760742659,1709142547.760390245,/rigid_bodies.rigidbodies[2].pose.position.z,0.18381519625186385
77.088548018,1709142547.771530162,1709142547.770978428,/rigid_bodies.rigidbodies[2].pose.position.z,0.18412604866231105
77.098376595,1709142547.781358739,1709142547.780784645,/rigid_bodies.rigidbodies[2].pose.position.z,0.18482575639590024
77.107840969,1709142547.790823113,1709142547.790450306,/rigid_bodies.rigidbodies[2].pose.position.z,0.18525419545676852
77.118257629,1709142547.801239773,1709142547.800811526,/rigid_bodies.rigidbodies[2].pose.position.z,0.1846882579720296
77.127643279,1709142547.810625423,1709142547.810298212,/rigid_bodies.rigidbodies[2].pose.position.z,0.184120377973404
77.138158162,1709142547.821140306,1709142547.820690511,/rigid_bodies.rigidbodies[2].pose.position.z,0.18439817277652676
77.149043801,1709142547.832025945,1709142547.831625372,/rigid_bodies.rigidbodies[2].pose.position.z,0.18521554457724895
77.1582023,1709142547.841184444,1709142547.840713904,/rigid_bodies.rigidbodies[2].pose.position.z,0.1854789132304424
77.167915221,1709142547.850897365,1709142547.850580072,/rigid_bodies.rigidbodies[2].pose.position.z,0.18488276215195837
77.178078368,1709142547.861060512,1709142547.860669827,/rigid_bodies.rigidbodies[2].pose.position.z,0.18400347989357935
77.188499304,1709142547.871481448,1709142547.870976741,/rigid_bodies.rigidbodies[2].pose.position.z,0.18383520874731069
77.198483354,1709142547.881465498,1709142547.881013501,/rigid_bodies.rigidbodies[2].pose.position.z,0.1845535521710321
77.207973337,1709142547.890955481,1709142547.890553465,/rigid_bodies.rigidbodies[2].pose.position.z,0.18510619639254058
77.218003313,1709142547.900985457,1709142547.900488496,/rigid_bodies.rigidbodies[2].pose.position.z,0.18483885314719806
77.228070912,1709142547.911053056,1709142547.910654376,/rigid_bodies.rigidbodies[2].pose.position.z,0.18425985157019353
77.238323943,1709142547.921306087,1709142547.920828014,/rigid_bodies.rigidbodies[2].pose.position.z,0.18440773072540656
77.248443385,1709142547.931425529,1709142547.931068042,/rigid_bodies.rigidbodies[2].pose.position.z,0.18510401708454202
77.257778236,1709142547.940760380,1709142547.940451241,/rigid_bodies.rigidbodies[2].pose.position.z,0.18558534034200466
77.268210832,1709142547.951192976,1709142547.950728106,/rigid_bodies.rigidbodies[2].pose.position.z,0.18517422878515818
77.277705296,1709142547.960687440,1709142547.960338983,/rigid_bodies.rigidbodies[2].pose.position.z,0.18423546126792317
77.288392545,1709142547.971374689,1709142547.970821457,/rigid_bodies.rigidbodies[2].pose.position.z,0.18366918752794167
77.298776725,1709142547.981758869,1709142547.981207807,/rigid_bodies.rigidbodies[2].pose.position.z,0.1842198929427865
77.308536348,1709142547.991518492,1709142547.990903199,/rigid_bodies.rigidbodies[2].pose.position.z,0.1850698441940743
77.318585408,1709142548.001567552,1709142548.001059232,/rigid_bodies.rigidbodies[2].pose.position.z,0.1849858833514709
77.328310647,1709142548.011292791,1709142548.010640128,/rigid_bodies.rigidbodies[2].pose.position.z,0.184197160026566
77.338269862,1709142548.021252006,1709142548.020788221,/rigid_bodies.rigidbodies[2].pose.position.z,0.18375698293241727
77.348487925,1709142548.031470069,1709142548.031049517,/rigid_bodies.rigidbodies[2].pose.position.z,0.18431740709574768
77.358059482,1709142548.041041626,1709142548.040570361,/rigid_bodies.rigidbodies[2].pose.position.z,0.1850632726022928
77.367972042,1709142548.050954186,1709142548.050654596,/rigid_bodies.rigidbodies[2].pose.position.z,0.18531924856215912
77.377623329,1709142548.060605473,1709142548.060434626,/rigid_bodies.rigidbodies[2].pose.position.z,0.1845955948775116
77.387854641,1709142548.070836785,1709142548.070662206,/rigid_bodies.rigidbodies[2].pose.position.z,0.18381201676123146
77.398131208,1709142548.081113352,1709142548.080901589,/rigid_bodies.rigidbodies[2].pose.position.z,0.1842636608990841
77.407503647,1709142548.090485791,1709142548.090316401,/rigid_bodies.rigidbodies[2].pose.position.z,0.18489364255351912
77.417744407,1709142548.100726551,1709142548.100531360,/rigid_bodies.rigidbodies[2].pose.position.z,0.18502642358096572
77.42765991,1709142548.110642054,1709142548.110315689,/rigid_bodies.rigidbodies[2].pose.position.z,0.18442505232648726
77.438538781,1709142548.121520925,1709142548.121032810,/rigid_bodies.rigidbodies[2].pose.position.z,0.18385969545109265
77.448761874,1709142548.131744018,1709142548.131268649,/rigid_bodies.rigidbodies[2].pose.position.z,0.18398963970571144
77.457740917,1709142548.140723061,1709142548.140286409,/rigid_bodies.rigidbodies[2].pose.position.z,0.18472574856066154
77.468537463,1709142548.151519607,1709142548.150882426,/rigid_bodies.rigidbodies[2].pose.position.z,0.1851337387480618
77.478033928,1709142548.161016072,1709142548.160667149,/rigid_bodies.rigidbodies[2].pose.position.z,0.18473025217103764
77.488430783,1709142548.171412927,1709142548.170809852,/rigid_bodies.rigidbodies[2].pose.position.z,0.1842595322183116
77.49901968,1709142548.182001824,1709142548.181236879,/rigid_bodies.rigidbodies[2].pose.position.z,0.1844794148355696
77.508064622,1709142548.191046766,1709142548.190547750,/rigid_bodies.rigidbodies[2].pose.position.z,0.1851583925785079
77.517935637,1709142548.200917781,1709142548.200548014,/rigid_bodies.rigidbodies[2].pose.position.z,0.18546698001755121
77.527419386,1709142548.210401530,1709142548.210139481,/rigid_bodies.rigidbodies[2].pose.position.z,0.18482731569371433
77.537751658,1709142548.220733802,1709142548.220451266,/rigid_bodies.rigidbodies[2].pose.position.z,0.1837363903284739
77.548040792,1709142548.231022936,1709142548.230799342,/rigid_bodies.rigidbodies[2].pose.position.z,0.18366204932873656
77.558027473,1709142548.241009617,1709142548.240585587,/rigid_bodies.rigidbodies[2].pose.position.z,0.18445465321265664
77.568037736,1709142548.251019880,1709142548.250723840,/rigid_bodies.rigidbodies[2].pose.position.z,0.18501713270660547
77.577788041,1709142548.260770185,1709142548.260449975,/rigid_bodies.rigidbodies[2].pose.position.z,0.18493497620061314
77.587554346,1709142548.270536490,1709142548.270187629,/rigid_bodies.rigidbodies[2].pose.position.z,0.1841059694889541
77.598598759,1709142548.281580903,1709142548.281070547,/rigid_bodies.rigidbodies[2].pose.position.z,0.18399319705571235
77.608455852,1709142548.291437996,1709142548.290809984,/rigid_bodies.rigidbodies[2].pose.position.z,0.18472568023372526
77.618690327,1709142548.301672471,1709142548.300988866,/rigid_bodies.rigidbodies[2].pose.position.z,0.185338960185634
77.628002095,1709142548.310984239,1709142548.310494987,/rigid_bodies.rigidbodies[2].pose.position.z,0.1851593786194475
77.638726732,1709142548.321708876,1709142548.320979508,/rigid_bodies.rigidbodies[2].pose.position.z,0.18436650575427277
77.648282043,1709142548.331264187,1709142548.330941651,/rigid_bodies.rigidbodies[2].pose.position.z,0.1838310196503331
77.658183441,1709142548.341165585,1709142548.340724317,/rigid_bodies.rigidbodies[2].pose.position.z,0.18425544450361597
77.668590311,1709142548.351572455,1709142548.351122783,/rigid_bodies.rigidbodies[2].pose.position.z,0.18492321827776442
77.678139201,1709142548.361121345,1709142548.360770417,/rigid_bodies.rigidbodies[2].pose.position.z,0.1848685799447084
77.68839492,1709142548.371377064,1709142548.370904041,/rigid_bodies.rigidbodies[2].pose.position.z,0.1843018900459695
77.698984732,1709142548.381966876,1709142548.381568007,/rigid_bodies.rigidbodies[2].pose.position.z,0.18378865257877564
77.708238988,1709142548.391221132,1709142548.390609879,/rigid_bodies.rigidbodies[2].pose.position.z,0.18424637903663502
77.718123903,1709142548.401106047,1709142548.400695130,/rigid_bodies.rigidbodies[2].pose.position.z,0.18500734898003846
77.728613873,1709142548.411596017,1709142548.410860351,/rigid_bodies.rigidbodies[2].pose.position.z,0.18524537333980495
77.738750313,1709142548.421732457,1709142548.421038001,/rigid_bodies.rigidbodies[2].pose.position.z,0.18471327886372935
77.748398204,1709142548.431380348,1709142548.430942351,/rigid_bodies.rigidbodies[2].pose.position.z,0.18408326623254925
77.758143096,1709142548.441125240,1709142548.440648361,/rigid_bodies.rigidbodies[2].pose.position.z,0.18400387675025964
77.7682077,1709142548.451189844,1709142548.450768000,/rigid_bodies.rigidbodies[2].pose.position.z,0.18482766884492668
77.778431592,1709142548.461413736,1709142548.460821406,/rigid_bodies.rigidbodies[2].pose.position.z,0.18528919585460904
77.788072435,1709142548.471054579,1709142548.470573114,/rigid_bodies.rigidbodies[2].pose.position.z,0.18471146664073032
77.798863946,1709142548.481846090,1709142548.481189183,/rigid_bodies.rigidbodies[2].pose.position.z,0.18405698636574241
77.807790638,1709142548.490772782,1709142548.490496053,/rigid_bodies.rigidbodies[2].pose.position.z,0.18418130744738753
77.818139562,1709142548.501121706,1709142548.500750250,/rigid_bodies.rigidbodies[2].pose.position.z,0.18480805056850713
77.828232557,1709142548.511214701,1709142548.510696821,/rigid_bodies.rigidbodies[2].pose.position.z,0.18529893560657337
77.838613111,1709142548.521595255,1709142548.521178305,/rigid_bodies.rigidbodies[2].pose.position.z,0.1849013318186589
77.848023844,1709142548.531005988,1709142548.530679186,/rigid_bodies.rigidbodies[2].pose.position.z,0.1840967313385526
77.858113305,1709142548.541095449,1709142548.540715441,/rigid_bodies.rigidbodies[2].pose.position.z,0.1839122988328647
77.868687238,1709142548.551669382,1709142548.551315045,/rigid_bodies.rigidbodies[2].pose.position.z,0.18448803121785978
77.877701832,1709142548.560683976,1709142548.560353222,/rigid_bodies.rigidbodies[2].pose.position.z,0.18505438065833313
77.888500075,1709142548.571482219,1709142548.571108712,/rigid_bodies.rigidbodies[2].pose.position.z,0.18471665135234527
77.8985648,1709142548.581546944,1709142548.581009429,/rigid_bodies.rigidbodies[2].pose.position.z,0.1841085524440319
77.908175996,1709142548.591158140,1709142548.590842429,/rigid_bodies.rigidbodies[2].pose.position.z,0.18387385241817317
77.918285529,1709142548.601267673,1709142548.600802278,/rigid_bodies.rigidbodies[2].pose.position.z,0.18448105943744633
77.928034347,1709142548.611016491,1709142548.610567397,/rigid_bodies.rigidbodies[2].pose.position.z,0.1853708837725761
77.938255742,1709142548.621237886,1709142548.620819867,/rigid_bodies.rigidbodies[2].pose.position.z,0.1853119008354867
77.948729242,1709142548.631711386,1709142548.631271690,/rigid_bodies.rigidbodies[2].pose.position.z,0.18460313897373182
77.957807288,1709142548.640789432,1709142548.640442037,/rigid_bodies.rigidbodies[2].pose.position.z,0.1841011411202823
77.968745575,1709142548.651727719,1709142548.651160940,/rigid_bodies.rigidbodies[2].pose.position.z,0.18445703997390073
77.978012886,1709142548.660995030,1709142548.660572194,/rigid_bodies.rigidbodies[2].pose.position.z,0.18495912301494
77.988346503,1709142548.671328647,1709142548.670784583,/rigid_bodies.rigidbodies[2].pose.position.z,0.18502835498224107
77.998550068,1709142548.681532212,1709142548.681089051,/rigid_bodies.rigidbodies[2].pose.position.z,0.18420457599465398
78.007976743,1709142548.690958887,1709142548.690491651,/rigid_bodies.rigidbodies[2].pose.position.z,0.18368803488272648
78.018019661,1709142548.701001805,1709142548.700489973,/rigid_bodies.rigidbodies[2].pose.position.z,0.18407215481074718
78.028157157,1709142548.711139301,1709142548.710739784,/rigid_bodies.rigidbodies[2].pose.position.z,0.1849321134338119
78.038539945,1709142548.721522089,1709142548.720760338,/rigid_bodies.rigidbodies[2].pose.position.z,0.18535663899582797
78.048515395,1709142548.731497539,1709142548.730925576,/rigid_bodies.rigidbodies[2].pose.position.z,0.18496220810455363
78.057875484,1709142548.740857628,1709142548.740489948,/rigid_bodies.rigidbodies[2].pose.position.z,0.18408362773551373
78.068141763,1709142548.751123907,1709142548.750717583,/rigid_bodies.rigidbodies[2].pose.position.z,0.18424607634161788
78.07809571,1709142548.761077854,1709142548.760501796,/rigid_bodies.rigidbodies[2].pose.position.z,0.18489744343240105
78.088370147,1709142548.771352291,1709142548.770813813,/rigid_bodies.rigidbodies[2].pose.position.z,0.18520497986801934
78.098607538,1709142548.781589682,1709142548.781008565,/rigid_bodies.rigidbodies[2].pose.position.z,0.18497368563053304
78.108191233,1709142548.791173377,1709142548.790704007,/rigid_bodies.rigidbodies[2].pose.position.z,0.18419722926215834
78.117971967,1709142548.800954111,1709142548.800536629,/rigid_bodies.rigidbodies[2].pose.position.z,0.18397259347402045
78.127687491,1709142548.810669635,1709142548.810483447,/rigid_bodies.rigidbodies[2].pose.position.z,0.18449550354732994
78.137605474,1709142548.820587618,1709142548.820391938,/rigid_bodies.rigidbodies[2].pose.position.z,0.18492437677454168
78.14798375,1709142548.830965894,1709142548.830729643,/rigid_bodies.rigidbodies[2].pose.position.z,0.18472460046247535
78.157853822,1709142548.840835966,1709142548.840502138,/rigid_bodies.rigidbodies[2].pose.position.z,0.18412429625949434
78.16799424,1709142548.850976384,1709142548.850662794,/rigid_bodies.rigidbodies[2].pose.position.z,0.1840583001687758
78.177817238,1709142548.860799382,1709142548.860423340,/rigid_bodies.rigidbodies[2].pose.position.z,0.18457006331294384
78.188635427,1709142548.871617571,1709142548.871045953,/rigid_bodies.rigidbodies[2].pose.position.z,0.18518687153894386
78.198620732,1709142548.881602876,1709142548.881224651,/rigid_bodies.rigidbodies[2].pose.position.z,0.18509925486757736
78.20793902,1709142548.890921164,1709142548.890562617,/rigid_bodies.rigidbodies[2].pose.position.z,0.18440679887747613
78.218527942,1709142548.901510086,1709142548.901018576,/rigid_bodies.rigidbodies[2].pose.position.z,0.18409759998258676
78.228491235,1709142548.911473379,1709142548.911002653,/rigid_bodies.rigidbodies[2].pose.position.z,0.18452138762284898
78.238242536,1709142548.921224680,1709142548.920875942,/rigid_bodies.rigidbodies[2].pose.position.z,0.18505357420608948
78.24844782,1709142548.931429964,1709142548.931035678,/rigid_bodies.rigidbodies[2].pose.position.z,0.184959079015942
78.258067284,1709142548.941049428,1709142548.940778539,/rigid_bodies.rigidbodies[2].pose.position.z,0.18427829522029532
78.267981474,1709142548.950963618,1709142548.950672131,/rigid_bodies.rigidbodies[2].pose.position.z,0.18378974297220446
78.277470046,1709142548.960452190,1709142548.960228709,/rigid_bodies.rigidbodies[2].pose.position.z,0.18433053059092355
78.288387139,1709142548.971369283,1709142548.970948190,/rigid_bodies.rigidbodies[2].pose.position.z,0.18498644608031423
78.298691662,1709142548.981673806,1709142548.981307438,/rigid_bodies.rigidbodies[2].pose.position.z,0.18523680503642984
78.308119577,1709142548.991101721,1709142548.990796514,/rigid_bodies.rigidbodies[2].pose.position.z,0.18462151814073968
78.31864595,1709142549.001628094,1709142549.001037724,/rigid_bodies.rigidbodies[2].pose.position.z,0.1840316419456212
78.328086424,1709142549.011068568,1709142549.010661150,/rigid_bodies.rigidbodies[2].pose.position.z,0.18422925012828778
78.338124544,1709142549.021106688,1709142549.020670586,/rigid_bodies.rigidbodies[2].pose.position.z,0.18484008759843795
78.348050409,1709142549.031032553,1709142549.030703427,/rigid_bodies.rigidbodies[2].pose.position.z,0.1851053613771048
78.358293269,1709142549.041275413,1709142549.040802556,/rigid_bodies.rigidbodies[2].pose.position.z,0.18471532729774395
78.368399155,1709142549.051381299,1709142549.051000425,/rigid_bodies.rigidbodies[2].pose.position.z,0.18412899773940228
78.377821775,1709142549.060803919,1709142549.060435127,/rigid_bodies.rigidbodies[2].pose.position.z,0.18422924894755757
78.388164731,1709142549.071146875,1709142549.070816914,/rigid_bodies.rigidbodies[2].pose.position.z,0.1848503918250686
78.398351426,1709142549.081333570,1709142549.080966926,/rigid_bodies.rigidbodies[2].pose.position.z,0.18525117125380344
78.408040828,1709142549.091022972,1709142549.090615685,/rigid_bodies.rigidbodies[2].pose.position.z,0.18492353183010649
78.418247586,1709142549.101229730,1709142549.100810251,/rigid_bodies.rigidbodies[2].pose.position.z,0.18429701664657946
78.427538559,1709142549.110520703,1709142549.110159377,/rigid_bodies.rigidbodies[2].pose.position.z,0.1840259732914772
78.438255922,1709142549.121238066,1709142549.120797868,/rigid_bodies.rigidbodies[2].pose.position.z,0.18455500911270004
78.448167588,1709142549.131149732,1709142549.130784663,/rigid_bodies.rigidbodies[2].pose.position.z,0.18494110449600976
78.457666095,1709142549.140648239,1709142549.140201258,/rigid_bodies.rigidbodies[2].pose.position.z,0.18478495145099616
78.468375542,1709142549.151357686,1709142549.150892557,/rigid_bodies.rigidbodies[2].pose.position.z,0.18421697488862268
78.477814426,1709142549.160796570,1709142549.160374126,/rigid_bodies.rigidbodies[2].pose.position.z,0.18408623046984454
78.488640853,1709142549.171622997,1709142549.171014749,/rigid_bodies.rigidbodies[2].pose.position.z,0.18476826256743645
78.4988905,1709142549.181872644,1709142549.181218010,/rigid_bodies.rigidbodies[2].pose.position.z,0.18531407276384115
78.508262379,1709142549.191244523,1709142549.190705451,/rigid_bodies.rigidbodies[2].pose.position.z,0.18528727866482295
78.518481062,1709142549.201463206,1709142549.200933602,/rigid_bodies.rigidbodies[2].pose.position.z,0.18462481897883398
78.528154991,1709142549.211137135,1709142549.210589648,/rigid_bodies.rigidbodies[2].pose.position.z,0.18425037200492458
78.539017419,1709142549.221999563,1709142549.221421397,/rigid_bodies.rigidbodies[2].pose.position.z,0.18450619549702707
78.548262791,1709142549.231244935,1709142549.230970359,/rigid_bodies.rigidbodies[2].pose.position.z,0.18507366902208588
78.558073482,1709142549.241055626,1709142549.240608307,/rigid_bodies.rigidbodies[2].pose.position.z,0.18498521845931956
78.56786685,1709142549.250848994,1709142549.250600419,/rigid_bodies.rigidbodies[2].pose.position.z,0.18433222369255578
78.577785996,1709142549.260768140,1709142549.260540227,/rigid_bodies.rigidbodies[2].pose.position.z,0.1839117731249319
78.588504067,1709142549.271486211,1709142549.270945166,/rigid_bodies.rigidbodies[2].pose.position.z,0.18420977541473707
78.598972397,1709142549.281954541,1709142549.281268466,/rigid_bodies.rigidbodies[2].pose.position.z,0.1848972192037044
78.608317035,1709142549.291299179,1709142549.290820961,/rigid_bodies.rigidbodies[2].pose.position.z,0.1851746242193852
78.618209317,1709142549.301191461,1709142549.300625835,/rigid_bodies.rigidbodies[2].pose.position.z,0.18486060580659786
78.62828642,1709142549.311268564,1709142549.310622220,/rigid_bodies.rigidbodies[2].pose.position.z,0.18432912638197346
78.638157157,1709142549.321139301,1709142549.320667410,/rigid_bodies.rigidbodies[2].pose.position.z,0.18456287186005702
78.64814377,1709142549.331125914,1709142549.330860118,/rigid_bodies.rigidbodies[2].pose.position.z,0.18505053646368888
78.658396804,1709142549.341378948,1709142549.341066413,/rigid_bodies.rigidbodies[2].pose.position.z,0.18524569865157348
78.668653445,1709142549.351635589,1709142549.351294547,/rigid_bodies.rigidbodies[2].pose.position.z,0.18465659357537456
78.677795971,1709142549.360778115,1709142549.360480648,/rigid_bodies.rigidbodies[2].pose.position.z,0.18394784026924277
78.688521941,1709142549.371504085,1709142549.371007000,/rigid_bodies.rigidbodies[2].pose.position.z,0.18391937967426356
78.698475645,1709142549.381457789,1709142549.381103518,/rigid_bodies.rigidbodies[2].pose.position.z,0.1844462147713457
78.708012795,1709142549.390994939,1709142549.390660965,/rigid_bodies.rigidbodies[2].pose.position.z,0.18483455548980424
78.718383067,1709142549.401365211,1709142549.400961191,/rigid_bodies.rigidbodies[2].pose.position.z,0.18461719755091024
78.727742611,1709142549.410724755,1709142549.410345954,/rigid_bodies.rigidbodies[2].pose.position.z,0.18413734925715322
78.738353119,1709142549.421335263,1709142549.420793788,/rigid_bodies.rigidbodies[2].pose.position.z,0.1841672945151125
78.748281537,1709142549.431263681,1709142549.430930618,/rigid_bodies.rigidbodies[2].pose.position.z,0.18484278522403452
78.758043398,1709142549.441025542,1709142549.440676004,/rigid_bodies.rigidbodies[2].pose.position.z,0.18541357056461263
78.767991081,1709142549.450973225,1709142549.450594925,/rigid_bodies.rigidbodies[2].pose.position.z,0.1850686726903016
78.777919408,1709142549.460901552,1709142549.460492528,/rigid_bodies.rigidbodies[2].pose.position.z,0.1843068057856475
78.787970392,1709142549.470952536,1709142549.470687901,/rigid_bodies.rigidbodies[2].pose.position.z,0.18407932698790666
78.798302732,1709142549.481284876,1709142549.480944022,/rigid_bodies.rigidbodies[2].pose.position.z,0.18430309829369862
78.80762893,1709142549.490611074,1709142549.490309367,/rigid_bodies.rigidbodies[2].pose.position.z,0.1848830885554044
78.818047213,1709142549.501029357,1709142549.500723953,/rigid_bodies.rigidbodies[2].pose.position.z,0.18494560930359216
78.828220484,1709142549.511202628,1709142549.510716415,/rigid_bodies.rigidbodies[2].pose.position.z,0.18438842004030423
78.838137673,1709142549.521119817,1709142549.520646992,/rigid_bodies.rigidbodies[2].pose.position.z,0.18416717071288033
78.848301472,1709142549.531283616,1709142549.530928235,/rigid_bodies.rigidbodies[2].pose.position.z,0.18447137461626964
78.858230516,1709142549.541212660,1709142549.540700195,/rigid_bodies.rigidbodies[2].pose.position.z,0.1849320897324535
78.868263815,1709142549.551245959,1709142549.550758598,/rigid_bodies.rigidbodies[2].pose.position.z,0.18513698326773356
78.878091866,1709142549.561074010,1709142549.560695983,/rigid_bodies.rigidbodies[2].pose.position.z,0.18456432579073426
78.888547218,1709142549.571529362,1709142549.570944895,/rigid_bodies.rigidbodies[2].pose.position.z,0.18409416554347233
78.898371033,1709142549.581353177,1709142549.580820800,/rigid_bodies.rigidbodies[2].pose.position.z,0.18446437384003064
78.908150348,1709142549.591132492,1709142549.590721575,/rigid_bodies.rigidbodies[2].pose.position.z,0.18502687232211812
78.918316286,1709142549.601298430,1709142549.600755888,/rigid_bodies.rigidbodies[2].pose.position.z,0.18511006289230134
78.928248623,1709142549.611230767,1709142549.610697518,/rigid_bodies.rigidbodies[2].pose.position.z,0.18464071328534018
78.938507679,1709142549.621489823,1709142549.620891573,/rigid_bodies.rigidbodies[2].pose.position.z,0.18417292927439538
78.94833193,1709142549.631314074,1709142549.630844827,/rigid_bodies.rigidbodies[2].pose.position.z,0.18425156450744573
78.958055233,1709142549.641037377,1709142549.640499716,/rigid_bodies.rigidbodies[2].pose.position.z,0.18473334072007805
78.968257715,1709142549.651239859,1709142549.650797068,/rigid_bodies.rigidbodies[2].pose.position.z,0.18503163957842217
78.978052488,1709142549.661034632,1709142549.660690207,/rigid_bodies.rigidbodies[2].pose.position.z,0.18471364492428288
78.988391137,1709142549.671373281,1709142549.670994768,/rigid_bodies.rigidbodies[2].pose.position.z,0.1843113252836748
78.998412898,1709142549.681395042,1709142549.681057543,/rigid_bodies.rigidbodies[2].pose.position.z,0.18429928995772835
79.007739894,1709142549.690722038,1709142549.690394051,/rigid_bodies.rigidbodies[2].pose.position.z,0.1848381703253295
79.018285285,1709142549.701267429,1709142549.700763941,/rigid_bodies.rigidbodies[2].pose.position.z,0.18526437027074985
79.027717029,1709142549.710699173,1709142549.710374459,/rigid_bodies.rigidbodies[2].pose.position.z,0.18472792414623868
79.038747051,1709142549.721729195,1709142549.721064274,/rigid_bodies.rigidbodies[2].pose.position.z,0.1839944073678699
79.048987246,1709142549.731969390,1709142549.731449673,/rigid_bodies.rigidbodies[2].pose.position.z,0.18381969713239318
79.057839729,1709142549.740821873,1709142549.740347325,/rigid_bodies.rigidbodies[2].pose.position.z,0.18437640307485195
79.068493915,1709142549.751476059,1709142549.750884989,/rigid_bodies.rigidbodies[2].pose.position.z,0.1850269269633783
79.073776696,1709142549.756758840,1709142549.756310062,/rigid_bodies.rigidbodies[2].pose.position.z,0.18500189704299602
79.088454378,1709142549.771436522,1709142549.770922424,/rigid_bodies.rigidbodies[2].pose.position.z,0.18447939753869955
79.09858767,1709142549.781569814,1709142549.781060765,/rigid_bodies.rigidbodies[2].pose.position.z,0.18420996354538235
79.108119302,1709142549.791101446,1709142549.790561146,/rigid_bodies.rigidbodies[2].pose.position.z,0.1845580904107793
79.118104672,1709142549.801086816,1709142549.800623031,/rigid_bodies.rigidbodies[2].pose.position.z,0.18489040784206182
79.127717759,1709142549.810699903,1709142549.810370807,/rigid_bodies.rigidbodies[2].pose.position.z,0.18475635829878267
79.138412693,1709142549.821394837,1709142549.820886337,/rigid_bodies.rigidbodies[2].pose.position.z,0.18426072506095945
79.148148924,1709142549.831131068,1709142549.830687935,/rigid_bodies.rigidbodies[2].pose.position.z,0.1837728810268934
79.158127583,1709142549.841109727,1709142549.840691690,/rigid_bodies.rigidbodies[2].pose.position.z,0.18434083340822977
79.168143611,1709142549.851125755,1709142549.850595740,/rigid_bodies.rigidbodies[2].pose.position.z,0.18494965327054078
79.178574214,1709142549.861556358,1709142549.860892264,/rigid_bodies.rigidbodies[2].pose.position.z,0.18504954880057223
79.188279066,1709142549.871261210,1709142549.870845122,/rigid_bodies.rigidbodies[2].pose.position.z,0.1845953649408549
79.198506649,1709142549.881488793,1709142549.880873627,/rigid_bodies.rigidbodies[2].pose.position.z,0.18407720513270642
79.208473631,1709142549.891455775,1709142549.890794975,/rigid_bodies.rigidbodies[2].pose.position.z,0.18428421703684922
79.218120818,1709142549.901102962,1709142549.900688208,/rigid_bodies.rigidbodies[2].pose.position.z,0.18487341937958654
79.227819804,1709142549.910801948,1709142549.910349564,/rigid_bodies.rigidbodies[2].pose.position.z,0.1850110847382942
79.238170041,1709142549.921152185,1709142549.920538225,/rigid_bodies.rigidbodies[2].pose.position.z,0.1846072348571007
79.248701593,1709142549.931683737,1709142549.931238211,/rigid_bodies.rigidbodies[2].pose.position.z,0.18409193918688546
79.258580419,1709142549.941562563,1709142549.941006782,/rigid_bodies.rigidbodies[2].pose.position.z,0.1842495264869588
79.268050736,1709142549.951032880,1709142549.950628019,/rigid_bodies.rigidbodies[2].pose.position.z,0.18467951922255588
79.278061722,1709142549.961043866,1709142549.960543553,/rigid_bodies.rigidbodies[2].pose.position.z,0.18494376111293778
79.288688018,1709142549.971670162,1709142549.971144334,/rigid_bodies.rigidbodies[2].pose.position.z,0.1844427215214082
79.298644086,1709142549.981626230,1709142549.981005724,/rigid_bodies.rigidbodies[2].pose.position.z,0.1839940036531133
79.308185706,1709142549.991167850,1709142549.990711779,/rigid_bodies.rigidbodies[2].pose.position.z,0.18409858192544706
79.318124326,1709142550.001106470,1709142550.000634708,/rigid_bodies.rigidbodies[2].pose.position.z,0.18460537076262648
79.32815983,1709142550.011141974,1709142550.010585202,/rigid_bodies.rigidbodies[2].pose.position.z,0.1851431248324699
79.337708169,1709142550.020690313,1709142550.020242572,/rigid_bodies.rigidbodies[2].pose.position.z,0.18496628747803867
79.348730832,1709142550.031712976,1709142550.031177796,/rigid_bodies.rigidbodies[2].pose.position.z,0.1842709838104116
79.357792244,1709142550.040774388,1709142550.040467716,/rigid_bodies.rigidbodies[2].pose.position.z,0.1841895430598431
79.368139945,1709142550.051122089,1709142550.050786106,/rigid_bodies.rigidbodies[2].pose.position.z,0.1846151741028279
79.377676988,1709142550.060659132,1709142550.060514887,/rigid_bodies.rigidbodies[2].pose.position.z,0.18480604556666774
79.387992295,1709142550.070974439,1709142550.070661165,/rigid_bodies.rigidbodies[2].pose.position.z,0.1846910956332962
79.398105571,1709142550.081087715,1709142550.080881170,/rigid_bodies.rigidbodies[2].pose.position.z,0.1842016221642678
79.407876671,1709142550.090858815,1709142550.090718780,/rigid_bodies.rigidbodies[2].pose.position.z,0.1838741326936958
79.417557045,1709142550.100539189,1709142550.100427239,/rigid_bodies.rigidbodies[2].pose.position.z,0.18449856846371032
79.427714827,1709142550.110696971,1709142550.110355192,/rigid_bodies.rigidbodies[2].pose.position.z,0.18518365831015107
79.437809887,1709142550.120792031,1709142550.120624272,/rigid_bodies.rigidbodies[2].pose.position.z,0.18514021618021057
79.447620134,1709142550.130602278,1709142550.130428650,/rigid_bodies.rigidbodies[2].pose.position.z,0.18456398750800795
79.457949572,1709142550.140931716,1709142550.140619686,/rigid_bodies.rigidbodies[2].pose.position.z,0.18400035112900223
79.468010581,1709142550.150992725,1709142550.150683682,/rigid_bodies.rigidbodies[2].pose.position.z,0.18428235704929116
79.477483912,1709142550.160466056,1709142550.160241690,/rigid_bodies.rigidbodies[2].pose.position.z,0.18471605975518424
79.48812751,1709142550.171109654,1709142550.170947409,/rigid_bodies.rigidbodies[2].pose.position.z,0.18506081878798247
79.497741339,1709142550.180723483,1709142550.180574668,/rigid_bodies.rigidbodies[2].pose.position.z,0.18456593118321477
79.507349839,1709142550.190331983,1709142550.190135605,/rigid_bodies.rigidbodies[2].pose.position.z,0.1840567666678707
79.518087666,1709142550.201069810,1709142550.200549838,/rigid_bodies.rigidbodies[2].pose.position.z,0.1843203382901793
79.528343856,1709142550.211326000,1709142550.210768756,/rigid_bodies.rigidbodies[2].pose.position.z,0.1847350083795369
79.537885314,1709142550.220867458,1709142550.220374787,/rigid_bodies.rigidbodies[2].pose.position.z,0.18507760446317637
79.547955256,1709142550.230937400,1709142550.230651090,/rigid_bodies.rigidbodies[2].pose.position.z,0.18458575785156098
79.557808578,1709142550.240790722,1709142550.240438710,/rigid_bodies.rigidbodies[2].pose.position.z,0.18406496766491878
79.567823564,1709142550.250805708,1709142550.250584888,/rigid_bodies.rigidbodies[2].pose.position.z,0.18413844883064415
79.577674018,1709142550.260656162,1709142550.260379634,/rigid_bodies.rigidbodies[2].pose.position.z,0.18470020195744205
79.588002887,1709142550.270985031,1709142550.270599411,/rigid_bodies.rigidbodies[2].pose.position.z,0.18506312853659593
79.598413388,1709142550.281395532,1709142550.280913212,/rigid_bodies.rigidbodies[2].pose.position.z,0.18483007931300696
79.608224298,1709142550.291206442,1709142550.290648208,/rigid_bodies.rigidbodies[2].pose.position.z,0.18423746160348003
79.618512877,1709142550.301495021,1709142550.300915222,/rigid_bodies.rigidbodies[2].pose.position.z,0.18410165327398895
79.628433032,1709142550.311415176,1709142550.310977468,/rigid_bodies.rigidbodies[2].pose.position.z,0.18458272433325912
79.638338395,1709142550.321320539,1709142550.320831693,/rigid_bodies.rigidbodies[2].pose.position.z,0.18491881779694752
79.648558418,1709142550.331540562,1709142550.331050858,/rigid_bodies.rigidbodies[2].pose.position.z,0.18470953885123684
79.658483176,1709142550.341465320,1709142550.340803886,/rigid_bodies.rigidbodies[2].pose.position.z,0.18432466711663
79.668232549,1709142550.351214693,1709142550.350673466,/rigid_bodies.rigidbodies[2].pose.position.z,0.1842945372042685
79.678193448,1709142550.361175592,1709142550.360674659,/rigid_bodies.rigidbodies[2].pose.position.z,0.18482671576324336
79.688842799,1709142550.371824943,1709142550.371040263,/rigid_bodies.rigidbodies[2].pose.position.z,0.1853032573550436
79.698580335,1709142550.381562479,1709142550.381006721,/rigid_bodies.rigidbodies[2].pose.position.z,0.18501316713340046
79.708500527,1709142550.391482671,1709142550.390974270,/rigid_bodies.rigidbodies[2].pose.position.z,0.18420398383160067
79.71837218,1709142550.401354324,1709142550.400738702,/rigid_bodies.rigidbodies[2].pose.position.z,0.1839804635074226
79.727954227,1709142550.410936371,1709142550.410426216,/rigid_bodies.rigidbodies[2].pose.position.z,0.18429041386115658
79.738298065,1709142550.421280209,1709142550.420787116,/rigid_bodies.rigidbodies[2].pose.position.z,0.1847180054522936
79.748160081,1709142550.431142225,1709142550.430734245,/rigid_bodies.rigidbodies[2].pose.position.z,0.1848246233215848
79.758629903,1709142550.441612047,1709142550.440978632,/rigid_bodies.rigidbodies[2].pose.position.z,0.18433267099832587
79.768215209,1709142550.451197353,1709142550.450744948,/rigid_bodies.rigidbodies[2].pose.position.z,0.1840652661795374
79.77815842,1709142550.461140564,1709142550.460592699,/rigid_bodies.rigidbodies[2].pose.position.z,0.18457199211751318
79.788704876,1709142550.471687020,1709142550.471015419,/rigid_bodies.rigidbodies[2].pose.position.z,0.18505995638208517
79.798262841,1709142550.481244985,1709142550.480797280,/rigid_bodies.rigidbodies[2].pose.position.z,0.18525110964615085
79.808237829,1709142550.491219973,1709142550.490684768,/rigid_bodies.rigidbodies[2].pose.position.z,0.1845055963229028
79.818585541,1709142550.501567685,1709142550.500982020,/rigid_bodies.rigidbodies[2].pose.position.z,0.18399880774695815
79.828021068,1709142550.511003212,1709142550.510606899,/rigid_bodies.rigidbodies[2].pose.position.z,0.18427091957165775
79.838117675,1709142550.521099819,1709142550.520661231,/rigid_bodies.rigidbodies[2].pose.position.z,0.18472549341883474
79.848406707,1709142550.531388851,1709142550.530952982,/rigid_bodies.rigidbodies[2].pose.position.z,0.18495122947001938
79.858027002,1709142550.541009146,1709142550.540602574,/rigid_bodies.rigidbodies[2].pose.position.z,0.1845974023348631
79.8684981,1709142550.551480244,1709142550.550785264,/rigid_bodies.rigidbodies[2].pose.position.z,0.18418811146184158
79.878297681,1709142550.561279825,1709142550.560782631,/rigid_bodies.rigidbodies[2].pose.position.z,0.184116787041476
79.888341801,1709142550.571323945,1709142550.570709565,/rigid_bodies.rigidbodies[2].pose.position.z,0.18473429954863294
79.898253328,1709142550.581235472,1709142550.580697830,/rigid_bodies.rigidbodies[2].pose.position.z,0.18500217742048486
79.908235421,1709142550.591217565,1709142550.590726441,/rigid_bodies.rigidbodies[2].pose.position.z,0.1847341358920426
79.918604107,1709142550.601586251,1709142550.600952027,/rigid_bodies.rigidbodies[2].pose.position.z,0.1842409197830613
79.928437146,1709142550.611419290,1709142550.610880920,/rigid_bodies.rigidbodies[2].pose.position.z,0.18430833811425545
79.938820829,1709142550.621802973,1709142550.621102043,/rigid_bodies.rigidbodies[2].pose.position.z,0.18466269754830217
79.948548275,1709142550.631530419,1709142550.631068553,/rigid_bodies.rigidbodies[2].pose.position.z,0.18508574589802687
79.958076791,1709142550.641058935,1709142550.640668149,/rigid_bodies.rigidbodies[2].pose.position.z,0.18483655678869748
79.96855822,1709142550.651540364,1709142550.651024726,/rigid_bodies.rigidbodies[2].pose.position.z,0.18411082347503113
79.978228383,1709142550.661210527,1709142550.660759190,/rigid_bodies.rigidbodies[2].pose.position.z,0.18414838984146153
79.987982667,1709142550.670964811,1709142550.670544505,/rigid_bodies.rigidbodies[2].pose.position.z,0.18457010694233664
79.998705731,1709142550.681687875,1709142550.681240170,/rigid_bodies.rigidbodies[2].pose.position.z,0.18502398273787896
80.008125591,1709142550.691107735,1709142550.690709293,/rigid_bodies.rigidbodies[2].pose.position.z,0.1849562617742676
80.017911881,1709142550.700894025,1709142550.700588254,/rigid_bodies.rigidbodies[2].pose.position.z,0.18442276147342512
80.028263746,1709142550.711245890,1709142550.710754322,/rigid_bodies.rigidbodies[2].pose.position.z,0.18424573828094196
80.038269663,1709142550.721251807,1709142550.720632893,/rigid_bodies.rigidbodies[2].pose.position.z,0.1845610663552095
80.048169769,1709142550.731151913,1709142550.730835841,/rigid_bodies.rigidbodies[2].pose.position.z,0.18494027167506868
80.058089236,1709142550.741071380,1709142550.740735249,/rigid_bodies.rigidbodies[2].pose.position.z,0.1847151319307757
80.068138852,1709142550.751120996,1709142550.750778036,/rigid_bodies.rigidbodies[2].pose.position.z,0.18407143094862344
80.077676667,1709142550.760658811,1709142550.760333919,/rigid_bodies.rigidbodies[2].pose.position.z,0.1837575741980379
80.088145999,1709142550.771128143,1709142550.770678865,/rigid_bodies.rigidbodies[2].pose.position.z,0.18411458776034811
80.098893402,1709142550.781875546,1709142550.781164600,/rigid_bodies.rigidbodies[2].pose.position.z,0.18484021302309267
80.107751896,1709142550.790734040,1709142550.790365129,/rigid_bodies.rigidbodies[2].pose.position.z,0.18508212566351162
80.118118429,1709142550.801100573,1709142550.800689051,/rigid_bodies.rigidbodies[2].pose.position.z,0.18458247998468985
80.128525276,1709142550.811507420,1709142550.810883469,/rigid_bodies.rigidbodies[2].pose.position.z,0.18419460004796703
80.138053328,1709142550.821035472,1709142550.820594508,/rigid_bodies.rigidbodies[2].pose.position.z,0.1843220513164394
80.148105706,1709142550.831087850,1709142550.830770027,/rigid_bodies.rigidbodies[2].pose.position.z,0.1848379297246637
80.157557716,1709142550.840539860,1709142550.840313133,/rigid_bodies.rigidbodies[2].pose.position.z,0.18493904926664678
80.167816505,1709142550.850798649,1709142550.850502847,/rigid_bodies.rigidbodies[2].pose.position.z,0.18449465048693245
80.178037349,1709142550.861019493,1709142550.860607959,/rigid_bodies.rigidbodies[2].pose.position.z,0.18387371930608987
80.188751539,1709142550.871733683,1709142550.871185769,/rigid_bodies.rigidbodies[2].pose.position.z,0.1838052793738224
80.198326604,1709142550.881308748,1709142550.880861732,/rigid_bodies.rigidbodies[2].pose.position.z,0.18433321582857076
80.208642723,1709142550.891624867,1709142550.890996605,/rigid_bodies.rigidbodies[2].pose.position.z,0.18485523336047444
80.218195674,1709142550.901177818,1709142550.900751499,/rigid_bodies.rigidbodies[2].pose.position.z,0.1846161337967349
80.227745612,1709142550.910727756,1709142550.910171361,/rigid_bodies.rigidbodies[2].pose.position.z,0.18408383182755306
80.237899803,1709142550.920881947,1709142550.920422338,/rigid_bodies.rigidbodies[2].pose.position.z,0.18420592878321293
80.248002679,1709142550.930984823,1709142550.930614490,/rigid_bodies.rigidbodies[2].pose.position.z,0.1847598261112441
80.25808381,1709142550.941065954,1709142550.940648528,/rigid_bodies.rigidbodies[2].pose.position.z,0.18513631549327528
80.267168753,1709142550.950150897,1709142550.949745567,/rigid_bodies.rigidbodies[2].pose.position.z,0.18504586677514936
80.277524757,1709142550.960506901,1709142550.960129266,/rigid_bodies.rigidbodies[2].pose.position.z,0.18446343846939137
80.287969977,1709142550.970952121,1709142550.970519656,/rigid_bodies.rigidbodies[2].pose.position.z,0.1842537993062402
80.299163491,1709142550.982145635,1709142550.981498588,/rigid_bodies.rigidbodies[2].pose.position.z,0.18455800973096714
80.307746863,1709142550.990729007,1709142550.990334667,/rigid_bodies.rigidbodies[2].pose.position.z,0.18487675295220274
80.318046245,1709142551.001028389,1709142551.000627152,/rigid_bodies.rigidbodies[2].pose.position.z,0.1847090553198206
80.328001795,1709142551.010983939,1709142551.010536217,/rigid_bodies.rigidbodies[2].pose.position.z,0.18403338173774816
80.338013433,1709142551.020995577,1709142551.020625003,/rigid_bodies.rigidbodies[2].pose.position.z,0.18382037275039703
80.348138751,1709142551.031120895,1709142551.030717911,/rigid_bodies.rigidbodies[2].pose.position.z,0.18451915853802497
80.358132649,1709142551.041114793,1709142551.040636288,/rigid_bodies.rigidbodies[2].pose.position.z,0.18504973332485147
80.367961994,1709142551.050944138,1709142551.050553443,/rigid_bodies.rigidbodies[2].pose.position.z,0.1851080715012417
80.377922742,1709142551.060904886,1709142551.060494033,/rigid_bodies.rigidbodies[2].pose.position.z,0.18452567694057845
80.388007142,1709142551.070989286,1709142551.070552585,/rigid_bodies.rigidbodies[2].pose.position.z,0.18425548979699713
80.398649661,1709142551.081631805,1709142551.081027363,/rigid_bodies.rigidbodies[2].pose.position.z,0.1845326887205623
80.403440257,1709142551.086422401,1709142551.086025431,/rigid_bodies.rigidbodies[2].pose.position.z,0.18500288930324885
80.41871312,1709142551.101695264,1709142551.101129132,/rigid_bodies.rigidbodies[2].pose.position.z,0.1850202125730803
80.428587347,1709142551.111569491,1709142551.111012953,/rigid_bodies.rigidbodies[2].pose.position.z,0.18439829802563448
80.437959684,1709142551.120941828,1709142551.120476197,/rigid_bodies.rigidbodies[2].pose.position.z,0.18394718351611208
80.447788206,1709142551.130770350,1709142551.130317549,/rigid_bodies.rigidbodies[2].pose.position.z,0.18421065991592503
80.45834582,1709142551.141327964,1709142551.140744706,/rigid_bodies.rigidbodies[2].pose.position.z,0.1848455493266247
80.468339217,1709142551.151321361,1709142551.150743016,/rigid_bodies.rigidbodies[2].pose.position.z,0.18519584933333946
80.4783166,1709142551.161298744,1709142551.160811804,/rigid_bodies.rigidbodies[2].pose.position.z,0.18482526554240575
80.488637164,1709142551.171619308,1709142551.170911401,/rigid_bodies.rigidbodies[2].pose.position.z,0.184153739315397
80.49855946,1709142551.181541604,1709142551.180972536,/rigid_bodies.rigidbodies[2].pose.position.z,0.1841355155430806
80.508105525,1709142551.191087669,1709142551.190613819,/rigid_bodies.rigidbodies[2].pose.position.z,0.1847094190716401
80.518380173,1709142551.201362317,1709142551.200781395,/rigid_bodies.rigidbodies[2].pose.position.z,0.185025546059657
80.52860828,1709142551.211590424,1709142551.210927935,/rigid_bodies.rigidbodies[2].pose.position.z,0.18475010495212923
80.538382638,1709142551.221364782,1709142551.220865086,/rigid_bodies.rigidbodies[2].pose.position.z,0.1841154465009419
80.548275135,1709142551.231257279,1709142551.230786775,/rigid_bodies.rigidbodies[2].pose.position.z,0.18407905624005366
80.558289618,1709142551.241271762,1709142551.240799501,/rigid_bodies.rigidbodies[2].pose.position.z,0.18470417274748527
80.568133675,1709142551.251115819,1709142551.250686686,/rigid_bodies.rigidbodies[2].pose.position.z,0.18519562868806086
80.578367284,1709142551.261349428,1709142551.260877786,/rigid_bodies.rigidbodies[2].pose.position.z,0.18498255805069966
80.58859441,1709142551.271576554,1709142551.270917659,/rigid_bodies.rigidbodies[2].pose.position.z,0.184426782442659
80.598362544,1709142551.281344688,1709142551.280984453,/rigid_bodies.rigidbodies[2].pose.position.z,0.18420150888354245
80.608349501,1709142551.291331645,1709142551.290829926,/rigid_bodies.rigidbodies[2].pose.position.z,0.1846570977259755
80.618634284,1709142551.301616428,1709142551.300953190,/rigid_bodies.rigidbodies[2].pose.position.z,0.18500228573483757
80.627611053,1709142551.310593197,1709142551.310259432,/rigid_bodies.rigidbodies[2].pose.position.z,0.18490489373499078
80.638308035,1709142551.321290179,1709142551.320653615,/rigid_bodies.rigidbodies[2].pose.position.z,0.1842157887752152
80.648112618,1709142551.331094762,1709142551.330807929,/rigid_bodies.rigidbodies[2].pose.position.z,0.1839198256351302
80.657704924,1709142551.340687068,1709142551.340318825,/rigid_bodies.rigidbodies[2].pose.position.z,0.1843874820072722
80.66875497,1709142551.351737114,1709142551.351097962,/rigid_bodies.rigidbodies[2].pose.position.z,0.18499772452380867
80.677553782,1709142551.360535926,1709142551.360169090,/rigid_bodies.rigidbodies[2].pose.position.z,0.18500847391352865
80.688050738,1709142551.371032882,1709142551.370737959,/rigid_bodies.rigidbodies[2].pose.position.z,0.18462830434277805
80.698215206,1709142551.381197350,1709142551.380740382,/rigid_bodies.rigidbodies[2].pose.position.z,0.18442171145783964
80.70859451,1709142551.391576654,1709142551.391081645,/rigid_bodies.rigidbodies[2].pose.position.z,0.18459918897506966
80.71828676,1709142551.401268904,1709142551.400917776,/rigid_bodies.rigidbodies[2].pose.position.z,0.18517240201841
80.728119949,1709142551.411102093,1709142551.410732620,/rigid_bodies.rigidbodies[2].pose.position.z,0.1852077306704353
80.738411666,1709142551.421393810,1709142551.420916082,/rigid_bodies.rigidbodies[2].pose.position.z,0.18449097594670125
80.748403862,1709142551.431386006,1709142551.431051661,/rigid_bodies.rigidbodies[2].pose.position.z,0.18409354984411627
80.757861119,1709142551.440843263,1709142551.440471471,/rigid_bodies.rigidbodies[2].pose.position.z,0.18417161790491415
80.768125969,1709142551.451108113,1709142551.450674980,/rigid_bodies.rigidbodies[2].pose.position.z,0.18474125865192634
80.777944357,1709142551.460926501,1709142551.460529264,/rigid_bodies.rigidbodies[2].pose.position.z,0.18487729006202955
80.788562523,1709142551.471544667,1709142551.471127902,/rigid_bodies.rigidbodies[2].pose.position.z,0.18463711698973703
80.798810238,1709142551.481792382,1709142551.481306045,/rigid_bodies.rigidbodies[2].pose.position.z,0.18401256491078077
80.808011741,1709142551.490993885,1709142551.490508421,/rigid_bodies.rigidbodies[2].pose.position.z,0.18423601191585656
80.818246817,1709142551.501228961,1709142551.500819352,/rigid_bodies.rigidbodies[2].pose.position.z,0.18497685345157572
80.828154189,1709142551.511136333,1709142551.510765577,/rigid_bodies.rigidbodies[2].pose.position.z,0.18546828129902562
80.838624787,1709142551.521606931,1709142551.521116988,/rigid_bodies.rigidbodies[2].pose.position.z,0.1850688585876054
80.847880109,1709142551.530862253,1709142551.530423881,/rigid_bodies.rigidbodies[2].pose.position.z,0.18422937568717024
80.858647637,1709142551.541629781,1709142551.540889365,/rigid_bodies.rigidbodies[2].pose.position.z,0.1839566900819033
80.868298734,1709142551.551280878,1709142551.550855264,/rigid_bodies.rigidbodies[2].pose.position.z,0.18444190225616586
80.877947146,1709142551.560929290,1709142551.560463374,/rigid_bodies.rigidbodies[2].pose.position.z,0.1848761633274693
80.888315894,1709142551.571298038,1709142551.570714352,/rigid_bodies.rigidbodies[2].pose.position.z,0.18487218794160432
80.898730036,1709142551.581712180,1709142551.581189105,/rigid_bodies.rigidbodies[2].pose.position.z,0.18423563483436706
80.90852366,1709142551.591505804,1709142551.591092367,/rigid_bodies.rigidbodies[2].pose.position.z,0.18393287908264516
80.918538347,1709142551.601520491,1709142551.600856862,/rigid_bodies.rigidbodies[2].pose.position.z,0.18447543370319497
80.928464396,1709142551.611446540,1709142551.610903113,/rigid_bodies.rigidbodies[2].pose.position.z,0.18508156060849673
80.938216926,1709142551.621199070,1709142551.620689395,/rigid_bodies.rigidbodies[2].pose.position.z,0.18513427251739212
80.948266471,1709142551.631248615,1709142551.630845378,/rigid_bodies.rigidbodies[2].pose.position.z,0.18450751285790726
80.95814685,1709142551.641128994,1709142551.640631507,/rigid_bodies.rigidbodies[2].pose.position.z,0.1841231252700969
80.968219426,1709142551.651201570,1709142551.650831378,/rigid_bodies.rigidbodies[2].pose.position.z,0.1845051648478386
80.978093348,1709142551.661075492,1709142551.660690525,/rigid_bodies.rigidbodies[2].pose.position.z,0.1850073656498487
80.988431296,1709142551.671413440,1709142551.670956568,/rigid_bodies.rigidbodies[2].pose.position.z,0.18514562855695896
80.998423837,1709142551.681405981,1709142551.681033704,/rigid_bodies.rigidbodies[2].pose.position.z,0.18458538967944108
81.008247302,1709142551.691229446,1709142551.690781759,/rigid_bodies.rigidbodies[2].pose.position.z,0.1840328934053946
81.017969048,1709142551.700951192,1709142551.700590647,/rigid_bodies.rigidbodies[2].pose.position.z,0.18425059081450165
81.027927195,1709142551.710909339,1709142551.710557422,/rigid_bodies.rigidbodies[2].pose.position.z,0.18477629975007998
81.038723004,1709142551.721705148,1709142551.721263597,/rigid_bodies.rigidbodies[2].pose.position.z,0.1849540884646125
81.048665365,1709142551.731647509,1709142551.731173821,/rigid_bodies.rigidbodies[2].pose.position.z,0.184551564207925
81.058044177,1709142551.741026321,1709142551.740657675,/rigid_bodies.rigidbodies[2].pose.position.z,0.18400020589603389
81.068178438,1709142551.751160582,1709142551.750790080,/rigid_bodies.rigidbodies[2].pose.position.z,0.18426199196661977
81.077985377,1709142551.760967521,1709142551.760641301,/rigid_bodies.rigidbodies[2].pose.position.z,0.1849382539666427
81.08846953,1709142551.771451674,1709142551.771028868,/rigid_bodies.rigidbodies[2].pose.position.z,0.1853514893346082
81.098480537,1709142551.781462681,1709142551.781003365,/rigid_bodies.rigidbodies[2].pose.position.z,0.18478935895674614
81.10800147,1709142551.790983614,1709142551.790594258,/rigid_bodies.rigidbodies[2].pose.position.z,0.18393284189008946
81.118091854,1709142551.801073998,1709142551.800591516,/rigid_bodies.rigidbodies[2].pose.position.z,0.18377645931535116
81.127902078,1709142551.810884222,1709142551.810315495,/rigid_bodies.rigidbodies[2].pose.position.z,0.1843887521437643
81.138188125,1709142551.821170269,1709142551.820692978,/rigid_bodies.rigidbodies[2].pose.position.z,0.18504849339031085
81.148401969,1709142551.831384113,1709142551.830881990,/rigid_bodies.rigidbodies[2].pose.position.z,0.18497655802467305
81.158132374,1709142551.841114518,1709142551.840681509,/rigid_bodies.rigidbodies[2].pose.position.z,0.1844005593552459
81.168291511,1709142551.851273655,1709142551.850848582,/rigid_bodies.rigidbodies[2].pose.position.z,0.18415385125681707
81.178294648,1709142551.861276792,1709142551.860725862,/rigid_bodies.rigidbodies[2].pose.position.z,0.18448514191579096
81.188856745,1709142551.871838889,1709142551.871193694,/rigid_bodies.rigidbodies[2].pose.position.z,0.18518244929882152
81.198678479,1709142551.881660623,1709142551.881092336,/rigid_bodies.rigidbodies[2].pose.position.z,0.18512193061113394
81.207652145,1709142551.890634289,1709142551.890151792,/rigid_bodies.rigidbodies[2].pose.position.z,0.18411245362491904
81.218186922,1709142551.901169066,1709142551.900726937,/rigid_bodies.rigidbodies[2].pose.position.z,0.18376887059939592
81.228108031,1709142551.911090175,1709142551.910662863,/rigid_bodies.rigidbodies[2].pose.position.z,0.18411513411189323
81.237632264,1709142551.920614408,1709142551.920220160,/rigid_bodies.rigidbodies[2].pose.position.z,0.1848835435396999
81.248353602,1709142551.931335746,1709142551.930924253,/rigid_bodies.rigidbodies[2].pose.position.z,0.18516493456991126
81.25770042,1709142551.940682564,1709142551.940356826,/rigid_bodies.rigidbodies[2].pose.position.z,0.1847400736574476
81.268189961,1709142551.951172105,1709142551.950692731,/rigid_bodies.rigidbodies[2].pose.position.z,0.18413019802351102
81.278077078,1709142551.961059222,1709142551.960649268,/rigid_bodies.rigidbodies[2].pose.position.z,0.18425584315430543
81.288485272,1709142551.971467416,1709142551.970931620,/rigid_bodies.rigidbodies[2].pose.position.z,0.18484880282920707
81.298236336,1709142551.981218480,1709142551.980830508,/rigid_bodies.rigidbodies[2].pose.position.z,0.18504718731099562
81.30791297,1709142551.990895114,1709142551.990580798,/rigid_bodies.rigidbodies[2].pose.position.z,0.18449573347767667
81.318546085,1709142552.001528229,1709142552.001061467,/rigid_bodies.rigidbodies[2].pose.position.z,0.1839356521163163
81.32406665,1709142552.007048794,1709142552.006510952,/rigid_bodies.rigidbodies[2].pose.position.z,0.18397088334420642
81.338562348,1709142552.021544492,1709142552.021233790,/rigid_bodies.rigidbodies[2].pose.position.z,0.18474908723161537
81.34861624,1709142552.031598384,1709142552.031202952,/rigid_bodies.rigidbodies[2].pose.position.z,0.18526200478321778
81.357697238,1709142552.040679382,1709142552.040397458,/rigid_bodies.rigidbodies[2].pose.position.z,0.18490550457160237
81.367703127,1709142552.050685271,1709142552.050439365,/rigid_bodies.rigidbodies[2].pose.position.z,0.1841168894535815
81.376753968,1709142552.059736112,1709142552.059522516,/rigid_bodies.rigidbodies[2].pose.position.z,0.18389754130051997
81.387779277,1709142552.070761421,1709142552.070572975,/rigid_bodies.rigidbodies[2].pose.position.z,0.18456246552081357
81.39809989,1709142552.081082034,1709142552.080801782,/rigid_bodies.rigidbodies[2].pose.position.z,0.18520488096556423
81.40761144,1709142552.090593584,1709142552.090302698,/rigid_bodies.rigidbodies[2].pose.position.z,0.1851041655363312
81.417711763,1709142552.100693907,1709142552.100494108,/rigid_bodies.rigidbodies[2].pose.position.z,0.18446843878380878
81.42771317,1709142552.110695314,1709142552.110420160,/rigid_bodies.rigidbodies[2].pose.position.z,0.18402504149135845
81.437786134,1709142552.120768278,1709142552.120501640,/rigid_bodies.rigidbodies[2].pose.position.z,0.18439250926525516
81.448419733,1709142552.131401877,1709142552.130987380,/rigid_bodies.rigidbodies[2].pose.position.z,0.18500117192044624
81.457868167,1709142552.140850311,1709142552.140403893,/rigid_bodies.rigidbodies[2].pose.position.z,0.18493411126917017
81.468215387,1709142552.151197531,1709142552.150678337,/rigid_bodies.rigidbodies[2].pose.position.z,0.1841458700221682
81.478098828,1709142552.161080972,1709142552.160522223,/rigid_bodies.rigidbodies[2].pose.position.z,0.1838051837653691
81.488382138,1709142552.171364282,1709142552.170912309,/rigid_bodies.rigidbodies[2].pose.position.z,0.18424258490808323
81.498386155,1709142552.181368299,1709142552.180949560,/rigid_bodies.rigidbodies[2].pose.position.z,0.1850352856880292
81.507844504,1709142552.190826648,1709142552.190396766,/rigid_bodies.rigidbodies[2].pose.position.z,0.18527550616455934
81.51819465,1709142552.201176794,1709142552.200785447,/rigid_bodies.rigidbodies[2].pose.position.z,0.18475085097305333
81.527810504,1709142552.210792648,1709142552.210347519,/rigid_bodies.rigidbodies[2].pose.position.z,0.1838869243389529
81.538228193,1709142552.221210337,1709142552.220584884,/rigid_bodies.rigidbodies[2].pose.position.z,0.18408905662772296
81.54798836,1709142552.230970504,1709142552.230597683,/rigid_bodies.rigidbodies[2].pose.position.z,0.18472004132910555
81.558063072,1709142552.241045216,1709142552.240464149,/rigid_bodies.rigidbodies[2].pose.position.z,0.18504623840451598
81.568041049,1709142552.251023193,1709142552.250661390,/rigid_bodies.rigidbodies[2].pose.position.z,0.1846551920179066
81.577610763,1709142552.260592907,1709142552.260312525,/rigid_bodies.rigidbodies[2].pose.position.z,0.18401574268704382
81.587917059,1709142552.270899203,1709142552.270715007,/rigid_bodies.rigidbodies[2].pose.position.z,0.183890085197204
81.597991148,1709142552.280973292,1709142552.280782115,/rigid_bodies.rigidbodies[2].pose.position.z,0.18467198220142617
81.607899143,1709142552.290881287,1709142552.290537741,/rigid_bodies.rigidbodies[2].pose.position.z,0.185406644533946
81.613656236,1709142552.296638380,1709142552.296085009,/rigid_bodies.rigidbodies[2].pose.position.z,0.1850470688277627
81.628505621,1709142552.311487765,1709142552.310907890,/rigid_bodies.rigidbodies[2].pose.position.z,0.1841810693574628
81.638070304,1709142552.321052448,1709142552.320618570,/rigid_bodies.rigidbodies[2].pose.position.z,0.18372302189605152
81.648623587,1709142552.331605731,1709142552.331098978,/rigid_bodies.rigidbodies[2].pose.position.z,0.18423480570323944
81.658293952,1709142552.341276096,1709142552.340764786,/rigid_bodies.rigidbodies[2].pose.position.z,0.1850797321825085
81.667736823,1709142552.350718967,1709142552.350347058,/rigid_bodies.rigidbodies[2].pose.position.z,0.18514632692332958
81.677959235,1709142552.360941379,1709142552.360448643,/rigid_bodies.rigidbodies[2].pose.position.z,0.18447077237252385
81.688289152,1709142552.371271296,1709142552.370852588,/rigid_bodies.rigidbodies[2].pose.position.z,0.1840355063451441
81.698237882,1709142552.381220026,1709142552.380754393,/rigid_bodies.rigidbodies[2].pose.position.z,0.18429011372708728
81.707896684,1709142552.390878828,1709142552.390409853,/rigid_bodies.rigidbodies[2].pose.position.z,0.18487517254261954
81.718159609,1709142552.401141753,1709142552.400691944,/rigid_bodies.rigidbodies[2].pose.position.z,0.18505792188719244
81.728005443,1709142552.410987587,1709142552.410546325,/rigid_bodies.rigidbodies[2].pose.position.z,0.184375479752593
81.738596511,1709142552.421578655,1709142552.420950801,/rigid_bodies.rigidbodies[2].pose.position.z,0.1838063761315937
81.748676571,1709142552.431658715,1709142552.431175447,/rigid_bodies.rigidbodies[2].pose.position.z,0.18408159632588122
81.758209859,1709142552.441192003,1709142552.440642668,/rigid_bodies.rigidbodies[2].pose.position.z,0.18486821050871172
81.768466625,1709142552.451448769,1709142552.450923937,/rigid_bodies.rigidbodies[2].pose.position.z,0.18544437287715151
81.778119073,1709142552.461101217,1709142552.460622042,/rigid_bodies.rigidbodies[2].pose.position.z,0.18488470127035436
81.788177817,1709142552.471159961,1709142552.470776074,/rigid_bodies.rigidbodies[2].pose.position.z,0.18402939828167778
81.798444055,1709142552.481426199,1709142552.480894041,/rigid_bodies.rigidbodies[2].pose.position.z,0.1839890385514759
81.808234835,1709142552.491216979,1709142552.490719502,/rigid_bodies.rigidbodies[2].pose.position.z,0.18477387423810623
81.818297894,1709142552.501280038,1709142552.500889835,/rigid_bodies.rigidbodies[2].pose.position.z,0.18534354323304286
81.828144985,1709142552.511127129,1709142552.510675350,/rigid_bodies.rigidbodies[2].pose.position.z,0.18496163943757252
81.838422697,1709142552.521404841,1709142552.520947837,/rigid_bodies.rigidbodies[2].pose.position.z,0.18391946605677562
81.847907636,1709142552.530889780,1709142552.530566068,/rigid_bodies.rigidbodies[2].pose.position.z,0.18369806655534016
81.858091098,1709142552.541073242,1709142552.540570621,/rigid_bodies.rigidbodies[2].pose.position.z,0.18432782212484364
81.868251581,1709142552.551233725,1709142552.550839072,/rigid_bodies.rigidbodies[2].pose.position.z,0.1853275188426778
81.877709642,1709142552.560691786,1709142552.560373671,/rigid_bodies.rigidbodies[2].pose.position.z,0.18514873554695185
81.888661106,1709142552.571643250,1709142552.571162916,/rigid_bodies.rigidbodies[2].pose.position.z,0.18413262750169926
81.898311213,1709142552.581293357,1709142552.580909681,/rigid_bodies.rigidbodies[2].pose.position.z,0.18366409819298338
81.906855534,1709142552.589837678,1709142552.589603979,/rigid_bodies.rigidbodies[2].pose.position.z,0.1840501649600113
81.918132788,1709142552.601114932,1709142552.600734730,/rigid_bodies.rigidbodies[2].pose.position.z,0.18516809025906752
81.927314545,1709142552.610296689,1709142552.609997670,/rigid_bodies.rigidbodies[2].pose.position.z,0.18557747675560532
81.938283793,1709142552.621265937,1709142552.621023453,/rigid_bodies.rigidbodies[2].pose.position.z,0.18480167185869284
81.948591631,1709142552.631573775,1709142552.631086903,/rigid_bodies.rigidbodies[2].pose.position.z,0.18401968933142882
81.958216078,1709142552.641198222,1709142552.640679495,/rigid_bodies.rigidbodies[2].pose.position.z,0.18408546577960602
81.968140377,1709142552.651122521,1709142552.650646051,/rigid_bodies.rigidbodies[2].pose.position.z,0.18482297903948086
81.978152732,1709142552.661134876,1709142552.660633807,/rigid_bodies.rigidbodies[2].pose.position.z,0.1852968128952588
81.988316297,1709142552.671298441,1709142552.670767656,/rigid_bodies.rigidbodies[2].pose.position.z,0.1845784226142038
81.998965775,1709142552.681947919,1709142552.681280073,/rigid_bodies.rigidbodies[2].pose.position.z,0.1837315078991636
82.008160282,1709142552.691142426,1709142552.690647937,/rigid_bodies.rigidbodies[2].pose.position.z,0.18387320116465614
82.018332256,1709142552.701314400,1709142552.700702130,/rigid_bodies.rigidbodies[2].pose.position.z,0.18486715527754355
82.028489925,1709142552.711472069,1709142552.710781779,/rigid_bodies.rigidbodies[2].pose.position.z,0.18551416089676231
82.038636452,1709142552.721618596,1709142552.721075289,/rigid_bodies.rigidbodies[2].pose.position.z,0.18502026712016761
82.048471971,1709142552.731454115,1709142552.730858422,/rigid_bodies.rigidbodies[2].pose.position.z,0.18406449683128984
82.058459228,1709142552.741441372,1709142552.740774399,/rigid_bodies.rigidbodies[2].pose.position.z,0.18378615428792547
82.068509431,1709142552.751491575,1709142552.750927879,/rigid_bodies.rigidbodies[2].pose.position.z,0.18440970011423277
82.078223904,1709142552.761206048,1709142552.760610775,/rigid_bodies.rigidbodies[2].pose.position.z,0.18522793209837102
82.088664212,1709142552.771646356,1709142552.771025540,/rigid_bodies.rigidbodies[2].pose.position.z,0.18519721694982533
82.098521475,1709142552.781503619,1709142552.781045457,/rigid_bodies.rigidbodies[2].pose.position.z,0.18414166567225637
82.108344739,1709142552.791326883,1709142552.790768331,/rigid_bodies.rigidbodies[2].pose.position.z,0.1837443437835056
82.118266232,1709142552.801248376,1709142552.800609055,/rigid_bodies.rigidbodies[2].pose.position.z,0.18430861429372833
82.127784519,1709142552.810766663,1709142552.810345995,/rigid_bodies.rigidbodies[2].pose.position.z,0.185366222871173
82.138095172,1709142552.821077316,1709142552.820743343,/rigid_bodies.rigidbodies[2].pose.position.z,0.18539944164995634
82.14852647,1709142552.831508614,1709142552.831008674,/rigid_bodies.rigidbodies[2].pose.position.z,0.18432090615771224
82.157900793,1709142552.840882937,1709142552.840435987,/rigid_bodies.rigidbodies[2].pose.position.z,0.18362201158614494
82.168140211,1709142552.851122355,1709142552.850779430,/rigid_bodies.rigidbodies[2].pose.position.z,0.1839075200876154
82.178125756,1709142552.861107900,1709142552.860578095,/rigid_bodies.rigidbodies[2].pose.position.z,0.1850302774782271
82.187786272,1709142552.870768416,1709142552.870551746,/rigid_bodies.rigidbodies[2].pose.position.z,0.18534703196215296
82.19820939,1709142552.881191534,1709142552.880850772,/rigid_bodies.rigidbodies[2].pose.position.z,0.18470751361982388
82.207549296,1709142552.890531440,1709142552.890316246,/rigid_bodies.rigidbodies[2].pose.position.z,0.18388282348605076
82.218433663,1709142552.901415807,1709142552.900901599,/rigid_bodies.rigidbodies[2].pose.position.z,0.1839670818286907
82.227881856,1709142552.910864000,1709142552.910506277,/rigid_bodies.rigidbodies[2].pose.position.z,0.1847859948836052
82.238446264,1709142552.921428408,1709142552.920842094,/rigid_bodies.rigidbodies[2].pose.position.z,0.18550781457542836
82.248055446,1709142552.931037590,1709142552.930652972,/rigid_bodies.rigidbodies[2].pose.position.z,0.18489093780003799
82.258018279,1709142552.941000423,1709142552.940500011,/rigid_bodies.rigidbodies[2].pose.position.z,0.18386423201170235
82.268339433,1709142552.951321577,1709142552.950759450,/rigid_bodies.rigidbodies[2].pose.position.z,0.18383409310118726
82.278102153,1709142552.961084297,1709142552.960515130,/rigid_bodies.rigidbodies[2].pose.position.z,0.18472992213551384
82.288106279,1709142552.971088423,1709142552.970588429,/rigid_bodies.rigidbodies[2].pose.position.z,0.18546179634550702
82.298476343,1709142552.981458487,1709142552.980850695,/rigid_bodies.rigidbodies[2].pose.position.z,0.1850298419524127
82.30822759,1709142552.991209734,1709142552.990733979,/rigid_bodies.rigidbodies[2].pose.position.z,0.18383159459925197
82.318164344,1709142553.001146488,1709142553.000601778,/rigid_bodies.rigidbodies[2].pose.position.z,0.18347661790523598
82.327897478,1709142553.010879622,1709142553.010395333,/rigid_bodies.rigidbodies[2].pose.position.z,0.18422538133831365
82.338475616,1709142553.021457760,1709142553.020952422,/rigid_bodies.rigidbodies[2].pose.position.z,0.18543159132679513
82.348202992,1709142553.031185136,1709142553.030782661,/rigid_bodies.rigidbodies[2].pose.position.z,0.18559679693022973
82.358153987,1709142553.041136131,1709142553.040603287,/rigid_bodies.rigidbodies[2].pose.position.z,0.18466010254778575
82.368274028,1709142553.051256172,1709142553.050748813,/rigid_bodies.rigidbodies[2].pose.position.z,0.1840213503279217
82.377621654,1709142553.060603798,1709142553.060251336,/rigid_bodies.rigidbodies[2].pose.position.z,0.18419680390553642
82.388781907,1709142553.071764051,1709142553.071189370,/rigid_bodies.rigidbodies[2].pose.position.z,0.18525354513874961
82.39860962,1709142553.081591764,1709142553.081014916,/rigid_bodies.rigidbodies[2].pose.position.z,0.18548918202497913
82.40795203,1709142553.090934174,1709142553.090481753,/rigid_bodies.rigidbodies[2].pose.position.z,0.18451051344308528
82.418360444,1709142553.101342588,1709142553.100762312,/rigid_bodies.rigidbodies[2].pose.position.z,0.18353926107887775
82.428033123,1709142553.111015267,1709142553.110537336,/rigid_bodies.rigidbodies[2].pose.position.z,0.1836355662562249
82.438209929,1709142553.121192073,1709142553.120785620,/rigid_bodies.rigidbodies[2].pose.position.z,0.18475552341547322
82.448439622,1709142553.131421766,1709142553.130980554,/rigid_bodies.rigidbodies[2].pose.position.z,0.1856037512380604
82.45829475,1709142553.141276894,1709142553.140728925,/rigid_bodies.rigidbodies[2].pose.position.z,0.18495636452344255
82.468213821,1709142553.151195965,1709142553.150706702,/rigid_bodies.rigidbodies[2].pose.position.z,0.1840280558174651
82.478039571,1709142553.161021715,1709142553.160616842,/rigid_bodies.rigidbodies[2].pose.position.z,0.18398385415312074
82.488329279,1709142553.171311423,1709142553.170719632,/rigid_bodies.rigidbodies[2].pose.position.z,0.18481894099967397
82.498405287,1709142553.181387431,1709142553.180948530,/rigid_bodies.rigidbodies[2].pose.position.z,0.18553060310360533
82.508421636,1709142553.191403780,1709142553.190874114,/rigid_bodies.rigidbodies[2].pose.position.z,0.1851497187016567
82.518150527,1709142553.201132671,1709142553.200682287,/rigid_bodies.rigidbodies[2].pose.position.z,0.18391051076632925
82.52769588,1709142553.210678024,1709142553.210229998,/rigid_bodies.rigidbodies[2].pose.position.z,0.18350346868495435
82.538115706,1709142553.221097850,1709142553.220616571,/rigid_bodies.rigidbodies[2].pose.position.z,0.1843408278024336
82.548449183,1709142553.231431327,1709142553.230916202,/rigid_bodies.rigidbodies[2].pose.position.z,0.18555059443791852
82.558018853,1709142553.241000997,1709142553.240505693,/rigid_bodies.rigidbodies[2].pose.position.z,0.185335954817905
82.568249891,1709142553.251232035,1709142553.250663669,/rigid_bodies.rigidbodies[2].pose.position.z,0.18416560891618744
82.577939015,1709142553.260921159,1709142553.260419170,/rigid_bodies.rigidbodies[2].pose.position.z,0.1834774136436655
82.588163021,1709142553.271145165,1709142553.270678891,/rigid_bodies.rigidbodies[2].pose.position.z,0.18415505938789267
82.598790035,1709142553.281772179,1709142553.281228624,/rigid_bodies.rigidbodies[2].pose.position.z,0.18533236960437002
82.608077036,1709142553.291059180,1709142553.290339674,/rigid_bodies.rigidbodies[2].pose.position.z,0.18564018444694425
82.617622819,1709142553.300604963,1709142553.300164326,/rigid_bodies.rigidbodies[2].pose.position.z,0.18462479600121753
82.628424369,1709142553.311406513,1709142553.310775606,/rigid_bodies.rigidbodies[2].pose.position.z,0.18359983746142913
82.639026259,1709142553.322008403,1709142553.321471592,/rigid_bodies.rigidbodies[2].pose.position.z,0.18369489141079293
82.648612894,1709142553.331595038,1709142553.331137011,/rigid_bodies.rigidbodies[2].pose.position.z,0.1848170778105217
82.658026356,1709142553.341008500,1709142553.340507806,/rigid_bodies.rigidbodies[2].pose.position.z,0.18562653324995548
82.668537868,1709142553.351520012,1709142553.350895063,/rigid_bodies.rigidbodies[2].pose.position.z,0.1849238858172087
82.677887708,1709142553.360869852,1709142553.360436155,/rigid_bodies.rigidbodies[2].pose.position.z,0.18382016941512794
82.68838782,1709142553.371369964,1709142553.370829348,/rigid_bodies.rigidbodies[2].pose.position.z,0.18371490820216674
82.698778166,1709142553.381760310,1709142553.381132414,/rigid_bodies.rigidbodies[2].pose.position.z,0.18463802240565888
82.707910129,1709142553.390892273,1709142553.390495316,/rigid_bodies.rigidbodies[2].pose.position.z,0.1856709046151162
82.718724454,1709142553.401706598,1709142553.401008962,/rigid_bodies.rigidbodies[2].pose.position.z,0.18526025407131028
82.728318417,1709142553.411300561,1709142553.410629113,/rigid_bodies.rigidbodies[2].pose.position.z,0.1839819403970106
82.738530909,1709142553.421513053,1709142553.421091787,/rigid_bodies.rigidbodies[2].pose.position.z,0.18354537068801002
82.74868390500001,1709142553.431666049,1709142553.431093140,/rigid_bodies.rigidbodies[2].pose.position.z,0.18415793083903662
82.758171066,1709142553.441153210,1709142553.440540872,/rigid_bodies.rigidbodies[2].pose.position.z,0.18528056965587533
82.768046708,1709142553.451028852,1709142553.450627712,/rigid_bodies.rigidbodies[2].pose.position.z,0.18525949482793932
82.778083463,1709142553.461065607,1709142553.460653359,/rigid_bodies.rigidbodies[2].pose.position.z,0.18430561301821033
82.788215198,1709142553.471197342,1709142553.470708385,/rigid_bodies.rigidbodies[2].pose.position.z,0.18374532268233215
82.79911898,1709142553.482101124,1709142553.481435635,/rigid_bodies.rigidbodies[2].pose.position.z,0.184385415543877
82.808298595,1709142553.491280739,1709142553.490665156,/rigid_bodies.rigidbodies[2].pose.position.z,0.1856438919766652
82.818387884,1709142553.501370028,1709142553.500632299,/rigid_bodies.rigidbodies[2].pose.position.z,0.18579242424371395
82.828402292,1709142553.511384436,1709142553.510619163,/rigid_bodies.rigidbodies[2].pose.position.z,0.18453733660667215
82.838168356,1709142553.521150500,1709142553.520611501,/rigid_bodies.rigidbodies[2].pose.position.z,0.18342023989716338
82.848807249,1709142553.531789393,1709142553.531137902,/rigid_bodies.rigidbodies[2].pose.position.z,0.1836688098919796
82.858136519,1709142553.541118663,1709142553.540660433,/rigid_bodies.rigidbodies[2].pose.position.z,0.18489535906555185
82.868253238,1709142553.551235382,1709142553.550855849,/rigid_bodies.rigidbodies[2].pose.position.z,0.1855235466798578
82.877883442,1709142553.560865586,1709142553.560534007,/rigid_bodies.rigidbodies[2].pose.position.z,0.18476045989523027
82.888488398,1709142553.571470542,1709142553.571116296,/rigid_bodies.rigidbodies[2].pose.position.z,0.18366745458359798
82.898471379,1709142553.581453523,1709142553.581014759,/rigid_bodies.rigidbodies[2].pose.position.z,0.18366231279913584
82.90807321,1709142553.591055354,1709142553.590643954,/rigid_bodies.rigidbodies[2].pose.position.z,0.18485169747712699
82.918483888,1709142553.601466032,1709142553.601046123,/rigid_bodies.rigidbodies[2].pose.position.z,0.18588429705179596
82.927949728,1709142553.610931872,1709142553.610579268,/rigid_bodies.rigidbodies[2].pose.position.z,0.18534762338881078
82.938718896,1709142553.621701040,1709142553.621297311,/rigid_bodies.rigidbodies[2].pose.position.z,0.18393355133716455
82.948451216,1709142553.631433360,1709142553.631059758,/rigid_bodies.rigidbodies[2].pose.position.z,0.18358874898413816
82.957926578,1709142553.640908722,1709142553.640506781,/rigid_bodies.rigidbodies[2].pose.position.z,0.18447149853807773
82.968439278,1709142553.651421422,1709142553.650961333,/rigid_bodies.rigidbodies[2].pose.position.z,0.18554492855259844
82.977974101,1709142553.660956245,1709142553.660692161,/rigid_bodies.rigidbodies[2].pose.position.z,0.18543608229757452
82.987905096,1709142553.670887240,1709142553.670623243,/rigid_bodies.rigidbodies[2].pose.position.z,0.18407022095277978
82.998182661,1709142553.681164805,1709142553.680904736,/rigid_bodies.rigidbodies[2].pose.position.z,0.18330920553283098
83.008166633,1709142553.691148777,1709142553.690702870,/rigid_bodies.rigidbodies[2].pose.position.z,0.18396571956716257
83.018271481,1709142553.701253625,1709142553.700896222,/rigid_bodies.rigidbodies[2].pose.position.z,0.18514728749378037
83.027520447,1709142553.710502591,1709142553.710176060,/rigid_bodies.rigidbodies[2].pose.position.z,0.18552071044030474
83.038399261,1709142553.721381405,1709142553.720927788,/rigid_bodies.rigidbodies[2].pose.position.z,0.18444928619595316
83.048171998,1709142553.731154142,1709142553.730861753,/rigid_bodies.rigidbodies[2].pose.position.z,0.18359479771712053
83.057947125,1709142553.740929269,1709142553.740571988,/rigid_bodies.rigidbodies[2].pose.position.z,0.18418697978625506
83.068801839,1709142553.751783983,1709142553.751271924,/rigid_bodies.rigidbodies[2].pose.position.z,0.18554005041699467
83.077916024,1709142553.760898168,1709142553.760659131,/rigid_bodies.rigidbodies[2].pose.position.z,0.18600060628886594
83.088429622,1709142553.771411766,1709142553.771060999,/rigid_bodies.rigidbodies[2].pose.position.z,0.1849127466449637
83.098012054,1709142553.780994198,1709142553.780724124,/rigid_bodies.rigidbodies[2].pose.position.z,0.18352440001530168
83.108057618,1709142553.791039762,1709142553.790721204,/rigid_bodies.rigidbodies[2].pose.position.z,0.18348628225329186
83.118407284,1709142553.801389428,1709142553.800915538,/rigid_bodies.rigidbodies[2].pose.position.z,0.18475970191160343
83.128248855,1709142553.811230999,1709142553.810782321,/rigid_bodies.rigidbodies[2].pose.position.z,0.18558947926440988
83.137613379,1709142553.820595523,1709142553.820280465,/rigid_bodies.rigidbodies[2].pose.position.z,0.18498944979937762
83.148175089,1709142553.831157233,1709142553.830700003,/rigid_bodies.rigidbodies[2].pose.position.z,0.18378119863264353
83.157901742,1709142553.840883886,1709142553.840469267,/rigid_bodies.rigidbodies[2].pose.position.z,0.1836100200695963
83.16780723,1709142553.850789374,1709142553.850435046,/rigid_bodies.rigidbodies[2].pose.position.z,0.18455182160711806
83.178044234,1709142553.861026378,1709142553.860654356,/rigid_bodies.rigidbodies[2].pose.position.z,0.18559626865866893
83.188006509,1709142553.870988653,1709142553.870646604,/rigid_bodies.rigidbodies[2].pose.position.z,0.18540649192425956
83.198400991,1709142553.881383135,1709142553.880987896,/rigid_bodies.rigidbodies[2].pose.position.z,0.18417578077135247
83.208494422,1709142553.891476566,1709142553.890935278,/rigid_bodies.rigidbodies[2].pose.position.z,0.18362590656095493
83.218768604,1709142553.901750748,1709142553.901241929,/rigid_bodies.rigidbodies[2].pose.position.z,0.18425396540291336
83.228271391,1709142553.911253535,1709142553.910692588,/rigid_bodies.rigidbodies[2].pose.position.z,0.18538102859269573
83.238636666,1709142553.921618810,1709142553.920981138,/rigid_bodies.rigidbodies[2].pose.position.z,0.18538617489749978
83.248415295,1709142553.931397439,1709142553.930831549,/rigid_bodies.rigidbodies[2].pose.position.z,0.18427264825755554
83.258199813,1709142553.941181957,1709142553.940610406,/rigid_bodies.rigidbodies[2].pose.position.z,0.18354629012073692
83.268676985,1709142553.951659129,1709142553.951043264,/rigid_bodies.rigidbodies[2].pose.position.z,0.18407546800843863
83.278289999,1709142553.961272143,1709142553.960680859,/rigid_bodies.rigidbodies[2].pose.position.z,0.1852979601339051
83.288332716,1709142553.971314860,1709142553.970921042,/rigid_bodies.rigidbodies[2].pose.position.z,0.1855889415803009
83.298670334,1709142553.981652478,1709142553.981207491,/rigid_bodies.rigidbodies[2].pose.position.z,0.18468385589728903
83.308514147,1709142553.991496291,1709142553.990806887,/rigid_bodies.rigidbodies[2].pose.position.z,0.1834974651549265
83.31903065,1709142554.002012794,1709142554.001405065,/rigid_bodies.rigidbodies[2].pose.position.z,0.1837854312612163
83.328131827,1709142554.011113971,1709142554.010635185,/rigid_bodies.rigidbodies[2].pose.position.z,0.18507725410329282
83.33869395,1709142554.021676094,1709142554.020859567,/rigid_bodies.rigidbodies[2].pose.position.z,0.185624731995081
83.348471301,1709142554.031453445,1709142554.030983775,/rigid_bodies.rigidbodies[2].pose.position.z,0.18483911253121918
83.357728025,1709142554.040710169,1709142554.040351309,/rigid_bodies.rigidbodies[2].pose.position.z,0.1835929623725719
83.367610877,1709142554.050593021,1709142554.050247520,/rigid_bodies.rigidbodies[2].pose.position.z,0.18339056955094152
83.37786284,1709142554.060844984,1709142554.060502065,/rigid_bodies.rigidbodies[2].pose.position.z,0.18465904651707665
83.38795174,1709142554.070933884,1709142554.070516425,/rigid_bodies.rigidbodies[2].pose.position.z,0.18590704149128695
83.398395112,1709142554.081377256,1709142554.081004352,/rigid_bodies.rigidbodies[2].pose.position.z,0.18551291963237204
83.408182926,1709142554.091165070,1709142554.090743701,/rigid_bodies.rigidbodies[2].pose.position.z,0.18415288936355612
83.417791501,1709142554.100773645,1709142554.100542228,/rigid_bodies.rigidbodies[2].pose.position.z,0.18350467896770925
83.427728561,1709142554.110710705,1709142554.110353117,/rigid_bodies.rigidbodies[2].pose.position.z,0.1841550505684775
83.438194128,1709142554.121176272,1709142554.120638178,/rigid_bodies.rigidbodies[2].pose.position.z,0.18538981311948136
83.448365188,1709142554.131347332,1709142554.130831984,/rigid_bodies.rigidbodies[2].pose.position.z,0.18534283429490409
83.458183044,1709142554.141165188,1709142554.140501242,/rigid_bodies.rigidbodies[2].pose.position.z,0.18412374317731087
83.466894592,1709142554.149876736,1709142554.149270860,/rigid_bodies.rigidbodies[2].pose.position.z,0.18337246799916895
83.478050931,1709142554.161033075,1709142554.160606035,/rigid_bodies.rigidbodies[2].pose.position.z,0.18403457443470916
83.488832401,1709142554.171814545,1709142554.171105909,/rigid_bodies.rigidbodies[2].pose.position.z,0.18528344244791758
83.498713968,1709142554.181696112,1709142554.181138682,/rigid_bodies.rigidbodies[2].pose.position.z,0.185614249130468
83.508067756,1709142554.191049900,1709142554.190570871,/rigid_bodies.rigidbodies[2].pose.position.z,0.18452266805487993
83.518836892,1709142554.201819036,1709142554.201155739,/rigid_bodies.rigidbodies[2].pose.position.z,0.18365093522500206
83.52841211,1709142554.211394254,1709142554.210682339,/rigid_bodies.rigidbodies[2].pose.position.z,0.18410084952064892
83.537842016,1709142554.220824160,1709142554.220286541,/rigid_bodies.rigidbodies[2].pose.position.z,0.1851415645511243
83.548997855,1709142554.231979999,1709142554.231308725,/rigid_bodies.rigidbodies[2].pose.position.z,0.18565928604154577
83.558570365,1709142554.241552509,1709142554.240878863,/rigid_bodies.rigidbodies[2].pose.position.z,0.18474414517436888
83.568231561,1709142554.251213705,1709142554.250847723,/rigid_bodies.rigidbodies[2].pose.position.z,0.18348262130577012
83.578174797,1709142554.261156941,1709142554.260548760,/rigid_bodies.rigidbodies[2].pose.position.z,0.183404139392781
83.588468856,1709142554.271451000,1709142554.270691553,/rigid_bodies.rigidbodies[2].pose.position.z,0.18473422173918852
83.597735056,1709142554.280717200,1709142554.280306074,/rigid_bodies.rigidbodies[2].pose.position.z,0.18575089879819026
83.607736318,1709142554.290718462,1709142554.290305487,/rigid_bodies.rigidbodies[2].pose.position.z,0.18510339288319752
83.617815997,1709142554.300798141,1709142554.300463395,/rigid_bodies.rigidbodies[2].pose.position.z,0.18381398255269682
83.62776248,1709142554.310744624,1709142554.310379802,/rigid_bodies.rigidbodies[2].pose.position.z,0.1834497944586609
83.638473773,1709142554.321455917,1709142554.321053453,/rigid_bodies.rigidbodies[2].pose.position.z,0.1845870509987319
83.649109652,1709142554.332091796,1709142554.331461414,/rigid_bodies.rigidbodies[2].pose.position.z,0.18579689673240563
83.65808142,1709142554.341063564,1709142554.340534194,/rigid_bodies.rigidbodies[2].pose.position.z,0.1856217667011773
83.668462055,1709142554.351444199,1709142554.350830306,/rigid_bodies.rigidbodies[2].pose.position.z,0.1841654752637564
83.678015118,1709142554.360997262,1709142554.360352021,/rigid_bodies.rigidbodies[2].pose.position.z,0.18337131695755754
83.688487786,1709142554.371469930,1709142554.370739170,/rigid_bodies.rigidbodies[2].pose.position.z,0.1840101014053082
83.698800379,1709142554.381782523,1709142554.381182408,/rigid_bodies.rigidbodies[2].pose.position.z,0.18532419847890855
83.708510307,1709142554.391492451,1709142554.390796453,/rigid_bodies.rigidbodies[2].pose.position.z,0.18561287260744888
83.718281873,1709142554.401264017,1709142554.400766987,/rigid_bodies.rigidbodies[2].pose.position.z,0.18443561854078216
83.727945606,1709142554.410927750,1709142554.410376463,/rigid_bodies.rigidbodies[2].pose.position.z,0.18336904294266496
83.738097217,1709142554.421079361,1709142554.420556346,/rigid_bodies.rigidbodies[2].pose.position.z,0.18364136059158387
83.749107592,1709142554.432089736,1709142554.431613309,/rigid_bodies.rigidbodies[2].pose.position.z,0.18503180931919938
83.758604185,1709142554.441586329,1709142554.441056692,/rigid_bodies.rigidbodies[2].pose.position.z,0.18584560841009914
83.768259942,1709142554.451242086,1709142554.450662289,/rigid_bodies.rigidbodies[2].pose.position.z,0.18500027101527639
83.778049425,1709142554.461031569,1709142554.460451493,/rigid_bodies.rigidbodies[2].pose.position.z,0.1837078932160247
83.788263665,1709142554.471245809,1709142554.470652742,/rigid_bodies.rigidbodies[2].pose.position.z,0.18375424618676126
83.798332928,1709142554.481315072,1709142554.480813939,/rigid_bodies.rigidbodies[2].pose.position.z,0.18490284347413735
83.807936462,1709142554.490918606,1709142554.490549197,/rigid_bodies.rigidbodies[2].pose.position.z,0.18565345894588617
83.818172837,1709142554.501154981,1709142554.500844325,/rigid_bodies.rigidbodies[2].pose.position.z,0.1849345760647209
83.827865471,1709142554.510847615,1709142554.510513236,/rigid_bodies.rigidbodies[2].pose.position.z,0.18364986479087336
83.838387053,1709142554.521369197,1709142554.520846208,/rigid_bodies.rigidbodies[2].pose.position.z,0.183353503765882
83.84860803,1709142554.531590174,1709142554.531075521,/rigid_bodies.rigidbodies[2].pose.position.z,0.1844181652991869
83.85791145,1709142554.540893594,1709142554.540527698,/rigid_bodies.rigidbodies[2].pose.position.z,0.18553189846301882
83.868398817,1709142554.551380961,1709142554.550983115,/rigid_bodies.rigidbodies[2].pose.position.z,0.18537299432426477
83.878163955,1709142554.561146099,1709142554.560795650,/rigid_bodies.rigidbodies[2].pose.position.z,0.18411317212269485
83.888256653,1709142554.571238797,1709142554.570731243,/rigid_bodies.rigidbodies[2].pose.position.z,0.18349449815236674
83.89872686,1709142554.581709004,1709142554.581237090,/rigid_bodies.rigidbodies[2].pose.position.z,0.1842112812985617
83.907787615,1709142554.590769759,1709142554.590547841,/rigid_bodies.rigidbodies[2].pose.position.z,0.18554919636581177
83.918516548,1709142554.601498692,1709142554.600877010,/rigid_bodies.rigidbodies[2].pose.position.z,0.18563677506313309
83.92816777,1709142554.611149914,1709142554.610664230,/rigid_bodies.rigidbodies[2].pose.position.z,0.1843701323125977
83.938142692,1709142554.621124836,1709142554.620797052,/rigid_bodies.rigidbodies[2].pose.position.z,0.1834695569349589
83.94836816,1709142554.631350304,1709142554.631038322,/rigid_bodies.rigidbodies[2].pose.position.z,0.18389331632428163
83.958196792,1709142554.641178936,1709142554.640828021,/rigid_bodies.rigidbodies[2].pose.position.z,0.18527639442578528
83.968007703,1709142554.650989847,1709142554.650697714,/rigid_bodies.rigidbodies[2].pose.position.z,0.18575764470040987
83.978188434,1709142554.661170578,1709142554.660598083,/rigid_bodies.rigidbodies[2].pose.position.z,0.1845604391054549
83.983954643,1709142554.666936787,1709142554.666440366,/rigid_bodies.rigidbodies[2].pose.position.z,0.18334973840451735
83.998511471,1709142554.681493615,1709142554.681066737,/rigid_bodies.rigidbodies[2].pose.position.z,0.1835507384135241
84.008150152,1709142554.691132296,1709142554.690592313,/rigid_bodies.rigidbodies[2].pose.position.z,0.18487412222356564
84.018464959,1709142554.701447103,1709142554.700916498,/rigid_bodies.rigidbodies[2].pose.position.z,0.18573041001426668
84.028071267,1709142554.711053411,1709142554.710688709,/rigid_bodies.rigidbodies[2].pose.position.z,0.18509683771198696
84.037832388,1709142554.720814532,1709142554.720569670,/rigid_bodies.rigidbodies[2].pose.position.z,0.1839239722447198
84.048420917,1709142554.731403061,1709142554.730974082,/rigid_bodies.rigidbodies[2].pose.position.z,0.18359082488087586
84.058212506,1709142554.741194650,1709142554.740901446,/rigid_bodies.rigidbodies[2].pose.position.z,0.18472345432173037
84.068564949,1709142554.751547093,1709142554.751196554,/rigid_bodies.rigidbodies[2].pose.position.z,0.18580956564167006
84.077725904,1709142554.760708048,1709142554.760453899,/rigid_bodies.rigidbodies[2].pose.position.z,0.18520930392992344
84.088501097,1709142554.771483241,1709142554.770920510,/rigid_bodies.rigidbodies[2].pose.position.z,0.18382274455655667
84.099033898,1709142554.782016042,1709142554.781460240,/rigid_bodies.rigidbodies[2].pose.position.z,0.1833002144394437
84.108280911,1709142554.791263055,1709142554.790733785,/rigid_bodies.rigidbodies[2].pose.position.z,0.1841749789576469
84.118414077,1709142554.801396221,1709142554.800835572,/rigid_bodies.rigidbodies[2].pose.position.z,0.18549316712428174
84.128706062,1709142554.811688206,1709142554.811005962,/rigid_bodies.rigidbodies[2].pose.position.z,0.1856649603727755
84.138117089,1709142554.821099233,1709142554.820634001,/rigid_bodies.rigidbodies[2].pose.position.z,0.1842515617976366
84.148472691,1709142554.831454835,1709142554.831008024,/rigid_bodies.rigidbodies[2].pose.position.z,0.1833483840258028
84.158426526,1709142554.841408670,1709142554.840778794,/rigid_bodies.rigidbodies[2].pose.position.z,0.1839253156628752
84.168072252,1709142554.851054396,1709142554.850557476,/rigid_bodies.rigidbodies[2].pose.position.z,0.18532276005537096
84.178312778,1709142554.861294922,1709142554.860812076,/rigid_bodies.rigidbodies[2].pose.position.z,0.18579810219577644
84.188777996,1709142554.871760140,1709142554.871094652,/rigid_bodies.rigidbodies[2].pose.position.z,0.18474268156351484
84.19852459,1709142554.881506734,1709142554.881114275,/rigid_bodies.rigidbodies[2].pose.position.z,0.18364551195139234
84.207568082,1709142554.890550226,1709142554.890337354,/rigid_bodies.rigidbodies[2].pose.position.z,0.18387690700938983
84.217695035,1709142554.900677179,1709142554.900512763,/rigid_bodies.rigidbodies[2].pose.position.z,0.18510376334388215
84.227210145,1709142554.910192289,1709142554.909921756,/rigid_bodies.rigidbodies[2].pose.position.z,0.18586191045069583
84.238586817,1709142554.921568961,1709142554.921175254,/rigid_bodies.rigidbodies[2].pose.position.z,0.1850624533379886
84.247867909,1709142554.930850053,1709142554.930533360,/rigid_bodies.rigidbodies[2].pose.position.z,0.18353347682958357
84.258187673,1709142554.941169817,1709142554.940650949,/rigid_bodies.rigidbodies[2].pose.position.z,0.18323852016729544
84.268708422,1709142554.951690566,1709142554.951104313,/rigid_bodies.rigidbodies[2].pose.position.z,0.1844631268645546
84.278069139,1709142554.961051283,1709142554.960557768,/rigid_bodies.rigidbodies[2].pose.position.z,0.1854785497606103
84.288398684,1709142554.971380828,1709142554.970881798,/rigid_bodies.rigidbodies[2].pose.position.z,0.1851501836923061
84.298731917,1709142554.981714061,1709142554.981018455,/rigid_bodies.rigidbodies[2].pose.position.z,0.18406583797617077
84.307857703,1709142554.990839847,1709142554.990447763,/rigid_bodies.rigidbodies[2].pose.position.z,0.18363140150468119
84.318289651,1709142555.001271795,1709142555.000716888,/rigid_bodies.rigidbodies[2].pose.position.z,0.18470830556376583
84.328340395,1709142555.011322539,1709142555.010706328,/rigid_bodies.rigidbodies[2].pose.position.z,0.18582551889472973
84.338278361,1709142555.021260505,1709142555.020860691,/rigid_bodies.rigidbodies[2].pose.position.z,0.1854803963176145
84.348559866,1709142555.031542010,1709142555.031074676,/rigid_bodies.rigidbodies[2].pose.position.z,0.1841372402185996
84.358215435,1709142555.041197579,1709142555.040616357,/rigid_bodies.rigidbodies[2].pose.position.z,0.1834095133542728
84.368293277,1709142555.051275421,1709142555.050822540,/rigid_bodies.rigidbodies[2].pose.position.z,0.18423708565047284
84.37792909,1709142555.060911234,1709142555.060458471,/rigid_bodies.rigidbodies[2].pose.position.z,0.1855918864701194
84.388244115,1709142555.071226259,1709142555.070673393,/rigid_bodies.rigidbodies[2].pose.position.z,0.18573220399387985
84.398465683,1709142555.081447827,1709142555.081009495,/rigid_bodies.rigidbodies[2].pose.position.z,0.18437719144458878
84.406638856,1709142555.089621000,1709142555.089088887,/rigid_bodies.rigidbodies[2].pose.position.z,0.18315177919938852
84.418136687,1709142555.101118831,1709142555.100630020,/rigid_bodies.rigidbodies[2].pose.position.z,0.18349656964098032
84.428149411,1709142555.111131555,1709142555.110644877,/rigid_bodies.rigidbodies[2].pose.position.z,0.18487401876482415
84.437857651,1709142555.120839795,1709142555.120504161,/rigid_bodies.rigidbodies[2].pose.position.z,0.18582613794087174
84.448454995,1709142555.131437139,1709142555.130957484,/rigid_bodies.rigidbodies[2].pose.position.z,0.18502803087794487
84.458171464,1709142555.141153608,1709142555.140764484,/rigid_bodies.rigidbodies[2].pose.position.z,0.18365218260126043
84.468189931,1709142555.151172075,1709142555.150685630,/rigid_bodies.rigidbodies[2].pose.position.z,0.18384326857331232
84.478763641,1709142555.161745785,1709142555.161026192,/rigid_bodies.rigidbodies[2].pose.position.z,0.18509002323209153
84.488796883,1709142555.171779027,1709142555.171207245,/rigid_bodies.rigidbodies[2].pose.position.z,0.18608749398795504
84.498597454,1709142555.181579598,1709142555.180950923,/rigid_bodies.rigidbodies[2].pose.position.z,0.1855796862686198
84.508452422,1709142555.191434566,1709142555.190764881,/rigid_bodies.rigidbodies[2].pose.position.z,0.18389961532603766
84.518177852,1709142555.201159996,1709142555.200774465,/rigid_bodies.rigidbodies[2].pose.position.z,0.18331315000734347
84.528525295,1709142555.211507439,1709142555.210928042,/rigid_bodies.rigidbodies[2].pose.position.z,0.1841297810214348
84.538398013,1709142555.221380157,1709142555.220861518,/rigid_bodies.rigidbodies[2].pose.position.z,0.18526104291881534
84.548236522,1709142555.231218666,1709142555.230795683,/rigid_bodies.rigidbodies[2].pose.position.z,0.18533319022913425
84.558183682,1709142555.241165826,1709142555.240612809,/rigid_bodies.rigidbodies[2].pose.position.z,0.18422151279372093
84.568158677,1709142555.251140821,1709142555.250665456,/rigid_bodies.rigidbodies[2].pose.position.z,0.1835905982686683
84.577660905,1709142555.260643049,1709142555.260021186,/rigid_bodies.rigidbodies[2].pose.position.z,0.18432071322030483
84.5881645,1709142555.271146644,1709142555.270543123,/rigid_bodies.rigidbodies[2].pose.position.z,0.1855424260075828
84.59835766,1709142555.281339804,1709142555.280897490,/rigid_bodies.rigidbodies[2].pose.position.z,0.18571850906808135
84.60791497700001,1709142555.290897121,1709142555.290352532,/rigid_bodies.rigidbodies[2].pose.position.z,0.1844270466764366
84.618432765,1709142555.301414909,1709142555.300825634,/rigid_bodies.rigidbodies[2].pose.position.z,0.183529537052954
84.628455769,1709142555.311437913,1709142555.310957260,/rigid_bodies.rigidbodies[2].pose.position.z,0.1840333004658929
84.638335934,1709142555.321318078,1709142555.320793678,/rigid_bodies.rigidbodies[2].pose.position.z,0.1854757992499043
84.648415857,1709142555.331398001,1709142555.330858943,/rigid_bodies.rigidbodies[2].pose.position.z,0.1859809085487753
84.657994353,1709142555.340976497,1709142555.340504329,/rigid_bodies.rigidbodies[2].pose.position.z,0.18482379398485277
84.668455716,1709142555.351437860,1709142555.350869376,/rigid_bodies.rigidbodies[2].pose.position.z,0.1835015324105132
84.677915988,1709142555.360898132,1709142555.360430611,/rigid_bodies.rigidbodies[2].pose.position.z,0.18335655397060677
84.689072051,1709142555.372054195,1709142555.371354068,/rigid_bodies.rigidbodies[2].pose.position.z,0.18457693283219523
84.698655595,1709142555.381637739,1709142555.381184083,/rigid_bodies.rigidbodies[2].pose.position.z,0.18567756792829762
84.708524164,1709142555.391506308,1709142555.390904718,/rigid_bodies.rigidbodies[2].pose.position.z,0.18507567255211568
84.718510711,1709142555.401492855,1709142555.400777458,/rigid_bodies.rigidbodies[2].pose.position.z,0.1839203906991777
84.728424111,1709142555.411406255,1709142555.410897411,/rigid_bodies.rigidbodies[2].pose.position.z,0.18372435393362166
84.737511269,1709142555.420493413,1709142555.420128274,/rigid_bodies.rigidbodies[2].pose.position.z,0.18476066652292744
84.748658096,1709142555.431640240,1709142555.430999002,/rigid_bodies.rigidbodies[2].pose.position.z,0.1858385458821264
84.758179208,1709142555.441161352,1709142555.440649554,/rigid_bodies.rigidbodies[2].pose.position.z,0.18568186718156757
84.768327122,1709142555.451309266,1709142555.450820994,/rigid_bodies.rigidbodies[2].pose.position.z,0.18422825791970357
84.778145698,1709142555.461127842,1709142555.460654624,/rigid_bodies.rigidbodies[2].pose.position.z,0.1834949208922854
84.789029423,1709142555.472011567,1709142555.471433754,/rigid_bodies.rigidbodies[2].pose.position.z,0.18425529067353438
84.798645661,1709142555.481627805,1709142555.481126979,/rigid_bodies.rigidbodies[2].pose.position.z,0.1853102648391825
84.808439509,1709142555.491421653,1709142555.490873849,/rigid_bodies.rigidbodies[2].pose.position.z,0.1855099664930442
84.818694883,1709142555.501677027,1709142555.501097782,/rigid_bodies.rigidbodies[2].pose.position.z,0.18436323810848904
84.828386809,1709142555.511368953,1709142555.510817210,/rigid_bodies.rigidbodies[2].pose.position.z,0.18338572058241606
84.838376357,1709142555.521358501,1709142555.520844988,/rigid_bodies.rigidbodies[2].pose.position.z,0.1839770167734841
84.848353317,1709142555.531335461,1709142555.530734544,/rigid_bodies.rigidbodies[2].pose.position.z,0.1853212219213039
84.858209962,1709142555.541192106,1709142555.540597772,/rigid_bodies.rigidbodies[2].pose.position.z,0.18560967605325984
84.868513674,1709142555.551495818,1709142555.550926014,/rigid_bodies.rigidbodies[2].pose.position.z,0.18453152547861612
84.878250578,1709142555.561232722,1709142555.560859683,/rigid_bodies.rigidbodies[2].pose.position.z,0.18351038650405258
84.888260939,1709142555.571243083,1709142555.570817092,/rigid_bodies.rigidbodies[2].pose.position.z,0.1837570528971104
84.898699587,1709142555.581681731,1709142555.581147996,/rigid_bodies.rigidbodies[2].pose.position.z,0.18527763733047653
84.908292923,1709142555.591275067,1709142555.590685027,/rigid_bodies.rigidbodies[2].pose.position.z,0.18617024461241438
84.91854236,1709142555.601524504,1709142555.601023710,/rigid_bodies.rigidbodies[2].pose.position.z,0.18531256854152048
84.928403094,1709142555.611385238,1709142555.610890957,/rigid_bodies.rigidbodies[2].pose.position.z,0.1838607441967901
84.938744066,1709142555.621726210,1709142555.621329863,/rigid_bodies.rigidbodies[2].pose.position.z,0.1832821293030166
84.948313867,1709142555.631296011,1709142555.630718233,/rigid_bodies.rigidbodies[2].pose.position.z,0.18437048095525907
84.958600183,1709142555.641582327,1709142555.640839938,/rigid_bodies.rigidbodies[2].pose.position.z,0.18555994411625068
84.968691652,1709142555.651673796,1709142555.650975960,/rigid_bodies.rigidbodies[2].pose.position.z,0.18528653009929708
84.978107968,1709142555.661090112,1709142555.660592081,/rigid_bodies.rigidbodies[2].pose.position.z,0.18397595976194217
84.988542242,1709142555.671524386,1709142555.670883322,/rigid_bodies.rigidbodies[2].pose.position.z,0.18350273538184195
84.998890263,1709142555.681872407,1709142555.681154141,/rigid_bodies.rigidbodies[2].pose.position.z,0.18417918992361557
85.007886872,1709142555.690869016,1709142555.690428548,/rigid_bodies.rigidbodies[2].pose.position.z,0.18537267891830914
85.018749724,1709142555.701731868,1709142555.701216821,/rigid_bodies.rigidbodies[2].pose.position.z,0.18567821040387825
85.028451196,1709142555.711433340,1709142555.710773650,/rigid_bodies.rigidbodies[2].pose.position.z,0.18432566379109117
85.038084313,1709142555.721066457,1709142555.720663406,/rigid_bodies.rigidbodies[2].pose.position.z,0.1835758176866356
85.048348584,1709142555.731330728,1709142555.730789946,/rigid_bodies.rigidbodies[2].pose.position.z,0.1841313790126957
85.058359178,1709142555.741341322,1709142555.740820647,/rigid_bodies.rigidbodies[2].pose.position.z,0.1852718329725325
85.068268876,1709142555.751251020,1709142555.750675253,/rigid_bodies.rigidbodies[2].pose.position.z,0.1857457784063185
85.078033698,1709142555.761015842,1709142555.760586805,/rigid_bodies.rigidbodies[2].pose.position.z,0.18486142396616997
85.088115141,1709142555.771097285,1709142555.770703259,/rigid_bodies.rigidbodies[2].pose.position.z,0.18372430896024847
85.098371183,1709142555.781353327,1709142555.780936856,/rigid_bodies.rigidbodies[2].pose.position.z,0.1839000117910268
85.108155382,1709142555.791137526,1709142555.790636029,/rigid_bodies.rigidbodies[2].pose.position.z,0.1849774502833721
85.118467048,1709142555.801449192,1709142555.800861297,/rigid_bodies.rigidbodies[2].pose.position.z,0.18546913863399503
85.128088464,1709142555.811070608,1709142555.810626012,/rigid_bodies.rigidbodies[2].pose.position.z,0.18481986113041723
85.138140294,1709142555.821122438,1709142555.820691767,/rigid_bodies.rigidbodies[2].pose.position.z,0.18359651177137706
85.148640981,1709142555.831623125,1709142555.831111596,/rigid_bodies.rigidbodies[2].pose.position.z,0.18358234749855332
85.157942482,1709142555.840924626,1709142555.840485259,/rigid_bodies.rigidbodies[2].pose.position.z,0.18498943651793845
85.167961692,1709142555.850943836,1709142555.850502211,/rigid_bodies.rigidbodies[2].pose.position.z,0.1859851259282883
85.173513336,1709142555.856495480,1709142555.856178727,/rigid_bodies.rigidbodies[2].pose.position.z,0.1853873982489934
85.188423941,1709142555.871406085,1709142555.870740732,/rigid_bodies.rigidbodies[2].pose.position.z,0.18385325954294648
85.198654553,1709142555.881636697,1709142555.880972732,/rigid_bodies.rigidbodies[2].pose.position.z,0.18334989856584577
85.208186363,1709142555.891168507,1709142555.890646101,/rigid_bodies.rigidbodies[2].pose.position.z,0.1842431918272204
85.218250244,1709142555.901232388,1709142555.900726542,/rigid_bodies.rigidbodies[2].pose.position.z,0.18548359257354916
85.227781964,1709142555.910764108,1709142555.910252961,/rigid_bodies.rigidbodies[2].pose.position.z,0.18558679755477972
85.238156628,1709142555.921138772,1709142555.920642979,/rigid_bodies.rigidbodies[2].pose.position.z,0.18432158589096576
85.248238347,1709142555.931220491,1709142555.930711472,/rigid_bodies.rigidbodies[2].pose.position.z,0.18366537386706705
85.2580329,1709142555.941015044,1709142555.940516120,/rigid_bodies.rigidbodies[2].pose.position.z,0.18407901272909746
85.268863832,1709142555.951845976,1709142555.951136330,/rigid_bodies.rigidbodies[2].pose.position.z,0.185307026065423
85.278003155,1709142555.960985299,1709142555.960567159,/rigid_bodies.rigidbodies[2].pose.position.z,0.18563198668739714
85.288274982,1709142555.971257126,1709142555.970766800,/rigid_bodies.rigidbodies[2].pose.position.z,0.18446884151850715
85.298022194,1709142555.981004338,1709142555.980596664,/rigid_bodies.rigidbodies[2].pose.position.z,0.18353711405123554
85.307892671,1709142555.990874815,1709142555.990391435,/rigid_bodies.rigidbodies[2].pose.position.z,0.18385664279434397
85.318411646,1709142556.001393790,1709142556.000742026,/rigid_bodies.rigidbodies[2].pose.position.z,0.18506415266541176
85.328379776,1709142556.011361920,1709142556.010655282,/rigid_bodies.rigidbodies[2].pose.position.z,0.18583781126057297
85.33819622,1709142556.021178364,1709142556.020678641,/rigid_bodies.rigidbodies[2].pose.position.z,0.1850434605800156
85.348866258,1709142556.031848402,1709142556.031161222,/rigid_bodies.rigidbodies[2].pose.position.z,0.18384158595479302
85.35796937,1709142556.040951514,1709142556.040649356,/rigid_bodies.rigidbodies[2].pose.position.z,0.18388987040302204
85.367338872,1709142556.050321016,1709142556.050033522,/rigid_bodies.rigidbodies[2].pose.position.z,0.18490061548909947
85.377596895,1709142556.060579039,1709142556.060317169,/rigid_bodies.rigidbodies[2].pose.position.z,0.18564300895236968
85.3879097,1709142556.070891844,1709142556.070606265,/rigid_bodies.rigidbodies[2].pose.position.z,0.18515670065323434
85.397920742,1709142556.080902886,1709142556.080654469,/rigid_bodies.rigidbodies[2].pose.position.z,0.18385516971676225
85.407691183,1709142556.090673327,1709142556.090418214,/rigid_bodies.rigidbodies[2].pose.position.z,0.18348511704538764
85.418003896,1709142556.100986040,1709142556.100627835,/rigid_bodies.rigidbodies[2].pose.position.z,0.18456486646211373
85.427516589,1709142556.110498733,1709142556.110243319,/rigid_bodies.rigidbodies[2].pose.position.z,0.1857995533046706
85.437714128,1709142556.120696272,1709142556.120401938,/rigid_bodies.rigidbodies[2].pose.position.z,0.1856291096309277
85.448268995,1709142556.131251139,1709142556.130786738,/rigid_bodies.rigidbodies[2].pose.position.z,0.18437010073911453
85.458329909,1709142556.141312053,1709142556.140767749,/rigid_bodies.rigidbodies[2].pose.position.z,0.18343463601843718
85.46816378,1709142556.151145924,1709142556.150616432,/rigid_bodies.rigidbodies[2].pose.position.z,0.1839891642029593
85.478206803,1709142556.161188947,1709142556.160512129,/rigid_bodies.rigidbodies[2].pose.position.z,0.18531910017945538
85.488066495,1709142556.171048639,1709142556.170477966,/rigid_bodies.rigidbodies[2].pose.position.z,0.18568303595293031
85.498991688,1709142556.181973832,1709142556.181506391,/rigid_bodies.rigidbodies[2].pose.position.z,0.1845952316703135
85.507727769,1709142556.190709913,1709142556.190368372,/rigid_bodies.rigidbodies[2].pose.position.z,0.1836137938333363
85.51837157,1709142556.201353714,1709142556.200684078,/rigid_bodies.rigidbodies[2].pose.position.z,0.1838961418162031
85.52791549,1709142556.210897634,1709142556.210417161,/rigid_bodies.rigidbodies[2].pose.position.z,0.18499264999139528
85.538728956,1709142556.221711100,1709142556.221320547,/rigid_bodies.rigidbodies[2].pose.position.z,0.18566057476525047
85.548749733,1709142556.231731877,1709142556.231251925,/rigid_bodies.rigidbodies[2].pose.position.z,0.1848299767754989
85.557812678,1709142556.240794822,1709142556.240419520,/rigid_bodies.rigidbodies[2].pose.position.z,0.18387233793848898
85.568347189,1709142556.251329333,1709142556.250780906,/rigid_bodies.rigidbodies[2].pose.position.z,0.18401139131612082
85.578164641,1709142556.261146785,1709142556.260685806,/rigid_bodies.rigidbodies[2].pose.position.z,0.18480433082589254
85.588249315,1709142556.271231459,1709142556.270745308,/rigid_bodies.rigidbodies[2].pose.position.z,0.18562623867676692
85.598479294,1709142556.281461438,1709142556.280855508,/rigid_bodies.rigidbodies[2].pose.position.z,0.18510203789771817
85.608322853,1709142556.291304997,1709142556.290673345,/rigid_bodies.rigidbodies[2].pose.position.z,0.18385243606622442
85.618492092,1709142556.301474236,1709142556.301030905,/rigid_bodies.rigidbodies[2].pose.position.z,0.1836002650211726
85.62736245,1709142556.310344594,1709142556.310129664,/rigid_bodies.rigidbodies[2].pose.position.z,0.18461022389093293
85.636821823,1709142556.319803967,1709142556.319457532,/rigid_bodies.rigidbodies[2].pose.position.z,0.18543473941219002
85.647583894,1709142556.330566038,1709142556.330329653,/rigid_bodies.rigidbodies[2].pose.position.z,0.18521298138485995
85.657878084,1709142556.340860228,1709142556.340611885,/rigid_bodies.rigidbodies[2].pose.position.z,0.18406043409987763
85.668163962,1709142556.351146106,1709142556.350743300,/rigid_bodies.rigidbodies[2].pose.position.z,0.18353858061915002
85.677978115,1709142556.360960259,1709142556.360587643,/rigid_bodies.rigidbodies[2].pose.position.z,0.18440461578533104
85.688543324,1709142556.371525468,1709142556.370886905,/rigid_bodies.rigidbodies[2].pose.position.z,0.1856750604622319
85.698850569,1709142556.381832713,1709142556.381113172,/rigid_bodies.rigidbodies[2].pose.position.z,0.18570596698551747
85.7083225,1709142556.391304644,1709142556.390792647,/rigid_bodies.rigidbodies[2].pose.position.z,0.18458585924240478
85.718357948,1709142556.401340092,1709142556.400794869,/rigid_bodies.rigidbodies[2].pose.position.z,0.1834565941806596
85.728082391,1709142556.411064535,1709142556.410599183,/rigid_bodies.rigidbodies[2].pose.position.z,0.18369922241247302
85.738461086,1709142556.421443230,1709142556.420851714,/rigid_bodies.rigidbodies[2].pose.position.z,0.18493784546555805
85.74829494,1709142556.431277084,1709142556.430893294,/rigid_bodies.rigidbodies[2].pose.position.z,0.185578271309831
85.758612495,1709142556.441594639,1709142556.440988350,/rigid_bodies.rigidbodies[2].pose.position.z,0.1849098779543904
85.768520049,1709142556.451502193,1709142556.450982192,/rigid_bodies.rigidbodies[2].pose.position.z,0.1837872617026179
85.777964912,1709142556.460947056,1709142556.460485225,/rigid_bodies.rigidbodies[2].pose.position.z,0.18368132351852595
85.788738684,1709142556.471720828,1709142556.471059000,/rigid_bodies.rigidbodies[2].pose.position.z,0.18474321448942146
85.798918744,1709142556.481900888,1709142556.481177901,/rigid_bodies.rigidbodies[2].pose.position.z,0.18556490523223665
85.808135519,1709142556.491117663,1709142556.490703024,/rigid_bodies.rigidbodies[2].pose.position.z,0.1851362130811091
85.818190582,1709142556.501172726,1709142556.500781636,/rigid_bodies.rigidbodies[2].pose.position.z,0.18396933898574003
85.827948414,1709142556.510930558,1709142556.510381496,/rigid_bodies.rigidbodies[2].pose.position.z,0.18378720436894497
85.838110647,1709142556.521092791,1709142556.520719053,/rigid_bodies.rigidbodies[2].pose.position.z,0.18452226075147352
85.848216395,1709142556.531198539,1709142556.530797963,/rigid_bodies.rigidbodies[2].pose.position.z,0.18553401763652774
85.858422754,1709142556.541404898,1709142556.540882643,/rigid_bodies.rigidbodies[2].pose.position.z,0.18548395404995657
85.86763302,1709142556.550615164,1709142556.550157758,/rigid_bodies.rigidbodies[2].pose.position.z,0.18425975320033935
85.877714711,1709142556.560696855,1709142556.560449959,/rigid_bodies.rigidbodies[2].pose.position.z,0.18377932214150303
85.888461411,1709142556.571443555,1709142556.570881578,/rigid_bodies.rigidbodies[2].pose.position.z,0.18444038227593024
85.898086417,1709142556.581068561,1709142556.580750201,/rigid_bodies.rigidbodies[2].pose.position.z,0.18527766299873294
85.907909401,1709142556.590891545,1709142556.590436447,/rigid_bodies.rigidbodies[2].pose.position.z,0.1854365365346722
85.918767126,1709142556.601749270,1709142556.600986090,/rigid_bodies.rigidbodies[2].pose.position.z,0.18433538823666118
85.927896545,1709142556.610878689,1709142556.610583313,/rigid_bodies.rigidbodies[2].pose.position.z,0.18344546888679508
85.93852756,1709142556.621509704,1709142556.621204650,/rigid_bodies.rigidbodies[2].pose.position.z,0.18399874490860801
85.94839619,1709142556.631378334,1709142556.630889757,/rigid_bodies.rigidbodies[2].pose.position.z,0.18536690111935542
85.957964061,1709142556.640946205,1709142556.640473878,/rigid_bodies.rigidbodies[2].pose.position.z,0.1858052714707864
85.968133289,1709142556.651115433,1709142556.650597066,/rigid_bodies.rigidbodies[2].pose.position.z,0.18496015558201656
85.97796608,1709142556.660948224,1709142556.660503383,/rigid_bodies.rigidbodies[2].pose.position.z,0.18381095422754917
85.988002399,1709142556.670984543,1709142556.670566784,/rigid_bodies.rigidbodies[2].pose.position.z,0.18381236474353255
85.998447879,1709142556.681430023,1709142556.680933257,/rigid_bodies.rigidbodies[2].pose.position.z,0.1849479317257032
86.007950099,1709142556.690932243,1709142556.690551475,/rigid_bodies.rigidbodies[2].pose.position.z,0.18581091729955068
86.018087224,1709142556.701069368,1709142556.700716106,/rigid_bodies.rigidbodies[2].pose.position.z,0.1851898982447466
86.027990934,1709142556.710973078,1709142556.710476729,/rigid_bodies.rigidbodies[2].pose.position.z,0.18409900930439063
86.038663075,1709142556.721645219,1709142556.721024901,/rigid_bodies.rigidbodies[2].pose.position.z,0.18377643314784095
86.047997241,1709142556.730979385,1709142556.730613663,/rigid_bodies.rigidbodies[2].pose.position.z,0.18456446095576445
86.058191484,1709142556.741173628,1709142556.740586263,/rigid_bodies.rigidbodies[2].pose.position.z,0.18553186288018036
86.068599241,1709142556.751581385,1709142556.751002359,/rigid_bodies.rigidbodies[2].pose.position.z,0.18529140227207017
86.078421713,1709142556.761403857,1709142556.760869191,/rigid_bodies.rigidbodies[2].pose.position.z,0.18415403292911392
86.088108562,1709142556.771090706,1709142556.770592339,/rigid_bodies.rigidbodies[2].pose.position.z,0.18358330057978603
86.098606673,1709142556.781588817,1709142556.780986354,/rigid_bodies.rigidbodies[2].pose.position.z,0.1842982012797692
86.107838857,1709142556.790821001,1709142556.790439776,/rigid_bodies.rigidbodies[2].pose.position.z,0.18549297657616495
86.118429608,1709142556.801411752,1709142556.800954792,/rigid_bodies.rigidbodies[2].pose.position.z,0.18574968559862343
86.128284122,1709142556.811266266,1709142556.810681663,/rigid_bodies.rigidbodies[2].pose.position.z,0.18461903275381952
86.137975444,1709142556.820957588,1709142556.820524123,/rigid_bodies.rigidbodies[2].pose.position.z,0.18392542727028244
86.14862093,1709142556.831603074,1709142556.830982694,/rigid_bodies.rigidbodies[2].pose.position.z,0.18439666319170045
86.158451697,1709142556.841433841,1709142556.840884011,/rigid_bodies.rigidbodies[2].pose.position.z,0.1853476999678585
86.168438768,1709142556.851420912,1709142556.850796280,/rigid_bodies.rigidbodies[2].pose.position.z,0.1857632699254125
86.178146604,1709142556.861128748,1709142556.860583548,/rigid_bodies.rigidbodies[2].pose.position.z,0.18470544050412643
86.188642335,1709142556.871624479,1709142556.870798514,/rigid_bodies.rigidbodies[2].pose.position.z,0.18357555215843457
86.198412778,1709142556.881394922,1709142556.880905170,/rigid_bodies.rigidbodies[2].pose.position.z,0.1837412470130649
86.207703126,1709142556.890685270,1709142556.890116806,/rigid_bodies.rigidbodies[2].pose.position.z,0.18491207760043044
86.218117798,1709142556.901099942,1709142556.900638935,/rigid_bodies.rigidbodies[2].pose.position.z,0.18563061529337788
86.228024526,1709142556.911006670,1709142556.910523977,/rigid_bodies.rigidbodies[2].pose.position.z,0.18534023882712355
86.23781918,1709142556.920801324,1709142556.920539787,/rigid_bodies.rigidbodies[2].pose.position.z,0.18416518883500219
86.247639078,1709142556.930621222,1709142556.930386709,/rigid_bodies.rigidbodies[2].pose.position.z,0.18366741570772754
86.257840563,1709142556.940822707,1709142556.940472630,/rigid_bodies.rigidbodies[2].pose.position.z,0.18462108993687662
86.268040186,1709142556.951022330,1709142556.950697519,/rigid_bodies.rigidbodies[2].pose.position.z,0.18567502944416384
86.277999665,1709142556.960981809,1709142556.960577474,/rigid_bodies.rigidbodies[2].pose.position.z,0.18559545443886935
86.28831011,1709142556.971292254,1709142556.970821946,/rigid_bodies.rigidbodies[2].pose.position.z,0.18443417505929208
86.29832413,1709142556.981306274,1709142556.980968894,/rigid_bodies.rigidbodies[2].pose.position.z,0.18379137892062458
86.30847446,1709142556.991456604,1709142556.990871259,/rigid_bodies.rigidbodies[2].pose.position.z,0.18426088443053376
86.318608201,1709142557.001590345,1709142557.001031968,/rigid_bodies.rigidbodies[2].pose.position.z,0.18518492993356406
86.328041297,1709142557.011023441,1709142557.010613857,/rigid_bodies.rigidbodies[2].pose.position.z,0.18532969896874682
86.338400007,1709142557.021382151,1709142557.020828821,/rigid_bodies.rigidbodies[2].pose.position.z,0.184302500878419
86.34783814,1709142557.030820284,1709142557.030579671,/rigid_bodies.rigidbodies[2].pose.position.z,0.18365186342399809
86.357819093,1709142557.040801237,1709142557.040452262,/rigid_bodies.rigidbodies[2].pose.position.z,0.1840309551834152
86.368622962,1709142557.051605106,1709142557.051081585,/rigid_bodies.rigidbodies[2].pose.position.z,0.18509689473612354
86.378431173,1709142557.061413317,1709142557.060906288,/rigid_bodies.rigidbodies[2].pose.position.z,0.18552951538400067
86.388391759,1709142557.071373903,1709142557.070816758,/rigid_bodies.rigidbodies[2].pose.position.z,0.18481967270936966
86.398316188,1709142557.081298332,1709142557.080686417,/rigid_bodies.rigidbodies[2].pose.position.z,0.18395882832292326
86.408220063,1709142557.091202207,1709142557.090678659,/rigid_bodies.rigidbodies[2].pose.position.z,0.1839493835461279
86.418394118,1709142557.101376262,1709142557.100834611,/rigid_bodies.rigidbodies[2].pose.position.z,0.18499272413738024
86.428210115,1709142557.111192259,1709142557.110648161,/rigid_bodies.rigidbodies[2].pose.position.z,0.18556388766886206
86.438130587,1709142557.121112731,1709142557.120699049,/rigid_bodies.rigidbodies[2].pose.position.z,0.1851034025770524
86.448322252,1709142557.131304396,1709142557.130809199,/rigid_bodies.rigidbodies[2].pose.position.z,0.18389449819885673
86.458465728,1709142557.141447872,1709142557.140960521,/rigid_bodies.rigidbodies[2].pose.position.z,0.18349306755547762
86.468594558,1709142557.151576702,1709142557.150968657,/rigid_bodies.rigidbodies[2].pose.position.z,0.1845689467428063
86.478227536,1709142557.161209680,1709142557.160731176,/rigid_bodies.rigidbodies[2].pose.position.z,0.18544342292621682
86.488789791,1709142557.171771935,1709142557.171157529,/rigid_bodies.rigidbodies[2].pose.position.z,0.18541857884130442
86.498676292,1709142557.181658436,1709142557.181033714,/rigid_bodies.rigidbodies[2].pose.position.z,0.18446904767001354
86.507769553,1709142557.190751697,1709142557.190327005,/rigid_bodies.rigidbodies[2].pose.position.z,0.18363824367603693
86.518309651,1709142557.201291795,1709142557.200799338,/rigid_bodies.rigidbodies[2].pose.position.z,0.1840456659910891
86.528249217,1709142557.211231361,1709142557.210674190,/rigid_bodies.rigidbodies[2].pose.position.z,0.18510222289057035
86.537927334,1709142557.220909478,1709142557.220395070,/rigid_bodies.rigidbodies[2].pose.position.z,0.18552476290024256
86.548098887,1709142557.231081031,1709142557.230605049,/rigid_bodies.rigidbodies[2].pose.position.z,0.18479630733143942
86.557736884,1709142557.240719028,1709142557.240276796,/rigid_bodies.rigidbodies[2].pose.position.z,0.18396132122280387
86.568155081,1709142557.251137225,1709142557.250702065,/rigid_bodies.rigidbodies[2].pose.position.z,0.18391628947001784
86.578271153,1709142557.261253297,1709142557.260683778,/rigid_bodies.rigidbodies[2].pose.position.z,0.18495278763806536
86.588889337,1709142557.271871481,1709142557.271251949,/rigid_bodies.rigidbodies[2].pose.position.z,0.1854575235876536
86.598176648,1709142557.281158792,1709142557.280812841,/rigid_bodies.rigidbodies[2].pose.position.z,0.18484420104430593
86.608081001,1709142557.291063145,1709142557.290646831,/rigid_bodies.rigidbodies[2].pose.position.z,0.1839845914247542
86.618355588,1709142557.301337732,1709142557.300899310,/rigid_bodies.rigidbodies[2].pose.position.z,0.18379243178340363
86.627903198,1709142557.310885342,1709142557.310576773,/rigid_bodies.rigidbodies[2].pose.position.z,0.1845873889408169
86.637840709,1709142557.320822853,1709142557.320429033,/rigid_bodies.rigidbodies[2].pose.position.z,0.1854486134889676
86.649055223,1709142557.332037367,1709142557.331544078,/rigid_bodies.rigidbodies[2].pose.position.z,0.1852708165699614
86.658351099,1709142557.341333243,1709142557.340943335,/rigid_bodies.rigidbodies[2].pose.position.z,0.1843053733524639
86.668806287,1709142557.351788431,1709142557.351331663,/rigid_bodies.rigidbodies[2].pose.position.z,0.18376652195141266
86.677837563,1709142557.360819707,1709142557.360410815,/rigid_bodies.rigidbodies[2].pose.position.z,0.18425942048726918
86.688356097,1709142557.371338241,1709142557.370920972,/rigid_bodies.rigidbodies[2].pose.position.z,0.1851020622461714
86.698701278,1709142557.381683422,1709142557.381238623,/rigid_bodies.rigidbodies[2].pose.position.z,0.18534549806503806
86.708538981,1709142557.391521125,1709142557.391083676,/rigid_bodies.rigidbodies[2].pose.position.z,0.18449465422444658
86.718300343,1709142557.401282487,1709142557.400902798,/rigid_bodies.rigidbodies[2].pose.position.z,0.18389127590580506
86.728065707,1709142557.411047851,1709142557.410768631,/rigid_bodies.rigidbodies[2].pose.position.z,0.1842613136721771
86.738298788,1709142557.421280932,1709142557.420826483,/rigid_bodies.rigidbodies[2].pose.position.z,0.18513614439452683
86.748232791,1709142557.431214935,1709142557.430926233,/rigid_bodies.rigidbodies[2].pose.position.z,0.18561942722209307
86.758790802,1709142557.441772946,1709142557.441136417,/rigid_bodies.rigidbodies[2].pose.position.z,0.18496348132180673
86.768408754,1709142557.451390898,1709142557.450937740,/rigid_bodies.rigidbodies[2].pose.position.z,0.18396582712173942
86.778049091,1709142557.461031235,1709142557.460507002,/rigid_bodies.rigidbodies[2].pose.position.z,0.18375043258807455
86.788539274,1709142557.471521418,1709142557.471063361,/rigid_bodies.rigidbodies[2].pose.position.z,0.18467765999281946
86.79832091,1709142557.481303054,1709142557.480778835,/rigid_bodies.rigidbodies[2].pose.position.z,0.18535501333014234
86.807923734,1709142557.490905878,1709142557.490575198,/rigid_bodies.rigidbodies[2].pose.position.z,0.1850659323203969
86.818513873,1709142557.501496017,1709142557.500888347,/rigid_bodies.rigidbodies[2].pose.position.z,0.18424270438875864
86.828368236,1709142557.511350380,1709142557.510710427,/rigid_bodies.rigidbodies[2].pose.position.z,0.18375947641391932
86.838523407,1709142557.521505551,1709142557.521067784,/rigid_bodies.rigidbodies[2].pose.position.z,0.18450175721995332
86.848785398,1709142557.531767542,1709142557.531312741,/rigid_bodies.rigidbodies[2].pose.position.z,0.1853138283038316
86.858247727,1709142557.541229871,1709142557.540702012,/rigid_bodies.rigidbodies[2].pose.position.z,0.18527908202623605
86.868295808,1709142557.551277952,1709142557.550848571,/rigid_bodies.rigidbodies[2].pose.position.z,0.18441281687053893
86.878117294,1709142557.561099438,1709142557.560704399,/rigid_bodies.rigidbodies[2].pose.position.z,0.18368893348559553
86.888483817,1709142557.571465961,1709142557.570880669,/rigid_bodies.rigidbodies[2].pose.position.z,0.18405455840713592
86.898825544,1709142557.581807688,1709142557.581106034,/rigid_bodies.rigidbodies[2].pose.position.z,0.1851091755311862
86.908620976,1709142557.591603120,1709142557.591129240,/rigid_bodies.rigidbodies[2].pose.position.z,0.18534539070546954
86.918859927,1709142557.601842071,1709142557.601195253,/rigid_bodies.rigidbodies[2].pose.position.z,0.18453658332667447
86.928446472,1709142557.611428616,1709142557.610803162,/rigid_bodies.rigidbodies[2].pose.position.z,0.18373309812750976
86.937931557,1709142557.620913701,1709142557.620552866,/rigid_bodies.rigidbodies[2].pose.position.z,0.18386007263483758
86.948791958,1709142557.631774102,1709142557.631211761,/rigid_bodies.rigidbodies[2].pose.position.z,0.18477401003969562
86.958251659,1709142557.641233803,1709142557.640692239,/rigid_bodies.rigidbodies[2].pose.position.z,0.1854822509731551
86.968281179,1709142557.651263323,1709142557.650773975,/rigid_bodies.rigidbodies[2].pose.position.z,0.18500487269099916
86.977956385,1709142557.660938529,1709142557.660488734,/rigid_bodies.rigidbodies[2].pose.position.z,0.18410257208986774
86.988558549,1709142557.671540693,1709142557.670909483,/rigid_bodies.rigidbodies[2].pose.position.z,0.18387264010348392
86.998497505,1709142557.681479649,1709142557.680996885,/rigid_bodies.rigidbodies[2].pose.position.z,0.1845438787160165
87.008518345,1709142557.691500489,1709142557.690840202,/rigid_bodies.rigidbodies[2].pose.position.z,0.18521859547898284
87.01874703,1709142557.701729174,1709142557.701065416,/rigid_bodies.rigidbodies[2].pose.position.z,0.18515193270726568
87.028164225,1709142557.711146369,1709142557.710568985,/rigid_bodies.rigidbodies[2].pose.position.z,0.1842893261176475
87.038512027,1709142557.721494171,1709142557.720945683,/rigid_bodies.rigidbodies[2].pose.position.z,0.18378520056518288
87.048575503,1709142557.731557647,1709142557.730932055,/rigid_bodies.rigidbodies[2].pose.position.z,0.18435282625046792
87.058028284,1709142557.741010428,1709142557.740474433,/rigid_bodies.rigidbodies[2].pose.position.z,0.18512447763770556
87.06852415,1709142557.751506294,1709142557.750898763,/rigid_bodies.rigidbodies[2].pose.position.z,0.1854335612437249
87.078069148,1709142557.761051292,1709142557.760549808,/rigid_bodies.rigidbodies[2].pose.position.z,0.18480427881943096
87.088458515,1709142557.771440659,1709142557.770906691,/rigid_bodies.rigidbodies[2].pose.position.z,0.18408744930953677
87.098170856,1709142557.781153000,1709142557.780576637,/rigid_bodies.rigidbodies[2].pose.position.z,0.1841721913433726
87.108147626,1709142557.791129770,1709142557.790623577,/rigid_bodies.rigidbodies[2].pose.position.z,0.18482928225313558
87.118066327,1709142557.801048471,1709142557.800559961,/rigid_bodies.rigidbodies[2].pose.position.z,0.18518464053254485
87.128032518,1709142557.811014662,1709142557.810598810,/rigid_bodies.rigidbodies[2].pose.position.z,0.1847703302622781
87.138402232,1709142557.821384376,1709142557.820818746,/rigid_bodies.rigidbodies[2].pose.position.z,0.18400352167860443
87.148400678,1709142557.831382822,1709142557.830877348,/rigid_bodies.rigidbodies[2].pose.position.z,0.18390493238155517
87.158567726,1709142557.841549870,1709142557.840961989,/rigid_bodies.rigidbodies[2].pose.position.z,0.184689467806801
87.167768295,1709142557.850750439,1709142557.850204952,/rigid_bodies.rigidbodies[2].pose.position.z,0.18540300947170155
87.178215047,1709142557.861197191,1709142557.860692099,/rigid_bodies.rigidbodies[2].pose.position.z,0.18514674191754463
87.188133773,1709142557.871115917,1709142557.870662973,/rigid_bodies.rigidbodies[2].pose.position.z,0.18435750894297895
87.199020247,1709142557.882002391,1709142557.881346483,/rigid_bodies.rigidbodies[2].pose.position.z,0.18395612817789736
87.20783268,1709142557.890814824,1709142557.890447869,/rigid_bodies.rigidbodies[2].pose.position.z,0.1843707737278481
87.218661699,1709142557.901643843,1709142557.900985649,/rigid_bodies.rigidbodies[2].pose.position.z,0.1852556010181019
87.22827853,1709142557.911260674,1709142557.910728297,/rigid_bodies.rigidbodies[2].pose.position.z,0.1852417098295207
87.238347598,1709142557.921329742,1709142557.920777129,/rigid_bodies.rigidbodies[2].pose.position.z,0.1844313168434667
87.248574823,1709142557.931556967,1709142557.931028063,/rigid_bodies.rigidbodies[2].pose.position.z,0.18390228471455966
87.258347402,1709142557.941329546,1709142557.940659841,/rigid_bodies.rigidbodies[2].pose.position.z,0.1841351409815011
87.268521127,1709142557.951503271,1709142557.950938787,/rigid_bodies.rigidbodies[2].pose.position.z,0.18493286185159222
87.278043431,1709142557.961025575,1709142557.960540439,/rigid_bodies.rigidbodies[2].pose.position.z,0.18546915110221096
87.289323841,1709142557.972305985,1709142557.971653607,/rigid_bodies.rigidbodies[2].pose.position.z,0.18481568764901318
87.298305256,1709142557.981287400,1709142557.980930836,/rigid_bodies.rigidbodies[2].pose.position.z,0.18397223518592032
87.307793259,1709142557.990775403,1709142557.990305585,/rigid_bodies.rigidbodies[2].pose.position.z,0.18400212017702727
87.318778413,1709142558.001760557,1709142558.001278224,/rigid_bodies.rigidbodies[2].pose.position.z,0.18488494386139806
87.328007805,1709142558.010989949,1709142558.010449177,/rigid_bodies.rigidbodies[2].pose.position.z,0.1854736792260664
87.338038579,1709142558.021020723,1709142558.020758009,/rigid_bodies.rigidbodies[2].pose.position.z,0.1851481775502906
87.348410054,1709142558.031392198,1709142558.030933911,/rigid_bodies.rigidbodies[2].pose.position.z,0.18420505757420752
87.357682934,1709142558.040665078,1709142558.040334850,/rigid_bodies.rigidbodies[2].pose.position.z,0.18385410259580667
87.367632154,1709142558.050614298,1709142558.050281336,/rigid_bodies.rigidbodies[2].pose.position.z,0.1843689600362655
87.377717689,1709142558.060699833,1709142558.060390040,/rigid_bodies.rigidbodies[2].pose.position.z,0.1851902179312115
87.387785527,1709142558.070767671,1709142558.070554689,/rigid_bodies.rigidbodies[2].pose.position.z,0.1851795147898895
87.398132919,1709142558.081115063,1709142558.080829812,/rigid_bodies.rigidbodies[2].pose.position.z,0.18447693210145244
87.407698984,1709142558.090681128,1709142558.090434651,/rigid_bodies.rigidbodies[2].pose.position.z,0.18393915220791207
87.417631349,1709142558.100613493,1709142558.100445105,/rigid_bodies.rigidbodies[2].pose.position.z,0.18423359285736177
87.427570015,1709142558.110552159,1709142558.110247539,/rigid_bodies.rigidbodies[2].pose.position.z,0.18505291093799964
87.438685897,1709142558.121668041,1709142558.121192525,/rigid_bodies.rigidbodies[2].pose.position.z,0.1853711978374113
87.448456882,1709142558.131439026,1709142558.130917429,/rigid_bodies.rigidbodies[2].pose.position.z,0.18479876916151589
87.458148015,1709142558.141130159,1709142558.140533376,/rigid_bodies.rigidbodies[2].pose.position.z,0.1839681413874597
87.468070591,1709142558.151052735,1709142558.150523597,/rigid_bodies.rigidbodies[2].pose.position.z,0.184017215219253
87.478448616,1709142558.161430760,1709142558.160791601,/rigid_bodies.rigidbodies[2].pose.position.z,0.1847260111468266
87.488302446,1709142558.171284590,1709142558.170776422,/rigid_bodies.rigidbodies[2].pose.position.z,0.18546544902032674
87.498528219,1709142558.181510363,1709142558.180899635,/rigid_bodies.rigidbodies[2].pose.position.z,0.1849742074364846
87.507894867,1709142558.190877011,1709142558.190432822,/rigid_bodies.rigidbodies[2].pose.position.z,0.1843236565970531
87.518354735,1709142558.201336879,1709142558.200751399,/rigid_bodies.rigidbodies[2].pose.position.z,0.18406320969796253
87.528146774,1709142558.211128918,1709142558.210672476,/rigid_bodies.rigidbodies[2].pose.position.z,0.1845127637870602
87.537850065,1709142558.220832209,1709142558.220399823,/rigid_bodies.rigidbodies[2].pose.position.z,0.18512729616767384
87.548990354,1709142558.231972498,1709142558.231302200,/rigid_bodies.rigidbodies[2].pose.position.z,0.18497607324643758
87.558154444,1709142558.241136588,1709142558.240562699,/rigid_bodies.rigidbodies[2].pose.position.z,0.18423544648976525
87.56820889,1709142558.251191034,1709142558.250637638,/rigid_bodies.rigidbodies[2].pose.position.z,0.18384088348806973
87.577796486,1709142558.260778630,1709142558.260150292,/rigid_bodies.rigidbodies[2].pose.position.z,0.18431883182397665
87.589219635,1709142558.272201779,1709142558.271423698,/rigid_bodies.rigidbodies[2].pose.position.z,0.1852727404278336
87.598125764,1709142558.281107908,1709142558.280678123,/rigid_bodies.rigidbodies[2].pose.position.z,0.18544469612613595
87.607982477,1709142558.290964621,1709142558.290472362,/rigid_bodies.rigidbodies[2].pose.position.z,0.1847179673226002
87.618353153,1709142558.301335297,1709142558.300638758,/rigid_bodies.rigidbodies[2].pose.position.z,0.18381829363793045
87.628651868,1709142558.311634012,1709142558.310806704,/rigid_bodies.rigidbodies[2].pose.position.z,0.18395294772683696
87.638146275,1709142558.321128419,1709142558.320635064,/rigid_bodies.rigidbodies[2].pose.position.z,0.18472235528700803
87.648629067,1709142558.331611211,1709142558.331130782,/rigid_bodies.rigidbodies[2].pose.position.z,0.18520820848025282
87.657803343,1709142558.340785487,1709142558.340408533,/rigid_bodies.rigidbodies[2].pose.position.z,0.1848777189576758
87.667922563,1709142558.350904707,1709142558.350644750,/rigid_bodies.rigidbodies[2].pose.position.z,0.18414520952891264
87.677725902,1709142558.360708046,1709142558.360417046,/rigid_bodies.rigidbodies[2].pose.position.z,0.1840559483963206
87.688052905,1709142558.371035049,1709142558.370687087,/rigid_bodies.rigidbodies[2].pose.position.z,0.18480538215771125
87.698958829,1709142558.381940973,1709142558.381434863,/rigid_bodies.rigidbodies[2].pose.position.z,0.18541078865246616
87.708585005,1709142558.391567149,1709142558.390976869,/rigid_bodies.rigidbodies[2].pose.position.z,0.1850900527556137
87.718283717,1709142558.401265861,1709142558.400562365,/rigid_bodies.rigidbodies[2].pose.position.z,0.1842063676417871
87.727794306,1709142558.410776450,1709142558.410357218,/rigid_bodies.rigidbodies[2].pose.position.z,0.18371895587390422
87.738141502,1709142558.421123646,1709142558.420660002,/rigid_bodies.rigidbodies[2].pose.position.z,0.18421555334644543
87.748398493,1709142558.431380637,1709142558.430823494,/rigid_bodies.rigidbodies[2].pose.position.z,0.1849788974361275
87.757891804,1709142558.440873948,1709142558.440439238,/rigid_bodies.rigidbodies[2].pose.position.z,0.18518618767765552
87.767982059,1709142558.450964203,1709142558.450589013,/rigid_bodies.rigidbodies[2].pose.position.z,0.1845189457205921
87.777695548,1709142558.460677692,1709142558.460242553,/rigid_bodies.rigidbodies[2].pose.position.z,0.18388360342132942
87.78823399,1709142558.471216134,1709142558.470752740,/rigid_bodies.rigidbodies[2].pose.position.z,0.1839656264387746
87.7982466,1709142558.481228744,1709142558.480814919,/rigid_bodies.rigidbodies[2].pose.position.z,0.1849027298998886
87.808214322,1709142558.491196466,1709142558.490864883,/rigid_bodies.rigidbodies[2].pose.position.z,0.18542514981712765
87.817952139,1709142558.500934283,1709142558.500555489,/rigid_bodies.rigidbodies[2].pose.position.z,0.18482318366279835
87.827810931,1709142558.510793075,1709142558.510388484,/rigid_bodies.rigidbodies[2].pose.position.z,0.18412936714358236
87.838414381,1709142558.521396525,1709142558.520934815,/rigid_bodies.rigidbodies[2].pose.position.z,0.18418071446940418
87.848580819,1709142558.531562963,1709142558.531163696,/rigid_bodies.rigidbodies[2].pose.position.z,0.18478668987494526
87.857728341,1709142558.540710485,1709142558.540290164,/rigid_bodies.rigidbodies[2].pose.position.z,0.1854510969212429
87.868427275,1709142558.551409419,1709142558.550884567,/rigid_bodies.rigidbodies[2].pose.position.z,0.1849762162405568
87.877962706,1709142558.560944850,1709142558.560546512,/rigid_bodies.rigidbodies[2].pose.position.z,0.18409808136142494
87.888117316,1709142558.571099460,1709142558.570682462,/rigid_bodies.rigidbodies[2].pose.position.z,0.1835244798629515
87.898857435,1709142558.581839579,1709142558.581255868,/rigid_bodies.rigidbodies[2].pose.position.z,0.18405635587691677
87.908255016,1709142558.591237160,1709142558.590570800,/rigid_bodies.rigidbodies[2].pose.position.z,0.18494377269240678
87.918572405,1709142558.601554549,1709142558.600888002,/rigid_bodies.rigidbodies[2].pose.position.z,0.18527660153585743
87.928444538,1709142558.611426682,1709142558.610870243,/rigid_bodies.rigidbodies[2].pose.position.z,0.18477548110156394
87.938195022,1709142558.621177166,1709142558.620708664,/rigid_bodies.rigidbodies[2].pose.position.z,0.18414507734691912
87.948453751,1709142558.631435895,1709142558.630902024,/rigid_bodies.rigidbodies[2].pose.position.z,0.18432548686946715
87.95828411,1709142558.641266254,1709142558.640721237,/rigid_bodies.rigidbodies[2].pose.position.z,0.18509172829749176
87.968002501,1709142558.650984645,1709142558.650553983,/rigid_bodies.rigidbodies[2].pose.position.z,0.18536111048763348
87.978467342,1709142558.661449486,1709142558.660828990,/rigid_bodies.rigidbodies[2].pose.position.z,0.18471163094522072
87.988504622,1709142558.671486766,1709142558.670825300,/rigid_bodies.rigidbodies[2].pose.position.z,0.18396803074788678
87.99891773,1709142558.681899874,1709142558.681232782,/rigid_bodies.rigidbodies[2].pose.position.z,0.18379944248902005
88.008582562,1709142558.691564706,1709142558.691156779,/rigid_bodies.rigidbodies[2].pose.position.z,0.1846120035260999
88.018242146,1709142558.701224290,1709142558.700785255,/rigid_bodies.rigidbodies[2].pose.position.z,0.18526439571772196
88.02812016,1709142558.711102304,1709142558.710574916,/rigid_bodies.rigidbodies[2].pose.position.z,0.18492806228432215
88.03786788,1709142558.720850024,1709142558.720372368,/rigid_bodies.rigidbodies[2].pose.position.z,0.18421638926748424
88.048606874,1709142558.731589018,1709142558.730981583,/rigid_bodies.rigidbodies[2].pose.position.z,0.18399061189566138
88.058515978,1709142558.741498122,1709142558.740961447,/rigid_bodies.rigidbodies[2].pose.position.z,0.1846540624554764
88.067943057,1709142558.750925201,1709142558.750546075,/rigid_bodies.rigidbodies[2].pose.position.z,0.18542025896317865
88.078241577,1709142558.761223721,1709142558.760545933,/rigid_bodies.rigidbodies[2].pose.position.z,0.18516765801080698
88.088245526,1709142558.771227670,1709142558.770735968,/rigid_bodies.rigidbodies[2].pose.position.z,0.18437458506282564
88.0984948,1709142558.781476944,1709142558.781038496,/rigid_bodies.rigidbodies[2].pose.position.z,0.18385166871898823
88.107812516,1709142558.790794660,1709142558.790335639,/rigid_bodies.rigidbodies[2].pose.position.z,0.18428861388067716
88.11780289,1709142558.800785034,1709142558.800407928,/rigid_bodies.rigidbodies[2].pose.position.z,0.18518233726230432
88.127520523,1709142558.810502667,1709142558.810179964,/rigid_bodies.rigidbodies[2].pose.position.z,0.18538081461304473
88.13865387,1709142558.821636014,1709142558.821081939,/rigid_bodies.rigidbodies[2].pose.position.z,0.18461539763105486
88.148186281,1709142558.831168425,1709142558.830738620,/rigid_bodies.rigidbodies[2].pose.position.z,0.1837538248407051
88.157915786,1709142558.840897930,1709142558.840432649,/rigid_bodies.rigidbodies[2].pose.position.z,0.18386405088677377
88.168200082,1709142558.851182226,1709142558.850709835,/rigid_bodies.rigidbodies[2].pose.position.z,0.18485381192776934
88.178130859,1709142558.861113003,1709142558.860564650,/rigid_bodies.rigidbodies[2].pose.position.z,0.18560175066830636
88.187960115,1709142558.870942259,1709142558.870545346,/rigid_bodies.rigidbodies[2].pose.position.z,0.18518090913797802
88.199014105,1709142558.881996249,1709142558.881408014,/rigid_bodies.rigidbodies[2].pose.position.z,0.1842378527624636
88.208465566,1709142558.891447710,1709142558.890834324,/rigid_bodies.rigidbodies[2].pose.position.z,0.18386697336540575
88.218237753,1709142558.901219897,1709142558.900734681,/rigid_bodies.rigidbodies[2].pose.position.z,0.18459488163128657
88.223399384,1709142558.906381528,1709142558.906055194,/rigid_bodies.rigidbodies[2].pose.position.z,0.18521354388425407
88.238266365,1709142558.921248509,1709142558.920918518,/rigid_bodies.rigidbodies[2].pose.position.z,0.18508060362176745
88.247621696,1709142558.930603840,1709142558.930392686,/rigid_bodies.rigidbodies[2].pose.position.z,0.1844369837556543
88.257609577,1709142558.940591721,1709142558.940369795,/rigid_bodies.rigidbodies[2].pose.position.z,0.18383416430400848
88.267747479,1709142558.950729623,1709142558.950517596,/rigid_bodies.rigidbodies[2].pose.position.z,0.18434665963666175
88.277562249,1709142558.960544393,1709142558.960335530,/rigid_bodies.rigidbodies[2].pose.position.z,0.18520375884980392
88.287693206,1709142558.970675350,1709142558.970516165,/rigid_bodies.rigidbodies[2].pose.position.z,0.18549428058486417
88.298151905,1709142558.981134049,1709142558.980881581,/rigid_bodies.rigidbodies[2].pose.position.z,0.18478599423068737
88.307325076,1709142558.990307220,1709142558.990217064,/rigid_bodies.rigidbodies[2].pose.position.z,0.18395288284875522
88.315898337,1709142558.998880481,1709142558.998718385,/rigid_bodies.rigidbodies[2].pose.position.z,0.18392936841041913
88.326606668,1709142559.009588812,1709142559.009309091,/rigid_bodies.rigidbodies[2].pose.position.z,0.18484462602733137
88.336913706,1709142559.019895850,1709142559.019463403,/rigid_bodies.rigidbodies[2].pose.position.z,0.18526793199451883
88.348666313,1709142559.031648457,1709142559.031130083,/rigid_bodies.rigidbodies[2].pose.position.z,0.18468298346412415
88.357970196,1709142559.040952340,1709142559.040533604,/rigid_bodies.rigidbodies[2].pose.position.z,0.1839843678094608
88.368080086,1709142559.051062230,1709142559.050714933,/rigid_bodies.rigidbodies[2].pose.position.z,0.18385292961775943
88.377490401,1709142559.060472545,1709142559.060111495,/rigid_bodies.rigidbodies[2].pose.position.z,0.18476132690257535
88.388253662,1709142559.071235806,1709142559.070760245,/rigid_bodies.rigidbodies[2].pose.position.z,0.18550587360296783
88.398447762,1709142559.081429906,1709142559.081044500,/rigid_bodies.rigidbodies[2].pose.position.z,0.1852659056740213
88.407872964,1709142559.090855108,1709142559.090490067,/rigid_bodies.rigidbodies[2].pose.position.z,0.18449905374885195
88.418573498,1709142559.101555642,1709142559.101089167,/rigid_bodies.rigidbodies[2].pose.position.z,0.18398624411863557
88.427863849,1709142559.110845993,1709142559.110497723,/rigid_bodies.rigidbodies[2].pose.position.z,0.18422830476667088
88.438316718,1709142559.121298862,1709142559.120923182,/rigid_bodies.rigidbodies[2].pose.position.z,0.1850632475816017
88.447927442,1709142559.130909586,1709142559.130674844,/rigid_bodies.rigidbodies[2].pose.position.z,0.18522343358697851
88.458401606,1709142559.141383750,1709142559.140914910,/rigid_bodies.rigidbodies[2].pose.position.z,0.1843714076914635
88.468272497,1709142559.151254641,1709142559.150857808,/rigid_bodies.rigidbodies[2].pose.position.z,0.183758659427073
88.479258375,1709142559.162240519,1709142559.161716837,/rigid_bodies.rigidbodies[2].pose.position.z,0.18401794383994574
88.488259382,1709142559.171241526,1709142559.170746139,/rigid_bodies.rigidbodies[2].pose.position.z,0.1849387214296871
88.498419433,1709142559.181401577,1709142559.181004304,/rigid_bodies.rigidbodies[2].pose.position.z,0.18538725312506768
88.508377452,1709142559.191359596,1709142559.190837678,/rigid_bodies.rigidbodies[2].pose.position.z,0.18494876897082374
88.518368591,1709142559.201350735,1709142559.200955166,/rigid_bodies.rigidbodies[2].pose.position.z,0.18436388825113406
88.528051985,1709142559.211034129,1709142559.210576674,/rigid_bodies.rigidbodies[2].pose.position.z,0.1844045173183029
88.538065492,1709142559.221047636,1709142559.220634628,/rigid_bodies.rigidbodies[2].pose.position.z,0.18507185199564719
88.548709371,1709142559.231691515,1709142559.230992584,/rigid_bodies.rigidbodies[2].pose.position.z,0.1852865212866801
88.558117164,1709142559.241099308,1709142559.240546743,/rigid_bodies.rigidbodies[2].pose.position.z,0.18479793603275835
88.568524799,1709142559.251506943,1709142559.250902019,/rigid_bodies.rigidbodies[2].pose.position.z,0.18395235337247284
88.57807783,1709142559.261059974,1709142559.260467760,/rigid_bodies.rigidbodies[2].pose.position.z,0.18371232839626286
88.588391264,1709142559.271373408,1709142559.270857591,/rigid_bodies.rigidbodies[2].pose.position.z,0.18438113467999867
88.598124073,1709142559.281106217,1709142559.280666589,/rigid_bodies.rigidbodies[2].pose.position.z,0.18523120710898705
88.608316581,1709142559.291298725,1709142559.290753328,/rigid_bodies.rigidbodies[2].pose.position.z,0.1852341472145427
88.617979001,1709142559.300961145,1709142559.300440629,/rigid_bodies.rigidbodies[2].pose.position.z,0.18455069612048391
88.628297264,1709142559.311279408,1709142559.310707284,/rigid_bodies.rigidbodies[2].pose.position.z,0.18406138786645268
88.638297908,1709142559.321280052,1709142559.320676921,/rigid_bodies.rigidbodies[2].pose.position.z,0.18453703117220802
88.648326967,1709142559.331309111,1709142559.330836374,/rigid_bodies.rigidbodies[2].pose.position.z,0.18544413684773833
88.657896124,1709142559.340878268,1709142559.340504767,/rigid_bodies.rigidbodies[2].pose.position.z,0.18536094859450072
88.668807893,1709142559.351790037,1709142559.351197383,/rigid_bodies.rigidbodies[2].pose.position.z,0.1845952794203506
88.673651998,1709142559.356634142,1709142559.356271096,/rigid_bodies.rigidbodies[2].pose.position.z,0.18372454722239737
88.688452188,1709142559.371434332,1709142559.370801920,/rigid_bodies.rigidbodies[2].pose.position.z,0.1837645944320525
88.699122543,1709142559.382104687,1709142559.381451664,/rigid_bodies.rigidbodies[2].pose.position.z,0.18472737179044924
88.707795823,1709142559.390777967,1709142559.390478187,/rigid_bodies.rigidbodies[2].pose.position.z,0.1854492875219528
88.718665401,1709142559.401647545,1709142559.401072655,/rigid_bodies.rigidbodies[2].pose.position.z,0.1851035459823416
88.728542963,1709142559.411525107,1709142559.410929035,/rigid_bodies.rigidbodies[2].pose.position.z,0.18433275422578949
88.738225253,1709142559.421207397,1709142559.420799618,/rigid_bodies.rigidbodies[2].pose.position.z,0.1841027731220735
88.748664231,1709142559.431646375,1709142559.431032882,/rigid_bodies.rigidbodies[2].pose.position.z,0.18464919463043267
88.758105376,1709142559.441087520,1709142559.440561438,/rigid_bodies.rigidbodies[2].pose.position.z,0.18524767638523534
88.76830446700001,1709142559.451286611,1709142559.450790393,/rigid_bodies.rigidbodies[2].pose.position.z,0.1852216195017655
88.778333864,1709142559.461316008,1709142559.460712029,/rigid_bodies.rigidbodies[2].pose.position.z,0.18451762952814865
88.788503456,1709142559.471485600,1709142559.470891056,/rigid_bodies.rigidbodies[2].pose.position.z,0.1839417081142548
88.798381209,1709142559.481363353,1709142559.480838319,/rigid_bodies.rigidbodies[2].pose.position.z,0.1842119829738191
88.808270481,1709142559.491252625,1709142559.490663286,/rigid_bodies.rigidbodies[2].pose.position.z,0.18490678196239757
88.818814327,1709142559.501796471,1709142559.501130245,/rigid_bodies.rigidbodies[2].pose.position.z,0.1852263833654501
88.828150105,1709142559.511132249,1709142559.510725954,/rigid_bodies.rigidbodies[2].pose.position.z,0.18470413476244796
88.838326239,1709142559.521308383,1709142559.520818958,/rigid_bodies.rigidbodies[2].pose.position.z,0.1841048197173296
88.848613911,1709142559.531596055,1709142559.531102075,/rigid_bodies.rigidbodies[2].pose.position.z,0.18440761132599373
88.858219424,1709142559.541201568,1709142559.540731778,/rigid_bodies.rigidbodies[2].pose.position.z,0.1850399279704899
88.868209318,1709142559.551191462,1709142559.550710220,/rigid_bodies.rigidbodies[2].pose.position.z,0.18524545477007529
88.878111098,1709142559.561093242,1709142559.560619088,/rigid_bodies.rigidbodies[2].pose.position.z,0.1848531879278395
88.888330456,1709142559.571312600,1709142559.570793957,/rigid_bodies.rigidbodies[2].pose.position.z,0.18415361518062398
88.898244944,1709142559.581227088,1709142559.580703028,/rigid_bodies.rigidbodies[2].pose.position.z,0.18402293095280708
88.908374353,1709142559.591356497,1709142559.590904268,/rigid_bodies.rigidbodies[2].pose.position.z,0.1845823990598502
88.918219357,1709142559.601201501,1709142559.600764567,/rigid_bodies.rigidbodies[2].pose.position.z,0.18512160912889888
88.92788952,1709142559.610871664,1709142559.610314216,/rigid_bodies.rigidbodies[2].pose.position.z,0.18493433295030168
88.938426202,1709142559.621408346,1709142559.621060033,/rigid_bodies.rigidbodies[2].pose.position.z,0.18431322834817956
88.948598591,1709142559.631580735,1709142559.631050847,/rigid_bodies.rigidbodies[2].pose.position.z,0.18400361680619998
88.958493717,1709142559.641475861,1709142559.640836747,/rigid_bodies.rigidbodies[2].pose.position.z,0.18466107319220298
88.96794445,1709142559.650926594,1709142559.650390643,/rigid_bodies.rigidbodies[2].pose.position.z,0.18540896552847352
88.979044557,1709142559.662026701,1709142559.661494087,/rigid_bodies.rigidbodies[2].pose.position.z,0.18543741056200636
88.988141288,1709142559.671123432,1709142559.670652210,/rigid_bodies.rigidbodies[2].pose.position.z,0.1846408384368208
88.998746485,1709142559.681728629,1709142559.680988864,/rigid_bodies.rigidbodies[2].pose.position.z,0.1839293288571867
89.008148229,1709142559.691130373,1709142559.690615138,/rigid_bodies.rigidbodies[2].pose.position.z,0.18400954846130294
89.018219302,1709142559.701201446,1709142559.700694487,/rigid_bodies.rigidbodies[2].pose.position.z,0.18493058420985847
89.029367392,1709142559.712349536,1709142559.711789369,/rigid_bodies.rigidbodies[2].pose.position.z,0.18528514502145937
89.038415333,1709142559.721397477,1709142559.720994051,/rigid_bodies.rigidbodies[2].pose.position.z,0.1847889418573348
89.048401429,1709142559.731383573,1709142559.731003716,/rigid_bodies.rigidbodies[2].pose.position.z,0.18419989725429448
89.05816326,1709142559.741145404,1709142559.740652289,/rigid_bodies.rigidbodies[2].pose.position.z,0.18410586656529138
89.068253426,1709142559.751235570,1709142559.750814717,/rigid_bodies.rigidbodies[2].pose.position.z,0.1846508070598193
89.07788421,1709142559.760866354,1709142559.760481097,/rigid_bodies.rigidbodies[2].pose.position.z,0.1853755337749745
89.088653549,1709142559.771635693,1709142559.771041239,/rigid_bodies.rigidbodies[2].pose.position.z,0.1851433677442464
89.098710216,1709142559.781692360,1709142559.781179499,/rigid_bodies.rigidbodies[2].pose.position.z,0.18437337612804583
89.10795852,1709142559.790940664,1709142559.790553689,/rigid_bodies.rigidbodies[2].pose.position.z,0.1840053942824037
89.118623806,1709142559.801605950,1709142559.801020121,/rigid_bodies.rigidbodies[2].pose.position.z,0.1844855547184974
89.128450667,1709142559.811432811,1709142559.810970644,/rigid_bodies.rigidbodies[2].pose.position.z,0.18501725365172744
89.138107415,1709142559.821089559,1709142559.820793287,/rigid_bodies.rigidbodies[2].pose.position.z,0.18510829931234352
89.148543893,1709142559.831526037,1709142559.831089948,/rigid_bodies.rigidbodies[2].pose.position.z,0.1843822718088351
89.158269216,1709142559.841251360,1709142559.840695404,/rigid_bodies.rigidbodies[2].pose.position.z,0.18384474012005184
89.168039748,1709142559.851021892,1709142559.850645825,/rigid_bodies.rigidbodies[2].pose.position.z,0.1841502909160438
89.178402717,1709142559.861384861,1709142559.861016882,/rigid_bodies.rigidbodies[2].pose.position.z,0.18503904992653458
89.188415179,1709142559.871397323,1709142559.870909368,/rigid_bodies.rigidbodies[2].pose.position.z,0.18533262445961343
89.198359046,1709142559.881341190,1709142559.880917981,/rigid_bodies.rigidbodies[2].pose.position.z,0.18486003089295366
89.20849372,1709142559.891475864,1709142559.890924697,/rigid_bodies.rigidbodies[2].pose.position.z,0.18420864414855967
89.218741437,1709142559.901723581,1709142559.901057147,/rigid_bodies.rigidbodies[2].pose.position.z,0.1842049739327574
89.228068557,1709142559.911050701,1709142559.910639500,/rigid_bodies.rigidbodies[2].pose.position.z,0.1849716610304152
89.238215113,1709142559.921197257,1709142559.920786234,/rigid_bodies.rigidbodies[2].pose.position.z,0.18523212520681442
89.248613856,1709142559.931596000,1709142559.930933774,/rigid_bodies.rigidbodies[2].pose.position.z,0.1848978583070336
89.25827456,1709142559.941256704,1709142559.940805871,/rigid_bodies.rigidbodies[2].pose.position.z,0.1841193805674351
89.268334698,1709142559.951316842,1709142559.950766536,/rigid_bodies.rigidbodies[2].pose.position.z,0.18372741764923878
89.278138874,1709142559.961121018,1709142559.960732495,/rigid_bodies.rigidbodies[2].pose.position.z,0.18438115983502595
89.288106349,1709142559.971088493,1709142559.970632221,/rigid_bodies.rigidbodies[2].pose.position.z,0.18520962212859488
89.298552098,1709142559.981534242,1709142559.981020580,/rigid_bodies.rigidbodies[2].pose.position.z,0.18523832424406267
89.308072047,1709142559.991054191,1709142559.990287591,/rigid_bodies.rigidbodies[2].pose.position.z,0.18464223341710953
89.318139713,1709142560.001121857,1709142560.000692735,/rigid_bodies.rigidbodies[2].pose.position.z,0.1842308268421315
89.328401358,1709142560.011383502,1709142560.010795349,/rigid_bodies.rigidbodies[2].pose.position.z,0.1845652872957572
89.338180678,1709142560.021162822,1709142560.020630771,/rigid_bodies.rigidbodies[2].pose.position.z,0.18522176263123866
89.347912714,1709142560.030894858,1709142560.030534166,/rigid_bodies.rigidbodies[2].pose.position.z,0.18526092837765246
89.357547068,1709142560.040529212,1709142560.040218849,/rigid_bodies.rigidbodies[2].pose.position.z,0.1844686048138784
89.367575027,1709142560.050557171,1709142560.050304589,/rigid_bodies.rigidbodies[2].pose.position.z,0.183946219928134
89.377928293,1709142560.060910437,1709142560.060495626,/rigid_bodies.rigidbodies[2].pose.position.z,0.18413505478533623
89.387795362,1709142560.070777506,1709142560.070506779,/rigid_bodies.rigidbodies[2].pose.position.z,0.18486346149248534
89.398123797,1709142560.081105941,1709142560.080802609,/rigid_bodies.rigidbodies[2].pose.position.z,0.18524067829427984
89.407438028,1709142560.090420172,1709142560.090244481,/rigid_bodies.rigidbodies[2].pose.position.z,0.18470744728174956
89.417464795,1709142560.100446939,1709142560.100152594,/rigid_bodies.rigidbodies[2].pose.position.z,0.1840946598646107
89.427785347,1709142560.110767491,1709142560.110317012,/rigid_bodies.rigidbodies[2].pose.position.z,0.1841972716605562
89.438018752,1709142560.121000896,1709142560.120564337,/rigid_bodies.rigidbodies[2].pose.position.z,0.18493437983908642
89.448630274,1709142560.131612418,1709142560.130984681,/rigid_bodies.rigidbodies[2].pose.position.z,0.18541446078945767
89.457884484,1709142560.140866628,1709142560.140530379,/rigid_bodies.rigidbodies[2].pose.position.z,0.18520233144600634
89.468449059,1709142560.151431203,1709142560.151026796,/rigid_bodies.rigidbodies[2].pose.position.z,0.18432240021444596
89.478156076,1709142560.161138220,1709142560.160805985,/rigid_bodies.rigidbodies[2].pose.position.z,0.1838221376237151
89.488044068,1709142560.171026212,1709142560.170739239,/rigid_bodies.rigidbodies[2].pose.position.z,0.1843990961026843
89.498215864,1709142560.181198008,1709142560.180837014,/rigid_bodies.rigidbodies[2].pose.position.z,0.1852090229549336
89.507653854,1709142560.190635998,1709142560.190281057,/rigid_bodies.rigidbodies[2].pose.position.z,0.18519167542808646
89.518293341,1709142560.201275485,1709142560.200858904,/rigid_bodies.rigidbodies[2].pose.position.z,0.18467328153258156
89.527975009,1709142560.210957153,1709142560.210609076,/rigid_bodies.rigidbodies[2].pose.position.z,0.18412369536926187
89.538058507,1709142560.221040651,1709142560.220728761,/rigid_bodies.rigidbodies[2].pose.position.z,0.18418340961845675
89.548447691,1709142560.231429835,1709142560.230948246,/rigid_bodies.rigidbodies[2].pose.position.z,0.18498926011583103
89.557883798,1709142560.240865942,1709142560.240370187,/rigid_bodies.rigidbodies[2].pose.position.z,0.18547145147757968
89.568217158,1709142560.251199302,1709142560.250847205,/rigid_bodies.rigidbodies[2].pose.position.z,0.1849583478903479
89.578276611,1709142560.261258755,1709142560.260728741,/rigid_bodies.rigidbodies[2].pose.position.z,0.1843074645667828
89.588130686,1709142560.271112830,1709142560.270747248,/rigid_bodies.rigidbodies[2].pose.position.z,0.18420867913031652
89.59825496,1709142560.281237104,1709142560.280821007,/rigid_bodies.rigidbodies[2].pose.position.z,0.18466006487531425
89.607878789,1709142560.290860933,1709142560.290430543,/rigid_bodies.rigidbodies[2].pose.position.z,0.18506365178561923
89.618151557,1709142560.301133701,1709142560.300752598,/rigid_bodies.rigidbodies[2].pose.position.z,0.18491923764577367
89.627716215,1709142560.310698359,1709142560.310384940,/rigid_bodies.rigidbodies[2].pose.position.z,0.18437530586397427
89.638119563,1709142560.321101707,1709142560.320816455,/rigid_bodies.rigidbodies[2].pose.position.z,0.18426340026577853
89.648198902,1709142560.331181046,1709142560.330721454,/rigid_bodies.rigidbodies[2].pose.position.z,0.1847520862853338
89.657683544,1709142560.340665688,1709142560.340312503,/rigid_bodies.rigidbodies[2].pose.position.z,0.18513009888388415
89.668475004,1709142560.351457148,1709142560.350963127,/rigid_bodies.rigidbodies[2].pose.position.z,0.18508122263906343
89.677674446,1709142560.360656590,1709142560.360373846,/rigid_bodies.rigidbodies[2].pose.position.z,0.18433902667818766
89.688016419,1709142560.370998563,1709142560.370711961,/rigid_bodies.rigidbodies[2].pose.position.z,0.1839567979460582
89.698277813,1709142560.381259957,1709142560.380805367,/rigid_bodies.rigidbodies[2].pose.position.z,0.18431752838868815
89.7077029,1709142560.390685044,1709142560.390469425,/rigid_bodies.rigidbodies[2].pose.position.z,0.18511970725472102
89.718040662,1709142560.401022806,1709142560.400781924,/rigid_bodies.rigidbodies[2].pose.position.z,0.18526992073479126
89.728596789,1709142560.411578933,1709142560.411165811,/rigid_bodies.rigidbodies[2].pose.position.z,0.18473181034029093
89.737774122,1709142560.420756266,1709142560.420602575,/rigid_bodies.rigidbodies[2].pose.position.z,0.1840405924784485
89.74836629,1709142560.431348434,1709142560.430996327,/rigid_bodies.rigidbodies[2].pose.position.z,0.18417552840902185
89.757904226,1709142560.440886370,1709142560.440458837,/rigid_bodies.rigidbodies[2].pose.position.z,0.18489858099025594
89.768495388,1709142560.451477532,1709142560.450878842,/rigid_bodies.rigidbodies[2].pose.position.z,0.18530717088336096
89.778190069,1709142560.461172213,1709142560.460601821,/rigid_bodies.rigidbodies[2].pose.position.z,0.18493855527617467
89.788502243,1709142560.471484387,1709142560.470924435,/rigid_bodies.rigidbodies[2].pose.position.z,0.18432134971559694
89.798878617,1709142560.481860761,1709142560.481138550,/rigid_bodies.rigidbodies[2].pose.position.z,0.18400540399713491
89.808184047,1709142560.491166191,1709142560.490584562,/rigid_bodies.rigidbodies[2].pose.position.z,0.1844972344378116
89.81848811,1709142560.501470254,1709142560.500950842,/rigid_bodies.rigidbodies[2].pose.position.z,0.18497553716807427
89.828324514,1709142560.511306658,1709142560.510676802,/rigid_bodies.rigidbodies[2].pose.position.z,0.1849182842700061
89.83841673,1709142560.521398874,1709142560.520873124,/rigid_bodies.rigidbodies[2].pose.position.z,0.18453589386181424
89.848591925,1709142560.531574069,1709142560.530996331,/rigid_bodies.rigidbodies[2].pose.position.z,0.18420532385004448
89.858276442,1709142560.541258586,1709142560.540670487,/rigid_bodies.rigidbodies[2].pose.position.z,0.18461416347077036
89.868665371,1709142560.551647515,1709142560.550976815,/rigid_bodies.rigidbodies[2].pose.position.z,0.1852022156287887
89.878221398,1709142560.561203542,1709142560.560615729,/rigid_bodies.rigidbodies[2].pose.position.z,0.1852876433668573
89.888442579,1709142560.571424723,1709142560.570657322,/rigid_bodies.rigidbodies[2].pose.position.z,0.18466311864732343
89.899153521,1709142560.582135665,1709142560.581523177,/rigid_bodies.rigidbodies[2].pose.position.z,0.18405783104746512
89.907897935,1709142560.590880079,1709142560.590409693,/rigid_bodies.rigidbodies[2].pose.position.z,0.18415377604895042
89.918673224,1709142560.601655368,1709142560.600900255,/rigid_bodies.rigidbodies[2].pose.position.z,0.18482851241357334
89.928506253,1709142560.611488397,1709142560.610817112,/rigid_bodies.rigidbodies[2].pose.position.z,0.1852371318602164
89.937538643,1709142560.620520787,1709142560.620079926,/rigid_bodies.rigidbodies[2].pose.position.z,0.18480958030296477
89.948611081,1709142560.631593225,1709142560.630985213,/rigid_bodies.rigidbodies[2].pose.position.z,0.18411704453914288
89.958086991,1709142560.641069135,1709142560.640506828,/rigid_bodies.rigidbodies[2].pose.position.z,0.1841429184558105
89.968328831,1709142560.651310975,1709142560.650873172,/rigid_bodies.rigidbodies[2].pose.position.z,0.18472245045980087
89.978288508,1709142560.661270652,1709142560.660738137,/rigid_bodies.rigidbodies[2].pose.position.z,0.18521070794421174
89.988893401,1709142560.671875545,1709142560.671137096,/rigid_bodies.rigidbodies[2].pose.position.z,0.18515026329018752
89.998128091,1709142560.681110235,1709142560.680713526,/rigid_bodies.rigidbodies[2].pose.position.z,0.18450475804824754
90.008228463,1709142560.691210607,1709142560.690625161,/rigid_bodies.rigidbodies[2].pose.position.z,0.18398681890132246
90.018563227,1709142560.701545371,1709142560.700898346,/rigid_bodies.rigidbodies[2].pose.position.z,0.18434611290013359
90.02894823,1709142560.711930374,1709142560.711466702,/rigid_bodies.rigidbodies[2].pose.position.z,0.1850222591618074
90.038531572,1709142560.721513716,1709142560.721002154,/rigid_bodies.rigidbodies[2].pose.position.z,0.1852720911512882
90.048539593,1709142560.731521737,1709142560.730982487,/rigid_bodies.rigidbodies[2].pose.position.z,0.1847909368416476
90.057597329,1709142560.740579473,1709142560.740119661,/rigid_bodies.rigidbodies[2].pose.position.z,0.18419422950697764
90.068574441,1709142560.751556585,1709142560.751068749,/rigid_bodies.rigidbodies[2].pose.position.z,0.18411831466955858
90.078324671,1709142560.761306815,1709142560.760709634,/rigid_bodies.rigidbodies[2].pose.position.z,0.18475293258440637
90.088333279,1709142560.771315423,1709142560.770849911,/rigid_bodies.rigidbodies[2].pose.position.z,0.1850412501416454
90.098497776,1709142560.781479920,1709142560.780963419,/rigid_bodies.rigidbodies[2].pose.position.z,0.18491068029763852
90.107931062,1709142560.790913206,1709142560.790379720,/rigid_bodies.rigidbodies[2].pose.position.z,0.1844710229063426
90.118502552,1709142560.801484696,1709142560.800996954,/rigid_bodies.rigidbodies[2].pose.position.z,0.18433371431944864
90.128090287,1709142560.811072431,1709142560.810604273,/rigid_bodies.rigidbodies[2].pose.position.z,0.18487317509198314
90.13677817,1709142560.819760314,1709142560.819358274,/rigid_bodies.rigidbodies[2].pose.position.z,0.18520704971036522
90.146910347,1709142560.829892491,1709142560.829393692,/rigid_bodies.rigidbodies[2].pose.position.z,0.18488740912241433
90.158162814,1709142560.841144958,1709142560.840625577,/rigid_bodies.rigidbodies[2].pose.position.z,0.1843386594225657
90.16794686,1709142560.850929004,1709142560.850507521,/rigid_bodies.rigidbodies[2].pose.position.z,0.18418042351742916
90.1776228,1709142560.860604944,1709142560.860114444,/rigid_bodies.rigidbodies[2].pose.position.z,0.18455315291706068
90.188424946,1709142560.871407090,1709142560.870781615,/rigid_bodies.rigidbodies[2].pose.position.z,0.18517715289748019
90.198114533,1709142560.881096677,1709142560.880698715,/rigid_bodies.rigidbodies[2].pose.position.z,0.18534389036940674
90.207416668,1709142560.890398812,1709142560.890021432,/rigid_bodies.rigidbodies[2].pose.position.z,0.1846361653507939
90.218304659,1709142560.901286803,1709142560.900769140,/rigid_bodies.rigidbodies[2].pose.position.z,0.18407459349877187
90.22801627,1709142560.910998414,1709142560.910558244,/rigid_bodies.rigidbodies[2].pose.position.z,0.18433528027615384
90.238160913,1709142560.921143057,1709142560.920759576,/rigid_bodies.rigidbodies[2].pose.position.z,0.18500888725340098
90.248168725,1709142560.931150869,1709142560.930663906,/rigid_bodies.rigidbodies[2].pose.position.z,0.1851860430877995
90.258236768,1709142560.941218912,1709142560.940652704,/rigid_bodies.rigidbodies[2].pose.position.z,0.18472505286492755
90.268099356,1709142560.951081500,1709142560.950668047,/rigid_bodies.rigidbodies[2].pose.position.z,0.18410554545156496
90.277813634,1709142560.960795778,1709142560.960408062,/rigid_bodies.rigidbodies[2].pose.position.z,0.1841600159365795
90.288065389,1709142560.971047533,1709142560.970719011,/rigid_bodies.rigidbodies[2].pose.position.z,0.18492820237919755
90.298651796,1709142560.981633940,1709142560.981126932,/rigid_bodies.rigidbodies[2].pose.position.z,0.1853824521609578
90.308041228,1709142560.991023372,1709142560.990610442,/rigid_bodies.rigidbodies[2].pose.position.z,0.18514499219214559
90.313836562,1709142560.996818706,1709142560.996336125,/rigid_bodies.rigidbodies[2].pose.position.z,0.18441734444878022
90.328217642,1709142561.011199786,1709142561.010758055,/rigid_bodies.rigidbodies[2].pose.position.z,0.18394295115614356
90.338328463,1709142561.021310607,1709142561.020865443,/rigid_bodies.rigidbodies[2].pose.position.z,0.18438194145258624
90.348755512,1709142561.031737656,1709142561.031098856,/rigid_bodies.rigidbodies[2].pose.position.z,0.18491969459376356
90.358257817,1709142561.041239961,1709142561.040745200,/rigid_bodies.rigidbodies[2].pose.position.z,0.18495133842213635
90.368640668,1709142561.051622812,1709142561.051150171,/rigid_bodies.rigidbodies[2].pose.position.z,0.18459993041736292
90.377489214,1709142561.060471358,1709142561.059965195,/rigid_bodies.rigidbodies[2].pose.position.z,0.18423690545970728
90.388413635,1709142561.071395779,1709142561.070904411,/rigid_bodies.rigidbodies[2].pose.position.z,0.18443868811040345
90.398933339,1709142561.081915483,1709142561.081356383,/rigid_bodies.rigidbodies[2].pose.position.z,0.18495193981912544
90.408381364,1709142561.091363508,1709142561.090786444,/rigid_bodies.rigidbodies[2].pose.position.z,0.18506550498221042
90.418549015,1709142561.101531159,1709142561.100875054,/rigid_bodies.rigidbodies[2].pose.position.z,0.18450496196256055
90.428342244,1709142561.111324388,1709142561.110765147,/rigid_bodies.rigidbodies[2].pose.position.z,0.1841162755276028
90.438334295,1709142561.121316439,1709142561.120947850,/rigid_bodies.rigidbodies[2].pose.position.z,0.18434285849563029
90.448310048,1709142561.131292192,1709142561.130767418,/rigid_bodies.rigidbodies[2].pose.position.z,0.18497087847677804
90.458025991,1709142561.141008135,1709142561.140477961,/rigid_bodies.rigidbodies[2].pose.position.z,0.18538623945834481
90.46833918,1709142561.151321324,1709142561.150769384,/rigid_bodies.rigidbodies[2].pose.position.z,0.18497399078147986
90.478230219,1709142561.161212363,1709142561.160753370,/rigid_bodies.rigidbodies[2].pose.position.z,0.1841600605470241
90.488466269,1709142561.171448413,1709142561.170847243,/rigid_bodies.rigidbodies[2].pose.position.z,0.184013369256652
90.498846507,1709142561.181828651,1709142561.181140586,/rigid_bodies.rigidbodies[2].pose.position.z,0.18452820540109155
90.508444727,1709142561.191426871,1709142561.190728163,/rigid_bodies.rigidbodies[2].pose.position.z,0.18502912986637568
90.518170465,1709142561.201152609,1709142561.200600569,/rigid_bodies.rigidbodies[2].pose.position.z,0.18500535508902927
90.528194891,1709142561.211177035,1709142561.210421251,/rigid_bodies.rigidbodies[2].pose.position.z,0.1843506357399747
90.538604407,1709142561.221586551,1709142561.221111052,/rigid_bodies.rigidbodies[2].pose.position.z,0.18404562869292093
90.547966537,1709142561.230948681,1709142561.230503466,/rigid_bodies.rigidbodies[2].pose.position.z,0.1844005895591829
90.558522932,1709142561.241505076,1709142561.240794235,/rigid_bodies.rigidbodies[2].pose.position.z,0.18507108889881338
90.568397631,1709142561.251379775,1709142561.250836016,/rigid_bodies.rigidbodies[2].pose.position.z,0.18540797948276277
90.578092972,1709142561.261075116,1709142561.260572144,/rigid_bodies.rigidbodies[2].pose.position.z,0.1848562329619236
90.588335534,1709142561.271317678,1709142561.270722906,/rigid_bodies.rigidbodies[2].pose.position.z,0.1840191652171435
90.598366966,1709142561.281349110,1709142561.280710409,/rigid_bodies.rigidbodies[2].pose.position.z,0.1841595397823615
90.608011787,1709142561.290993931,1709142561.290551281,/rigid_bodies.rigidbodies[2].pose.position.z,0.1847496608524608
90.618414266,1709142561.301396410,1709142561.300876461,/rigid_bodies.rigidbodies[2].pose.position.z,0.1851414923556798
90.628296146,1709142561.311278290,1709142561.310681514,/rigid_bodies.rigidbodies[2].pose.position.z,0.184908492803247
90.638006272,1709142561.320988416,1709142561.320607616,/rigid_bodies.rigidbodies[2].pose.position.z,0.18431615830952264
90.648461305,1709142561.331443449,1709142561.331002396,/rigid_bodies.rigidbodies[2].pose.position.z,0.18404607549662616
90.658235798,1709142561.341217942,1709142561.340532960,/rigid_bodies.rigidbodies[2].pose.position.z,0.1846678908881409
90.668436657,1709142561.351418801,1709142561.350978192,/rigid_bodies.rigidbodies[2].pose.position.z,0.18516407300155271
90.677882827,1709142561.360864971,1709142561.360396326,/rigid_bodies.rigidbodies[2].pose.position.z,0.18501674656370046
90.688388871,1709142561.371371015,1709142561.370731782,/rigid_bodies.rigidbodies[2].pose.position.z,0.184486014759826
90.698798518,1709142561.381780662,1709142561.381234553,/rigid_bodies.rigidbodies[2].pose.position.z,0.18421481756026217
90.707629501,1709142561.390611645,1709142561.390293784,/rigid_bodies.rigidbodies[2].pose.position.z,0.18460520306483597
90.718551614,1709142561.401533758,1709142561.400865105,/rigid_bodies.rigidbodies[2].pose.position.z,0.18508789680413126
90.728260663,1709142561.411242807,1709142561.410647469,/rigid_bodies.rigidbodies[2].pose.position.z,0.18509741153737228
90.738078041,1709142561.421060185,1709142561.420639573,/rigid_bodies.rigidbodies[2].pose.position.z,0.184468964209327
90.748226058,1709142561.431208202,1709142561.430803394,/rigid_bodies.rigidbodies[2].pose.position.z,0.18392514595503734
90.758439398,1709142561.441421542,1709142561.440802564,/rigid_bodies.rigidbodies[2].pose.position.z,0.18418605973825497
90.768344898,1709142561.451327042,1709142561.450743858,/rigid_bodies.rigidbodies[2].pose.position.z,0.18505695622488288
90.778506457,1709142561.461488601,1709142561.460816220,/rigid_bodies.rigidbodies[2].pose.position.z,0.18538663017112886
90.788694585,1709142561.471676729,1709142561.470954496,/rigid_bodies.rigidbodies[2].pose.position.z,0.18499899348095705
90.798526987,1709142561.481509131,1709142561.480985095,/rigid_bodies.rigidbodies[2].pose.position.z,0.18440356076096584
90.808500656,1709142561.491482800,1709142561.490752897,/rigid_bodies.rigidbodies[2].pose.position.z,0.1844465516428725
90.818062303,1709142561.501044447,1709142561.500321665,/rigid_bodies.rigidbodies[2].pose.position.z,0.18498926508384653
90.82815194,1709142561.511134084,1709142561.510604710,/rigid_bodies.rigidbodies[2].pose.position.z,0.18536075564223284
90.83829692,1709142561.521279064,1709142561.520860895,/rigid_bodies.rigidbodies[2].pose.position.z,0.18503387717164932
90.848385417,1709142561.531367561,1709142561.530972668,/rigid_bodies.rigidbodies[2].pose.position.z,0.18428504546505664
90.858416191,1709142561.541398335,1709142561.541006968,/rigid_bodies.rigidbodies[2].pose.position.z,0.1838855093611288
90.868271897,1709142561.551254041,1709142561.550794581,/rigid_bodies.rigidbodies[2].pose.position.z,0.18435215564712715
90.878441066,1709142561.561423210,1709142561.560816281,/rigid_bodies.rigidbodies[2].pose.position.z,0.18491091111688585
90.887774269,1709142561.570756413,1709142561.570365686,/rigid_bodies.rigidbodies[2].pose.position.z,0.1849887575815133
90.89866,1709142561.581642144,1709142561.581138777,/rigid_bodies.rigidbodies[2].pose.position.z,0.1847306173389498
90.908363107,1709142561.591345251,1709142561.590873031,/rigid_bodies.rigidbodies[2].pose.position.z,0.18434131739803492
90.918173694,1709142561.601155838,1709142561.600685309,/rigid_bodies.rigidbodies[2].pose.position.z,0.1846557006752001
90.928363899,1709142561.611346043,1709142561.610688946,/rigid_bodies.rigidbodies[2].pose.position.z,0.18518285337165843
90.938285171,1709142561.621267315,1709142561.620832724,/rigid_bodies.rigidbodies[2].pose.position.z,0.18523409355729203
90.948320075,1709142561.631302219,1709142561.630859613,/rigid_bodies.rigidbodies[2].pose.position.z,0.18467670550043655
90.958271411,1709142561.641253555,1709142561.640786429,/rigid_bodies.rigidbodies[2].pose.position.z,0.18397629895911796
90.968569767,1709142561.651551911,1709142561.650860369,/rigid_bodies.rigidbodies[2].pose.position.z,0.18400314724465922
90.978700098,1709142561.661682242,1709142561.661148651,/rigid_bodies.rigidbodies[2].pose.position.z,0.1847071126839149
90.988665166,1709142561.671647310,1709142561.670923846,/rigid_bodies.rigidbodies[2].pose.position.z,0.18501662457575252
90.998295349,1709142561.681277493,1709142561.680822317,/rigid_bodies.rigidbodies[2].pose.position.z,0.18479204614512484
91.008305639,1709142561.691287783,1709142561.690762820,/rigid_bodies.rigidbodies[2].pose.position.z,0.18414335024408185
91.018488481,1709142561.701470625,1709142561.700784577,/rigid_bodies.rigidbodies[2].pose.position.z,0.18404374906241963
91.028008613,1709142561.710990757,1709142561.710547180,/rigid_bodies.rigidbodies[2].pose.position.z,0.1846135564551277
91.038400524,1709142561.721382668,1709142561.720949625,/rigid_bodies.rigidbodies[2].pose.position.z,0.18528213635566715
91.048094669,1709142561.731076813,1709142561.730646817,/rigid_bodies.rigidbodies[2].pose.position.z,0.18537292658897397
91.058203399,1709142561.741185543,1709142561.740665744,/rigid_bodies.rigidbodies[2].pose.position.z,0.18464391199582397
91.068493715,1709142561.751475859,1709142561.750957346,/rigid_bodies.rigidbodies[2].pose.position.z,0.18413629606572526
91.078680084,1709142561.761662228,1709142561.761048359,/rigid_bodies.rigidbodies[2].pose.position.z,0.18434504096876594
91.088649075,1709142561.771631219,1709142561.770982295,/rigid_bodies.rigidbodies[2].pose.position.z,0.18489491910412165
91.098339415,1709142561.781321559,1709142561.780851911,/rigid_bodies.rigidbodies[2].pose.position.z,0.18523103589089904
91.108383078,1709142561.791365222,1709142561.790817850,/rigid_bodies.rigidbodies[2].pose.position.z,0.18484268751251146
91.118807695,1709142561.801789839,1709142561.801088364,/rigid_bodies.rigidbodies[2].pose.position.z,0.1842697668634656
91.12814814,1709142561.811130284,1709142561.810576793,/rigid_bodies.rigidbodies[2].pose.position.z,0.18413345734855366
91.138237274,1709142561.821219418,1709142561.820772936,/rigid_bodies.rigidbodies[2].pose.position.z,0.1846712040032978
91.148825639,1709142561.831807783,1709142561.831246528,/rigid_bodies.rigidbodies[2].pose.position.z,0.1850287129300582
91.158330244,1709142561.841312388,1709142561.840728884,/rigid_bodies.rigidbodies[2].pose.position.z,0.18489920108030108
91.168366214,1709142561.851348358,1709142561.850902053,/rigid_bodies.rigidbodies[2].pose.position.z,0.1845099858777724
91.17848258,1709142561.861464724,1709142561.860724512,/rigid_bodies.rigidbodies[2].pose.position.z,0.18436477361146117
91.188551336,1709142561.871533480,1709142561.870823797,/rigid_bodies.rigidbodies[2].pose.position.z,0.1847379385184076
91.198899955,1709142561.881882099,1709142561.881260125,/rigid_bodies.rigidbodies[2].pose.position.z,0.18488981472006333
91.208306182,1709142561.891288326,1709142561.890685239,/rigid_bodies.rigidbodies[2].pose.position.z,0.18476647138064067
91.217805271,1709142561.900787415,1709142561.900256680,/rigid_bodies.rigidbodies[2].pose.position.z,0.18435736260658536
91.228579461,1709142561.911561605,1709142561.911012700,/rigid_bodies.rigidbodies[2].pose.position.z,0.18411566492577502
91.238155726,1709142561.921137870,1709142561.920765168,/rigid_bodies.rigidbodies[2].pose.position.z,0.18448929169195225
91.248082903,1709142561.931065047,1709142561.930638113,/rigid_bodies.rigidbodies[2].pose.position.z,0.18500851427610798
91.257604202,1709142561.940586346,1709142561.939982770,/rigid_bodies.rigidbodies[2].pose.position.z,0.18504728347171948
91.26821759,1709142561.951199734,1709142561.950663948,/rigid_bodies.rigidbodies[2].pose.position.z,0.18461392569506696
91.277994479,1709142561.960976623,1709142561.960552121,/rigid_bodies.rigidbodies[2].pose.position.z,0.1842338872224321
91.288814593,1709142561.971796737,1709142561.971198498,/rigid_bodies.rigidbodies[2].pose.position.z,0.18431252640050108
91.298227603,1709142561.981209747,1709142561.980803531,/rigid_bodies.rigidbodies[2].pose.position.z,0.1848384694456751
91.308185183,1709142561.991167327,1709142561.990655209,/rigid_bodies.rigidbodies[2].pose.position.z,0.18512911750280883
91.318104752,1709142562.001086896,1709142562.000643372,/rigid_bodies.rigidbodies[2].pose.position.z,0.18471196293438621
91.328186978,1709142562.011169122,1709142562.010655479,/rigid_bodies.rigidbodies[2].pose.position.z,0.1841786631585496
91.337925527,1709142562.020907671,1709142562.020497752,/rigid_bodies.rigidbodies[2].pose.position.z,0.18409194988977423
91.348377923,1709142562.031360067,1709142562.030908786,/rigid_bodies.rigidbodies[2].pose.position.z,0.18460965932703302
91.357620657,1709142562.040602801,1709142562.040277428,/rigid_bodies.rigidbodies[2].pose.position.z,0.18521056752294884
91.367565027,1709142562.050547171,1709142562.050304534,/rigid_bodies.rigidbodies[2].pose.position.z,0.18512028797024538
91.377592906,1709142562.060575050,1709142562.060347158,/rigid_bodies.rigidbodies[2].pose.position.z,0.1846929715132775
91.387776215,1709142562.070758359,1709142562.070508503,/rigid_bodies.rigidbodies[2].pose.position.z,0.18419093743211126
91.397733984,1709142562.080716128,1709142562.080465793,/rigid_bodies.rigidbodies[2].pose.position.z,0.18440700826319956
91.40735532,1709142562.090337464,1709142562.090196039,/rigid_bodies.rigidbodies[2].pose.position.z,0.18488219452971502
91.417821285,1709142562.100803429,1709142562.100605984,/rigid_bodies.rigidbodies[2].pose.position.z,0.18498774384937208
91.428024993,1709142562.111007137,1709142562.110641542,/rigid_bodies.rigidbodies[2].pose.position.z,0.18473429532101698
91.438270241,1709142562.121252385,1709142562.120780302,/rigid_bodies.rigidbodies[2].pose.position.z,0.18412913561422653
91.448633919,1709142562.131616063,1709142562.130997996,/rigid_bodies.rigidbodies[2].pose.position.z,0.1841326939561951
91.458189354,1709142562.141171498,1709142562.140604359,/rigid_bodies.rigidbodies[2].pose.position.z,0.18449365026510134
91.46819209,1709142562.151174234,1709142562.150671566,/rigid_bodies.rigidbodies[2].pose.position.z,0.18496562089898932
91.477868954,1709142562.160851098,1709142562.160397502,/rigid_bodies.rigidbodies[2].pose.position.z,0.18500237186298424
91.488216444,1709142562.171198588,1709142562.170732552,/rigid_bodies.rigidbodies[2].pose.position.z,0.18460172612844153
91.498247846,1709142562.181229990,1709142562.180718315,/rigid_bodies.rigidbodies[2].pose.position.z,0.1844906267600425
91.50778253,1709142562.190764674,1709142562.190323665,/rigid_bodies.rigidbodies[2].pose.position.z,0.18487936357421283
91.518821704,1709142562.201803848,1709142562.201059202,/rigid_bodies.rigidbodies[2].pose.position.z,0.18527288332675687
91.528063108,1709142562.211045252,1709142562.210586395,/rigid_bodies.rigidbodies[2].pose.position.z,0.18506342903244005
91.538366294,1709142562.221348438,1709142562.220815002,/rigid_bodies.rigidbodies[2].pose.position.z,0.18463193263771155
91.548787794,1709142562.231769938,1709142562.231163236,/rigid_bodies.rigidbodies[2].pose.position.z,0.18421449793594827
91.557911212,1709142562.240893356,1709142562.240475950,/rigid_bodies.rigidbodies[2].pose.position.z,0.18427120254362747
91.56866795,1709142562.251650094,1709142562.251024729,/rigid_bodies.rigidbodies[2].pose.position.z,0.1846617518369748
91.577981992,1709142562.260964136,1709142562.260627306,/rigid_bodies.rigidbodies[2].pose.position.z,0.18491275717084762
91.588077958,1709142562.271060102,1709142562.270680171,/rigid_bodies.rigidbodies[2].pose.position.z,0.18499881397969475
91.598710274,1709142562.281692418,1709142562.281032194,/rigid_bodies.rigidbodies[2].pose.position.z,0.1847802880379852
91.608137414,1709142562.291119558,1709142562.290675563,/rigid_bodies.rigidbodies[2].pose.position.z,0.1846057742226778
91.618276146,1709142562.301258290,1709142562.300717944,/rigid_bodies.rigidbodies[2].pose.position.z,0.18492679824209377
91.628176717,1709142562.311158861,1709142562.310648795,/rigid_bodies.rigidbodies[2].pose.position.z,0.18507301123072134
91.637853024,1709142562.320835168,1709142562.320507862,/rigid_bodies.rigidbodies[2].pose.position.z,0.18491819033609458
91.64808607,1709142562.331068214,1709142562.330681468,/rigid_bodies.rigidbodies[2].pose.position.z,0.18459627414016933
91.657852282,1709142562.340834426,1709142562.340454885,/rigid_bodies.rigidbodies[2].pose.position.z,0.1842830859439679
91.66836161,1709142562.351343754,1709142562.350802775,/rigid_bodies.rigidbodies[2].pose.position.z,0.18444077116852434
91.678184254,1709142562.361166398,1709142562.360662823,/rigid_bodies.rigidbodies[2].pose.position.z,0.1848330794953444
91.688727782,1709142562.371709926,1709142562.371014646,/rigid_bodies.rigidbodies[2].pose.position.z,0.1850878262257747
91.698884945,1709142562.381867089,1709142562.381346619,/rigid_bodies.rigidbodies[2].pose.position.z,0.18493488729601673
91.708299906,1709142562.391282050,1709142562.390990053,/rigid_bodies.rigidbodies[2].pose.position.z,0.1847408583743147
91.717805377,1709142562.400787521,1709142562.400565433,/rigid_bodies.rigidbodies[2].pose.position.z,0.1846327135099329
91.727321015,1709142562.410303159,1709142562.410115098,/rigid_bodies.rigidbodies[2].pose.position.z,0.18462287208103234
91.737656669,1709142562.420638813,1709142562.420263070,/rigid_bodies.rigidbodies[2].pose.position.z,0.1848355872353629
91.748635651,1709142562.431617795,1709142562.431007195,/rigid_bodies.rigidbodies[2].pose.position.z,0.184690268624418
91.758389252,1709142562.441371396,1709142562.440932955,/rigid_bodies.rigidbodies[2].pose.position.z,0.18432367238453756
91.768174637,1709142562.451156781,1709142562.450697250,/rigid_bodies.rigidbodies[2].pose.position.z,0.18427276862659023
91.778251996,1709142562.461234140,1709142562.460755321,/rigid_bodies.rigidbodies[2].pose.position.z,0.18464527133730585
91.788042681,1709142562.471024825,1709142562.470674877,/rigid_bodies.rigidbodies[2].pose.position.z,0.1849896807275339
91.798601534,1709142562.481583678,1709142562.481202189,/rigid_bodies.rigidbodies[2].pose.position.z,0.18496494304337152
91.808008523,1709142562.490990667,1709142562.490494145,/rigid_bodies.rigidbodies[2].pose.position.z,0.1845844772581753
91.818856066,1709142562.501838210,1709142562.501176897,/rigid_bodies.rigidbodies[2].pose.position.z,0.18445882411781234
91.828356546,1709142562.511338690,1709142562.510925012,/rigid_bodies.rigidbodies[2].pose.position.z,0.18466006476176014
91.838097741,1709142562.521079885,1709142562.520670972,/rigid_bodies.rigidbodies[2].pose.position.z,0.18501896672552656
91.848560862,1709142562.531543006,1709142562.530965060,/rigid_bodies.rigidbodies[2].pose.position.z,0.18516353292987656
91.859360425,1709142562.542342569,1709142562.541727634,/rigid_bodies.rigidbodies[2].pose.position.z,0.184959802606068
91.868538628,1709142562.551520772,1709142562.551005566,/rigid_bodies.rigidbodies[2].pose.position.z,0.18438336553952817
91.878161814,1709142562.561143958,1709142562.560545582,/rigid_bodies.rigidbodies[2].pose.position.z,0.18412703477917197
91.888740878,1709142562.571723022,1709142562.571000111,/rigid_bodies.rigidbodies[2].pose.position.z,0.18434712606763007
91.898575686,1709142562.581557830,1709142562.580999401,/rigid_bodies.rigidbodies[2].pose.position.z,0.1846086410803631
91.90846901,1709142562.591451154,1709142562.590811538,/rigid_bodies.rigidbodies[2].pose.position.z,0.1848589325208383
91.918530857,1709142562.601513001,1709142562.600911780,/rigid_bodies.rigidbodies[2].pose.position.z,0.18466338958802894
91.928046339,1709142562.611028483,1709142562.610578249,/rigid_bodies.rigidbodies[2].pose.position.z,0.18448344955839918
91.938332689,1709142562.621314833,1709142562.620731233,/rigid_bodies.rigidbodies[2].pose.position.z,0.1846403451496241
91.948439942,1709142562.631422086,1709142562.630760540,/rigid_bodies.rigidbodies[2].pose.position.z,0.18506377343922692
91.958124455,1709142562.641106599,1709142562.640596201,/rigid_bodies.rigidbodies[2].pose.position.z,0.1851676482120547
91.96827084,1709142562.651252984,1709142562.650664120,/rigid_bodies.rigidbodies[2].pose.position.z,0.18489792608135436
91.978059121,1709142562.661041265,1709142562.660472972,/rigid_bodies.rigidbodies[2].pose.position.z,0.18445466802012256
91.988446761,1709142562.671428905,1709142562.671013356,/rigid_bodies.rigidbodies[2].pose.position.z,0.18421260356706262
91.998124537,1709142562.681106681,1709142562.680739495,/rigid_bodies.rigidbodies[2].pose.position.z,0.1843430383914379
92.007833416,1709142562.690815560,1709142562.690421478,/rigid_bodies.rigidbodies[2].pose.position.z,0.18463814731250916
92.017994568,1709142562.700976712,1709142562.700567533,/rigid_bodies.rigidbodies[2].pose.position.z,0.1848362141038884
92.028414423,1709142562.711396567,1709142562.710841644,/rigid_bodies.rigidbodies[2].pose.position.z,0.18472317376055708
92.038065873,1709142562.721048017,1709142562.720634469,/rigid_bodies.rigidbodies[2].pose.position.z,0.18452797107609006
92.048207599,1709142562.731189743,1709142562.730811699,/rigid_bodies.rigidbodies[2].pose.position.z,0.18453848700966785
92.058400235,1709142562.741382379,1709142562.740914362,/rigid_bodies.rigidbodies[2].pose.position.z,0.18483145681519633
92.06815117,1709142562.751133314,1709142562.750717170,/rigid_bodies.rigidbodies[2].pose.position.z,0.1849990071654291
92.078387604,1709142562.761369748,1709142562.760994664,/rigid_bodies.rigidbodies[2].pose.position.z,0.18475476946616967
92.088523128,1709142562.771505272,1709142562.771078847,/rigid_bodies.rigidbodies[2].pose.position.z,0.18441387695834227
92.098736752,1709142562.781718896,1709142562.781194259,/rigid_bodies.rigidbodies[2].pose.position.z,0.18447331206646017
92.107756267,1709142562.790738411,1709142562.790405727,/rigid_bodies.rigidbodies[2].pose.position.z,0.18471838164250928
92.118073747,1709142562.801055891,1709142562.800614592,/rigid_bodies.rigidbodies[2].pose.position.z,0.1849570899055753
92.128487929,1709142562.811470073,1709142562.810765202,/rigid_bodies.rigidbodies[2].pose.position.z,0.18491996214400427
92.13828273,1709142562.821264874,1709142562.820802541,/rigid_bodies.rigidbodies[2].pose.position.z,0.18451124908840333
92.148109757,1709142562.831091901,1709142562.830693197,/rigid_bodies.rigidbodies[2].pose.position.z,0.1843161789480123
92.158222556,1709142562.841204700,1709142562.840695816,/rigid_bodies.rigidbodies[2].pose.position.z,0.18442808927953394
92.168140438,1709142562.851122582,1709142562.850680945,/rigid_bodies.rigidbodies[2].pose.position.z,0.18472721513855037
92.177471819,1709142562.860453963,1709142562.859973170,/rigid_bodies.rigidbodies[2].pose.position.z,0.18491148676257319
92.188548747,1709142562.871530891,1709142562.870928053,/rigid_bodies.rigidbodies[2].pose.position.z,0.18467341696086548
92.198281539,1709142562.881263683,1709142562.880714695,/rigid_bodies.rigidbodies[2].pose.position.z,0.18446951236918696
92.207712668,1709142562.890694812,1709142562.890269716,/rigid_bodies.rigidbodies[2].pose.position.z,0.18443018502621955
92.218227954,1709142562.901210098,1709142562.900753452,/rigid_bodies.rigidbodies[2].pose.position.z,0.1848792642206494
92.228099407,1709142562.911081551,1709142562.910543326,/rigid_bodies.rigidbodies[2].pose.position.z,0.18502644325045764
92.238379983,1709142562.921362127,1709142562.920976330,/rigid_bodies.rigidbodies[2].pose.position.z,0.18477754874628394
92.248821879,1709142562.931804023,1709142562.931333422,/rigid_bodies.rigidbodies[2].pose.position.z,0.18441140751145083
92.258353908,1709142562.941336052,1709142562.940805093,/rigid_bodies.rigidbodies[2].pose.position.z,0.18422300769206046
92.268466394,1709142562.951448538,1709142562.951022232,/rigid_bodies.rigidbodies[2].pose.position.z,0.18467887672076827
92.278011293,1709142562.960993437,1709142562.960537674,/rigid_bodies.rigidbodies[2].pose.position.z,0.18510271354091581
92.288519615,1709142562.971501759,1709142562.970936123,/rigid_bodies.rigidbodies[2].pose.position.z,0.18509572094327267
92.298054995,1709142562.981037139,1709142562.980680451,/rigid_bodies.rigidbodies[2].pose.position.z,0.1847197110709407
92.307562498,1709142562.990544642,1709142562.990279077,/rigid_bodies.rigidbodies[2].pose.position.z,0.18420797041970366
92.317890253,1709142563.000872397,1709142563.000498356,/rigid_bodies.rigidbodies[2].pose.position.z,0.18432761436301898
92.327990796,1709142563.010972940,1709142563.010390158,/rigid_bodies.rigidbodies[2].pose.position.z,0.1847909984183436
92.338961339,1709142563.021943483,1709142563.021228860,/rigid_bodies.rigidbodies[2].pose.position.z,0.18496564262543058
92.348669942,1709142563.031652086,1709142563.030939723,/rigid_bodies.rigidbodies[2].pose.position.z,0.18473680590524402
92.358133366,1709142563.041115510,1709142563.040660344,/rigid_bodies.rigidbodies[2].pose.position.z,0.18421369947379612
92.367772275,1709142563.050754419,1709142563.050165474,/rigid_bodies.rigidbodies[2].pose.position.z,0.1842214098832797
92.378453615,1709142563.061435759,1709142563.060785258,/rigid_bodies.rigidbodies[2].pose.position.z,0.18474834153988207
92.388444163,1709142563.071426307,1709142563.070952876,/rigid_bodies.rigidbodies[2].pose.position.z,0.18537271457556048
92.398446061,1709142563.081428205,1709142563.080732482,/rigid_bodies.rigidbodies[2].pose.position.z,0.18522350162716134
92.408478082,1709142563.091460226,1709142563.090905196,/rigid_bodies.rigidbodies[2].pose.position.z,0.184494897079483
92.418279246,1709142563.101261390,1709142563.100792721,/rigid_bodies.rigidbodies[2].pose.position.z,0.18407399059687324
92.428362278,1709142563.111344422,1709142563.110650653,/rigid_bodies.rigidbodies[2].pose.position.z,0.1842628245866566
92.438270555,1709142563.121252699,1709142563.120793567,/rigid_bodies.rigidbodies[2].pose.position.z,0.1849914128159588
92.448329855,1709142563.131311999,1709142563.130879141,/rigid_bodies.rigidbodies[2].pose.position.z,0.18526470835909117
92.458456183,1709142563.141438327,1709142563.140721476,/rigid_bodies.rigidbodies[2].pose.position.z,0.18470413093577054
92.468330446,1709142563.151312590,1709142563.150756960,/rigid_bodies.rigidbodies[2].pose.position.z,0.18412315264836437
92.477957574,1709142563.160939718,1709142563.160464868,/rigid_bodies.rigidbodies[2].pose.position.z,0.18406729529045687
92.488477518,1709142563.171459662,1709142563.170847494,/rigid_bodies.rigidbodies[2].pose.position.z,0.18458934837471397
92.498597921,1709142563.181580065,1709142563.181030427,/rigid_bodies.rigidbodies[2].pose.position.z,0.18517529863866905
92.508099167,1709142563.191081311,1709142563.190561618,/rigid_bodies.rigidbodies[2].pose.position.z,0.18500596387235846
92.518621503,1709142563.201603647,1709142563.200956336,/rigid_bodies.rigidbodies[2].pose.position.z,0.1846103959711965
92.528215915,1709142563.211198059,1709142563.210641901,/rigid_bodies.rigidbodies[2].pose.position.z,0.18430797308156482
92.538128887,1709142563.221111031,1709142563.220596174,/rigid_bodies.rigidbodies[2].pose.position.z,0.18454696710471366
92.548459528,1709142563.231441672,1709142563.230959722,/rigid_bodies.rigidbodies[2].pose.position.z,0.18506280507573353
92.558203372,1709142563.241185516,1709142563.240600256,/rigid_bodies.rigidbodies[2].pose.position.z,0.1851206207825727
92.568322714,1709142563.251304858,1709142563.250812077,/rigid_bodies.rigidbodies[2].pose.position.z,0.1845270410967276
92.578139237,1709142563.261121381,1709142563.260609601,/rigid_bodies.rigidbodies[2].pose.position.z,0.18405013390132186
92.588352807,1709142563.271334951,1709142563.270741579,/rigid_bodies.rigidbodies[2].pose.position.z,0.18428668912909743
92.598419737,1709142563.281401881,1709142563.280948445,/rigid_bodies.rigidbodies[2].pose.position.z,0.18476516232966184
92.607931716,1709142563.290913860,1709142563.290439861,/rigid_bodies.rigidbodies[2].pose.position.z,0.1848217671879967
92.618657664,1709142563.301639808,1709142563.300911904,/rigid_bodies.rigidbodies[2].pose.position.z,0.1845983785247486
92.627796211,1709142563.310778355,1709142563.310362104,/rigid_bodies.rigidbodies[2].pose.position.z,0.18433990583246712
92.638377784,1709142563.321359928,1709142563.320809084,/rigid_bodies.rigidbodies[2].pose.position.z,0.18437935484924828
92.648510695,1709142563.331492839,1709142563.330943633,/rigid_bodies.rigidbodies[2].pose.position.z,0.1850025674918971
92.658507244,1709142563.341489388,1709142563.341087709,/rigid_bodies.rigidbodies[2].pose.position.z,0.18521956256294494
92.668804472,1709142563.351786616,1709142563.351106222,/rigid_bodies.rigidbodies[2].pose.position.z,0.18481818963931707
92.678024374,1709142563.361006518,1709142563.360569988,/rigid_bodies.rigidbodies[2].pose.position.z,0.1842328505723216
92.689041385,1709142563.372023529,1709142563.371386550,/rigid_bodies.rigidbodies[2].pose.position.z,0.18399475459555126
92.698543648,1709142563.381525792,1709142563.380979025,/rigid_bodies.rigidbodies[2].pose.position.z,0.1846988499412357
92.708758055,1709142563.391740199,1709142563.391126341,/rigid_bodies.rigidbodies[2].pose.position.z,0.18537311544346274
92.718207166,1709142563.401189310,1709142563.400702240,/rigid_bodies.rigidbodies[2].pose.position.z,0.1852020179378486
92.728357318,1709142563.411339462,1709142563.410682522,/rigid_bodies.rigidbodies[2].pose.position.z,0.1844479785290004
92.738097761,1709142563.421079905,1709142563.420626290,/rigid_bodies.rigidbodies[2].pose.position.z,0.18396398438107991
92.748396774,1709142563.431378918,1709142563.430874221,/rigid_bodies.rigidbodies[2].pose.position.z,0.18426740288827292
92.758099544,1709142563.441081688,1709142563.440582576,/rigid_bodies.rigidbodies[2].pose.position.z,0.18508501432004337
92.768030232,1709142563.451012376,1709142563.450623945,/rigid_bodies.rigidbodies[2].pose.position.z,0.18534723271570902
92.777857717,1709142563.460839861,1709142563.460423225,/rigid_bodies.rigidbodies[2].pose.position.z,0.18465346945900019
92.788413998,1709142563.471396142,1709142563.470875676,/rigid_bodies.rigidbodies[2].pose.position.z,0.18403107542791516
92.798678017,1709142563.481660161,1709142563.481073538,/rigid_bodies.rigidbodies[2].pose.position.z,0.1839821168535972
92.808275657,1709142563.491257801,1709142563.490693944,/rigid_bodies.rigidbodies[2].pose.position.z,0.18464724342445746
92.818524509,1709142563.501506653,1709142563.500959691,/rigid_bodies.rigidbodies[2].pose.position.z,0.1852801395346996
92.828469592,1709142563.511451736,1709142563.510767018,/rigid_bodies.rigidbodies[2].pose.position.z,0.18500548947692716
92.837980657,1709142563.520962801,1709142563.520603081,/rigid_bodies.rigidbodies[2].pose.position.z,0.18426591991639085
92.848155723,1709142563.531137867,1709142563.530662841,/rigid_bodies.rigidbodies[2].pose.position.z,0.1839629876866048
92.858352231,1709142563.541334375,1709142563.540770497,/rigid_bodies.rigidbodies[2].pose.position.z,0.1845228564425362
92.868274979,1709142563.551257123,1709142563.550762458,/rigid_bodies.rigidbodies[2].pose.position.z,0.18521923228350343
92.878106982,1709142563.561089126,1709142563.560587532,/rigid_bodies.rigidbodies[2].pose.position.z,0.18534172426515721
92.888119646,1709142563.571101790,1709142563.570635718,/rigid_bodies.rigidbodies[2].pose.position.z,0.18469905171282064
92.898706848,1709142563.581688992,1709142563.580996720,/rigid_bodies.rigidbodies[2].pose.position.z,0.18404692948311302
92.908065012,1709142563.591047156,1709142563.590636557,/rigid_bodies.rigidbodies[2].pose.position.z,0.18416195909836017
92.918217906,1709142563.601200050,1709142563.600720196,/rigid_bodies.rigidbodies[2].pose.position.z,0.18468026891953404
92.928483813,1709142563.611465957,1709142563.610785655,/rigid_bodies.rigidbodies[2].pose.position.z,0.1850004832173373
92.938144856,1709142563.621127000,1709142563.620806786,/rigid_bodies.rigidbodies[2].pose.position.z,0.1846642776997293
92.948398421,1709142563.631380565,1709142563.630888119,/rigid_bodies.rigidbodies[2].pose.position.z,0.1841928318487685
92.958005844,1709142563.640987988,1709142563.640455884,/rigid_bodies.rigidbodies[2].pose.position.z,0.18410807679805571
92.968129402,1709142563.651111546,1709142563.650755962,/rigid_bodies.rigidbodies[2].pose.position.z,0.18480616697164365
92.97873544,1709142563.661717584,1709142563.661259192,/rigid_bodies.rigidbodies[2].pose.position.z,0.1853882344562456
92.989119707,1709142563.672101851,1709142563.671426965,/rigid_bodies.rigidbodies[2].pose.position.z,0.18515230688241416
92.998112069,1709142563.681094213,1709142563.680710479,/rigid_bodies.rigidbodies[2].pose.position.z,0.184454238160648
93.008101157,1709142563.691083301,1709142563.690521716,/rigid_bodies.rigidbodies[2].pose.position.z,0.18402674378080172
93.018030133,1709142563.701012277,1709142563.700547435,/rigid_bodies.rigidbodies[2].pose.position.z,0.18431647672747858
93.027785992,1709142563.710768136,1709142563.710304769,/rigid_bodies.rigidbodies[2].pose.position.z,0.18509665293288188
93.038024364,1709142563.721006508,1709142563.720575011,/rigid_bodies.rigidbodies[2].pose.position.z,0.18507293402028194
93.047864139,1709142563.730846283,1709142563.730559596,/rigid_bodies.rigidbodies[2].pose.position.z,0.18462096241187884
93.057804305,1709142563.740786449,1709142563.740315284,/rigid_bodies.rigidbodies[2].pose.position.z,0.18400441680997887
93.06818809,1709142563.751170234,1709142563.750658646,/rigid_bodies.rigidbodies[2].pose.position.z,0.18423397318908868
93.077863695,1709142563.760845839,1709142563.760383884,/rigid_bodies.rigidbodies[2].pose.position.z,0.18485364099996798
93.088080993,1709142563.771063137,1709142563.770604369,/rigid_bodies.rigidbodies[2].pose.position.z,0.1851314766955955
93.098436775,1709142563.781418919,1709142563.780863118,/rigid_bodies.rigidbodies[2].pose.position.z,0.1848287762356161
93.108073408,1709142563.791055552,1709142563.790478103,/rigid_bodies.rigidbodies[2].pose.position.z,0.184320610423883
93.118532256,1709142563.801514400,1709142563.800870432,/rigid_bodies.rigidbodies[2].pose.position.z,0.1842043244142057
93.127608743,1709142563.810590887,1709142563.810059313,/rigid_bodies.rigidbodies[2].pose.position.z,0.184897847610613
93.138416679,1709142563.821398823,1709142563.820831922,/rigid_bodies.rigidbodies[2].pose.position.z,0.18528867306251498
93.148636233,1709142563.831618377,1709142563.830977176,/rigid_bodies.rigidbodies[2].pose.position.z,0.18500097482129438
93.158228127,1709142563.841210271,1709142563.840690902,/rigid_bodies.rigidbodies[2].pose.position.z,0.18437249290850882
93.168019432,1709142563.851001576,1709142563.850448878,/rigid_bodies.rigidbodies[2].pose.position.z,0.18399670523277545
93.178096197,1709142563.861078341,1709142563.860508371,/rigid_bodies.rigidbodies[2].pose.position.z,0.1845540518873791
93.188151682,1709142563.871133826,1709142563.870668938,/rigid_bodies.rigidbodies[2].pose.position.z,0.1852549811797686
93.198669196,1709142563.881651340,1709142563.881047149,/rigid_bodies.rigidbodies[2].pose.position.z,0.18521676131102704
93.208149971,1709142563.891132115,1709142563.890579399,/rigid_bodies.rigidbodies[2].pose.position.z,0.18455412043394873
93.218075351,1709142563.901057495,1709142563.900725892,/rigid_bodies.rigidbodies[2].pose.position.z,0.18387499660866383
93.228100708,1709142563.911082852,1709142563.910562305,/rigid_bodies.rigidbodies[2].pose.position.z,0.18418738014116542
93.238500108,1709142563.921482252,1709142563.921004718,/rigid_bodies.rigidbodies[2].pose.position.z,0.1849738478777402
93.248004738,1709142563.930986882,1709142563.930501051,/rigid_bodies.rigidbodies[2].pose.position.z,0.18528732166198972
93.257811108,1709142563.940793252,1709142563.940320282,/rigid_bodies.rigidbodies[2].pose.position.z,0.18491961407250634
93.267695822,1709142563.950677966,1709142563.950195706,/rigid_bodies.rigidbodies[2].pose.position.z,0.1842822620947164
93.278434999,1709142563.961417143,1709142563.960954995,/rigid_bodies.rigidbodies[2].pose.position.z,0.184130948256419
93.28836295,1709142563.971345094,1709142563.970694097,/rigid_bodies.rigidbodies[2].pose.position.z,0.18465558620430364
93.298351447,1709142563.981333591,1709142563.980865443,/rigid_bodies.rigidbodies[2].pose.position.z,0.18529156881907152
93.307957008,1709142563.990939152,1709142563.990342225,/rigid_bodies.rigidbodies[2].pose.position.z,0.18522329437568066
93.3188929,1709142564.001875044,1709142564.001213332,/rigid_bodies.rigidbodies[2].pose.position.z,0.18449133766089443
93.328023052,1709142564.011005196,1709142564.010552611,/rigid_bodies.rigidbodies[2].pose.position.z,0.18379146577541927
93.338495482,1709142564.021477626,1709142564.021152729,/rigid_bodies.rigidbodies[2].pose.position.z,0.18414556465592388
93.348877312,1709142564.031859456,1709142564.031327509,/rigid_bodies.rigidbodies[2].pose.position.z,0.1848661868136724
93.357920266,1709142564.040902410,1709142564.040616993,/rigid_bodies.rigidbodies[2].pose.position.z,0.18524340300397707
93.367597037,1709142564.050579181,1709142564.050304209,/rigid_bodies.rigidbodies[2].pose.position.z,0.18483942811861534
93.377563862,1709142564.060546006,1709142564.060317784,/rigid_bodies.rigidbodies[2].pose.position.z,0.18422360875410596
93.387784159,1709142564.070766303,1709142564.070599008,/rigid_bodies.rigidbodies[2].pose.position.z,0.1842946675254111
93.398041578,1709142564.081023722,1709142564.080839245,/rigid_bodies.rigidbodies[2].pose.position.z,0.1848455233100929
93.407530716,1709142564.090512860,1709142564.090294889,/rigid_bodies.rigidbodies[2].pose.position.z,0.18533357636252715
93.417688921,1709142564.100671065,1709142564.100407111,/rigid_bodies.rigidbodies[2].pose.position.z,0.1850829388435838
93.427724279,1709142564.110706423,1709142564.110515761,/rigid_bodies.rigidbodies[2].pose.position.z,0.18453715392987954
93.437747397,1709142564.120729541,1709142564.120418404,/rigid_bodies.rigidbodies[2].pose.position.z,0.18425865356761997
93.448145343,1709142564.131127487,1709142564.130805692,/rigid_bodies.rigidbodies[2].pose.position.z,0.18463267871004055
93.45836031,1709142564.141342454,1709142564.140768566,/rigid_bodies.rigidbodies[2].pose.position.z,0.18500299662821182
93.46783795,1709142564.150820094,1709142564.150474070,/rigid_bodies.rigidbodies[2].pose.position.z,0.18512900199220528
93.47814383,1709142564.161125974,1709142564.160588711,/rigid_bodies.rigidbodies[2].pose.position.z,0.18449355529359246
93.4884178,1709142564.171399944,1709142564.170841211,/rigid_bodies.rigidbodies[2].pose.position.z,0.1839111304249341
93.49854367,1709142564.181525814,1709142564.180998879,/rigid_bodies.rigidbodies[2].pose.position.z,0.1843542148344109
93.503792921,1709142564.186775065,1709142564.186220697,/rigid_bodies.rigidbodies[2].pose.position.z,0.18509753749003036
93.518562786,1709142564.201544930,1709142564.200931777,/rigid_bodies.rigidbodies[2].pose.position.z,0.1852721161205286
93.528445765,1709142564.211427909,1709142564.210855039,/rigid_bodies.rigidbodies[2].pose.position.z,0.18488152294495488
93.538080416,1709142564.221062560,1709142564.220721233,/rigid_bodies.rigidbodies[2].pose.position.z,0.1843726069302363
93.547725661,1709142564.230707805,1709142564.230541379,/rigid_bodies.rigidbodies[2].pose.position.z,0.18439027013269374
93.557574374,1709142564.240556518,1709142564.240317113,/rigid_bodies.rigidbodies[2].pose.position.z,0.1849476682931528
93.567832576,1709142564.250814720,1709142564.250499173,/rigid_bodies.rigidbodies[2].pose.position.z,0.18530745894534706
93.577532472,1709142564.260514616,1709142564.260307218,/rigid_bodies.rigidbodies[2].pose.position.z,0.18492977386747056
93.587766323,1709142564.270748467,1709142564.270556928,/rigid_bodies.rigidbodies[2].pose.position.z,0.18419108473768583
93.598137405,1709142564.281119549,1709142564.280855214,/rigid_bodies.rigidbodies[2].pose.position.z,0.18392985918923196
93.603808514,1709142564.286790658,1709142564.286277986,/rigid_bodies.rigidbodies[2].pose.position.z,0.1844250497749292
93.618183322,1709142564.301165466,1709142564.300742164,/rigid_bodies.rigidbodies[2].pose.position.z,0.18515918442970766
93.628786608,1709142564.311768752,1709142564.311266284,/rigid_bodies.rigidbodies[2].pose.position.z,0.18533143166055763
93.63823498,1709142564.321217124,1709142564.320858072,/rigid_bodies.rigidbodies[2].pose.position.z,0.18467049600096638
93.648553837,1709142564.331535981,1709142564.331116565,/rigid_bodies.rigidbodies[2].pose.position.z,0.1842188190059153
93.658217876,1709142564.341200020,1709142564.340678903,/rigid_bodies.rigidbodies[2].pose.position.z,0.18447582638048812
93.668341548,1709142564.351323692,1709142564.350814988,/rigid_bodies.rigidbodies[2].pose.position.z,0.18497372058155315
93.677194528,1709142564.360176672,1709142564.359918306,/rigid_bodies.rigidbodies[2].pose.position.z,0.18529801608250251
93.688093709,1709142564.371075853,1709142564.370677255,/rigid_bodies.rigidbodies[2].pose.position.z,0.18474612548059732
93.693857121,1709142564.376839265,1709142564.376425150,/rigid_bodies.rigidbodies[2].pose.position.z,0.18411277135962495
93.707927963,1709142564.390910107,1709142564.390608607,/rigid_bodies.rigidbodies[2].pose.position.z,0.18415482475655445
93.718102432,1709142564.401084576,1709142564.400765808,/rigid_bodies.rigidbodies[2].pose.position.z,0.18459194556195785
93.728167701,1709142564.411149845,1709142564.410792382,/rigid_bodies.rigidbodies[2].pose.position.z,0.1852112631575107
93.737658537,1709142564.420640681,1709142564.420473007,/rigid_bodies.rigidbodies[2].pose.position.z,0.18515125700544213
93.747654387,1709142564.430636531,1709142564.430442647,/rigid_bodies.rigidbodies[2].pose.position.z,0.1846100955048811
93.757827863,1709142564.440810007,1709142564.440558199,/rigid_bodies.rigidbodies[2].pose.position.z,0.184147595797331
93.76810398800001,1709142564.451086132,1709142564.450693533,/rigid_bodies.rigidbodies[2].pose.position.z,0.18450311611191242
93.778097599,1709142564.461079743,1709142564.460590208,/rigid_bodies.rigidbodies[2].pose.position.z,0.1851607785260547
93.786861943,1709142564.469844087,1709142564.469404244,/rigid_bodies.rigidbodies[2].pose.position.z,0.18518562843988043
93.798696936,1709142564.481679080,1709142564.481310411,/rigid_bodies.rigidbodies[2].pose.position.z,0.18460978596175215
93.808635882,1709142564.491618026,1709142564.490947299,/rigid_bodies.rigidbodies[2].pose.position.z,0.18400435893778047
93.818406099,1709142564.501388243,1709142564.500769621,/rigid_bodies.rigidbodies[2].pose.position.z,0.1841003368086906
93.828079616,1709142564.511061760,1709142564.510566712,/rigid_bodies.rigidbodies[2].pose.position.z,0.18471033687337493
93.83819489,1709142564.521177034,1709142564.520797646,/rigid_bodies.rigidbodies[2].pose.position.z,0.18516769715543555
93.848505992,1709142564.531488136,1709142564.530978094,/rigid_bodies.rigidbodies[2].pose.position.z,0.1849559411140861
93.857944368,1709142564.540926512,1709142564.540525092,/rigid_bodies.rigidbodies[2].pose.position.z,0.18440531886915512
93.868411261,1709142564.551393405,1709142564.550903361,/rigid_bodies.rigidbodies[2].pose.position.z,0.18427023427569508
93.87814569,1709142564.561127834,1709142564.560838704,/rigid_bodies.rigidbodies[2].pose.position.z,0.18478022422460863
93.887882734,1709142564.570864878,1709142564.570593683,/rigid_bodies.rigidbodies[2].pose.position.z,0.1853390432232506
93.898248884,1709142564.581231028,1709142564.580895953,/rigid_bodies.rigidbodies[2].pose.position.z,0.18530445067907886
93.90807619,1709142564.591058334,1709142564.590684877,/rigid_bodies.rigidbodies[2].pose.position.z,0.18467384872414677
93.917810023,1709142564.600792167,1709142564.600447126,/rigid_bodies.rigidbodies[2].pose.position.z,0.1840359017629668
93.927875412,1709142564.610857556,1709142564.610295018,/rigid_bodies.rigidbodies[2].pose.position.z,0.18403515351601138
93.938137874,1709142564.621120018,1709142564.620802820,/rigid_bodies.rigidbodies[2].pose.position.z,0.18478125753536948
93.94826409,1709142564.631246234,1709142564.630852325,/rigid_bodies.rigidbodies[2].pose.position.z,0.18503172305083568
93.958083649,1709142564.641065793,1709142564.640593575,/rigid_bodies.rigidbodies[2].pose.position.z,0.18478595413812418
93.968396773,1709142564.651378917,1709142564.650871259,/rigid_bodies.rigidbodies[2].pose.position.z,0.18440029141297423
93.977932522,1709142564.660914666,1709142564.660500920,/rigid_bodies.rigidbodies[2].pose.position.z,0.18440183612503883
93.987988223,1709142564.670970367,1709142564.670676641,/rigid_bodies.rigidbodies[2].pose.position.z,0.18500718058487658
93.998196142,1709142564.681178286,1709142564.680743945,/rigid_bodies.rigidbodies[2].pose.position.z,0.18545377215699124
94.00773959,1709142564.690721734,1709142564.690368827,/rigid_bodies.rigidbodies[2].pose.position.z,0.18504449247592464
94.018480998,1709142564.701463142,1709142564.701066322,/rigid_bodies.rigidbodies[2].pose.position.z,0.18430450675764956
94.027863318,1709142564.710845462,1709142564.710489323,/rigid_bodies.rigidbodies[2].pose.position.z,0.18391716094496255
94.03798852,1709142564.720970664,1709142564.720628367,/rigid_bodies.rigidbodies[2].pose.position.z,0.18435183009291925
94.048374005,1709142564.731356149,1709142564.730893599,/rigid_bodies.rigidbodies[2].pose.position.z,0.18493008049257734
94.05804667,1709142564.741028814,1709142564.740423288,/rigid_bodies.rigidbodies[2].pose.position.z,0.18495977758084042
94.068196477,1709142564.751178621,1709142564.750660040,/rigid_bodies.rigidbodies[2].pose.position.z,0.18460937099375802
94.07788002,1709142564.760862164,1709142564.760459398,/rigid_bodies.rigidbodies[2].pose.position.z,0.18415508859377094
94.087943687,1709142564.770925831,1709142564.770531682,/rigid_bodies.rigidbodies[2].pose.position.z,0.1844977781056839
94.098265187,1709142564.781247331,1709142564.780882384,/rigid_bodies.rigidbodies[2].pose.position.z,0.18516443386562217
94.107910794,1709142564.790892938,1709142564.790410199,/rigid_bodies.rigidbodies[2].pose.position.z,0.18534490379573682
94.118534425,1709142564.801516569,1709142564.800856895,/rigid_bodies.rigidbodies[2].pose.position.z,0.18506666637185643
94.128429717,1709142564.811411861,1709142564.810786462,/rigid_bodies.rigidbodies[2].pose.position.z,0.18430506192571658
94.138100422,1709142564.821082566,1709142564.820597026,/rigid_bodies.rigidbodies[2].pose.position.z,0.1841231557060468
94.14866862,1709142564.831650764,1709142564.830955431,/rigid_bodies.rigidbodies[2].pose.position.z,0.18458200289623194
94.157918303,1709142564.840900447,1709142564.840424555,/rigid_bodies.rigidbodies[2].pose.position.z,0.1850224711633893
94.168464761,1709142564.851446905,1709142564.850871107,/rigid_bodies.rigidbodies[2].pose.position.z,0.18487321384031624
94.178216337,1709142564.861198481,1709142564.860721826,/rigid_bodies.rigidbodies[2].pose.position.z,0.18440018318402085
94.188781767,1709142564.871763911,1709142564.871025423,/rigid_bodies.rigidbodies[2].pose.position.z,0.18404376224495508
94.19885379,1709142564.881835934,1709142564.881210135,/rigid_bodies.rigidbodies[2].pose.position.z,0.1845431713604823
94.208031613,1709142564.891013757,1709142564.890491402,/rigid_bodies.rigidbodies[2].pose.position.z,0.18524025992186902
94.218290128,1709142564.901272272,1709142564.900711858,/rigid_bodies.rigidbodies[2].pose.position.z,0.1853483601292655
94.227721219,1709142564.910703363,1709142564.910300601,/rigid_bodies.rigidbodies[2].pose.position.z,0.1848190079227992
94.238232445,1709142564.921214589,1709142564.920864771,/rigid_bodies.rigidbodies[2].pose.position.z,0.18428105303948164
94.248546366,1709142564.931528510,1709142564.931144831,/rigid_bodies.rigidbodies[2].pose.position.z,0.1842926389188851
94.257456478,1709142564.940438622,1709142564.940048623,/rigid_bodies.rigidbodies[2].pose.position.z,0.18481293552959768
94.2677185,1709142564.950700644,1709142564.950308323,/rigid_bodies.rigidbodies[2].pose.position.z,0.18497397746455527
94.278118812,1709142564.961100956,1709142564.960706758,/rigid_bodies.rigidbodies[2].pose.position.z,0.18473910833950996
94.288049885,1709142564.971032029,1709142564.970589000,/rigid_bodies.rigidbodies[2].pose.position.z,0.18407370523689723
94.298559568,1709142564.981541712,1709142564.980951364,/rigid_bodies.rigidbodies[2].pose.position.z,0.18411151693705216
94.307898002,1709142564.990880146,1709142564.990499094,/rigid_bodies.rigidbodies[2].pose.position.z,0.18475908664773996
94.318047275,1709142565.001029419,1709142565.000726131,/rigid_bodies.rigidbodies[2].pose.position.z,0.18529958550907136
94.327423309,1709142565.010405453,1709142565.010080622,/rigid_bodies.rigidbodies[2].pose.position.z,0.1852858278208418
94.338397876,1709142565.021380020,1709142565.021024882,/rigid_bodies.rigidbodies[2].pose.position.z,0.18466196553025574
94.348166626,1709142565.031148770,1709142565.030742713,/rigid_bodies.rigidbodies[2].pose.position.z,0.1842523192993846
94.358261198,1709142565.041243342,1709142565.040621203,/rigid_bodies.rigidbodies[2].pose.position.z,0.18444251459043495
94.368380879,1709142565.051363023,1709142565.050748555,/rigid_bodies.rigidbodies[2].pose.position.z,0.18491907532531224
94.378064453,1709142565.061046597,1709142565.060643587,/rigid_bodies.rigidbodies[2].pose.position.z,0.185070235264215
94.388094275,1709142565.071076419,1709142565.070691730,/rigid_bodies.rigidbodies[2].pose.position.z,0.18462090390637603
94.398521121,1709142565.081503265,1709142565.080872037,/rigid_bodies.rigidbodies[2].pose.position.z,0.18399710222320426
94.408219852,1709142565.091201996,1709142565.090840624,/rigid_bodies.rigidbodies[2].pose.position.z,0.1841092842433098
94.418190407,1709142565.101172551,1709142565.100878356,/rigid_bodies.rigidbodies[2].pose.position.z,0.18480792341089658
94.428696238,1709142565.111678382,1709142565.111013324,/rigid_bodies.rigidbodies[2].pose.position.z,0.18521393595215632
94.437845678,1709142565.120827822,1709142565.120611735,/rigid_bodies.rigidbodies[2].pose.position.z,0.18510576652140226
94.448231843,1709142565.131213987,1709142565.130892150,/rigid_bodies.rigidbodies[2].pose.position.z,0.18453947494199324
94.458651284,1709142565.141633428,1709142565.141172560,/rigid_bodies.rigidbodies[2].pose.position.z,0.18418905477806
94.467982926,1709142565.150965070,1709142565.150653257,/rigid_bodies.rigidbodies[2].pose.position.z,0.18460253707898946
94.477490045,1709142565.160472189,1709142565.160102746,/rigid_bodies.rigidbodies[2].pose.position.z,0.18515962524798477
94.488330525,1709142565.171312669,1709142565.170882550,/rigid_bodies.rigidbodies[2].pose.position.z,0.18501316132657739
94.498569414,1709142565.181551558,1709142565.181004530,/rigid_bodies.rigidbodies[2].pose.position.z,0.1844554268572338
94.508508881,1709142565.191491025,1709142565.191027287,/rigid_bodies.rigidbodies[2].pose.position.z,0.18408294216802118
94.518168538,1709142565.201150682,1709142565.200678073,/rigid_bodies.rigidbodies[2].pose.position.z,0.1843187592263526
94.527817993,1709142565.210800137,1709142565.210431959,/rigid_bodies.rigidbodies[2].pose.position.z,0.18487424027946003
94.538147284,1709142565.221129428,1709142565.220680387,/rigid_bodies.rigidbodies[2].pose.position.z,0.18526971699077194
94.547685987,1709142565.230668131,1709142565.230180418,/rigid_bodies.rigidbodies[2].pose.position.z,0.18477763421337126
94.558202119,1709142565.241184263,1709142565.240663997,/rigid_bodies.rigidbodies[2].pose.position.z,0.1843671621529777
94.568248081,1709142565.251230225,1709142565.250779271,/rigid_bodies.rigidbodies[2].pose.position.z,0.18434638296762498
94.577602123,1709142565.260584267,1709142565.260153200,/rigid_bodies.rigidbodies[2].pose.position.z,0.18470471514819167
94.588278295,1709142565.271260439,1709142565.270753481,/rigid_bodies.rigidbodies[2].pose.position.z,0.18515336635439184
94.598303451,1709142565.281285595,1709142565.280796115,/rigid_bodies.rigidbodies[2].pose.position.z,0.1849354857703184
94.608384794,1709142565.291366938,1709142565.290861780,/rigid_bodies.rigidbodies[2].pose.position.z,0.18427468586765505
94.618133831,1709142565.301115975,1709142565.300736801,/rigid_bodies.rigidbodies[2].pose.position.z,0.18404504227987073
94.628079679,1709142565.311061823,1709142565.310659322,/rigid_bodies.rigidbodies[2].pose.position.z,0.18435958160958338
94.637743384,1709142565.320725528,1709142565.320360385,/rigid_bodies.rigidbodies[2].pose.position.z,0.18494165294600276
94.648051734,1709142565.331033878,1709142565.330654420,/rigid_bodies.rigidbodies[2].pose.position.z,0.18504078553844
94.657580913,1709142565.340563057,1709142565.340194043,/rigid_bodies.rigidbodies[2].pose.position.z,0.1846409949665794
94.668452542,1709142565.351434686,1709142565.350945532,/rigid_bodies.rigidbodies[2].pose.position.z,0.18427591171630497
94.67759651,1709142565.360578654,1709142565.360170181,/rigid_bodies.rigidbodies[2].pose.position.z,0.18451489958677753
94.688144928,1709142565.371127072,1709142565.370644993,/rigid_bodies.rigidbodies[2].pose.position.z,0.18500830877208901
94.69860306,1709142565.381585204,1709142565.381075438,/rigid_bodies.rigidbodies[2].pose.position.z,0.18512184088214576
94.706547341,1709142565.389529485,1709142565.389059531,/rigid_bodies.rigidbodies[2].pose.position.z,0.18478093450391425
94.71868507,1709142565.401667214,1709142565.401048798,/rigid_bodies.rigidbodies[2].pose.position.z,0.1842982170967491
94.728093083,1709142565.411075227,1709142565.410637178,/rigid_bodies.rigidbodies[2].pose.position.z,0.1842121099043604
94.738273842,1709142565.421255986,1709142565.420806865,/rigid_bodies.rigidbodies[2].pose.position.z,0.18462953536054336
94.748383337,1709142565.431365481,1709142565.430951926,/rigid_bodies.rigidbodies[2].pose.position.z,0.18493343331871173
94.75817083,1709142565.441152974,1709142565.440567442,/rigid_bodies.rigidbodies[2].pose.position.z,0.1848972552734814
94.768296172,1709142565.451278316,1709142565.450719509,/rigid_bodies.rigidbodies[2].pose.position.z,0.18443108186092166
94.778110214,1709142565.461092358,1709142565.460666115,/rigid_bodies.rigidbodies[2].pose.position.z,0.18425982195395643
94.788500052,1709142565.471482196,1709142565.470861529,/rigid_bodies.rigidbodies[2].pose.position.z,0.1847547648243675
94.798676807,1709142565.481658951,1709142565.481108506,/rigid_bodies.rigidbodies[2].pose.position.z,0.1853467011088832
94.807557256,1709142565.490539400,1709142565.490214527,/rigid_bodies.rigidbodies[2].pose.position.z,0.18519011663295892
94.818289386,1709142565.501271530,1709142565.500786879,/rigid_bodies.rigidbodies[2].pose.position.z,0.18464206249743526
94.827901665,1709142565.510883809,1709142565.510307339,/rigid_bodies.rigidbodies[2].pose.position.z,0.18425772692472905
94.83834776,1709142565.521329904,1709142565.520889504,/rigid_bodies.rigidbodies[2].pose.position.z,0.18431526749531751
94.848471729,1709142565.531453873,1709142565.530876984,/rigid_bodies.rigidbodies[2].pose.position.z,0.1850222042146248
94.858369062,1709142565.541351206,1709142565.540750072,/rigid_bodies.rigidbodies[2].pose.position.z,0.1852677939543943
94.868647792,1709142565.551629936,1709142565.551056736,/rigid_bodies.rigidbodies[2].pose.position.z,0.18482374213287633
94.878663528,1709142565.561645672,1709142565.560900184,/rigid_bodies.rigidbodies[2].pose.position.z,0.18433955770729615
94.889187791,1709142565.572169935,1709142565.571470224,/rigid_bodies.rigidbodies[2].pose.position.z,0.1843488186418572
94.897739721,1709142565.580721865,1709142565.580236595,/rigid_bodies.rigidbodies[2].pose.position.z,0.184757169435706
94.90776567,1709142565.590747814,1709142565.590149795,/rigid_bodies.rigidbodies[2].pose.position.z,0.18521306779879823
94.91818003,1709142565.601162174,1709142565.600519528,/rigid_bodies.rigidbodies[2].pose.position.z,0.1851104996780773
94.92795127,1709142565.610933414,1709142565.610527700,/rigid_bodies.rigidbodies[2].pose.position.z,0.18462916110678504
94.937929258,1709142565.620911402,1709142565.620595569,/rigid_bodies.rigidbodies[2].pose.position.z,0.1842940120337018
94.948253052,1709142565.631235196,1709142565.630834666,/rigid_bodies.rigidbodies[2].pose.position.z,0.18438651878334172
94.957887551,1709142565.640869695,1709142565.640520179,/rigid_bodies.rigidbodies[2].pose.position.z,0.18493402512590928
94.968534824,1709142565.651516968,1709142565.651040051,/rigid_bodies.rigidbodies[2].pose.position.z,0.18515715123423673
94.978386278,1709142565.661368422,1709142565.660941947,/rigid_bodies.rigidbodies[2].pose.position.z,0.18483816113895124
94.988378684,1709142565.671360828,1709142565.670930451,/rigid_bodies.rigidbodies[2].pose.position.z,0.18430467155947855
94.998476709,1709142565.681458853,1709142565.681024482,/rigid_bodies.rigidbodies[2].pose.position.z,0.18432961660267452
95.008325928,1709142565.691308072,1709142565.690786292,/rigid_bodies.rigidbodies[2].pose.position.z,0.1846839418055854
95.018260023,1709142565.701242167,1709142565.700911552,/rigid_bodies.rigidbodies[2].pose.position.z,0.1849472688264395
95.027672092,1709142565.710654236,1709142565.710295125,/rigid_bodies.rigidbodies[2].pose.position.z,0.18491618951166838
95.037942222,1709142565.720924366,1709142565.720669118,/rigid_bodies.rigidbodies[2].pose.position.z,0.18446758718523976
95.048218215,1709142565.731200359,1709142565.730869295,/rigid_bodies.rigidbodies[2].pose.position.z,0.1842502698238562
95.058108769,1709142565.741090913,1709142565.740637027,/rigid_bodies.rigidbodies[2].pose.position.z,0.18450743115320944
95.068170809,1709142565.751152953,1709142565.750732181,/rigid_bodies.rigidbodies[2].pose.position.z,0.18471269628243617
95.078119016,1709142565.761101160,1709142565.760652895,/rigid_bodies.rigidbodies[2].pose.position.z,0.18486130786182578
95.088291599,1709142565.771273743,1709142565.770916676,/rigid_bodies.rigidbodies[2].pose.position.z,0.18470025502845414
95.097773837,1709142565.780755981,1709142565.780446005,/rigid_bodies.rigidbodies[2].pose.position.z,0.18443697094699849
95.108128422,1709142565.791110566,1709142565.790644620,/rigid_bodies.rigidbodies[2].pose.position.z,0.18458418490183345
95.118504109,1709142565.801486253,1709142565.801043511,/rigid_bodies.rigidbodies[2].pose.position.z,0.18496359628492634
95.127931972,1709142565.810914116,1709142565.810644692,/rigid_bodies.rigidbodies[2].pose.position.z,0.1851109774406631
95.138183017,1709142565.821165161,1709142565.820830170,/rigid_bodies.rigidbodies[2].pose.position.z,0.18484746858303197
95.148118137,1709142565.831100281,1709142565.830823577,/rigid_bodies.rigidbodies[2].pose.position.z,0.18446707612090962
95.157846152,1709142565.840828296,1709142565.840472797,/rigid_bodies.rigidbodies[2].pose.position.z,0.1842896178499788
95.168304185,1709142565.851286329,1709142565.850773501,/rigid_bodies.rigidbodies[2].pose.position.z,0.1844538839179563
95.177558144,1709142565.860540288,1709142565.860215097,/rigid_bodies.rigidbodies[2].pose.position.z,0.18480045815753118
95.188274966,1709142565.871257110,1709142565.870807952,/rigid_bodies.rigidbodies[2].pose.position.z,0.18468566173635462
95.198563142,1709142565.881545286,1709142565.881000825,/rigid_bodies.rigidbodies[2].pose.position.z,0.1844543236747182
95.208277444,1709142565.891259588,1709142565.890832777,/rigid_bodies.rigidbodies[2].pose.position.z,0.18430293079352855
95.218004637,1709142565.900986781,1709142565.900563626,/rigid_bodies.rigidbodies[2].pose.position.z,0.1845587628122813
95.228101626,1709142565.911083770,1709142565.910704469,/rigid_bodies.rigidbodies[2].pose.position.z,0.1851220659005653
95.238167606,1709142565.921149750,1709142565.920747298,/rigid_bodies.rigidbodies[2].pose.position.z,0.18515480873094886
95.248086833,1709142565.931068977,1709142565.930537865,/rigid_bodies.rigidbodies[2].pose.position.z,0.1848195681762309
95.258426324,1709142565.941408468,1709142565.940754356,/rigid_bodies.rigidbodies[2].pose.position.z,0.1843754730878759
95.268396743,1709142565.951378887,1709142565.950987854,/rigid_bodies.rigidbodies[2].pose.position.z,0.18424563552675244
95.277837872,1709142565.960820016,1709142565.960392486,/rigid_bodies.rigidbodies[2].pose.position.z,0.1846271354060114
95.288174989,1709142565.971157133,1709142565.970658271,/rigid_bodies.rigidbodies[2].pose.position.z,0.18497323895769022
95.298059056,1709142565.981041200,1709142565.980564522,/rigid_bodies.rigidbodies[2].pose.position.z,0.18481405624135944
95.308374831,1709142565.991356975,1709142565.990753314,/rigid_bodies.rigidbodies[2].pose.position.z,0.18443011103707965
95.318590542,1709142566.001572686,1709142566.001091138,/rigid_bodies.rigidbodies[2].pose.position.z,0.18416367715562892
95.327850055,1709142566.010832199,1709142566.010424838,/rigid_bodies.rigidbodies[2].pose.position.z,0.18442741690020528
95.338160121,1709142566.021142265,1709142566.020680157,/rigid_bodies.rigidbodies[2].pose.position.z,0.18484395443875815
95.345954312,1709142566.028936456,1709142566.028500647,/rigid_bodies.rigidbodies[2].pose.position.z,0.18504736630742416
95.357919745,1709142566.040901889,1709142566.040553119,/rigid_bodies.rigidbodies[2].pose.position.z,0.1848054869177768
95.36770389,1709142566.050686034,1709142566.050513503,/rigid_bodies.rigidbodies[2].pose.position.z,0.18436433386185877
95.377638966,1709142566.060621110,1709142566.060286915,/rigid_bodies.rigidbodies[2].pose.position.z,0.18448973718547293
95.387835009,1709142566.070817153,1709142566.070570359,/rigid_bodies.rigidbodies[2].pose.position.z,0.1850103422208215
95.397740132,1709142566.080722276,1709142566.080438872,/rigid_bodies.rigidbodies[2].pose.position.z,0.18530344314887984
95.406717811,1709142566.089699955,1709142566.089460618,/rigid_bodies.rigidbodies[2].pose.position.z,0.18491938811753106
95.418349053,1709142566.101331197,1709142566.100838909,/rigid_bodies.rigidbodies[2].pose.position.z,0.1844025085623945
95.427551058,1709142566.110533202,1709142566.109904349,/rigid_bodies.rigidbodies[2].pose.position.z,0.1840979737073443
95.438204884,1709142566.121187028,1709142566.120717469,/rigid_bodies.rigidbodies[2].pose.position.z,0.1843024812875192
95.448463372,1709142566.131445516,1709142566.130936036,/rigid_bodies.rigidbodies[2].pose.position.z,0.18469210183948154
95.457914659,1709142566.140896803,1709142566.140349653,/rigid_bodies.rigidbodies[2].pose.position.z,0.18493000208569702
95.4682521,1709142566.151234244,1709142566.150738740,/rigid_bodies.rigidbodies[2].pose.position.z,0.18472503969120277
95.477926943,1709142566.160909087,1709142566.160430210,/rigid_bodies.rigidbodies[2].pose.position.z,0.18429250268971317
95.488824664,1709142566.171806808,1709142566.171023126,/rigid_bodies.rigidbodies[2].pose.position.z,0.1845146868801405
95.498965818,1709142566.181947962,1709142566.181134864,/rigid_bodies.rigidbodies[2].pose.position.z,0.18506114735106935
95.508091858,1709142566.191074002,1709142566.190604363,/rigid_bodies.rigidbodies[2].pose.position.z,0.18519953523170643
95.518782169,1709142566.201764313,1709142566.201062347,/rigid_bodies.rigidbodies[2].pose.position.z,0.18472453862830793
95.52795706,1709142566.210939204,1709142566.210190947,/rigid_bodies.rigidbodies[2].pose.position.z,0.1841292386697851
95.538368214,1709142566.221350358,1709142566.220892691,/rigid_bodies.rigidbodies[2].pose.position.z,0.1841573836075108
95.548189938,1709142566.231172082,1709142566.230544048,/rigid_bodies.rigidbodies[2].pose.position.z,0.18478430710143917
95.558180438,1709142566.241162582,1709142566.240705545,/rigid_bodies.rigidbodies[2].pose.position.z,0.18521960189451572
95.568462675,1709142566.251444819,1709142566.250924552,/rigid_bodies.rigidbodies[2].pose.position.z,0.18494570913475206
95.578517288,1709142566.261499432,1709142566.260829170,/rigid_bodies.rigidbodies[2].pose.position.z,0.18460906477227415
95.588572122,1709142566.271554266,1709142566.270982766,/rigid_bodies.rigidbodies[2].pose.position.z,0.1842506108483922
95.598755738,1709142566.281737882,1709142566.281113922,/rigid_bodies.rigidbodies[2].pose.position.z,0.1843835665178321
95.6080301,1709142566.291012244,1709142566.290542423,/rigid_bodies.rigidbodies[2].pose.position.z,0.18482920169009143
95.618835578,1709142566.301817722,1709142566.301083882,/rigid_bodies.rigidbodies[2].pose.position.z,0.18499832455411894
95.62781162,1709142566.310793764,1709142566.310244058,/rigid_bodies.rigidbodies[2].pose.position.z,0.18452272265148878
95.638103682,1709142566.321085826,1709142566.320736784,/rigid_bodies.rigidbodies[2].pose.position.z,0.18425510707212983
95.643701229,1709142566.326683373,1709142566.326198995,/rigid_bodies.rigidbodies[2].pose.position.z,0.1843717066743139
95.658826559,1709142566.341808703,1709142566.341230935,/rigid_bodies.rigidbodies[2].pose.position.z,0.1848750140043885
95.668614738,1709142566.351596882,1709142566.351066459,/rigid_bodies.rigidbodies[2].pose.position.z,0.18510765552898203
95.678497947,1709142566.361480091,1709142566.360769780,/rigid_bodies.rigidbodies[2].pose.position.z,0.18485098094798647
95.688669175,1709142566.371651319,1709142566.370941949,/rigid_bodies.rigidbodies[2].pose.position.z,0.18436885800834812
95.698911444,1709142566.381893588,1709142566.381450582,/rigid_bodies.rigidbodies[2].pose.position.z,0.1844594759084219
95.70852285,1709142566.391504994,1709142566.390872171,/rigid_bodies.rigidbodies[2].pose.position.z,0.18485443015963107
95.718293496,1709142566.401275640,1709142566.400746210,/rigid_bodies.rigidbodies[2].pose.position.z,0.18521021879144278
95.728168483,1709142566.411150627,1709142566.410572245,/rigid_bodies.rigidbodies[2].pose.position.z,0.18506236787891034
95.738081054,1709142566.421063198,1709142566.420616290,/rigid_bodies.rigidbodies[2].pose.position.z,0.18456158377665177
95.748673789,1709142566.431655933,1709142566.431064850,/rigid_bodies.rigidbodies[2].pose.position.z,0.18421542688059805
95.758402765,1709142566.441384909,1709142566.440900171,/rigid_bodies.rigidbodies[2].pose.position.z,0.18438900484600576
95.767789535,1709142566.450771679,1709142566.450563490,/rigid_bodies.rigidbodies[2].pose.position.z,0.18478073302415357
95.778195655,1709142566.461177799,1709142566.460919468,/rigid_bodies.rigidbodies[2].pose.position.z,0.18503708763526044
95.787683386,1709142566.470665530,1709142566.470440444,/rigid_bodies.rigidbodies[2].pose.position.z,0.18462967270956718
95.798112965,1709142566.481095109,1709142566.480672527,/rigid_bodies.rigidbodies[2].pose.position.z,0.184148309523099
95.808248508,1709142566.491230652,1709142566.490639783,/rigid_bodies.rigidbodies[2].pose.position.z,0.18432479314573202
95.818694942,1709142566.501677086,1709142566.501159719,/rigid_bodies.rigidbodies[2].pose.position.z,0.1850300665699367
95.827988385,1709142566.510970529,1709142566.510222431,/rigid_bodies.rigidbodies[2].pose.position.z,0.18535781235218535
95.838176388,1709142566.521158532,1709142566.520689528,/rigid_bodies.rigidbodies[2].pose.position.z,0.1850469725909509
95.848235823,1709142566.531217967,1709142566.530742144,/rigid_bodies.rigidbodies[2].pose.position.z,0.1843151472353861
95.858078849,1709142566.541060993,1709142566.540511402,/rigid_bodies.rigidbodies[2].pose.position.z,0.18391507049584765
95.868010294,1709142566.550992438,1709142566.550443702,/rigid_bodies.rigidbodies[2].pose.position.z,0.18431640359695142
95.877517151,1709142566.560499295,1709142566.560040691,/rigid_bodies.rigidbodies[2].pose.position.z,0.1848145543997396
95.88873443,1709142566.571716574,1709142566.571013218,/rigid_bodies.rigidbodies[2].pose.position.z,0.1849888751021592
95.898175772,1709142566.581157916,1709142566.580627926,/rigid_bodies.rigidbodies[2].pose.position.z,0.18463276148676677
95.907976908,1709142566.590959052,1709142566.590566224,/rigid_bodies.rigidbodies[2].pose.position.z,0.18421181308980025
95.918613066,1709142566.601595210,1709142566.600957045,/rigid_bodies.rigidbodies[2].pose.position.z,0.18421734403955975
95.92752569,1709142566.610507834,1709142566.610019905,/rigid_bodies.rigidbodies[2].pose.position.z,0.18477456695756306
95.937470613,1709142566.620452757,1709142566.620040247,/rigid_bodies.rigidbodies[2].pose.position.z,0.185050133271138
95.9482478,1709142566.631229944,1709142566.630704217,/rigid_bodies.rigidbodies[2].pose.position.z,0.1848296002835347
95.957882107,1709142566.640864251,1709142566.640290358,/rigid_bodies.rigidbodies[2].pose.position.z,0.18439573030080106
95.968120579,1709142566.651102723,1709142566.650660945,/rigid_bodies.rigidbodies[2].pose.position.z,0.1841637785796833
95.973657779,1709142566.656639923,1709142566.656195335,/rigid_bodies.rigidbodies[2].pose.position.z,0.184564722478435
95.98828278,1709142566.671264924,1709142566.670842530,/rigid_bodies.rigidbodies[2].pose.position.z,0.18506038886245804
95.99830765,1709142566.681289794,1709142566.680817926,/rigid_bodies.rigidbodies[2].pose.position.z,0.18499439802898732
96.008206027,1709142566.691188171,1709142566.690561037,/rigid_bodies.rigidbodies[2].pose.position.z,0.18439796105133965
96.018078344,1709142566.701060488,1709142566.700574671,/rigid_bodies.rigidbodies[2].pose.position.z,0.1843180373786184
96.028165206,1709142566.711147350,1709142566.710681944,/rigid_bodies.rigidbodies[2].pose.position.z,0.18476725187956605
96.038326192,1709142566.721308336,1709142566.720759915,/rigid_bodies.rigidbodies[2].pose.position.z,0.18517640677863398
96.048214351,1709142566.731196495,1709142566.730711234,/rigid_bodies.rigidbodies[2].pose.position.z,0.1850916046135006
96.058022816,1709142566.741004960,1709142566.740502479,/rigid_bodies.rigidbodies[2].pose.position.z,0.18450692078786665
96.068566069,1709142566.751548213,1709142566.750918776,/rigid_bodies.rigidbodies[2].pose.position.z,0.18420524980938932
96.078388029,1709142566.761370173,1709142566.760807573,/rigid_bodies.rigidbodies[2].pose.position.z,0.1841869323860904
96.088264812,1709142566.771246956,1709142566.770790596,/rigid_bodies.rigidbodies[2].pose.position.z,0.18464290870160383
96.098410063,1709142566.781392207,1709142566.780903417,/rigid_bodies.rigidbodies[2].pose.position.z,0.18502811083659654
96.108665101,1709142566.791647245,1709142566.791111265,/rigid_bodies.rigidbodies[2].pose.position.z,0.18483464828953683
96.118183903,1709142566.801166047,1709142566.800735148,/rigid_bodies.rigidbodies[2].pose.position.z,0.1842428159723235
96.128405774,1709142566.811387918,1709142566.810738854,/rigid_bodies.rigidbodies[2].pose.position.z,0.18427610496755287
96.138031772,1709142566.821013916,1709142566.820553145,/rigid_bodies.rigidbodies[2].pose.position.z,0.18490436966038098
96.143781487,1709142566.826763631,1709142566.826268824,/rigid_bodies.rigidbodies[2].pose.position.z,0.1853386371214711
96.158612848,1709142566.841594992,1709142566.841081516,/rigid_bodies.rigidbodies[2].pose.position.z,0.18535565251484445
96.168475932,1709142566.851458076,1709142566.850905164,/rigid_bodies.rigidbodies[2].pose.position.z,0.1846752663818142
96.178184061,1709142566.861166205,1709142566.860706527,/rigid_bodies.rigidbodies[2].pose.position.z,0.18417770271378445
96.188186137,1709142566.871168281,1709142566.870718984,/rigid_bodies.rigidbodies[2].pose.position.z,0.1843101874772075
96.198310579,1709142566.881292723,1709142566.880846855,/rigid_bodies.rigidbodies[2].pose.position.z,0.18477811054102294
96.20819484,1709142566.891176984,1709142566.890623308,/rigid_bodies.rigidbodies[2].pose.position.z,0.18503352556646582
96.218424,1709142566.901406144,1709142566.900903796,/rigid_bodies.rigidbodies[2].pose.position.z,0.18475125741209056
96.228261679,1709142566.911243823,1709142566.910687910,/rigid_bodies.rigidbodies[2].pose.position.z,0.18442736979967572
96.238173515,1709142566.921155659,1709142566.920739966,/rigid_bodies.rigidbodies[2].pose.position.z,0.18445222906343042
96.248891613,1709142566.931873757,1709142566.931367047,/rigid_bodies.rigidbodies[2].pose.position.z,0.184916471087687
96.25809791,1709142566.941080054,1709142566.940546736,/rigid_bodies.rigidbodies[2].pose.position.z,0.18536260751384534
96.268286258,1709142566.951268402,1709142566.950773276,/rigid_bodies.rigidbodies[2].pose.position.z,0.18513399308685594
96.278606722,1709142566.961588866,1709142566.961157035,/rigid_bodies.rigidbodies[2].pose.position.z,0.18448721633461465
96.288450963,1709142566.971433107,1709142566.970801542,/rigid_bodies.rigidbodies[2].pose.position.z,0.18415563137563878
96.298761251,1709142566.981743395,1709142566.981053245,/rigid_bodies.rigidbodies[2].pose.position.z,0.18425968461049627
96.308594746,1709142566.991576890,1709142566.991126154,/rigid_bodies.rigidbodies[2].pose.position.z,0.1848439829104277
96.318682251,1709142567.001664395,1709142567.001022794,/rigid_bodies.rigidbodies[2].pose.position.z,0.18501622286245348
96.328796748,1709142567.011778892,1709142567.011063791,/rigid_bodies.rigidbodies[2].pose.position.z,0.18470719129799454
96.338487135,1709142567.021469279,1709142567.021002324,/rigid_bodies.rigidbodies[2].pose.position.z,0.18439989929600986
96.348127343,1709142567.031109487,1709142567.030824524,/rigid_bodies.rigidbodies[2].pose.position.z,0.1843753358542167
96.357455222,1709142567.040437366,1709142567.040265585,/rigid_bodies.rigidbodies[2].pose.position.z,0.18484873668031965
96.366664165,1709142567.049646309,1709142567.049348456,/rigid_bodies.rigidbodies[2].pose.position.z,0.1851735368535546
96.377704804,1709142567.060686948,1709142567.060349839,/rigid_bodies.rigidbodies[2].pose.position.z,0.18498827509412175
96.388347102,1709142567.071329246,1709142567.070871532,/rigid_bodies.rigidbodies[2].pose.position.z,0.18444929900167686
96.398200419,1709142567.081182563,1709142567.080747530,/rigid_bodies.rigidbodies[2].pose.position.z,0.18417563624115701
96.407560409,1709142567.090542553,1709142567.090293305,/rigid_bodies.rigidbodies[2].pose.position.z,0.18436186827935427
96.418010944,1709142567.100993088,1709142567.100584551,/rigid_bodies.rigidbodies[2].pose.position.z,0.1847765704207384
96.428144768,1709142567.111126912,1709142567.110722283,/rigid_bodies.rigidbodies[2].pose.position.z,0.18511535034922816
96.438297943,1709142567.121280087,1709142567.120980316,/rigid_bodies.rigidbodies[2].pose.position.z,0.18469222444997777
96.45018424,1709142567.133166384,1709142567.132680397,/rigid_bodies.rigidbodies[2].pose.position.z,0.18424129116140672
96.458372826,1709142567.141354970,1709142567.140851260,/rigid_bodies.rigidbodies[2].pose.position.z,0.18438402583822702
96.46817808,1709142567.151160224,1709142567.150737747,/rigid_bodies.rigidbodies[2].pose.position.z,0.18483018971037649
96.47841525,1709142567.161397394,1709142567.160846361,/rigid_bodies.rigidbodies[2].pose.position.z,0.18502151714604578
96.488372119,1709142567.171354263,1709142567.170901959,/rigid_bodies.rigidbodies[2].pose.position.z,0.184803779402512
96.498413932,1709142567.181396076,1709142567.180872788,/rigid_bodies.rigidbodies[2].pose.position.z,0.18438580710101704
96.508013075,1709142567.190995219,1709142567.190531373,/rigid_bodies.rigidbodies[2].pose.position.z,0.18439028922453948
96.518339504,1709142567.201321648,1709142567.200830140,/rigid_bodies.rigidbodies[2].pose.position.z,0.18464272065105689
96.527940933,1709142567.210923077,1709142567.210498614,/rigid_bodies.rigidbodies[2].pose.position.z,0.18492428572331318
96.538044103,1709142567.221026247,1709142567.220541263,/rigid_bodies.rigidbodies[2].pose.position.z,0.18483425189665906
96.548497124,1709142567.231479268,1709142567.231032035,/rigid_bodies.rigidbodies[2].pose.position.z,0.1845555493697215
96.557929514,1709142567.240911658,1709142567.240429737,/rigid_bodies.rigidbodies[2].pose.position.z,0.1843655067906715
96.568307627,1709142567.251289771,1709142567.250752856,/rigid_bodies.rigidbodies[2].pose.position.z,0.18459018180072492
96.578342031,1709142567.261324175,1709142567.260914657,/rigid_bodies.rigidbodies[2].pose.position.z,0.18501943893482098
96.588446793,1709142567.271428937,1709142567.270921477,/rigid_bodies.rigidbodies[2].pose.position.z,0.18509150841223349
96.59809461,1709142567.281076754,1709142567.280649144,/rigid_bodies.rigidbodies[2].pose.position.z,0.184794814881613
96.608198547,1709142567.291180691,1709142567.290810606,/rigid_bodies.rigidbodies[2].pose.position.z,0.18424602003196272
96.618176839,1709142567.301158983,1709142567.300739907,/rigid_bodies.rigidbodies[2].pose.position.z,0.18406207185691612
96.628040003,1709142567.311022147,1709142567.310574042,/rigid_bodies.rigidbodies[2].pose.position.z,0.18464172298622358
96.638526608,1709142567.321508752,1709142567.320918861,/rigid_bodies.rigidbodies[2].pose.position.z,0.18514320671555923
96.645162216,1709142567.328144360,1709142567.327753808,/rigid_bodies.rigidbodies[2].pose.position.z,0.1850049150392825
96.658517148,1709142567.341499292,1709142567.341031048,/rigid_bodies.rigidbodies[2].pose.position.z,0.18463253750058314
96.668226195,1709142567.351208339,1709142567.350829439,/rigid_bodies.rigidbodies[2].pose.position.z,0.18444348003802724
96.677769068,1709142567.360751212,1709142567.360459491,/rigid_bodies.rigidbodies[2].pose.position.z,0.18460942740542843
96.688432482,1709142567.371414626,1709142567.370863497,/rigid_bodies.rigidbodies[2].pose.position.z,0.18506042239777526
96.698199374,1709142567.381181518,1709142567.380697356,/rigid_bodies.rigidbodies[2].pose.position.z,0.1850811783231517
96.7080237,1709142567.391005844,1709142567.390625134,/rigid_bodies.rigidbodies[2].pose.position.z,0.18458004737986874
96.718293304,1709142567.401275448,1709142567.400852189,/rigid_bodies.rigidbodies[2].pose.position.z,0.18399460719580768
96.72830212,1709142567.411284264,1709142567.410751606,/rigid_bodies.rigidbodies[2].pose.position.z,0.18406449134989245
96.737982968,1709142567.420965112,1709142567.420698397,/rigid_bodies.rigidbodies[2].pose.position.z,0.18465531478226338
96.748424521,1709142567.431406665,1709142567.430850218,/rigid_bodies.rigidbodies[2].pose.position.z,0.18521073175251082
96.758382357,1709142567.441364501,1709142567.440998402,/rigid_bodies.rigidbodies[2].pose.position.z,0.18503671048331008
96.76863963,1709142567.451621774,1709142567.451090402,/rigid_bodies.rigidbodies[2].pose.position.z,0.18453697082303738
96.778009454,1709142567.460991598,1709142567.460620096,/rigid_bodies.rigidbodies[2].pose.position.z,0.18435641114739468
96.788250482,1709142567.471232626,1709142567.470834349,/rigid_bodies.rigidbodies[2].pose.position.z,0.18470781005871784
96.798428736,1709142567.481410880,1709142567.480931724,/rigid_bodies.rigidbodies[2].pose.position.z,0.18507433400136053
96.808446372,1709142567.491428516,1709142567.490956286,/rigid_bodies.rigidbodies[2].pose.position.z,0.18517691504603043
96.818023219,1709142567.501005363,1709142567.500643777,/rigid_bodies.rigidbodies[2].pose.position.z,0.18460046299184324
96.828878209,1709142567.511860353,1709142567.511374413,/rigid_bodies.rigidbodies[2].pose.position.z,0.1841773334741068
96.838264812,1709142567.521246956,1709142567.520763650,/rigid_bodies.rigidbodies[2].pose.position.z,0.18423594743959504
96.848010528,1709142567.530992672,1709142567.530623179,/rigid_bodies.rigidbodies[2].pose.position.z,0.18463708550689356
96.857698542,1709142567.540680686,1709142567.540350481,/rigid_bodies.rigidbodies[2].pose.position.z,0.18498559004613713
96.868680691,1709142567.551662835,1709142567.551130500,/rigid_bodies.rigidbodies[2].pose.position.z,0.18488612936202906
96.877670317,1709142567.560652461,1709142567.560276783,/rigid_bodies.rigidbodies[2].pose.position.z,0.1844562050601555
96.888095269,1709142567.571077413,1709142567.570645299,/rigid_bodies.rigidbodies[2].pose.position.z,0.18428017850771314
96.898362376,1709142567.581344520,1709142567.580841538,/rigid_bodies.rigidbodies[2].pose.position.z,0.18466658341136954
96.908018619,1709142567.591000763,1709142567.590585756,/rigid_bodies.rigidbodies[2].pose.position.z,0.18512804540690267
96.918188205,1709142567.601170349,1709142567.600843436,/rigid_bodies.rigidbodies[2].pose.position.z,0.18529210691174977
96.928279473,1709142567.611261617,1709142567.610746548,/rigid_bodies.rigidbodies[2].pose.position.z,0.18487975875953408
96.938404607,1709142567.621386751,1709142567.621053077,/rigid_bodies.rigidbodies[2].pose.position.z,0.1843764050164008
96.948293611,1709142567.631275755,1709142567.630792218,/rigid_bodies.rigidbodies[2].pose.position.z,0.18434371492943366
96.957772267,1709142567.640754411,1709142567.640160933,/rigid_bodies.rigidbodies[2].pose.position.z,0.18463201379907515
96.968292379,1709142567.651274523,1709142567.650791454,/rigid_bodies.rigidbodies[2].pose.position.z,0.18484181069229466
96.978044936,1709142567.661027080,1709142567.660526689,/rigid_bodies.rigidbodies[2].pose.position.z,0.18471893771898326
96.988665901,1709142567.671648045,1709142567.671036120,/rigid_bodies.rigidbodies[2].pose.position.z,0.18428111050062382
96.999127294,1709142567.682109438,1709142567.681552796,/rigid_bodies.rigidbodies[2].pose.position.z,0.18432733835975787
97.007703598,1709142567.690685742,1709142567.690377155,/rigid_bodies.rigidbodies[2].pose.position.z,0.18478997392412574
97.01835438,1709142567.701336524,1709142567.700871100,/rigid_bodies.rigidbodies[2].pose.position.z,0.18496458639415014
97.027326105,1709142567.710308249,1709142567.710119748,/rigid_bodies.rigidbodies[2].pose.position.z,0.18492216863494376
97.038232789,1709142567.721214933,1709142567.720758896,/rigid_bodies.rigidbodies[2].pose.position.z,0.18457976756641536
97.048484163,1709142567.731466307,1709142567.730896317,/rigid_bodies.rigidbodies[2].pose.position.z,0.18434070302165717
97.058674923,1709142567.741657067,1709142567.740927028,/rigid_bodies.rigidbodies[2].pose.position.z,0.18461221885674042
97.068052521,1709142567.751034665,1709142567.750590639,/rigid_bodies.rigidbodies[2].pose.position.z,0.1851161448594328
97.077946325,1709142567.760928469,1709142567.760424111,/rigid_bodies.rigidbodies[2].pose.position.z,0.1852394385583852
97.088534168,1709142567.771516312,1709142567.770851548,/rigid_bodies.rigidbodies[2].pose.position.z,0.1847113808052586
97.097766994,1709142567.780749138,1709142567.780223890,/rigid_bodies.rigidbodies[2].pose.position.z,0.18434836138159114
97.107628716,1709142567.790610860,1709142567.790211281,/rigid_bodies.rigidbodies[2].pose.position.z,0.18425685592196672
97.118498889,1709142567.801481033,1709142567.800769304,/rigid_bodies.rigidbodies[2].pose.position.z,0.18461430799408163
97.127914023,1709142567.810896167,1709142567.810413004,/rigid_bodies.rigidbodies[2].pose.position.z,0.1849601704346507
97.138003195,1709142567.820985339,1709142567.820679386,/rigid_bodies.rigidbodies[2].pose.position.z,0.18475419464660592
97.148425513,1709142567.831407657,1709142567.830826288,/rigid_bodies.rigidbodies[2].pose.position.z,0.18439610957003646
97.158239824,1709142567.841221968,1709142567.840741729,/rigid_bodies.rigidbodies[2].pose.position.z,0.18427314143884274
97.167995799,1709142567.850977943,1709142567.850546092,/rigid_bodies.rigidbodies[2].pose.position.z,0.18457428118233277
97.177776993,1709142567.860759137,1709142567.860221622,/rigid_bodies.rigidbodies[2].pose.position.z,0.18510562812781445
97.187778071,1709142567.870760215,1709142567.870066926,/rigid_bodies.rigidbodies[2].pose.position.z,0.18546547643315975
97.198101902,1709142567.881084046,1709142567.880637609,/rigid_bodies.rigidbodies[2].pose.position.z,0.18506866932247257
97.207602398,1709142567.890584542,1709142567.890122623,/rigid_bodies.rigidbodies[2].pose.position.z,0.18451052897477274
97.218195927,1709142567.901178071,1709142567.900794423,/rigid_bodies.rigidbodies[2].pose.position.z,0.18423659378570637
97.228260734,1709142567.911242878,1709142567.910879793,/rigid_bodies.rigidbodies[2].pose.position.z,0.18453323214100273
97.23793835,1709142567.920920494,1709142567.920698872,/rigid_bodies.rigidbodies[2].pose.position.z,0.18492632077156992
97.248120484,1709142567.931102628,1709142567.930810875,/rigid_bodies.rigidbodies[2].pose.position.z,0.184762353681523
97.257862577,1709142567.940844721,1709142567.940528836,/rigid_bodies.rigidbodies[2].pose.position.z,0.18425424767035492
97.268456315,1709142567.951438459,1709142567.951005357,/rigid_bodies.rigidbodies[2].pose.position.z,0.1841671867049868
97.278485216,1709142567.961467360,1709142567.961050877,/rigid_bodies.rigidbodies[2].pose.position.z,0.18453154375688163
97.288259616,1709142567.971241760,1709142567.970851793,/rigid_bodies.rigidbodies[2].pose.position.z,0.1850186295441517
97.297985267,1709142567.980967411,1709142567.980608015,/rigid_bodies.rigidbodies[2].pose.position.z,0.18512680593570402
97.308253575,1709142567.991235719,1709142567.990812705,/rigid_bodies.rigidbodies[2].pose.position.z,0.18478967647327585
97.318234857,1709142568.001217001,1709142568.000784980,/rigid_bodies.rigidbodies[2].pose.position.z,0.18452433808922314
97.3276776,1709142568.010659744,1709142568.010205935,/rigid_bodies.rigidbodies[2].pose.position.z,0.18454822550634017
97.338474251,1709142568.021456395,1709142568.020858322,/rigid_bodies.rigidbodies[2].pose.position.z,0.18478858351948035
97.348573093,1709142568.031555237,1709142568.031075487,/rigid_bodies.rigidbodies[2].pose.position.z,0.18505681639445132
97.357915653,1709142568.040897797,1709142568.040544072,/rigid_bodies.rigidbodies[2].pose.position.z,0.18482510386206805
97.367270245,1709142568.050252389,1709142568.049970544,/rigid_bodies.rigidbodies[2].pose.position.z,0.18424118008832668
97.378092119,1709142568.061074263,1709142568.060889111,/rigid_bodies.rigidbodies[2].pose.position.z,0.18419044041038524
97.387193283,1709142568.070175427,1709142568.069968120,/rigid_bodies.rigidbodies[2].pose.position.z,0.18453478931581477
97.397843253,1709142568.080825397,1709142568.080603161,/rigid_bodies.rigidbodies[2].pose.position.z,0.18493142478999747
97.408207502,1709142568.091189646,1709142568.091002307,/rigid_bodies.rigidbodies[2].pose.position.z,0.18518985366238389
97.417649838,1709142568.100631982,1709142568.100403901,/rigid_bodies.rigidbodies[2].pose.position.z,0.18480179400382896
97.427463439,1709142568.110445583,1709142568.110277238,/rigid_bodies.rigidbodies[2].pose.position.z,0.1843018259577403
97.437887783,1709142568.120869927,1709142568.120623920,/rigid_bodies.rigidbodies[2].pose.position.z,0.18441014969289085
97.448152199,1709142568.131134343,1709142568.130797918,/rigid_bodies.rigidbodies[2].pose.position.z,0.18491863955412424
97.458062555,1709142568.141044699,1709142568.140661287,/rigid_bodies.rigidbodies[2].pose.position.z,0.18504197258734073
97.468417743,1709142568.151399887,1709142568.150912588,/rigid_bodies.rigidbodies[2].pose.position.z,0.18480296831601936
97.478229472,1709142568.161211616,1709142568.160771945,/rigid_bodies.rigidbodies[2].pose.position.z,0.1843887574736097
97.487983506,1709142568.170965650,1709142568.170332482,/rigid_bodies.rigidbodies[2].pose.position.z,0.18420552570847887
97.498175338,1709142568.181157482,1709142568.180544091,/rigid_bodies.rigidbodies[2].pose.position.z,0.18455315487762056
97.50839678,1709142568.191378924,1709142568.190834756,/rigid_bodies.rigidbodies[2].pose.position.z,0.18493004880696198
97.518450306,1709142568.201432450,1709142568.200734089,/rigid_bodies.rigidbodies[2].pose.position.z,0.18505310995623347
97.52787984,1709142568.210861984,1709142568.210319831,/rigid_bodies.rigidbodies[2].pose.position.z,0.1848791128457318
97.537336976,1709142568.220319120,1709142568.219782973,/rigid_bodies.rigidbodies[2].pose.position.z,0.18451341988803593
97.547734734,1709142568.230716878,1709142568.230141318,/rigid_bodies.rigidbodies[2].pose.position.z,0.18454152402169036
97.557024715,1709142568.240006859,1709142568.239441583,/rigid_bodies.rigidbodies[2].pose.position.z,0.18491303983631197
97.567723386,1709142568.250705530,1709142568.250205257,/rigid_bodies.rigidbodies[2].pose.position.z,0.18488793507700127
97.577213236,1709142568.260195380,1709142568.259809347,/rigid_bodies.rigidbodies[2].pose.position.z,0.18451206514293342
97.588182149,1709142568.271164293,1709142568.270614095,/rigid_bodies.rigidbodies[2].pose.position.z,0.18411618096880286
97.598456891,1709142568.281439035,1709142568.280948086,/rigid_bodies.rigidbodies[2].pose.position.z,0.1842104568550785
97.607885935,1709142568.290868079,1709142568.290356075,/rigid_bodies.rigidbodies[2].pose.position.z,0.18473203606679686
97.618102369,1709142568.301084513,1709142568.300513924,/rigid_bodies.rigidbodies[2].pose.position.z,0.1853569002321381
97.62866077,1709142568.311642914,1709142568.310978663,/rigid_bodies.rigidbodies[2].pose.position.z,0.18529766834263567
97.637429125,1709142568.320411269,1709142568.319962402,/rigid_bodies.rigidbodies[2].pose.position.z,0.1847805936614881
97.648285884,1709142568.331268028,1709142568.330661385,/rigid_bodies.rigidbodies[2].pose.position.z,0.18448666327697846
97.657634358,1709142568.340616502,1709142568.340141005,/rigid_bodies.rigidbodies[2].pose.position.z,0.18459433836436748
97.66813197,1709142568.351114114,1709142568.350547204,/rigid_bodies.rigidbodies[2].pose.position.z,0.1849043445996757
97.677462851,1709142568.360444995,1709142568.359937734,/rigid_bodies.rigidbodies[2].pose.position.z,0.18509795440056037
97.687266179,1709142568.370248323,1709142568.369745110,/rigid_bodies.rigidbodies[2].pose.position.z,0.18448951073580708
97.697379312,1709142568.380361456,1709142568.379673860,/rigid_bodies.rigidbodies[2].pose.position.z,0.1840201656584257
97.707498943,1709142568.390481087,1709142568.390053617,/rigid_bodies.rigidbodies[2].pose.position.z,0.18421028576760418
97.717720689,1709142568.400702833,1709142568.400285705,/rigid_bodies.rigidbodies[2].pose.position.z,0.18475535583417535
97.728341979,1709142568.411324123,1709142568.410730871,/rigid_bodies.rigidbodies[2].pose.position.z,0.18531288429171763
97.737563328,1709142568.420545472,1709142568.419999502,/rigid_bodies.rigidbodies[2].pose.position.z,0.1853505699108256
97.747847785,1709142568.430829929,1709142568.430377526,/rigid_bodies.rigidbodies[2].pose.position.z,0.18480980114287535
97.756877341,1709142568.439859485,1709142568.439238594,/rigid_bodies.rigidbodies[2].pose.position.z,0.18444785556596704
97.767660774,1709142568.450642918,1709142568.450104023,/rigid_bodies.rigidbodies[2].pose.position.z,0.1845348734315509
97.777911429,1709142568.460893573,1709142568.460517939,/rigid_bodies.rigidbodies[2].pose.position.z,0.18490164265559303
97.787526899,1709142568.470509043,1709142568.470315564,/rigid_bodies.rigidbodies[2].pose.position.z,0.1850239005491649
97.798449451,1709142568.481431595,1709142568.481125799,/rigid_bodies.rigidbodies[2].pose.position.z,0.18474839914191524
97.807553003,1709142568.490535147,1709142568.490261557,/rigid_bodies.rigidbodies[2].pose.position.z,0.18435814829930464
97.817527913,1709142568.500510057,1709142568.500142396,/rigid_bodies.rigidbodies[2].pose.position.z,0.18445171509498645
97.827396558,1709142568.510378702,1709142568.509825389,/rigid_bodies.rigidbodies[2].pose.position.z,0.18467858399415626
97.838063112,1709142568.521045256,1709142568.520672408,/rigid_bodies.rigidbodies[2].pose.position.z,0.18486923011860099
97.848328461,1709142568.531310605,1709142568.530746812,/rigid_bodies.rigidbodies[2].pose.position.z,0.18497696269164837
97.858160549,1709142568.541142693,1709142568.540609573,/rigid_bodies.rigidbodies[2].pose.position.z,0.18456672721361161
97.867494513,1709142568.550476657,1709142568.549950733,/rigid_bodies.rigidbodies[2].pose.position.z,0.18436360205507146
97.878577983,1709142568.561560127,1709142568.561072945,/rigid_bodies.rigidbodies[2].pose.position.z,0.18467828850348575
97.88730201,1709142568.570284154,1709142568.569733405,/rigid_bodies.rigidbodies[2].pose.position.z,0.18503639297325555
97.897522078,1709142568.580504222,1709142568.580039887,/rigid_bodies.rigidbodies[2].pose.position.z,0.1850812033351228
97.907996079,1709142568.590978223,1709142568.590552726,/rigid_bodies.rigidbodies[2].pose.position.z,0.18471498367693356
97.918529523,1709142568.601511667,1709142568.600891046,/rigid_bodies.rigidbodies[2].pose.position.z,0.18436641628051173
97.927785715,1709142568.610767859,1709142568.610287387,/rigid_bodies.rigidbodies[2].pose.position.z,0.18456009038375115
97.938088306,1709142568.621070450,1709142568.620636192,/rigid_bodies.rigidbodies[2].pose.position.z,0.18498687847248702
97.947807435,1709142568.630789579,1709142568.630269410,/rigid_bodies.rigidbodies[2].pose.position.z,0.18516387491179728
97.957606837,1709142568.640588981,1709142568.640173041,/rigid_bodies.rigidbodies[2].pose.position.z,0.18482489472841684
97.968107676,1709142568.651089820,1709142568.650327198,/rigid_bodies.rigidbodies[2].pose.position.z,0.18429126353325473
97.977176427,1709142568.660158571,1709142568.659660910,/rigid_bodies.rigidbodies[2].pose.position.z,0.18421785906711882
97.987935687,1709142568.670917831,1709142568.670449698,/rigid_bodies.rigidbodies[2].pose.position.z,0.18448221567583167
97.99790761,1709142568.680889754,1709142568.680349996,/rigid_bodies.rigidbodies[2].pose.position.z,0.18506367045882777
98.007500991,1709142568.690483135,1709142568.690134215,/rigid_bodies.rigidbodies[2].pose.position.z,0.1851430340657355
98.018387027,1709142568.701369171,1709142568.700945602,/rigid_bodies.rigidbodies[2].pose.position.z,0.18467656960702344
98.028223713,1709142568.711205857,1709142568.710676781,/rigid_bodies.rigidbodies[2].pose.position.z,0.18428922209547355
98.037979532,1709142568.720961676,1709142568.720502586,/rigid_bodies.rigidbodies[2].pose.position.z,0.1843780028039591
98.048261459,1709142568.731243603,1709142568.730717623,/rigid_bodies.rigidbodies[2].pose.position.z,0.1850947876756571
98.058138647,1709142568.741120791,1709142568.740407065,/rigid_bodies.rigidbodies[2].pose.position.z,0.18530716844778167
98.068302972,1709142568.751285116,1709142568.750750916,/rigid_bodies.rigidbodies[2].pose.position.z,0.18497255681796282
98.07870198,1709142568.761684124,1709142568.761139774,/rigid_bodies.rigidbodies[2].pose.position.z,0.18440266529208854
98.088162481,1709142568.771144625,1709142568.770800861,/rigid_bodies.rigidbodies[2].pose.position.z,0.18428663374338622
98.097586604,1709142568.780568748,1709142568.780272956,/rigid_bodies.rigidbodies[2].pose.position.z,0.18461197571819044
98.106860761,1709142568.789842905,1709142568.789614300,/rigid_bodies.rigidbodies[2].pose.position.z,0.18489890100859524
98.117385474,1709142568.800367618,1709142568.800122509,/rigid_bodies.rigidbodies[2].pose.position.z,0.1848905498014707
98.127415417,1709142568.810397561,1709142568.810142750,/rigid_bodies.rigidbodies[2].pose.position.z,0.18447159796127066
98.137546349,1709142568.820528493,1709142568.820342878,/rigid_bodies.rigidbodies[2].pose.position.z,0.18434171254877685
98.147077227,1709142568.830059371,1709142568.829866080,/rigid_bodies.rigidbodies[2].pose.position.z,0.18460041446723802
98.15725293,1709142568.840235074,1709142568.840012489,/rigid_bodies.rigidbodies[2].pose.position.z,0.18513456477057139
98.167775867,1709142568.850758011,1709142568.850412269,/rigid_bodies.rigidbodies[2].pose.position.z,0.1854920460557785
98.177913509,1709142568.860895653,1709142568.860439772,/rigid_bodies.rigidbodies[2].pose.position.z,0.18501786586994007
98.188460258,1709142568.871442402,1709142568.870957335,/rigid_bodies.rigidbodies[2].pose.position.z,0.18442816482837696
98.198174462,1709142568.881156606,1709142568.880658614,/rigid_bodies.rigidbodies[2].pose.position.z,0.1843665384380558
98.20772721,1709142568.890709354,1709142568.890267796,/rigid_bodies.rigidbodies[2].pose.position.z,0.18459020247454355
98.218015317,1709142568.900997461,1709142568.900503949,/rigid_bodies.rigidbodies[2].pose.position.z,0.18484554241878096
98.227824131,1709142568.910806275,1709142568.910111247,/rigid_bodies.rigidbodies[2].pose.position.z,0.18471745673329332
98.238178963,1709142568.921161107,1709142568.920770229,/rigid_bodies.rigidbodies[2].pose.position.z,0.18419297477777202
98.24799392,1709142568.930976064,1709142568.930522990,/rigid_bodies.rigidbodies[2].pose.position.z,0.18423812708925952
98.258113076,1709142568.941095220,1709142568.940497038,/rigid_bodies.rigidbodies[2].pose.position.z,0.18479454127900216
98.268205234,1709142568.951187378,1709142568.950721807,/rigid_bodies.rigidbodies[2].pose.position.z,0.18529130818670617
98.278030551,1709142568.961012695,1709142568.960494277,/rigid_bodies.rigidbodies[2].pose.position.z,0.18536458617351026
98.287892279,1709142568.970874423,1709142568.970515411,/rigid_bodies.rigidbodies[2].pose.position.z,0.18489954930270064
98.298288133,1709142568.981270277,1709142568.980851338,/rigid_bodies.rigidbodies[2].pose.position.z,0.18433727771720929
98.307973123,1709142568.990955267,1709142568.990508991,/rigid_bodies.rigidbodies[2].pose.position.z,0.18431828616892837
98.319034306,1709142569.002016450,1709142569.001388614,/rigid_bodies.rigidbodies[2].pose.position.z,0.1847292243839204
98.327944063,1709142569.010926207,1709142569.010410288,/rigid_bodies.rigidbodies[2].pose.position.z,0.18501721905711854
98.338124688,1709142569.021106832,1709142569.020713130,/rigid_bodies.rigidbodies[2].pose.position.z,0.18477072772335812
98.348243913,1709142569.031226057,1709142569.030919791,/rigid_bodies.rigidbodies[2].pose.position.z,0.184407487014719
98.357741636,1709142569.040723780,1709142569.040436670,/rigid_bodies.rigidbodies[2].pose.position.z,0.18432480480721236
98.367722476,1709142569.050704620,1709142569.050479990,/rigid_bodies.rigidbodies[2].pose.position.z,0.18488373006175932
98.377490061,1709142569.060472205,1709142569.060280922,/rigid_bodies.rigidbodies[2].pose.position.z,0.1852326339977186
98.388116958,1709142569.071099102,1709142569.070808555,/rigid_bodies.rigidbodies[2].pose.position.z,0.18512905313123704
98.398255129,1709142569.081237273,1709142569.080897388,/rigid_bodies.rigidbodies[2].pose.position.z,0.1847212689323774
98.40851833,1709142569.091500474,1709142569.090971871,/rigid_bodies.rigidbodies[2].pose.position.z,0.18428842062572706
98.417670033,1709142569.100652177,1709142569.100249477,/rigid_bodies.rigidbodies[2].pose.position.z,0.1844074689348416
98.428507829,1709142569.111489973,1709142569.111028849,/rigid_bodies.rigidbodies[2].pose.position.z,0.18489930667085083
98.43806423,1709142569.121046374,1709142569.120603123,/rigid_bodies.rigidbodies[2].pose.position.z,0.18501197925671622
98.448112015,1709142569.131094159,1709142569.130704418,/rigid_bodies.rigidbodies[2].pose.position.z,0.18460829584586336
98.458286927,1709142569.141269071,1709142569.140751594,/rigid_bodies.rigidbodies[2].pose.position.z,0.1843022637247028
98.468454144,1709142569.151436288,1709142569.150957723,/rigid_bodies.rigidbodies[2].pose.position.z,0.18426191569371533
98.478358889,1709142569.161341033,1709142569.160926036,/rigid_bodies.rigidbodies[2].pose.position.z,0.1847148969674942
98.488270527,1709142569.171252671,1709142569.170818524,/rigid_bodies.rigidbodies[2].pose.position.z,0.18521372006607476
98.498367788,1709142569.181349932,1709142569.180906038,/rigid_bodies.rigidbodies[2].pose.position.z,0.18529150919721532
98.507824225,1709142569.190806369,1709142569.190502128,/rigid_bodies.rigidbodies[2].pose.position.z,0.18494666926691045
98.517995651,1709142569.200977795,1709142569.200451231,/rigid_bodies.rigidbodies[2].pose.position.z,0.1845130933687901
98.528220985,1709142569.211203129,1709142569.210582798,/rigid_bodies.rigidbodies[2].pose.position.z,0.18448525180748862
98.538461269,1709142569.221443413,1709142569.220956613,/rigid_bodies.rigidbodies[2].pose.position.z,0.18490659023677797
98.548700729,1709142569.231682873,1709142569.231233223,/rigid_bodies.rigidbodies[2].pose.position.z,0.18498101373484072
98.558335642,1709142569.241317786,1709142569.240772631,/rigid_bodies.rigidbodies[2].pose.position.z,0.18462872020155618
98.568410024,1709142569.251392168,1709142569.250785751,/rigid_bodies.rigidbodies[2].pose.position.z,0.18419598645294843
98.577959257,1709142569.260941401,1709142569.260426002,/rigid_bodies.rigidbodies[2].pose.position.z,0.18425675673630776
98.58886047,1709142569.271842614,1709142569.271128611,/rigid_bodies.rigidbodies[2].pose.position.z,0.18475670840432099
98.598551916,1709142569.281534060,1709142569.281030467,/rigid_bodies.rigidbodies[2].pose.position.z,0.18527696136390762
98.608066366,1709142569.291048510,1709142569.290524560,/rigid_bodies.rigidbodies[2].pose.position.z,0.18541664750576908
98.618914512,1709142569.301896656,1709142569.301151959,/rigid_bodies.rigidbodies[2].pose.position.z,0.18485719020084682
98.628263802,1709142569.311245946,1709142569.310611336,/rigid_bodies.rigidbodies[2].pose.position.z,0.184529547503077
98.638485344,1709142569.321467488,1709142569.320891493,/rigid_bodies.rigidbodies[2].pose.position.z,0.1844889473271978
98.649146018,1709142569.332128162,1709142569.331537598,/rigid_bodies.rigidbodies[2].pose.position.z,0.18462250184560638
98.65867578,1709142569.341657924,1709142569.341067632,/rigid_bodies.rigidbodies[2].pose.position.z,0.18496210243956446
98.668443008,1709142569.351425152,1709142569.350960590,/rigid_bodies.rigidbodies[2].pose.position.z,0.18480986277573275
98.678831812,1709142569.361813956,1709142569.361197432,/rigid_bodies.rigidbodies[2].pose.position.z,0.18431603707451102
98.688416263,1709142569.371398407,1709142569.370722129,/rigid_bodies.rigidbodies[2].pose.position.z,0.1844255387384606
98.698903778,1709142569.381885922,1709142569.381341997,/rigid_bodies.rigidbodies[2].pose.position.z,0.18491620212004994
98.70755305,1709142569.390535194,1709142569.390183742,/rigid_bodies.rigidbodies[2].pose.position.z,0.1852042017306286
98.718102874,1709142569.401085018,1709142569.400517332,/rigid_bodies.rigidbodies[2].pose.position.z,0.18511680913370296
98.728334361,1709142569.411316505,1709142569.410753941,/rigid_bodies.rigidbodies[2].pose.position.z,0.18462424150027174
98.738067948,1709142569.421050092,1709142569.420593187,/rigid_bodies.rigidbodies[2].pose.position.z,0.18435877448855373
98.748359215,1709142569.431341359,1709142569.430824122,/rigid_bodies.rigidbodies[2].pose.position.z,0.1846346777745829
98.758104347,1709142569.441086491,1709142569.440669028,/rigid_bodies.rigidbodies[2].pose.position.z,0.1848649019922404
98.768525068,1709142569.451507212,1709142569.450989112,/rigid_bodies.rigidbodies[2].pose.position.z,0.18492108154143827
98.777568834,1709142569.460550978,1709142569.460130300,/rigid_bodies.rigidbodies[2].pose.position.z,0.18471724253185273
98.788071277,1709142569.471053421,1709142569.470608274,/rigid_bodies.rigidbodies[2].pose.position.z,0.18435692428793038
98.798387004,1709142569.481369148,1709142569.480834227,/rigid_bodies.rigidbodies[2].pose.position.z,0.18446564448291175
98.808183822,1709142569.491165966,1709142569.490690694,/rigid_bodies.rigidbodies[2].pose.position.z,0.184733685864675
98.818621875,1709142569.501604019,1709142569.501124060,/rigid_bodies.rigidbodies[2].pose.position.z,0.1849856665180553
98.828618346,1709142569.511600490,1709142569.510943088,/rigid_bodies.rigidbodies[2].pose.position.z,0.18501400671462148
98.838318161,1709142569.521300305,1709142569.520853540,/rigid_bodies.rigidbodies[2].pose.position.z,0.18465950024985914
98.848395011,1709142569.531377155,1709142569.530888304,/rigid_bodies.rigidbodies[2].pose.position.z,0.18448503587836085
98.858100038,1709142569.541082182,1709142569.540551158,/rigid_bodies.rigidbodies[2].pose.position.z,0.1847595336256381
98.868232373,1709142569.551214517,1709142569.550785423,/rigid_bodies.rigidbodies[2].pose.position.z,0.1852106097641219
98.877978827,1709142569.560960971,1709142569.560482785,/rigid_bodies.rigidbodies[2].pose.position.z,0.1849742977895564
98.888486131,1709142569.571468275,1709142569.570927403,/rigid_bodies.rigidbodies[2].pose.position.z,0.1843554986866226
98.898568531,1709142569.581550675,1709142569.581055115,/rigid_bodies.rigidbodies[2].pose.position.z,0.1840491307942415
98.907891432,1709142569.590873576,1709142569.590510453,/rigid_bodies.rigidbodies[2].pose.position.z,0.18431591788926188
98.918199723,1709142569.601181867,1709142569.600780481,/rigid_bodies.rigidbodies[2].pose.position.z,0.18497243530800137
98.92848602,1709142569.611468164,1709142569.611006893,/rigid_bodies.rigidbodies[2].pose.position.z,0.18523148502900355
98.938255871,1709142569.621238015,1709142569.620804466,/rigid_bodies.rigidbodies[2].pose.position.z,0.18489809300979249
98.948465327,1709142569.631447471,1709142569.630903381,/rigid_bodies.rigidbodies[2].pose.position.z,0.18450939343269102
98.958447698,1709142569.641429842,1709142569.640852969,/rigid_bodies.rigidbodies[2].pose.position.z,0.18438087345732881
98.963755375,1709142569.646737519,1709142569.646295974,/rigid_bodies.rigidbodies[2].pose.position.z,0.1847270140697748
98.978373269,1709142569.661355413,1709142569.660878475,/rigid_bodies.rigidbodies[2].pose.position.z,0.18513460202010038
98.988623363,1709142569.671605507,1709142569.670939734,/rigid_bodies.rigidbodies[2].pose.position.z,0.18511188981802712
98.998296542,1709142569.681278686,1709142569.680916570,/rigid_bodies.rigidbodies[2].pose.position.z,0.18451015713422797
99.007888317,1709142569.690870461,1709142569.690488636,/rigid_bodies.rigidbodies[2].pose.position.z,0.18408947107657017
99.01847326,1709142569.701455404,1709142569.700886391,/rigid_bodies.rigidbodies[2].pose.position.z,0.18431301835930536
99.028633706,1709142569.711615850,1709142569.710987575,/rigid_bodies.rigidbodies[2].pose.position.z,0.18473340901506807
99.038294559,1709142569.721276703,1709142569.720800889,/rigid_bodies.rigidbodies[2].pose.position.z,0.185130491277124
99.048374544,1709142569.731356688,1709142569.730703008,/rigid_bodies.rigidbodies[2].pose.position.z,0.18490915783775894
99.058524185,1709142569.741506329,1709142569.740906755,/rigid_bodies.rigidbodies[2].pose.position.z,0.18444489434146016
99.068516048,1709142569.751498192,1709142569.750998716,/rigid_bodies.rigidbodies[2].pose.position.z,0.18447061332758785
99.078071061,1709142569.761053205,1709142569.760571007,/rigid_bodies.rigidbodies[2].pose.position.z,0.1847377862834499
99.088466669,1709142569.771448813,1709142569.770879326,/rigid_bodies.rigidbodies[2].pose.position.z,0.18503015302428752
99.098696066,1709142569.781678210,1709142569.781099015,/rigid_bodies.rigidbodies[2].pose.position.z,0.18504571809738632
99.108765987,1709142569.791748131,1709142569.791165131,/rigid_bodies.rigidbodies[2].pose.position.z,0.18463956802281506
99.118484701,1709142569.801466845,1709142569.800778516,/rigid_bodies.rigidbodies[2].pose.position.z,0.18428357930015649
99.128179563,1709142569.811161707,1709142569.810661833,/rigid_bodies.rigidbodies[2].pose.position.z,0.18445311017683608
99.138480494,1709142569.821462638,1709142569.820943244,/rigid_bodies.rigidbodies[2].pose.position.z,0.18482381645266485
99.1484751,1709142569.831457244,1709142569.830896403,/rigid_bodies.rigidbodies[2].pose.position.z,0.18511592964077722
99.157975299,1709142569.840957443,1709142569.840447175,/rigid_bodies.rigidbodies[2].pose.position.z,0.18499091687052358
99.168256717,1709142569.851238861,1709142569.850683231,/rigid_bodies.rigidbodies[2].pose.position.z,0.18445495615268506
99.177963161,1709142569.860945305,1709142569.860400900,/rigid_bodies.rigidbodies[2].pose.position.z,0.1844198739237729
99.187994918,1709142569.870977062,1709142569.870493919,/rigid_bodies.rigidbodies[2].pose.position.z,0.18472754715560333
99.198714026,1709142569.881696170,1709142569.880967078,/rigid_bodies.rigidbodies[2].pose.position.z,0.1849485195276561
99.207851748,1709142569.890833892,1709142569.890421085,/rigid_bodies.rigidbodies[2].pose.position.z,0.18496759991306605
99.218087272,1709142569.901069416,1709142569.900627130,/rigid_bodies.rigidbodies[2].pose.position.z,0.18463220725145835
99.229019287,1709142569.912001431,1709142569.911253972,/rigid_bodies.rigidbodies[2].pose.position.z,0.18439263795338678
99.238553136,1709142569.921535280,1709142569.920953545,/rigid_bodies.rigidbodies[2].pose.position.z,0.1846007315624441
99.248148164,1709142569.931130308,1709142569.930652576,/rigid_bodies.rigidbodies[2].pose.position.z,0.1849029888737327
99.258124461,1709142569.941106605,1709142569.940495394,/rigid_bodies.rigidbodies[2].pose.position.z,0.184980502105961
99.268211325,1709142569.951193469,1709142569.950759380,/rigid_bodies.rigidbodies[2].pose.position.z,0.18473102862072427
99.278291611,1709142569.961273755,1709142569.960792343,/rigid_bodies.rigidbodies[2].pose.position.z,0.18435708605711915
99.288498263,1709142569.971480407,1709142569.970721817,/rigid_bodies.rigidbodies[2].pose.position.z,0.18420973993907294
99.299036534,1709142569.982018678,1709142569.981268066,/rigid_bodies.rigidbodies[2].pose.position.z,0.1846318303720023
99.307810425,1709142569.990792569,1709142569.990440421,/rigid_bodies.rigidbodies[2].pose.position.z,0.18500188856537786
99.318262985,1709142570.001245129,1709142570.000711125,/rigid_bodies.rigidbodies[2].pose.position.z,0.1850324847900638
99.328429971,1709142570.011412115,1709142570.010687140,/rigid_bodies.rigidbodies[2].pose.position.z,0.18474702520966255
99.338058711,1709142570.021040855,1709142570.020654222,/rigid_bodies.rigidbodies[2].pose.position.z,0.18449252147100895
99.348036459,1709142570.031018603,1709142570.030629356,/rigid_bodies.rigidbodies[2].pose.position.z,0.18456484145994287
99.357827474,1709142570.040809618,1709142570.040501295,/rigid_bodies.rigidbodies[2].pose.position.z,0.18489614344931177
99.368278303,1709142570.051260447,1709142570.050931480,/rigid_bodies.rigidbodies[2].pose.position.z,0.18488312106701646
99.377237724,1709142570.060219868,1709142570.060015995,/rigid_bodies.rigidbodies[2].pose.position.z,0.18451923749535096
99.388042317,1709142570.071024461,1709142570.070715610,/rigid_bodies.rigidbodies[2].pose.position.z,0.18427267278302834
99.398370479,1709142570.081352623,1709142570.081033917,/rigid_bodies.rigidbodies[2].pose.position.z,0.18426309739029736
99.407786223,1709142570.090768367,1709142570.090585951,/rigid_bodies.rigidbodies[2].pose.position.z,0.18471192389187344
99.417969571,1709142570.100951715,1709142570.100633514,/rigid_bodies.rigidbodies[2].pose.position.z,0.1852670447447319
99.427811445,1709142570.110793589,1709142570.110488649,/rigid_bodies.rigidbodies[2].pose.position.z,0.18506816642990742
99.438477763,1709142570.121459907,1709142570.120890006,/rigid_bodies.rigidbodies[2].pose.position.z,0.18456283397211284
99.448947207,1709142570.131929351,1709142570.131309397,/rigid_bodies.rigidbodies[2].pose.position.z,0.1843712253539133
99.453940186,1709142570.136922330,1709142570.136420468,/rigid_bodies.rigidbodies[2].pose.position.z,0.18458010859863067
99.46848677,1709142570.151468914,1709142570.150979273,/rigid_bodies.rigidbodies[2].pose.position.z,0.1850467559608211
99.478753547,1709142570.161735691,1709142570.161259003,/rigid_bodies.rigidbodies[2].pose.position.z,0.18522449570766206
99.488315311,1709142570.171297455,1709142570.170715539,/rigid_bodies.rigidbodies[2].pose.position.z,0.1847655720475482
99.498541124,1709142570.181523268,1709142570.180971109,/rigid_bodies.rigidbodies[2].pose.position.z,0.1843066050311948
99.507940559,1709142570.190922703,1709142570.190521584,/rigid_bodies.rigidbodies[2].pose.position.z,0.18427713076859784
99.514425832,1709142570.197407976,1709142570.196768465,/rigid_bodies.rigidbodies[2].pose.position.z,0.18471530665952174
99.528420429,1709142570.211402573,1709142570.210873773,/rigid_bodies.rigidbodies[2].pose.position.z,0.1850749153720403
99.538267729,1709142570.221249873,1709142570.220766018,/rigid_bodies.rigidbodies[2].pose.position.z,0.1849079512742004
99.548298129,1709142570.231280273,1709142570.230807832,/rigid_bodies.rigidbodies[2].pose.position.z,0.18435778613676074
99.557836417,1709142570.240818561,1709142570.240462226,/rigid_bodies.rigidbodies[2].pose.position.z,0.18422211571628838
99.568814198,1709142570.251796342,1709142570.251339384,/rigid_bodies.rigidbodies[2].pose.position.z,0.18464689108250246
99.578325334,1709142570.261307478,1709142570.260798128,/rigid_bodies.rigidbodies[2].pose.position.z,0.18525292855568887
99.588446473,1709142570.271428617,1709142570.270861237,/rigid_bodies.rigidbodies[2].pose.position.z,0.18545620253306944
99.598659786,1709142570.281641930,1709142570.281074509,/rigid_bodies.rigidbodies[2].pose.position.z,0.18501708929167293
99.607908956,1709142570.290891100,1709142570.290376526,/rigid_bodies.rigidbodies[2].pose.position.z,0.1843204464451934
99.618753928,1709142570.301736072,1709142570.301205688,/rigid_bodies.rigidbodies[2].pose.position.z,0.18431440444379021
99.628312612,1709142570.311294756,1709142570.310557797,/rigid_bodies.rigidbodies[2].pose.position.z,0.18469598430225664
99.638536922,1709142570.321519066,1709142570.321081923,/rigid_bodies.rigidbodies[2].pose.position.z,0.18504578960191587
99.648768082,1709142570.331750226,1709142570.331104981,/rigid_bodies.rigidbodies[2].pose.position.z,0.18492390264010344
99.658215811,1709142570.341197955,1709142570.340518620,/rigid_bodies.rigidbodies[2].pose.position.z,0.1843743347826419
99.66821755,1709142570.351199694,1709142570.350759355,/rigid_bodies.rigidbodies[2].pose.position.z,0.1842749230808763
99.678217534,1709142570.361199678,1709142570.360660912,/rigid_bodies.rigidbodies[2].pose.position.z,0.1847225106931763
99.688773668,1709142570.371755812,1709142570.371090869,/rigid_bodies.rigidbodies[2].pose.position.z,0.18496705175322892
99.698946275,1709142570.381928419,1709142570.381370593,/rigid_bodies.rigidbodies[2].pose.position.z,0.18503074086799176
99.708371232,1709142570.391353376,1709142570.390839612,/rigid_bodies.rigidbodies[2].pose.position.z,0.1846332653966009
99.71882555,1709142570.401807694,1709142570.401229171,/rigid_bodies.rigidbodies[2].pose.position.z,0.18423829740419512
99.728437506,1709142570.411419650,1709142570.410933177,/rigid_bodies.rigidbodies[2].pose.position.z,0.1846082173348375
99.738292439,1709142570.421274583,1709142570.420817914,/rigid_bodies.rigidbodies[2].pose.position.z,0.18501263305445653
99.74894564,1709142570.431927784,1709142570.431304452,/rigid_bodies.rigidbodies[2].pose.position.z,0.18530568081850432
99.758331765,1709142570.441313909,1709142570.440641280,/rigid_bodies.rigidbodies[2].pose.position.z,0.18511636575582063
99.768172826,1709142570.451154970,1709142570.450643433,/rigid_bodies.rigidbodies[2].pose.position.z,0.1844043801274956
99.778081031,1709142570.461063175,1709142570.460512782,/rigid_bodies.rigidbodies[2].pose.position.z,0.184092660775136
99.788277904,1709142570.471260048,1709142570.470698687,/rigid_bodies.rigidbodies[2].pose.position.z,0.18453189576081952
99.798911874,1709142570.481894018,1709142570.481418540,/rigid_bodies.rigidbodies[2].pose.position.z,0.18497396508155475
99.807854965,1709142570.490837109,1709142570.490510598,/rigid_bodies.rigidbodies[2].pose.position.z,0.18490345411252113
99.818117328,1709142570.501099472,1709142570.500738285,/rigid_bodies.rigidbodies[2].pose.position.z,0.1846532915991467
99.827625998,1709142570.510608142,1709142570.510411363,/rigid_bodies.rigidbodies[2].pose.position.z,0.18437358036585538
99.837434372,1709142570.520416516,1709142570.520264651,/rigid_bodies.rigidbodies[2].pose.position.z,0.18454470932025446
99.847989651,1709142570.530971795,1709142570.530745745,/rigid_bodies.rigidbodies[2].pose.position.z,0.18515069099048567
99.858078806,1709142570.541060950,1709142570.540622993,/rigid_bodies.rigidbodies[2].pose.position.z,0.18521955967654904
99.868903786,1709142570.551885930,1709142570.551247039,/rigid_bodies.rigidbodies[2].pose.position.z,0.18484501549421675
99.878250347,1709142570.561232491,1709142570.560746943,/rigid_bodies.rigidbodies[2].pose.position.z,0.18448754558796995
99.888299128,1709142570.571281272,1709142570.570871127,/rigid_bodies.rigidbodies[2].pose.position.z,0.1843736628713505
99.898406854,1709142570.581388998,1709142570.580793561,/rigid_bodies.rigidbodies[2].pose.position.z,0.18482324685812168
99.90839195,1709142570.591374094,1709142570.590697254,/rigid_bodies.rigidbodies[2].pose.position.z,0.1853348383386607
99.918448089,1709142570.601430233,1709142570.600968404,/rigid_bodies.rigidbodies[2].pose.position.z,0.1851922561741032
99.928179618,1709142570.611161762,1709142570.610653398,/rigid_bodies.rigidbodies[2].pose.position.z,0.1847343470607871
99.938462337,1709142570.621444481,1709142570.620862169,/rigid_bodies.rigidbodies[2].pose.position.z,0.18440623756007346
99.949305676,1709142570.632287820,1709142570.631799764,/rigid_bodies.rigidbodies[2].pose.position.z,0.1844091920333975
99.958035027,1709142570.641017171,1709142570.640539061,/rigid_bodies.rigidbodies[2].pose.position.z,0.1848173290584471
99.968490657,1709142570.651472801,1709142570.650820865,/rigid_bodies.rigidbodies[2].pose.position.z,0.18485556460582772
99.978464203,1709142570.661446347,1709142570.661000341,/rigid_bodies.rigidbodies[2].pose.position.z,0.18437832620431796
99.988763363,1709142570.671745507,1709142570.671082476,/rigid_bodies.rigidbodies[2].pose.position.z,0.18421343061529588
99.998378417,1709142570.681360561,1709142570.680787799,/rigid_bodies.rigidbodies[2].pose.position.z,0.1844123025298728
100.007947994,1709142570.690930138,1709142570.690592755,/rigid_bodies.rigidbodies[2].pose.position.z,0.18487726146393382
100.018078146,1709142570.701060290,1709142570.700567070,/rigid_bodies.rigidbodies[2].pose.position.z,0.18535648555471507
100.028657618,1709142570.711639762,1709142570.711036185,/rigid_bodies.rigidbodies[2].pose.position.z,0.18517195293568917
100.03818785,1709142570.721169994,1709142570.720639560,/rigid_bodies.rigidbodies[2].pose.position.z,0.18449507739051219
100.048356911,1709142570.731339055,1709142570.730746016,/rigid_bodies.rigidbodies[2].pose.position.z,0.18446133799673572
100.058370619,1709142570.741352763,1709142570.740699345,/rigid_bodies.rigidbodies[2].pose.position.z,0.1847417550511461
100.06785558,1709142570.750837724,1709142570.750511825,/rigid_bodies.rigidbodies[2].pose.position.z,0.18512225141474875
100.078401201,1709142570.761383345,1709142570.760887101,/rigid_bodies.rigidbodies[2].pose.position.z,0.18528223485186865
100.088389782,1709142570.771371926,1709142570.770799014,/rigid_bodies.rigidbodies[2].pose.position.z,0.1846484225878209
100.098142636,1709142570.781124780,1709142570.780539927,/rigid_bodies.rigidbodies[2].pose.position.z,0.18401502361412847
100.108643481,1709142570.791625625,1709142570.791158746,/rigid_bodies.rigidbodies[2].pose.position.z,0.18409042001252454
100.118343972,1709142570.801326116,1709142570.800693029,/rigid_bodies.rigidbodies[2].pose.position.z,0.1845449424309492
100.128907843,1709142570.811889987,1709142570.811172696,/rigid_bodies.rigidbodies[2].pose.position.z,0.18521055939375256
100.138571085,1709142570.821553229,1709142570.821000216,/rigid_bodies.rigidbodies[2].pose.position.z,0.18502425906558548
100.148317087,1709142570.831299231,1709142570.830732070,/rigid_bodies.rigidbodies[2].pose.position.z,0.184499928731211
100.158387142,1709142570.841369286,1709142570.840802586,/rigid_bodies.rigidbodies[2].pose.position.z,0.18443860915570648
100.168529148,1709142570.851511292,1709142570.850969478,/rigid_bodies.rigidbodies[2].pose.position.z,0.18501933613579305
100.178251305,1709142570.861233449,1709142570.860595251,/rigid_bodies.rigidbodies[2].pose.position.z,0.18533246182981286
100.188033605,1709142570.871015749,1709142570.870612390,/rigid_bodies.rigidbodies[2].pose.position.z,0.18528148903501945
100.198588802,1709142570.881570946,1709142570.881045730,/rigid_bodies.rigidbodies[2].pose.position.z,0.1847234925586573
100.207872021,1709142570.890854165,1709142570.890425832,/rigid_bodies.rigidbodies[2].pose.position.z,0.184008952373749
100.218832342,1709142570.901814486,1709142570.901256899,/rigid_bodies.rigidbodies[2].pose.position.z,0.18412452939361887
100.228419509,1709142570.911401653,1709142570.911075302,/rigid_bodies.rigidbodies[2].pose.position.z,0.18466096630733034
100.238400159,1709142570.921382303,1709142570.920823430,/rigid_bodies.rigidbodies[2].pose.position.z,0.18500296025675156
100.248610966,1709142570.931593110,1709142570.931048825,/rigid_bodies.rigidbodies[2].pose.position.z,0.18498252619929523
100.25793829,1709142570.940920434,1709142570.940556300,/rigid_bodies.rigidbodies[2].pose.position.z,0.18452102470006423
100.268678727,1709142570.951660871,1709142570.951188259,/rigid_bodies.rigidbodies[2].pose.position.z,0.18438397486925906
100.278332176,1709142570.961314320,1709142570.960933556,/rigid_bodies.rigidbodies[2].pose.position.z,0.1847625610678722
100.288391071,1709142570.971373215,1709142570.970929288,/rigid_bodies.rigidbodies[2].pose.position.z,0.18499913725049597
100.299496966,1709142570.982479110,1709142570.981629537,/rigid_bodies.rigidbodies[2].pose.position.z,0.18494490903238867
100.308291118,1709142570.991273262,1709142570.990673774,/rigid_bodies.rigidbodies[2].pose.position.z,0.18454550220823834
100.318217717,1709142571.001199861,1709142571.000723291,/rigid_bodies.rigidbodies[2].pose.position.z,0.18421393606913394
100.328210118,1709142571.011192262,1709142571.010761655,/rigid_bodies.rigidbodies[2].pose.position.z,0.18463102336609613
100.338586597,1709142571.021568741,1709142571.021046437,/rigid_bodies.rigidbodies[2].pose.position.z,0.1853359536631906
100.348337971,1709142571.031320115,1709142571.030802650,/rigid_bodies.rigidbodies[2].pose.position.z,0.1854490089851871
100.358679166,1709142571.041661310,1709142571.040945875,/rigid_bodies.rigidbodies[2].pose.position.z,0.1849720565373774
100.368403734,1709142571.051385878,1709142571.050807227,/rigid_bodies.rigidbodies[2].pose.position.z,0.1842669258229064
100.378359388,1709142571.061341532,1709142571.060885915,/rigid_bodies.rigidbodies[2].pose.position.z,0.18400655490125503
100.388319204,1709142571.071301348,1709142571.070872538,/rigid_bodies.rigidbodies[2].pose.position.z,0.1845776000453152
100.397980778,1709142571.080962922,1709142571.080525418,/rigid_bodies.rigidbodies[2].pose.position.z,0.1849944679720486
100.40779868,1709142571.090780824,1709142571.090476209,/rigid_bodies.rigidbodies[2].pose.position.z,0.18493940131228656
100.417903426,1709142571.100885570,1709142571.100590418,/rigid_bodies.rigidbodies[2].pose.position.z,0.18444454860877868
100.427739718,1709142571.110721862,1709142571.110326787,/rigid_bodies.rigidbodies[2].pose.position.z,0.18437089264376064
100.438134611,1709142571.121116755,1709142571.120643549,/rigid_bodies.rigidbodies[2].pose.position.z,0.18453299006412233
100.448414411,1709142571.131396555,1709142571.130724061,/rigid_bodies.rigidbodies[2].pose.position.z,0.18498298153844459
100.458169463,1709142571.141151607,1709142571.140489813,/rigid_bodies.rigidbodies[2].pose.position.z,0.18515714516133258
100.468437207,1709142571.151419351,1709142571.150835788,/rigid_bodies.rigidbodies[2].pose.position.z,0.18465774162708698
100.478519053,1709142571.161501197,1709142571.160988799,/rigid_bodies.rigidbodies[2].pose.position.z,0.18426612287451052
100.488446592,1709142571.171428736,1709142571.170756874,/rigid_bodies.rigidbodies[2].pose.position.z,0.18442795216424038
100.498454095,1709142571.181436239,1709142571.180989304,/rigid_bodies.rigidbodies[2].pose.position.z,0.18480177336909132
100.508133976,1709142571.191116120,1709142571.190616751,/rigid_bodies.rigidbodies[2].pose.position.z,0.18541468708148526
100.51851095,1709142571.201493094,1709142571.200953659,/rigid_bodies.rigidbodies[2].pose.position.z,0.1851643714656095
100.528492724,1709142571.211474868,1709142571.211086516,/rigid_bodies.rigidbodies[2].pose.position.z,0.1845381075896831
100.538378974,1709142571.221361118,1709142571.220780005,/rigid_bodies.rigidbodies[2].pose.position.z,0.1841823046527201
100.548790708,1709142571.231772852,1709142571.231189212,/rigid_bodies.rigidbodies[2].pose.position.z,0.1842943545879686
100.55826827,1709142571.241250414,1709142571.240766529,/rigid_bodies.rigidbodies[2].pose.position.z,0.18469015457438256
100.568089133,1709142571.251071277,1709142571.250653469,/rigid_bodies.rigidbodies[2].pose.position.z,0.1848403318085341
100.578400368,1709142571.261382512,1709142571.260877403,/rigid_bodies.rigidbodies[2].pose.position.z,0.1845903070296709
100.588701529,1709142571.271683673,1709142571.271164647,/rigid_bodies.rigidbodies[2].pose.position.z,0.18430625894959404
100.598924002,1709142571.281906146,1709142571.281525749,/rigid_bodies.rigidbodies[2].pose.position.z,0.18466347499929295
100.607854791,1709142571.290836935,1709142571.290469678,/rigid_bodies.rigidbodies[2].pose.position.z,0.18514243589590196
100.61831201,1709142571.301294154,1709142571.300788540,/rigid_bodies.rigidbodies[2].pose.position.z,0.18522322313114997
100.628345589,1709142571.311327733,1709142571.311031477,/rigid_bodies.rigidbodies[2].pose.position.z,0.1850880715631484
100.638192811,1709142571.321174955,1709142571.320630565,/rigid_bodies.rigidbodies[2].pose.position.z,0.1844904536176741
100.648332745,1709142571.331314889,1709142571.330888770,/rigid_bodies.rigidbodies[2].pose.position.z,0.18426305269954915
100.657887416,1709142571.340869560,1709142571.340452280,/rigid_bodies.rigidbodies[2].pose.position.z,0.18461690867594133
100.668499471,1709142571.351481615,1709142571.351013925,/rigid_bodies.rigidbodies[2].pose.position.z,0.184892061277405
100.678049752,1709142571.361031896,1709142571.360652869,/rigid_bodies.rigidbodies[2].pose.position.z,0.18486405933270522
100.688100638,1709142571.371082782,1709142571.370729130,/rigid_bodies.rigidbodies[2].pose.position.z,0.18451552174564959
100.698649221,1709142571.381631365,1709142571.381176078,/rigid_bodies.rigidbodies[2].pose.position.z,0.18406594681349253
100.708272658,1709142571.391254802,1709142571.390819576,/rigid_bodies.rigidbodies[2].pose.position.z,0.18434924003822312
100.718047408,1709142571.401029552,1709142571.400722794,/rigid_bodies.rigidbodies[2].pose.position.z,0.18485576226037823
100.728292956,1709142571.411275100,1709142571.410829222,/rigid_bodies.rigidbodies[2].pose.position.z,0.18520785097985834
100.738132467,1709142571.421114611,1709142571.420800449,/rigid_bodies.rigidbodies[2].pose.position.z,0.18490184070175963
100.748344805,1709142571.431326949,1709142571.431012360,/rigid_bodies.rigidbodies[2].pose.position.z,0.18445330511800556
100.757940986,1709142571.440923130,1709142571.440525255,/rigid_bodies.rigidbodies[2].pose.position.z,0.18440763249450295
100.768188037,1709142571.451170181,1709142571.450682801,/rigid_bodies.rigidbodies[2].pose.position.z,0.18494730050016034
100.778113406,1709142571.461095550,1709142571.460780167,/rigid_bodies.rigidbodies[2].pose.position.z,0.18520058941784004
100.788185608,1709142571.471167752,1709142571.470803274,/rigid_bodies.rigidbodies[2].pose.position.z,0.18518450572802622
100.798808284,1709142571.481790428,1709142571.481205661,/rigid_bodies.rigidbodies[2].pose.position.z,0.18459548952410432
100.808004305,1709142571.490986449,1709142571.490628955,/rigid_bodies.rigidbodies[2].pose.position.z,0.18410973364588942
100.818018418,1709142571.501000562,1709142571.500561601,/rigid_bodies.rigidbodies[2].pose.position.z,0.18422996865824162
100.828004533,1709142571.510986677,1709142571.510550855,/rigid_bodies.rigidbodies[2].pose.position.z,0.1847953823879563
100.838087454,1709142571.521069598,1709142571.520747920,/rigid_bodies.rigidbodies[2].pose.position.z,0.1850898223832194
100.848369751,1709142571.531351895,1709142571.530801154,/rigid_bodies.rigidbodies[2].pose.position.z,0.18481828769404549
100.857876869,1709142571.540859013,1709142571.540357518,/rigid_bodies.rigidbodies[2].pose.position.z,0.18447792660445717
100.86366979,1709142571.546651934,1709142571.546241419,/rigid_bodies.rigidbodies[2].pose.position.z,0.1843387102235448
100.878087415,1709142571.561069559,1709142571.560567894,/rigid_bodies.rigidbodies[2].pose.position.z,0.1846873455809271
100.888374143,1709142571.571356287,1709142571.570804667,/rigid_bodies.rigidbodies[2].pose.position.z,0.18501723077341187
100.898323088,1709142571.581305232,1709142571.580814638,/rigid_bodies.rigidbodies[2].pose.position.z,0.18502420596521887
100.908172217,1709142571.591154361,1709142571.590666794,/rigid_bodies.rigidbodies[2].pose.position.z,0.18447831741024903
100.918365857,1709142571.601348001,1709142571.600873488,/rigid_bodies.rigidbodies[2].pose.position.z,0.18418431859404583
100.928206188,1709142571.611188332,1709142571.610792595,/rigid_bodies.rigidbodies[2].pose.position.z,0.18445608693163493
100.93838513,1709142571.621367274,1709142571.620914655,/rigid_bodies.rigidbodies[2].pose.position.z,0.1849757060511284
100.947909435,1709142571.630891579,1709142571.630514442,/rigid_bodies.rigidbodies[2].pose.position.z,0.1852123426432428
100.958090118,1709142571.641072262,1709142571.640509015,/rigid_bodies.rigidbodies[2].pose.position.z,0.18493768611614994
100.968281267,1709142571.651263411,1709142571.650758672,/rigid_bodies.rigidbodies[2].pose.position.z,0.18449046233409055
100.978198009,1709142571.661180153,1709142571.660692727,/rigid_bodies.rigidbodies[2].pose.position.z,0.1842582025328213
100.98794759,1709142571.670929734,1709142571.670575451,/rigid_bodies.rigidbodies[2].pose.position.z,0.18464531369945172
100.998293405,1709142571.681275549,1709142571.680777555,/rigid_bodies.rigidbodies[2].pose.position.z,0.18478773555097708
101.007953425,1709142571.690935569,1709142571.690514385,/rigid_bodies.rigidbodies[2].pose.position.z,0.1848059508810977
101.018317533,1709142571.701299677,1709142571.700807542,/rigid_bodies.rigidbodies[2].pose.position.z,0.18451877496401223
101.027936916,1709142571.710919060,1709142571.710536764,/rigid_bodies.rigidbodies[2].pose.position.z,0.18428790865451136
101.038189492,1709142571.721171636,1709142571.720686601,/rigid_bodies.rigidbodies[2].pose.position.z,0.18457121610100424
101.048101669,1709142571.731083813,1709142571.730535389,/rigid_bodies.rigidbodies[2].pose.position.z,0.1850713467853798
101.057983245,1709142571.740965389,1709142571.740396079,/rigid_bodies.rigidbodies[2].pose.position.z,0.1851194302335022
101.068819608,1709142571.751801752,1709142571.751300178,/rigid_bodies.rigidbodies[2].pose.position.z,0.18496606550498246
101.078402307,1709142571.761384451,1709142571.760865180,/rigid_bodies.rigidbodies[2].pose.position.z,0.18451018157487858
101.088474335,1709142571.771456479,1709142571.770885980,/rigid_bodies.rigidbodies[2].pose.position.z,0.1844279200875202
101.098880689,1709142571.781862833,1709142571.781258165,/rigid_bodies.rigidbodies[2].pose.position.z,0.1847084738398461
101.107947978,1709142571.790930122,1709142571.790550841,/rigid_bodies.rigidbodies[2].pose.position.z,0.18508530813202886
101.118314611,1709142571.801296755,1709142571.800757879,/rigid_bodies.rigidbodies[2].pose.position.z,0.18483622611227443
101.128548321,1709142571.811530465,1709142571.811005709,/rigid_bodies.rigidbodies[2].pose.position.z,0.18448079074662704
101.138274401,1709142571.821256545,1709142571.820723247,/rigid_bodies.rigidbodies[2].pose.position.z,0.1842457867543996
101.148523275,1709142571.831505419,1709142571.830936709,/rigid_bodies.rigidbodies[2].pose.position.z,0.18443359680440932
101.158485009,1709142571.841467153,1709142571.840751006,/rigid_bodies.rigidbodies[2].pose.position.z,0.18480389181670157
101.168196131,1709142571.851178275,1709142571.850657934,/rigid_bodies.rigidbodies[2].pose.position.z,0.18488854306195537
101.178341526,1709142571.861323670,1709142571.860802698,/rigid_bodies.rigidbodies[2].pose.position.z,0.18480472444698973
101.188333754,1709142571.871315898,1709142571.870730816,/rigid_bodies.rigidbodies[2].pose.position.z,0.18448181510773173
101.198579141,1709142571.881561285,1709142571.880897625,/rigid_bodies.rigidbodies[2].pose.position.z,0.1846721150059701
101.208098544,1709142571.891080688,1709142571.890701076,/rigid_bodies.rigidbodies[2].pose.position.z,0.18504530972675698
101.218718003,1709142571.901700147,1709142571.901200793,/rigid_bodies.rigidbodies[2].pose.position.z,0.18521967605416995
101.227816097,1709142571.910798241,1709142571.910414664,/rigid_bodies.rigidbodies[2].pose.position.z,0.1849449532599201
101.238198535,1709142571.921180679,1709142571.920809973,/rigid_bodies.rigidbodies[2].pose.position.z,0.1843830273561859
101.248668635,1709142571.931650779,1709142571.931138783,/rigid_bodies.rigidbodies[2].pose.position.z,0.18410313045198665
101.258203094,1709142571.941185238,1709142571.940590195,/rigid_bodies.rigidbodies[2].pose.position.z,0.18425248891139315
101.268301785,1709142571.951283929,1709142571.950792458,/rigid_bodies.rigidbodies[2].pose.position.z,0.1848255791328877
101.274282928,1709142571.957265072,1709142571.956634113,/rigid_bodies.rigidbodies[2].pose.position.z,0.18503249717251838
101.288331334,1709142571.971313478,1709142571.970787186,/rigid_bodies.rigidbodies[2].pose.position.z,0.18476455987215512
101.298513209,1709142571.981495353,1709142571.980974448,/rigid_bodies.rigidbodies[2].pose.position.z,0.18441064858340492
101.308279222,1709142571.991261366,1709142571.990677821,/rigid_bodies.rigidbodies[2].pose.position.z,0.18448878803261556
101.318692914,1709142572.001675058,1709142572.001160195,/rigid_bodies.rigidbodies[2].pose.position.z,0.1848031492963176
101.328067761,1709142572.011049905,1709142572.010725556,/rigid_bodies.rigidbodies[2].pose.position.z,0.18524258790747483
101.338237462,1709142572.021219606,1709142572.020801272,/rigid_bodies.rigidbodies[2].pose.position.z,0.18501301901482087
101.348401127,1709142572.031383271,1709142572.030909146,/rigid_bodies.rigidbodies[2].pose.position.z,0.1844626085240989
101.35775635,1709142572.040738494,1709142572.040443644,/rigid_bodies.rigidbodies[2].pose.position.z,0.18421171894393562
101.368060904,1709142572.051043048,1709142572.050753712,/rigid_bodies.rigidbodies[2].pose.position.z,0.18458352037967954
101.377676069,1709142572.060658213,1709142572.060469457,/rigid_bodies.rigidbodies[2].pose.position.z,0.1849170196334371
101.387771072,1709142572.070753216,1709142572.070533223,/rigid_bodies.rigidbodies[2].pose.position.z,0.18523033638819178
101.397881936,1709142572.080864080,1709142572.080588563,/rigid_bodies.rigidbodies[2].pose.position.z,0.18485070398212988
101.407662354,1709142572.090644498,1709142572.090482803,/rigid_bodies.rigidbodies[2].pose.position.z,0.18428974113469018
101.41772416,1709142572.100706304,1709142572.100507365,/rigid_bodies.rigidbodies[2].pose.position.z,0.18447335225338635
101.427887485,1709142572.110869629,1709142572.110660188,/rigid_bodies.rigidbodies[2].pose.position.z,0.18484201070613548
101.438123193,1709142572.121105337,1709142572.120756817,/rigid_bodies.rigidbodies[2].pose.position.z,0.1851423508063506
101.448088664,1709142572.131070808,1709142572.130735580,/rigid_bodies.rigidbodies[2].pose.position.z,0.1851120606977331
101.457975693,1709142572.140957837,1709142572.140527245,/rigid_bodies.rigidbodies[2].pose.position.z,0.18464763612753618
101.468263901,1709142572.151246045,1709142572.150798623,/rigid_bodies.rigidbodies[2].pose.position.z,0.18439876099995717
101.478447636,1709142572.161429780,1709142572.161006461,/rigid_bodies.rigidbodies[2].pose.position.z,0.18447754952963755
101.486729883,1709142572.169712027,1709142572.169262830,/rigid_bodies.rigidbodies[2].pose.position.z,0.18475100126729718
101.498263704,1709142572.181245848,1709142572.180769250,/rigid_bodies.rigidbodies[2].pose.position.z,0.1847057409662402
101.508285672,1709142572.191267816,1709142572.190821281,/rigid_bodies.rigidbodies[2].pose.position.z,0.18447003553580246
101.518343229,1709142572.201325373,1709142572.200741731,/rigid_bodies.rigidbodies[2].pose.position.z,0.1843574931458887
101.527922024,1709142572.210904168,1709142572.210451091,/rigid_bodies.rigidbodies[2].pose.position.z,0.1846230452830302
101.53828605,1709142572.221268194,1709142572.220772625,/rigid_bodies.rigidbodies[2].pose.position.z,0.1850943451925498
101.548013893,1709142572.230996037,1709142572.230628488,/rigid_bodies.rigidbodies[2].pose.position.z,0.1853495341271386
101.55807899,1709142572.241061134,1709142572.240572974,/rigid_bodies.rigidbodies[2].pose.position.z,0.18514617848792736
101.568785535,1709142572.251767679,1709142572.251206493,/rigid_bodies.rigidbodies[2].pose.position.z,0.18477224981843887
101.578884947,1709142572.261867091,1709142572.261263357,/rigid_bodies.rigidbodies[2].pose.position.z,0.18445946932036011
101.58839012,1709142572.271372264,1709142572.270872103,/rigid_bodies.rigidbodies[2].pose.position.z,0.18452609746225115
101.598681862,1709142572.281664006,1709142572.281013832,/rigid_bodies.rigidbodies[2].pose.position.z,0.18478890611746165
101.608072315,1709142572.291054459,1709142572.290625736,/rigid_bodies.rigidbodies[2].pose.position.z,0.18451459854555868
101.618327046,1709142572.301309190,1709142572.300835574,/rigid_bodies.rigidbodies[2].pose.position.z,0.18435766714214102
101.628001884,1709142572.310984028,1709142572.310621462,/rigid_bodies.rigidbodies[2].pose.position.z,0.1842151175362166
101.638096478,1709142572.321078622,1709142572.320670279,/rigid_bodies.rigidbodies[2].pose.position.z,0.1844243950379641
101.648171269,1709142572.331153413,1709142572.330717257,/rigid_bodies.rigidbodies[2].pose.position.z,0.18492081888404718
101.658375474,1709142572.341357618,1709142572.340823892,/rigid_bodies.rigidbodies[2].pose.position.z,0.18517215532873635
101.66848305,1709142572.351465194,1709142572.350853302,/rigid_bodies.rigidbodies[2].pose.position.z,0.18502644178540348
101.678551219,1709142572.361533363,1709142572.360969097,/rigid_bodies.rigidbodies[2].pose.position.z,0.18473330835374735
101.688472669,1709142572.371454813,1709142572.371017402,/rigid_bodies.rigidbodies[2].pose.position.z,0.1847590437122402
101.698576066,1709142572.381558210,1709142572.381002210,/rigid_bodies.rigidbodies[2].pose.position.z,0.18480418629431603
101.708456256,1709142572.391438400,1709142572.390848581,/rigid_bodies.rigidbodies[2].pose.position.z,0.1848999025896445
101.71805033,1709142572.401032474,1709142572.400524541,/rigid_bodies.rigidbodies[2].pose.position.z,0.1848179467671888
101.728452889,1709142572.411435033,1709142572.410866196,/rigid_bodies.rigidbodies[2].pose.position.z,0.18437103366976706
101.738550793,1709142572.421532937,1709142572.420980879,/rigid_bodies.rigidbodies[2].pose.position.z,0.1841332383870639
101.748470103,1709142572.431452247,1709142572.431070792,/rigid_bodies.rigidbodies[2].pose.position.z,0.18432751814494622
101.753793675,1709142572.436775819,1709142572.436403637,/rigid_bodies.rigidbodies[2].pose.position.z,0.18469674702590344
101.7682799,1709142572.451262044,1709142572.450786291,/rigid_bodies.rigidbodies[2].pose.position.z,0.18502183945023568
101.778293258,1709142572.461275402,1709142572.460875356,/rigid_bodies.rigidbodies[2].pose.position.z,0.18519823596370028
101.788330413,1709142572.471312557,1709142572.470859135,/rigid_bodies.rigidbodies[2].pose.position.z,0.184808683877373
101.799038449,1709142572.482020593,1709142572.481444885,/rigid_bodies.rigidbodies[2].pose.position.z,0.18463953789501533
101.808245518,1709142572.491227662,1709142572.490632869,/rigid_bodies.rigidbodies[2].pose.position.z,0.18465066409366926
101.818547623,1709142572.501529767,1709142572.500922814,/rigid_bodies.rigidbodies[2].pose.position.z,0.18472089348798854
101.828494122,1709142572.511476266,1709142572.510883950,/rigid_bodies.rigidbodies[2].pose.position.z,0.18479629676750975
101.833631475,1709142572.516613619,1709142572.516281716,/rigid_bodies.rigidbodies[2].pose.position.z,0.18453441121998543
101.847949037,1709142572.530931181,1709142572.530761267,/rigid_bodies.rigidbodies[2].pose.position.z,0.1842343729581884
101.857421718,1709142572.540403862,1709142572.540110507,/rigid_bodies.rigidbodies[2].pose.position.z,0.18435989253373183
101.868328806,1709142572.551310950,1709142572.550872851,/rigid_bodies.rigidbodies[2].pose.position.z,0.18476396375452095
101.878179297,1709142572.561161441,1709142572.560618671,/rigid_bodies.rigidbodies[2].pose.position.z,0.18510068718256772
101.888549404,1709142572.571531548,1709142572.570825005,/rigid_bodies.rigidbodies[2].pose.position.z,0.18510657235344646
101.894156021,1709142572.577138165,1709142572.576524545,/rigid_bodies.rigidbodies[2].pose.position.z,0.1847760099375324
101.908181152,1709142572.591163296,1709142572.590642309,/rigid_bodies.rigidbodies[2].pose.position.z,0.18454812861310796
101.918357339,1709142572.601339483,1709142572.600737811,/rigid_bodies.rigidbodies[2].pose.position.z,0.1845737592408622
101.928488418,1709142572.611470562,1709142572.610836242,/rigid_bodies.rigidbodies[2].pose.position.z,0.18469479323355895
101.938236058,1709142572.621218202,1709142572.620754246,/rigid_bodies.rigidbodies[2].pose.position.z,0.18483242582512088
101.948503078,1709142572.631485222,1709142572.630871418,/rigid_bodies.rigidbodies[2].pose.position.z,0.18460364292196338
101.958337621,1709142572.641319765,1709142572.640738806,/rigid_bodies.rigidbodies[2].pose.position.z,0.18444284269116556
101.96839515,1709142572.651377294,1709142572.650802065,/rigid_bodies.rigidbodies[2].pose.position.z,0.18444197524301012
101.978447628,1709142572.661429772,1709142572.660852787,/rigid_bodies.rigidbodies[2].pose.position.z,0.18478002790133455
101.988713677,1709142572.671695821,1709142572.671098152,/rigid_bodies.rigidbodies[2].pose.position.z,0.1850517244050131
101.998213606,1709142572.681195750,1709142572.680728581,/rigid_bodies.rigidbodies[2].pose.position.z,0.18517869149976918
102.007984749,1709142572.690966893,1709142572.690648359,/rigid_bodies.rigidbodies[2].pose.position.z,0.18485692096221285
102.018330868,1709142572.701313012,1709142572.700919388,/rigid_bodies.rigidbodies[2].pose.position.z,0.18456707768909264
102.028095558,1709142572.711077702,1709142572.710643321,/rigid_bodies.rigidbodies[2].pose.position.z,0.18474705703800637
102.038233017,1709142572.721215161,1709142572.720780065,/rigid_bodies.rigidbodies[2].pose.position.z,0.18495258022835595
102.048445811,1709142572.731427955,1709142572.730970565,/rigid_bodies.rigidbodies[2].pose.position.z,0.18486548400235983
102.054032413,1709142572.737014557,1709142572.736442688,/rigid_bodies.rigidbodies[2].pose.position.z,0.18471551592443308
102.068295498,1709142572.751277642,1709142572.750838579,/rigid_bodies.rigidbodies[2].pose.position.z,0.18440537684010264
102.078118304,1709142572.761100448,1709142572.760634221,/rigid_bodies.rigidbodies[2].pose.position.z,0.18424014715223724
102.088832079,1709142572.771814223,1709142572.771155619,/rigid_bodies.rigidbodies[2].pose.position.z,0.18451749078655
102.098516366,1709142572.781498510,1709142572.780948764,/rigid_bodies.rigidbodies[2].pose.position.z,0.18484525896024254
102.108333948,1709142572.791316092,1709142572.790786751,/rigid_bodies.rigidbodies[2].pose.position.z,0.18480447197285343
102.118453035,1709142572.801435179,1709142572.800796855,/rigid_bodies.rigidbodies[2].pose.position.z,0.18477581948938848
102.128170138,1709142572.811152282,1709142572.810772789,/rigid_bodies.rigidbodies[2].pose.position.z,0.18478043778807812
102.138328846,1709142572.821310990,1709142572.820783208,/rigid_bodies.rigidbodies[2].pose.position.z,0.18482327982627345
102.148423539,1709142572.831405683,1709142572.830834609,/rigid_bodies.rigidbodies[2].pose.position.z,0.18502557343540213
102.157951547,1709142572.840933691,1709142572.840473339,/rigid_bodies.rigidbodies[2].pose.position.z,0.18504990728762494
102.16836852,1709142572.851350664,1709142572.850829425,/rigid_bodies.rigidbodies[2].pose.position.z,0.1847910060403477
102.178706991,1709142572.861689135,1709142572.861016966,/rigid_bodies.rigidbodies[2].pose.position.z,0.18456723935078215
102.188154767,1709142572.871136911,1709142572.870643363,/rigid_bodies.rigidbodies[2].pose.position.z,0.18442936177164207
102.198546905,1709142572.881529049,1709142572.880986579,/rigid_bodies.rigidbodies[2].pose.position.z,0.18464046603865078
102.208036934,1709142572.891019078,1709142572.890422085,/rigid_bodies.rigidbodies[2].pose.position.z,0.18490590898182455
102.218371744,1709142572.901353888,1709142572.900852746,/rigid_bodies.rigidbodies[2].pose.position.z,0.18484619225336774
102.228771958,1709142572.911754102,1709142572.910978650,/rigid_bodies.rigidbodies[2].pose.position.z,0.18472150137278404
102.23827892,1709142572.921261064,1709142572.920731792,/rigid_bodies.rigidbodies[2].pose.position.z,0.1846756307524962
102.248353154,1709142572.931335298,1709142572.930891450,/rigid_bodies.rigidbodies[2].pose.position.z,0.18480602612177682
102.258125886,1709142572.941108030,1709142572.940449753,/rigid_bodies.rigidbodies[2].pose.position.z,0.18499191579339852
102.268775477,1709142572.951757621,1709142572.951140271,/rigid_bodies.rigidbodies[2].pose.position.z,0.1849661713385061
102.278230105,1709142572.961212249,1709142572.960658615,/rigid_bodies.rigidbodies[2].pose.position.z,0.18463618962380707
102.288196818,1709142572.971178962,1709142572.970696949,/rigid_bodies.rigidbodies[2].pose.position.z,0.18439262898632144
102.298525998,1709142572.981508142,1709142572.980949618,/rigid_bodies.rigidbodies[2].pose.position.z,0.18446823894131972
102.308596317,1709142572.991578461,1709142572.991022384,/rigid_bodies.rigidbodies[2].pose.position.z,0.1847330808848525
102.318831445,1709142573.001813589,1709142573.001063083,/rigid_bodies.rigidbodies[2].pose.position.z,0.184965566968123
102.328016878,1709142573.010999022,1709142573.010490779,/rigid_bodies.rigidbodies[2].pose.position.z,0.18508942826562458
102.338193283,1709142573.021175427,1709142573.020644142,/rigid_bodies.rigidbodies[2].pose.position.z,0.18474558198865562
102.348877867,1709142573.031860011,1709142573.031133757,/rigid_bodies.rigidbodies[2].pose.position.z,0.184632349773295
102.35852113,1709142573.041503274,1709142573.040759561,/rigid_bodies.rigidbodies[2].pose.position.z,0.18471680760404924
102.367933184,1709142573.050915328,1709142573.050559017,/rigid_bodies.rigidbodies[2].pose.position.z,0.18495151003760898
102.378364249,1709142573.061346393,1709142573.060964325,/rigid_bodies.rigidbodies[2].pose.position.z,0.18500496704878142
102.388373942,1709142573.071356086,1709142573.070911852,/rigid_bodies.rigidbodies[2].pose.position.z,0.18487876107157875
102.398692897,1709142573.081675041,1709142573.081203124,/rigid_bodies.rigidbodies[2].pose.position.z,0.18446299097340316
102.408201043,1709142573.091183187,1709142573.090661074,/rigid_bodies.rigidbodies[2].pose.position.z,0.18432955342556756
102.418461477,1709142573.101443621,1709142573.100934405,/rigid_bodies.rigidbodies[2].pose.position.z,0.18459808750655532
102.427601965,1709142573.110584109,1709142573.110357022,/rigid_bodies.rigidbodies[2].pose.position.z,0.18482530305055306
102.437971396,1709142573.120953540,1709142573.120473204,/rigid_bodies.rigidbodies[2].pose.position.z,0.1849679512571749
102.447932319,1709142573.130914463,1709142573.130673045,/rigid_bodies.rigidbodies[2].pose.position.z,0.1848639394147012
102.457692061,1709142573.140674205,1709142573.140338530,/rigid_bodies.rigidbodies[2].pose.position.z,0.18458592768784543
102.468217114,1709142573.151199258,1709142573.150765218,/rigid_bodies.rigidbodies[2].pose.position.z,0.18474500156028262
102.47832874,1709142573.161310884,1709142573.160715092,/rigid_bodies.rigidbodies[2].pose.position.z,0.1850042820837029
102.488499931,1709142573.171482075,1709142573.170968290,/rigid_bodies.rigidbodies[2].pose.position.z,0.18513301388687417
102.498355725,1709142573.181337869,1709142573.180743326,/rigid_bodies.rigidbodies[2].pose.position.z,0.1849419278723898
102.508636305,1709142573.191618449,1709142573.191000123,/rigid_bodies.rigidbodies[2].pose.position.z,0.1846179056127107
102.517941226,1709142573.200923370,1709142573.200458935,/rigid_bodies.rigidbodies[2].pose.position.z,0.18436596314788145
102.528109333,1709142573.211091477,1709142573.210587781,/rigid_bodies.rigidbodies[2].pose.position.z,0.18451857672484084
102.538632863,1709142573.221615007,1709142573.220968764,/rigid_bodies.rigidbodies[2].pose.position.z,0.18472266846208077
102.548090767,1709142573.231072911,1709142573.230636950,/rigid_bodies.rigidbodies[2].pose.position.z,0.18476634170356598
102.55821658,1709142573.241198724,1709142573.240694217,/rigid_bodies.rigidbodies[2].pose.position.z,0.1846171824036158
102.568418388,1709142573.251400532,1709142573.250898032,/rigid_bodies.rigidbodies[2].pose.position.z,0.1844261788123977
102.578223999,1709142573.261206143,1709142573.260699743,/rigid_bodies.rigidbodies[2].pose.position.z,0.18461039890115682
102.588158365,1709142573.271140509,1709142573.270635360,/rigid_bodies.rigidbodies[2].pose.position.z,0.18507412866925999
102.598303856,1709142573.281286000,1709142573.280706435,/rigid_bodies.rigidbodies[2].pose.position.z,0.18533137259728746
102.608270479,1709142573.291252623,1709142573.290653017,/rigid_bodies.rigidbodies[2].pose.position.z,0.1852573255337084
102.618423477,1709142573.301405621,1709142573.300861847,/rigid_bodies.rigidbodies[2].pose.position.z,0.18485228821029503
102.628633286,1709142573.311615430,1709142573.311154965,/rigid_bodies.rigidbodies[2].pose.position.z,0.18451751791479126
102.64554058,1709142573.328522724,1709142573.328086215,/rigid_bodies.rigidbodies[2].pose.position.z,0.1845900045267646
102.648788974,1709142573.331771118,1709142573.331258339,/rigid_bodies.rigidbodies[2].pose.position.z,0.184715611698223
102.659032273,1709142573.342014417,1709142573.341410151,/rigid_bodies.rigidbodies[2].pose.position.z,0.18465324534725977
102.668539678,1709142573.351521822,1709142573.351030052,/rigid_bodies.rigidbodies[2].pose.position.z,0.18446639082476038
102.678634303,1709142573.361616447,1709142573.361150966,/rigid_bodies.rigidbodies[2].pose.position.z,0.18443412599029754
102.688631415,1709142573.371613559,1709142573.370969313,/rigid_bodies.rigidbodies[2].pose.position.z,0.18447550186860712
102.698595684,1709142573.381577828,1709142573.381090676,/rigid_bodies.rigidbodies[2].pose.position.z,0.18496338782924837
102.70818351,1709142573.391165654,1709142573.390759678,/rigid_bodies.rigidbodies[2].pose.position.z,0.18521109441350422
102.718326424,1709142573.401308568,1709142573.400689960,/rigid_bodies.rigidbodies[2].pose.position.z,0.18501912865913847
102.728555983,1709142573.411538127,1709142573.410871686,/rigid_bodies.rigidbodies[2].pose.position.z,0.1848297012696683
102.73835397,1709142573.421336114,1709142573.420926922,/rigid_bodies.rigidbodies[2].pose.position.z,0.18459182553983527
102.748270111,1709142573.431252255,1709142573.430787166,/rigid_bodies.rigidbodies[2].pose.position.z,0.18454873055016108
102.757991324,1709142573.440973468,1709142573.440305505,/rigid_bodies.rigidbodies[2].pose.position.z,0.18467353649324125
102.768062497,1709142573.451044641,1709142573.450633956,/rigid_bodies.rigidbodies[2].pose.position.z,0.1847539570666927
102.778370619,1709142573.461352763,1709142573.460831684,/rigid_bodies.rigidbodies[2].pose.position.z,0.18450797908108932
102.788923708,1709142573.471905852,1709142573.471246992,/rigid_bodies.rigidbodies[2].pose.position.z,0.18448096233547864
102.798235041,1709142573.481217185,1709142573.480726530,/rigid_bodies.rigidbodies[2].pose.position.z,0.18459639604561734
102.807925956,1709142573.490908100,1709142573.490596975,/rigid_bodies.rigidbodies[2].pose.position.z,0.18488900020778326
102.818484859,1709142573.501467003,1709142573.500809641,/rigid_bodies.rigidbodies[2].pose.position.z,0.18505521962716145
102.828193781,1709142573.511175925,1709142573.510903258,/rigid_bodies.rigidbodies[2].pose.position.z,0.18505936614174887
102.83815423,1709142573.521136374,1709142573.520794118,/rigid_bodies.rigidbodies[2].pose.position.z,0.18471293229382835
102.848618296,1709142573.531600440,1709142573.531131575,/rigid_bodies.rigidbodies[2].pose.position.z,0.18463634769874768
102.858027863,1709142573.541010007,1709142573.540491934,/rigid_bodies.rigidbodies[2].pose.position.z,0.18466545719000832
102.86829477,1709142573.551276914,1709142573.550795317,/rigid_bodies.rigidbodies[2].pose.position.z,0.1847685969655265
102.878329105,1709142573.561311249,1709142573.560736005,/rigid_bodies.rigidbodies[2].pose.position.z,0.18469558252189555
102.888462075,1709142573.571444219,1709142573.570907501,/rigid_bodies.rigidbodies[2].pose.position.z,0.184378165649749
102.898762516,1709142573.581744660,1709142573.581321117,/rigid_bodies.rigidbodies[2].pose.position.z,0.18434471953898315
102.908580661,1709142573.591562805,1709142573.590927547,/rigid_bodies.rigidbodies[2].pose.position.z,0.18442030948331795
102.91802931,1709142573.601011454,1709142573.600468509,/rigid_bodies.rigidbodies[2].pose.position.z,0.184819180654715
102.927950756,1709142573.610932900,1709142573.610452031,/rigid_bodies.rigidbodies[2].pose.position.z,0.18514649232480493
102.938494089,1709142573.621476233,1709142573.620886417,/rigid_bodies.rigidbodies[2].pose.position.z,0.18512132549296073
102.948420372,1709142573.631402516,1709142573.630881660,/rigid_bodies.rigidbodies[2].pose.position.z,0.18484965933567876
102.958125988,1709142573.641108132,1709142573.640693416,/rigid_bodies.rigidbodies[2].pose.position.z,0.1845878876234808
102.968322101,1709142573.651304245,1709142573.650815748,/rigid_bodies.rigidbodies[2].pose.position.z,0.18464398539700647
102.978457546,1709142573.661439690,1709142573.661099085,/rigid_bodies.rigidbodies[2].pose.position.z,0.18474259339388036
102.988120413,1709142573.671102557,1709142573.670720288,/rigid_bodies.rigidbodies[2].pose.position.z,0.18480342805128824
102.99854452,1709142573.681526664,1709142573.681138360,/rigid_bodies.rigidbodies[2].pose.position.z,0.18462971108475001
103.007942444,1709142573.690924588,1709142573.690390834,/rigid_bodies.rigidbodies[2].pose.position.z,0.18435282617990684
103.018820874,1709142573.701803018,1709142573.701270492,/rigid_bodies.rigidbodies[2].pose.position.z,0.18447254518849682
103.02859882,1709142573.711580964,1709142573.710894929,/rigid_bodies.rigidbodies[2].pose.position.z,0.1847931162797994
103.038363716,1709142573.721345860,1709142573.721023560,/rigid_bodies.rigidbodies[2].pose.position.z,0.18507348784436434
103.048515697,1709142573.731497841,1709142573.730949918,/rigid_bodies.rigidbodies[2].pose.position.z,0.18517413815876976
103.058382848,1709142573.741364992,1709142573.740824070,/rigid_bodies.rigidbodies[2].pose.position.z,0.18489065846970515
103.06817978,1709142573.751161924,1709142573.750730260,/rigid_bodies.rigidbodies[2].pose.position.z,0.18464325132290849
103.078440174,1709142573.761422318,1709142573.761063779,/rigid_bodies.rigidbodies[2].pose.position.z,0.18459022162207253
103.088430287,1709142573.771412431,1709142573.771111014,/rigid_bodies.rigidbodies[2].pose.position.z,0.18470964135406018
103.098367371,1709142573.781349515,1709142573.781139939,/rigid_bodies.rigidbodies[2].pose.position.z,0.18476737614844904
103.107804372,1709142573.790786516,1709142573.790452389,/rigid_bodies.rigidbodies[2].pose.position.z,0.18466482285960376
103.118281785,1709142573.801263929,1709142573.800798197,/rigid_bodies.rigidbodies[2].pose.position.z,0.18449264352187833
103.128445619,1709142573.811427763,1709142573.811161956,/rigid_bodies.rigidbodies[2].pose.position.z,0.18443697053761252
103.137799603,1709142573.820781747,1709142573.820454182,/rigid_bodies.rigidbodies[2].pose.position.z,0.1848051518581843
103.148209674,1709142573.831191818,1709142573.830723134,/rigid_bodies.rigidbodies[2].pose.position.z,0.18485178395840135
103.157988912,1709142573.840971056,1709142573.840497606,/rigid_bodies.rigidbodies[2].pose.position.z,0.1848359066996399
103.168563504,1709142573.851545648,1709142573.851029144,/rigid_bodies.rigidbodies[2].pose.position.z,0.18472794068430787
103.178339568,1709142573.861321712,1709142573.860868031,/rigid_bodies.rigidbodies[2].pose.position.z,0.18463438610333877
103.188229417,1709142573.871211561,1709142573.870735817,/rigid_bodies.rigidbodies[2].pose.position.z,0.1846493428573556
103.198450723,1709142573.881432867,1709142573.881085758,/rigid_bodies.rigidbodies[2].pose.position.z,0.1849082132690439
103.208480814,1709142573.891462958,1709142573.891002647,/rigid_bodies.rigidbodies[2].pose.position.z,0.18490881715089189
103.21805614,1709142573.901038284,1709142573.900718151,/rigid_bodies.rigidbodies[2].pose.position.z,0.18486637995677124
103.227871657,1709142573.910853801,1709142573.910534059,/rigid_bodies.rigidbodies[2].pose.position.z,0.18453606199515812
103.238413577,1709142573.921395721,1709142573.920914693,/rigid_bodies.rigidbodies[2].pose.position.z,0.184399775152435
103.248211506,1709142573.931193650,1709142573.930744198,/rigid_bodies.rigidbodies[2].pose.position.z,0.1846561690419753
103.258421557,1709142573.941403701,1709142573.940931176,/rigid_bodies.rigidbodies[2].pose.position.z,0.1848631819851983
103.268475965,1709142573.951458109,1709142573.950853743,/rigid_bodies.rigidbodies[2].pose.position.z,0.18494198918553054
103.277528047,1709142573.960510191,1709142573.960146686,/rigid_bodies.rigidbodies[2].pose.position.z,0.18480542184064175
103.287813501,1709142573.970795645,1709142573.970490049,/rigid_bodies.rigidbodies[2].pose.position.z,0.18466265004540988
103.298621262,1709142573.981603406,1709142573.981149396,/rigid_bodies.rigidbodies[2].pose.position.z,0.1847018880171089
103.30775645,1709142573.990738594,1709142573.990320270,/rigid_bodies.rigidbodies[2].pose.position.z,0.18482465783496743
103.318564149,1709142574.001546293,1709142574.001115675,/rigid_bodies.rigidbodies[2].pose.position.z,0.18488511883428718
103.3281858,1709142574.011167944,1709142574.010755500,/rigid_bodies.rigidbodies[2].pose.position.z,0.18476089740408794
103.338162799,1709142574.021144943,1709142574.020714789,/rigid_bodies.rigidbodies[2].pose.position.z,0.18458712491105744
103.348372188,1709142574.031354332,1709142574.030925221,/rigid_bodies.rigidbodies[2].pose.position.z,0.1844947452975775
103.358152554,1709142574.041134698,1709142574.040825610,/rigid_bodies.rigidbodies[2].pose.position.z,0.18469516757080973
103.367928178,1709142574.050910322,1709142574.050641059,/rigid_bodies.rigidbodies[2].pose.position.z,0.18502142777992137
103.377524062,1709142574.060506206,1709142574.060219105,/rigid_bodies.rigidbodies[2].pose.position.z,0.1850521551542217
103.387336823,1709142574.070318967,1709142574.070016417,/rigid_bodies.rigidbodies[2].pose.position.z,0.18480534453435277
103.397970701,1709142574.080952845,1709142574.080609325,/rigid_bodies.rigidbodies[2].pose.position.z,0.18452504455412627
103.407647463,1709142574.090629607,1709142574.090385945,/rigid_bodies.rigidbodies[2].pose.position.z,0.1845177414028028
103.417678582,1709142574.100660726,1709142574.100432871,/rigid_bodies.rigidbodies[2].pose.position.z,0.18468449337110776
103.428241044,1709142574.111223188,1709142574.110879847,/rigid_bodies.rigidbodies[2].pose.position.z,0.18482242886195846
103.438319983,1709142574.121302127,1709142574.120813835,/rigid_bodies.rigidbodies[2].pose.position.z,0.18475049179039127
103.448354397,1709142574.131336541,1709142574.130846439,/rigid_bodies.rigidbodies[2].pose.position.z,0.18462081746426517
103.458141008,1709142574.141123152,1709142574.140697988,/rigid_bodies.rigidbodies[2].pose.position.z,0.18456357077976204
103.467949826,1709142574.150931970,1709142574.150547875,/rigid_bodies.rigidbodies[2].pose.position.z,0.18465360080028517
103.47852915,1709142574.161511294,1709142574.161112885,/rigid_bodies.rigidbodies[2].pose.position.z,0.1848714396809538
103.488380085,1709142574.171362229,1709142574.170919167,/rigid_bodies.rigidbodies[2].pose.position.z,0.18492662968292112
103.498461714,1709142574.181443858,1709142574.181038831,/rigid_bodies.rigidbodies[2].pose.position.z,0.1848481138930399
103.508110763,1709142574.191092907,1709142574.190796116,/rigid_bodies.rigidbodies[2].pose.position.z,0.18464549027617305
103.518330679,1709142574.201312823,1709142574.200840102,/rigid_bodies.rigidbodies[2].pose.position.z,0.18471504253960985
103.527902334,1709142574.210884478,1709142574.210555946,/rigid_bodies.rigidbodies[2].pose.position.z,0.1848878039393476
103.53794814,1709142574.220930284,1709142574.220595594,/rigid_bodies.rigidbodies[2].pose.position.z,0.18505745407780821
103.548222734,1709142574.231204878,1709142574.230777606,/rigid_bodies.rigidbodies[2].pose.position.z,0.18492428138652944
103.558463058,1709142574.241445202,1709142574.240865661,/rigid_bodies.rigidbodies[2].pose.position.z,0.18462330020259093
103.568604102,1709142574.251586246,1709142574.251111528,/rigid_bodies.rigidbodies[2].pose.position.z,0.18448094692673622
103.578096425,1709142574.261078569,1709142574.260651888,/rigid_bodies.rigidbodies[2].pose.position.z,0.18464221665965835
103.587914813,1709142574.270896957,1709142574.270602639,/rigid_bodies.rigidbodies[2].pose.position.z,0.1847353931194248
103.598233485,1709142574.281215629,1709142574.280870861,/rigid_bodies.rigidbodies[2].pose.position.z,0.18467033284071754
103.607889086,1709142574.290871230,1709142574.290609322,/rigid_bodies.rigidbodies[2].pose.position.z,0.18464833827914828
103.618205533,1709142574.301187677,1709142574.300804814,/rigid_bodies.rigidbodies[2].pose.position.z,0.18445004372130833
103.628003134,1709142574.310985278,1709142574.310715570,/rigid_bodies.rigidbodies[2].pose.position.z,0.1847076452316496
103.633621481,1709142574.316603625,1709142574.316350988,/rigid_bodies.rigidbodies[2].pose.position.z,0.1849328057335092
103.648294133,1709142574.331276277,1709142574.330845789,/rigid_bodies.rigidbodies[2].pose.position.z,0.1851389191179546
103.658249397,1709142574.341231541,1709142574.340635853,/rigid_bodies.rigidbodies[2].pose.position.z,0.18504008990198242
103.668437754,1709142574.351419898,1709142574.350957099,/rigid_bodies.rigidbodies[2].pose.position.z,0.18470646742500663
103.678265091,1709142574.361247235,1709142574.360898782,/rigid_bodies.rigidbodies[2].pose.position.z,0.18450242563435426
103.688789923,1709142574.371772067,1709142574.371184592,/rigid_bodies.rigidbodies[2].pose.position.z,0.18463723601139903
103.698256036,1709142574.381238180,1709142574.380802709,/rigid_bodies.rigidbodies[2].pose.position.z,0.18467890336858758
103.708299795,1709142574.391281939,1709142574.390829314,/rigid_bodies.rigidbodies[2].pose.position.z,0.18479518567850184
103.71828188,1709142574.401264024,1709142574.400760983,/rigid_bodies.rigidbodies[2].pose.position.z,0.18456641738180965
103.728243092,1709142574.411225236,1709142574.410695965,/rigid_bodies.rigidbodies[2].pose.position.z,0.18435100879393554
103.738595072,1709142574.421577216,1709142574.421100311,/rigid_bodies.rigidbodies[2].pose.position.z,0.1845135971483357
103.748306018,1709142574.431288162,1709142574.430891297,/rigid_bodies.rigidbodies[2].pose.position.z,0.18484646947324712
103.757775258,1709142574.440757402,1709142574.440485834,/rigid_bodies.rigidbodies[2].pose.position.z,0.18502110898012666
103.768443548,1709142574.451425692,1709142574.450976630,/rigid_bodies.rigidbodies[2].pose.position.z,0.18502316462706517
103.778268698,1709142574.461250842,1709142574.460859054,/rigid_bodies.rigidbodies[2].pose.position.z,0.1849225579144223
103.788070322,1709142574.471052466,1709142574.470626926,/rigid_bodies.rigidbodies[2].pose.position.z,0.1845121358531349
103.798592549,1709142574.481574693,1709142574.480986618,/rigid_bodies.rigidbodies[2].pose.position.z,0.18457368647379602
103.807500612,1709142574.490482756,1709142574.490164865,/rigid_bodies.rigidbodies[2].pose.position.z,0.18477541708650463
103.818589353,1709142574.501571497,1709142574.501164200,/rigid_bodies.rigidbodies[2].pose.position.z,0.1847747449502147
103.828497981,1709142574.511480125,1709142574.510772153,/rigid_bodies.rigidbodies[2].pose.position.z,0.18471263851036118
103.838289955,1709142574.521272099,1709142574.520683726,/rigid_bodies.rigidbodies[2].pose.position.z,0.1843857637469577
103.847877523,1709142574.530859667,1709142574.530598118,/rigid_bodies.rigidbodies[2].pose.position.z,0.18441527204288888
103.858323588,1709142574.541305732,1709142574.540816055,/rigid_bodies.rigidbodies[2].pose.position.z,0.18477283301678898
103.867987278,1709142574.550969422,1709142574.550599636,/rigid_bodies.rigidbodies[2].pose.position.z,0.18503172698054865
103.877522834,1709142574.560504978,1709142574.560311143,/rigid_bodies.rigidbodies[2].pose.position.z,0.18507077398323835
103.887755748,1709142574.570737892,1709142574.570479634,/rigid_bodies.rigidbodies[2].pose.position.z,0.1848343852835888
103.898171277,1709142574.581153421,1709142574.580797111,/rigid_bodies.rigidbodies[2].pose.position.z,0.18457320323079499
103.907794887,1709142574.590777031,1709142574.590382840,/rigid_bodies.rigidbodies[2].pose.position.z,0.18462305775844792
103.918380163,1709142574.601362307,1709142574.600789820,/rigid_bodies.rigidbodies[2].pose.position.z,0.18475674537601341
103.929107669,1709142574.612089813,1709142574.611467461,/rigid_bodies.rigidbodies[2].pose.position.z,0.18477320616346263
103.938456186,1709142574.621438330,1709142574.620844668,/rigid_bodies.rigidbodies[2].pose.position.z,0.18440079474890073
103.948714796,1709142574.631696940,1709142574.631076363,/rigid_bodies.rigidbodies[2].pose.position.z,0.18436584948729537
103.957923252,1709142574.640905396,1709142574.640408168,/rigid_bodies.rigidbodies[2].pose.position.z,0.18437682898765684
103.96821281,1709142574.651194954,1709142574.650653946,/rigid_bodies.rigidbodies[2].pose.position.z,0.18475506171465203
103.978427483,1709142574.661409627,1709142574.660883927,/rigid_bodies.rigidbodies[2].pose.position.z,0.18506879680896965
103.988469951,1709142574.671452095,1709142574.670883885,/rigid_bodies.rigidbodies[2].pose.position.z,0.18513395592828796
103.99846649,1709142574.681448634,1709142574.681012677,/rigid_bodies.rigidbodies[2].pose.position.z,0.184857724717227
104.008276747,1709142574.691258891,1709142574.690788038,/rigid_bodies.rigidbodies[2].pose.position.z,0.18466066171760467
104.018507207,1709142574.701489351,1709142574.700924866,/rigid_bodies.rigidbodies[2].pose.position.z,0.18462835040862952
104.028508666,1709142574.711490810,1709142574.710823019,/rigid_bodies.rigidbodies[2].pose.position.z,0.18483172356379027
104.034235972,1709142574.717218116,1709142574.716548378,/rigid_bodies.rigidbodies[2].pose.position.z,0.18482163560522452
104.048517673,1709142574.731499817,1709142574.730918145,/rigid_bodies.rigidbodies[2].pose.position.z,0.18456542797571748
104.058168364,1709142574.741150508,1709142574.740537835,/rigid_bodies.rigidbodies[2].pose.position.z,0.18424842637703126
104.068361797,1709142574.751343941,1709142574.750639006,/rigid_bodies.rigidbodies[2].pose.position.z,0.184330813145422
104.078884503,1709142574.761866647,1709142574.761094694,/rigid_bodies.rigidbodies[2].pose.position.z,0.1845717226312887
104.08898973,1709142574.771971874,1709142574.771288968,/rigid_bodies.rigidbodies[2].pose.position.z,0.1848715482000625
104.098796149,1709142574.781778293,1709142574.781046701,/rigid_bodies.rigidbodies[2].pose.position.z,0.1850287223450899
104.10835255,1709142574.791334694,1709142574.790683197,/rigid_bodies.rigidbodies[2].pose.position.z,0.18497028304755536
104.118243341,1709142574.801225485,1709142574.800624646,/rigid_bodies.rigidbodies[2].pose.position.z,0.18476623340055032
104.127868146,1709142574.810850290,1709142574.810357576,/rigid_bodies.rigidbodies[2].pose.position.z,0.184745019480311
104.13864812,1709142574.821630264,1709142574.820890529,/rigid_bodies.rigidbodies[2].pose.position.z,0.18472707142195743
104.148379159,1709142574.831361303,1709142574.830694098,/rigid_bodies.rigidbodies[2].pose.position.z,0.18492792821028178
104.158457742,1709142574.841439886,1709142574.840798826,/rigid_bodies.rigidbodies[2].pose.position.z,0.18473097249479545
104.16842996,1709142574.851412104,1709142574.850912065,/rigid_bodies.rigidbodies[2].pose.position.z,0.18445578649802497
104.178286992,1709142574.861269136,1709142574.860805306,/rigid_bodies.rigidbodies[2].pose.position.z,0.18445694396599768
104.188653511,1709142574.871635655,1709142574.871086803,/rigid_bodies.rigidbodies[2].pose.position.z,0.18463257485974507
104.198785464,1709142574.881767608,1709142574.881118365,/rigid_bodies.rigidbodies[2].pose.position.z,0.1846322709647634
104.207862373,1709142574.890844517,1709142574.890423612,/rigid_bodies.rigidbodies[2].pose.position.z,0.1847368122890467
104.218204233,1709142574.901186377,1709142574.900689290,/rigid_bodies.rigidbodies[2].pose.position.z,0.18454048296435974
104.228431121,1709142574.911413265,1709142574.910904472,/rigid_bodies.rigidbodies[2].pose.position.z,0.18461085250572018
104.238259927,1709142574.921242071,1709142574.920722299,/rigid_bodies.rigidbodies[2].pose.position.z,0.1847185405191414
104.248751743,1709142574.931733887,1709142574.931141154,/rigid_bodies.rigidbodies[2].pose.position.z,0.18474241791438922
104.258699153,1709142574.941681297,1709142574.940992993,/rigid_bodies.rigidbodies[2].pose.position.z,0.18484921121987363
104.268291098,1709142574.951273242,1709142574.950913761,/rigid_bodies.rigidbodies[2].pose.position.z,0.18488303558755914
104.278077738,1709142574.961059882,1709142574.960697561,/rigid_bodies.rigidbodies[2].pose.position.z,0.18476357846489355
104.288465439,1709142574.971447583,1709142574.970951135,/rigid_bodies.rigidbodies[2].pose.position.z,0.18471450141901383
104.298425569,1709142574.981407713,1709142574.980968462,/rigid_bodies.rigidbodies[2].pose.position.z,0.18480077947861767
104.308143241,1709142574.991125385,1709142574.990603223,/rigid_bodies.rigidbodies[2].pose.position.z,0.1847696681815247
104.318135324,1709142575.001117468,1709142575.000629399,/rigid_bodies.rigidbodies[2].pose.position.z,0.18475271233814816
104.327920739,1709142575.010902883,1709142575.010496215,/rigid_bodies.rigidbodies[2].pose.position.z,0.1845203468465931
104.338485301,1709142575.021467445,1709142575.020900111,/rigid_bodies.rigidbodies[2].pose.position.z,0.1842552672895324
104.3486053,1709142575.031587444,1709142575.030954917,/rigid_bodies.rigidbodies[2].pose.position.z,0.18446425584970155
104.358180195,1709142575.041162339,1709142575.040692893,/rigid_bodies.rigidbodies[2].pose.position.z,0.1847293350113148
104.368169632,1709142575.051151776,1709142575.050664089,/rigid_bodies.rigidbodies[2].pose.position.z,0.18479555771880804
104.378215093,1709142575.061197237,1709142575.060697079,/rigid_bodies.rigidbodies[2].pose.position.z,0.1848256528004091
104.388041809,1709142575.071023953,1709142575.070613600,/rigid_bodies.rigidbodies[2].pose.position.z,0.18464558421976443
104.39904415,1709142575.082026294,1709142575.081524232,/rigid_bodies.rigidbodies[2].pose.position.z,0.1844766249454025
104.408727136,1709142575.091709280,1709142575.091099790,/rigid_bodies.rigidbodies[2].pose.position.z,0.18477367221401042
104.418748343,1709142575.101730487,1709142575.101061754,/rigid_bodies.rigidbodies[2].pose.position.z,0.18510572090971525
104.428581892,1709142575.111564036,1709142575.111077979,/rigid_bodies.rigidbodies[2].pose.position.z,0.18506991294680367
104.438451053,1709142575.121433197,1709142575.120794345,/rigid_bodies.rigidbodies[2].pose.position.z,0.18484513639608074
104.448163071,1709142575.131145215,1709142575.130717855,/rigid_bodies.rigidbodies[2].pose.position.z,0.18439948206189846
104.457821696,1709142575.140803840,1709142575.140453224,/rigid_bodies.rigidbodies[2].pose.position.z,0.18436108324895376
104.467676712,1709142575.150658856,1709142575.150518867,/rigid_bodies.rigidbodies[2].pose.position.z,0.184618762305892
104.473401796,1709142575.156383940,1709142575.156264765,/rigid_bodies.rigidbodies[2].pose.position.z,0.18464531725090583
104.488462204,1709142575.171444348,1709142575.170924093,/rigid_bodies.rigidbodies[2].pose.position.z,0.18457550013100688
104.498874202,1709142575.181856346,1709142575.181206858,/rigid_bodies.rigidbodies[2].pose.position.z,0.1844801362249664
104.5085335,1709142575.191515644,1709142575.190955530,/rigid_bodies.rigidbodies[2].pose.position.z,0.1844643271275659
104.518873624,1709142575.201855768,1709142575.201343791,/rigid_bodies.rigidbodies[2].pose.position.z,0.1846123759459839
104.528543427,1709142575.211525571,1709142575.210952210,/rigid_bodies.rigidbodies[2].pose.position.z,0.18493815529159927
104.53852056,1709142575.221502704,1709142575.220839562,/rigid_bodies.rigidbodies[2].pose.position.z,0.18511127175198036
104.548355182,1709142575.231337326,1709142575.230853370,/rigid_bodies.rigidbodies[2].pose.position.z,0.18496727731188523
104.558991671,1709142575.241973815,1709142575.241248960,/rigid_bodies.rigidbodies[2].pose.position.z,0.18463372066191402
104.56873497,1709142575.251717114,1709142575.251079429,/rigid_bodies.rigidbodies[2].pose.position.z,0.18437817915042282
104.578889073,1709142575.261871217,1709142575.261259081,/rigid_bodies.rigidbodies[2].pose.position.z,0.18475520007781052
104.588670288,1709142575.271652432,1709142575.270980966,/rigid_bodies.rigidbodies[2].pose.position.z,0.1849697211205675
104.598626663,1709142575.281608807,1709142575.281032300,/rigid_bodies.rigidbodies[2].pose.position.z,0.18483532459132748
104.607779679,1709142575.290761823,1709142575.290372742,/rigid_bodies.rigidbodies[2].pose.position.z,0.18452278545667986
104.619018816,1709142575.302000960,1709142575.301225476,/rigid_bodies.rigidbodies[2].pose.position.z,0.184302864774038
104.626919774,1709142575.309901918,1709142575.309375236,/rigid_bodies.rigidbodies[2].pose.position.z,0.18425961413432368
104.638943565,1709142575.321925709,1709142575.321158632,/rigid_bodies.rigidbodies[2].pose.position.z,0.1846141231526239
104.648869947,1709142575.331852091,1709142575.331156374,/rigid_bodies.rigidbodies[2].pose.position.z,0.18494006341711028
104.657997169,1709142575.340979313,1709142575.340508961,/rigid_bodies.rigidbodies[2].pose.position.z,0.18471412785738936
104.668768164,1709142575.351750308,1709142575.351136711,/rigid_bodies.rigidbodies[2].pose.position.z,0.18469400697854957
104.678650732,1709142575.361632876,1709142575.360845583,/rigid_bodies.rigidbodies[2].pose.position.z,0.18479984847931724
104.688536792,1709142575.371518936,1709142575.370979244,/rigid_bodies.rigidbodies[2].pose.position.z,0.18496107857444544
104.698534323,1709142575.381516467,1709142575.380921594,/rigid_bodies.rigidbodies[2].pose.position.z,0.18522307760957898
104.708612725,1709142575.391594869,1709142575.390937861,/rigid_bodies.rigidbodies[2].pose.position.z,0.18513559152497666
104.719048931,1709142575.402031075,1709142575.401427597,/rigid_bodies.rigidbodies[2].pose.position.z,0.18464921825518166
104.729242229,1709142575.412224373,1709142575.411496940,/rigid_bodies.rigidbodies[2].pose.position.z,0.18437372765600502
104.738334353,1709142575.421316497,1709142575.420811175,/rigid_bodies.rigidbodies[2].pose.position.z,0.18432939033310264
104.748241313,1709142575.431223457,1709142575.430823216,/rigid_bodies.rigidbodies[2].pose.position.z,0.18465617809323312
104.757967134,1709142575.440949278,1709142575.440502430,/rigid_bodies.rigidbodies[2].pose.position.z,0.1849180993232956
104.768416464,1709142575.451398608,1709142575.450856587,/rigid_bodies.rigidbodies[2].pose.position.z,0.18471520400004673
104.778373912,1709142575.461356056,1709142575.460958966,/rigid_bodies.rigidbodies[2].pose.position.z,0.18452727439292768
104.787995206,1709142575.470977350,1709142575.470568445,/rigid_bodies.rigidbodies[2].pose.position.z,0.1846215998223024
104.798425071,1709142575.481407215,1709142575.480850699,/rigid_bodies.rigidbodies[2].pose.position.z,0.18474922065024496
104.807893908,1709142575.490876052,1709142575.490526945,/rigid_bodies.rigidbodies[2].pose.position.z,0.1849538300464272
104.818446733,1709142575.501428877,1709142575.501042014,/rigid_bodies.rigidbodies[2].pose.position.z,0.1849058045195575
104.828370365,1709142575.511352509,1709142575.510820418,/rigid_bodies.rigidbodies[2].pose.position.z,0.18464978266930368
104.838462398,1709142575.521444542,1709142575.520897357,/rigid_bodies.rigidbodies[2].pose.position.z,0.18463550373400925
104.848320259,1709142575.531302403,1709142575.530849922,/rigid_bodies.rigidbodies[2].pose.position.z,0.18472743400268685
104.857879893,1709142575.540862037,1709142575.540369205,/rigid_bodies.rigidbodies[2].pose.position.z,0.18478017497789545
104.868335836,1709142575.551317980,1709142575.550800740,/rigid_bodies.rigidbodies[2].pose.position.z,0.1849343970915791
104.878490719,1709142575.561472863,1709142575.561121920,/rigid_bodies.rigidbodies[2].pose.position.z,0.1848870032180261
104.887960122,1709142575.570942266,1709142575.570494722,/rigid_bodies.rigidbodies[2].pose.position.z,0.18451513994806232
104.898134974,1709142575.581117118,1709142575.580708592,/rigid_bodies.rigidbodies[2].pose.position.z,0.18448954720092833
104.907928002,1709142575.590910146,1709142575.590580514,/rigid_bodies.rigidbodies[2].pose.position.z,0.1847058151332254
104.917476868,1709142575.600459012,1709142575.600085628,/rigid_bodies.rigidbodies[2].pose.position.z,0.18472794654698574
104.928379317,1709142575.611361461,1709142575.610913966,/rigid_bodies.rigidbodies[2].pose.position.z,0.1848153133544328
104.933809168,1709142575.616791312,1709142575.616382023,/rigid_bodies.rigidbodies[2].pose.position.z,0.18477887975562213
104.948705064,1709142575.631687208,1709142575.631124387,/rigid_bodies.rigidbodies[2].pose.position.z,0.18450007082888564
104.958429087,1709142575.641411231,1709142575.640726252,/rigid_bodies.rigidbodies[2].pose.position.z,0.18468591088573272
104.968425459,1709142575.651407603,1709142575.650835990,/rigid_bodies.rigidbodies[2].pose.position.z,0.1848683962292241
104.978322933,1709142575.661305077,1709142575.660879598,/rigid_bodies.rigidbodies[2].pose.position.z,0.18477823494463178
104.988551032,1709142575.671533176,1709142575.670992452,/rigid_bodies.rigidbodies[2].pose.position.z,0.18481942877577234
104.998718798,1709142575.681700942,1709142575.681204482,/rigid_bodies.rigidbodies[2].pose.position.z,0.18459468410406732
105.008199361,1709142575.691181505,1709142575.690611993,/rigid_bodies.rigidbodies[2].pose.position.z,0.18467552266401752
105.018358364,1709142575.701340508,1709142575.700816791,/rigid_bodies.rigidbodies[2].pose.position.z,0.184959907485888
105.028250538,1709142575.711232682,1709142575.710776432,/rigid_bodies.rigidbodies[2].pose.position.z,0.18501703192578348
105.038600751,1709142575.721582895,1709142575.720977530,/rigid_bodies.rigidbodies[2].pose.position.z,0.1848641447531981
105.048891913,1709142575.731874057,1709142575.731233958,/rigid_bodies.rigidbodies[2].pose.position.z,0.18461958752414867
105.058603214,1709142575.741585358,1709142575.740882370,/rigid_bodies.rigidbodies[2].pose.position.z,0.18427935488475625
105.069034054,1709142575.752016198,1709142575.751374078,/rigid_bodies.rigidbodies[2].pose.position.z,0.1844878675563509
105.078356516,1709142575.761338660,1709142575.760839795,/rigid_bodies.rigidbodies[2].pose.position.z,0.18467412031543817
105.088474121,1709142575.771456265,1709142575.770792733,/rigid_bodies.rigidbodies[2].pose.position.z,0.18460830965337782
105.098650681,1709142575.781632825,1709142575.781102685,/rigid_bodies.rigidbodies[2].pose.position.z,0.18471324502459652
105.108111597,1709142575.791093741,1709142575.790603774,/rigid_bodies.rigidbodies[2].pose.position.z,0.18453457363170236
105.118169779,1709142575.801151923,1709142575.800595409,/rigid_bodies.rigidbodies[2].pose.position.z,0.18471409701958133
105.128275808,1709142575.811257952,1709142575.810678465,/rigid_bodies.rigidbodies[2].pose.position.z,0.18520294850946026
105.138447007,1709142575.821429151,1709142575.820818739,/rigid_bodies.rigidbodies[2].pose.position.z,0.1853053060016844
105.148839868,1709142575.831822012,1709142575.831252694,/rigid_bodies.rigidbodies[2].pose.position.z,0.18498077680945268
105.158057875,1709142575.841040019,1709142575.840486283,/rigid_bodies.rigidbodies[2].pose.position.z,0.18449327506774668
105.169091051,1709142575.852073195,1709142575.851342127,/rigid_bodies.rigidbodies[2].pose.position.z,0.18427389913788306
105.178945709,1709142575.861927853,1709142575.861269447,/rigid_bodies.rigidbodies[2].pose.position.z,0.184337246383066
105.188730587,1709142575.871712731,1709142575.871041275,/rigid_bodies.rigidbodies[2].pose.position.z,0.18470728806407993
105.198816472,1709142575.881798616,1709142575.881079265,/rigid_bodies.rigidbodies[2].pose.position.z,0.18488210527087212
105.208106347,1709142575.891088491,1709142575.890563010,/rigid_bodies.rigidbodies[2].pose.position.z,0.18484958084574377
105.218388878,1709142575.901371022,1709142575.900865542,/rigid_bodies.rigidbodies[2].pose.position.z,0.18472386610744326
105.228423374,1709142575.911405518,1709142575.910802496,/rigid_bodies.rigidbodies[2].pose.position.z,0.1845377551260785
105.23839886,1709142575.921381004,1709142575.920769458,/rigid_bodies.rigidbodies[2].pose.position.z,0.18481950672891226
105.248529037,1709142575.931511181,1709142575.930785577,/rigid_bodies.rigidbodies[2].pose.position.z,0.18508566566232185
105.258515248,1709142575.941497392,1709142575.940820482,/rigid_bodies.rigidbodies[2].pose.position.z,0.184981535643824
105.268663196,1709142575.951645340,1709142575.950950511,/rigid_bodies.rigidbodies[2].pose.position.z,0.18459923664570463
105.278416188,1709142575.961398332,1709142575.960798207,/rigid_bodies.rigidbodies[2].pose.position.z,0.18435429929666372
105.288618934,1709142575.971601078,1709142575.970943830,/rigid_bodies.rigidbodies[2].pose.position.z,0.1845399319206977
105.298749447,1709142575.981731591,1709142575.981135953,/rigid_bodies.rigidbodies[2].pose.position.z,0.1846890170129775
105.308190725,1709142575.991172869,1709142575.990609237,/rigid_bodies.rigidbodies[2].pose.position.z,0.18508745316053885
105.3186135,1709142576.001595644,1709142576.001055654,/rigid_bodies.rigidbodies[2].pose.position.z,0.18493720493029023
105.328698793,1709142576.011680937,1709142576.011001712,/rigid_bodies.rigidbodies[2].pose.position.z,0.18465245797638818
105.338676469,1709142576.021658613,1709142576.021034485,/rigid_bodies.rigidbodies[2].pose.position.z,0.18458860906613483
105.348860393,1709142576.031842537,1709142576.031073511,/rigid_bodies.rigidbodies[2].pose.position.z,0.18465931709590172
105.358370039,1709142576.041352183,1709142576.040789323,/rigid_bodies.rigidbodies[2].pose.position.z,0.18489935078932562
105.368393016,1709142576.051375160,1709142576.050844946,/rigid_bodies.rigidbodies[2].pose.position.z,0.18508000648172931
105.378351607,1709142576.061333751,1709142576.061102731,/rigid_bodies.rigidbodies[2].pose.position.z,0.1848943416011301
105.387766295,1709142576.070748439,1709142576.070546123,/rigid_bodies.rigidbodies[2].pose.position.z,0.18463448440163563
105.398386725,1709142576.081368869,1709142576.080932841,/rigid_bodies.rigidbodies[2].pose.position.z,0.18470096522268237
105.40739326,1709142576.090375404,1709142576.090175937,/rigid_bodies.rigidbodies[2].pose.position.z,0.18476935957891097
105.417811739,1709142576.100793883,1709142576.100524292,/rigid_bodies.rigidbodies[2].pose.position.z,0.18490271382481485
105.42800441,1709142576.110986554,1709142576.110548614,/rigid_bodies.rigidbodies[2].pose.position.z,0.18485705985172426
105.437935634,1709142576.120917778,1709142576.120615633,/rigid_bodies.rigidbodies[2].pose.position.z,0.18466350773737486
105.448137395,1709142576.131119539,1709142576.130809997,/rigid_bodies.rigidbodies[2].pose.position.z,0.18488027863162618
105.458043161,1709142576.141025305,1709142576.140611052,/rigid_bodies.rigidbodies[2].pose.position.z,0.18493118056255625
105.46903437,1709142576.152016514,1709142576.151478125,/rigid_bodies.rigidbodies[2].pose.position.z,0.18499438872331278
105.478757881,1709142576.161740025,1709142576.161000401,/rigid_bodies.rigidbodies[2].pose.position.z,0.1849113882025237
105.488883753,1709142576.171865897,1709142576.171233970,/rigid_bodies.rigidbodies[2].pose.position.z,0.1846929824597141
105.49898421,1709142576.181966354,1709142576.181233330,/rigid_bodies.rigidbodies[2].pose.position.z,0.18439465621491996
105.508204503,1709142576.191186647,1709142576.190636457,/rigid_bodies.rigidbodies[2].pose.position.z,0.18444045954993363
105.518256248,1709142576.201238392,1709142576.200695790,/rigid_bodies.rigidbodies[2].pose.position.z,0.18466357221751686
105.529156374,1709142576.212138518,1709142576.211474464,/rigid_bodies.rigidbodies[2].pose.position.z,0.18488325426541746
105.538531531,1709142576.221513675,1709142576.220953685,/rigid_bodies.rigidbodies[2].pose.position.z,0.18492478709886404
105.548462218,1709142576.231444362,1709142576.230905313,/rigid_bodies.rigidbodies[2].pose.position.z,0.184942406365821
105.558643145,1709142576.241625289,1709142576.240935674,/rigid_bodies.rigidbodies[2].pose.position.z,0.1849188812174983
105.568948347,1709142576.251930491,1709142576.251276186,/rigid_bodies.rigidbodies[2].pose.position.z,0.18498234961155333
105.578851622,1709142576.261833766,1709142576.261212396,/rigid_bodies.rigidbodies[2].pose.position.z,0.1849165865135539
105.588607312,1709142576.271589456,1709142576.270919305,/rigid_bodies.rigidbodies[2].pose.position.z,0.18481620561729997
105.598890437,1709142576.281872581,1709142576.281119508,/rigid_bodies.rigidbodies[2].pose.position.z,0.184604483459374
105.60825997,1709142576.291242114,1709142576.290665203,/rigid_bodies.rigidbodies[2].pose.position.z,0.18447817612298342
105.618281608,1709142576.301263752,1709142576.300671289,/rigid_bodies.rigidbodies[2].pose.position.z,0.18437215720938452
105.628793462,1709142576.311775606,1709142576.311006814,/rigid_bodies.rigidbodies[2].pose.position.z,0.18456053209152964
105.638939849,1709142576.321921993,1709142576.321296388,/rigid_bodies.rigidbodies[2].pose.position.z,0.1848250527564673
105.6480559,1709142576.331038044,1709142576.330630498,/rigid_bodies.rigidbodies[2].pose.position.z,0.18492638443592413
105.65830305,1709142576.341285194,1709142576.340677455,/rigid_bodies.rigidbodies[2].pose.position.z,0.18483749643210878
105.6683215,1709142576.351303644,1709142576.350825689,/rigid_bodies.rigidbodies[2].pose.position.z,0.18486657407349225
105.67872346,1709142576.361705604,1709142576.361114702,/rigid_bodies.rigidbodies[2].pose.position.z,0.18483799259970304
105.688512732,1709142576.371494876,1709142576.370800620,/rigid_bodies.rigidbodies[2].pose.position.z,0.1848745805925314
105.697956063,1709142576.380938207,1709142576.380619263,/rigid_bodies.rigidbodies[2].pose.position.z,0.184866626666367
105.707918613,1709142576.390900757,1709142576.390521514,/rigid_bodies.rigidbodies[2].pose.position.z,0.1848189194742373
105.71868285,1709142576.401664994,1709142576.401172703,/rigid_bodies.rigidbodies[2].pose.position.z,0.18466290734718202
105.728101349,1709142576.411083493,1709142576.410763348,/rigid_bodies.rigidbodies[2].pose.position.z,0.18452267945954584
105.738314204,1709142576.421296348,1709142576.420839510,/rigid_bodies.rigidbodies[2].pose.position.z,0.18450368877196885
105.748510042,1709142576.431492186,1709142576.431129981,/rigid_bodies.rigidbodies[2].pose.position.z,0.18480607585003342
105.75822645,1709142576.441208594,1709142576.440824729,/rigid_bodies.rigidbodies[2].pose.position.z,0.18477562138193987
105.768267021,1709142576.451249165,1709142576.450837051,/rigid_bodies.rigidbodies[2].pose.position.z,0.18461833586723675
105.778208712,1709142576.461190856,1709142576.460771399,/rigid_bodies.rigidbodies[2].pose.position.z,0.18454084250456962
105.788560261,1709142576.471542405,1709142576.471018661,/rigid_bodies.rigidbodies[2].pose.position.z,0.18467607656503565
105.798469475,1709142576.481451619,1709142576.480847722,/rigid_bodies.rigidbodies[2].pose.position.z,0.18481425534149834
105.807603972,1709142576.490586116,1709142576.490367273,/rigid_bodies.rigidbodies[2].pose.position.z,0.18498691331549358
105.818466439,1709142576.501448583,1709142576.501045367,/rigid_bodies.rigidbodies[2].pose.position.z,0.1848354290440631
105.827855246,1709142576.510837390,1709142576.510593751,/rigid_bodies.rigidbodies[2].pose.position.z,0.18450357118720906
105.83840726,1709142576.521389404,1709142576.520847927,/rigid_bodies.rigidbodies[2].pose.position.z,0.1844119245916883
105.848510336,1709142576.531492480,1709142576.531034496,/rigid_bodies.rigidbodies[2].pose.position.z,0.18454018235662356
105.853635009,1709142576.536617153,1709142576.536394601,/rigid_bodies.rigidbodies[2].pose.position.z,0.18494434841067034
105.868282181,1709142576.551264325,1709142576.550899719,/rigid_bodies.rigidbodies[2].pose.position.z,0.1849758641122948
105.878333744,1709142576.561315888,1709142576.561015072,/rigid_bodies.rigidbodies[2].pose.position.z,0.1847255979896338
105.887764473,1709142576.570746617,1709142576.570502623,/rigid_bodies.rigidbodies[2].pose.position.z,0.1844528618406895
105.897846719,1709142576.580828863,1709142576.580588459,/rigid_bodies.rigidbodies[2].pose.position.z,0.18447863503174883
105.907628639,1709142576.590610783,1709142576.590497011,/rigid_bodies.rigidbodies[2].pose.position.z,0.1845893265239516
105.917873293,1709142576.600855437,1709142576.600614963,/rigid_bodies.rigidbodies[2].pose.position.z,0.18480982425792125
105.928359709,1709142576.611341853,1709142576.611031813,/rigid_bodies.rigidbodies[2].pose.position.z,0.18493281681050133
105.93789629,1709142576.620878434,1709142576.620650301,/rigid_bodies.rigidbodies[2].pose.position.z,0.18468174704379234
105.948392357,1709142576.631374501,1709142576.630960050,/rigid_bodies.rigidbodies[2].pose.position.z,0.1847082193704633
105.958094318,1709142576.641076462,1709142576.640657664,/rigid_bodies.rigidbodies[2].pose.position.z,0.1847441290382233
105.968242328,1709142576.651224472,1709142576.650798921,/rigid_bodies.rigidbodies[2].pose.position.z,0.18487783985531553
105.978199573,1709142576.661181717,1709142576.660874771,/rigid_bodies.rigidbodies[2].pose.position.z,0.18504333797231268
105.988314371,1709142576.671296515,1709142576.670950634,/rigid_bodies.rigidbodies[2].pose.position.z,0.18477715510624962
105.99854121,1709142576.681523354,1709142576.681013361,/rigid_bodies.rigidbodies[2].pose.position.z,0.18434627914021998
106.007918919,1709142576.690901063,1709142576.690534848,/rigid_bodies.rigidbodies[2].pose.position.z,0.18442319461318613
106.018318769,1709142576.701300913,1709142576.700843720,/rigid_bodies.rigidbodies[2].pose.position.z,0.18449420007168515
106.028443522,1709142576.711425666,1709142576.710954279,/rigid_bodies.rigidbodies[2].pose.position.z,0.18477495068327818
106.038048573,1709142576.721030717,1709142576.720678132,/rigid_bodies.rigidbodies[2].pose.position.z,0.184763432326574
106.048720691,1709142576.731702835,1709142576.731264426,/rigid_bodies.rigidbodies[2].pose.position.z,0.18457209863509305
106.057964212,1709142576.740946356,1709142576.740553025,/rigid_bodies.rigidbodies[2].pose.position.z,0.18459346450642233
106.068227882,1709142576.751210026,1709142576.750742135,/rigid_bodies.rigidbodies[2].pose.position.z,0.1848949443413771
106.078043702,1709142576.761025846,1709142576.760731793,/rigid_bodies.rigidbodies[2].pose.position.z,0.18498251955525236
106.08828623,1709142576.771268374,1709142576.770687209,/rigid_bodies.rigidbodies[2].pose.position.z,0.18502841569995274
106.098278997,1709142576.781261141,1709142576.780774735,/rigid_bodies.rigidbodies[2].pose.position.z,0.18479720720216308
106.108213474,1709142576.791195618,1709142576.790767664,/rigid_bodies.rigidbodies[2].pose.position.z,0.1843780080953117
106.118332414,1709142576.801314558,1709142576.800907044,/rigid_bodies.rigidbodies[2].pose.position.z,0.1844349362597292
106.128255347,1709142576.811237491,1709142576.810914040,/rigid_bodies.rigidbodies[2].pose.position.z,0.1847000863308381
106.138082436,1709142576.821064580,1709142576.820653980,/rigid_bodies.rigidbodies[2].pose.position.z,0.18485923589386052
106.148249922,1709142576.831232066,1709142576.830834157,/rigid_bodies.rigidbodies[2].pose.position.z,0.18483583757696184
106.158162715,1709142576.841144859,1709142576.840762881,/rigid_bodies.rigidbodies[2].pose.position.z,0.18455856609910395
106.168083686,1709142576.851065830,1709142576.850681710,/rigid_bodies.rigidbodies[2].pose.position.z,0.1845657874990328
106.178344543,1709142576.861326687,1709142576.860923878,/rigid_bodies.rigidbodies[2].pose.position.z,0.18479110096695828
106.188060596,1709142576.871042740,1709142576.870659389,/rigid_bodies.rigidbodies[2].pose.position.z,0.18521727680636707
106.198083437,1709142576.881065581,1709142576.880655075,/rigid_bodies.rigidbodies[2].pose.position.z,0.1850825611455595
106.208114833,1709142576.891096977,1709142576.890576020,/rigid_bodies.rigidbodies[2].pose.position.z,0.18471297371874065
106.218550386,1709142576.901532530,1709142576.901025968,/rigid_bodies.rigidbodies[2].pose.position.z,0.18430277019479802
106.228497531,1709142576.911479675,1709142576.911091298,/rigid_bodies.rigidbodies[2].pose.position.z,0.18449515258242097
106.23887735,1709142576.921859494,1709142576.921431008,/rigid_bodies.rigidbodies[2].pose.position.z,0.1847096421986258
106.248332938,1709142576.931315082,1709142576.930959513,/rigid_bodies.rigidbodies[2].pose.position.z,0.18488411271108282
106.257957931,1709142576.940940075,1709142576.940598503,/rigid_bodies.rigidbodies[2].pose.position.z,0.18478755256306895
106.268097817,1709142576.951079961,1709142576.950669806,/rigid_bodies.rigidbodies[2].pose.position.z,0.18446364071839308
106.278214055,1709142576.961196199,1709142576.960852396,/rigid_bodies.rigidbodies[2].pose.position.z,0.18448265579089382
106.288145751,1709142576.971127895,1709142576.970770410,/rigid_bodies.rigidbodies[2].pose.position.z,0.18465373885112446
106.298623599,1709142576.981605743,1709142576.981024382,/rigid_bodies.rigidbodies[2].pose.position.z,0.18510010286121664
106.307898811,1709142576.990880955,1709142576.990406048,/rigid_bodies.rigidbodies[2].pose.position.z,0.18503271504391802
106.317964385,1709142577.000946529,1709142577.000499244,/rigid_bodies.rigidbodies[2].pose.position.z,0.184618572411466
106.328243772,1709142577.011225916,1709142577.010802762,/rigid_bodies.rigidbodies[2].pose.position.z,0.18439193620686573
106.338508281,1709142577.021490425,1709142577.020928795,/rigid_bodies.rigidbodies[2].pose.position.z,0.18448635360501392
106.348305048,1709142577.031287192,1709142577.030877424,/rigid_bodies.rigidbodies[2].pose.position.z,0.18486443245842848
106.35835535,1709142577.041337494,1709142577.040930420,/rigid_bodies.rigidbodies[2].pose.position.z,0.1851416259190626
106.368585466,1709142577.051567610,1709142577.050987078,/rigid_bodies.rigidbodies[2].pose.position.z,0.1848930155018092
106.378626042,1709142577.061608186,1709142577.061086202,/rigid_bodies.rigidbodies[2].pose.position.z,0.18454958851726555
106.388261976,1709142577.071244120,1709142577.070719658,/rigid_bodies.rigidbodies[2].pose.position.z,0.18450366059037468
106.39843208,1709142577.081414224,1709142577.080900567,/rigid_bodies.rigidbodies[2].pose.position.z,0.18477857605384318
106.408520305,1709142577.091502449,1709142577.090934625,/rigid_bodies.rigidbodies[2].pose.position.z,0.18497042009592574
106.41853773,1709142577.101519874,1709142577.101004074,/rigid_bodies.rigidbodies[2].pose.position.z,0.18496211119950787
106.424230681,1709142577.107212825,1709142577.106668099,/rigid_bodies.rigidbodies[2].pose.position.z,0.18441796271212732
106.43920784,1709142577.122189984,1709142577.121213580,/rigid_bodies.rigidbodies[2].pose.position.z,0.18423151112088038
106.448337211,1709142577.131319355,1709142577.130771693,/rigid_bodies.rigidbodies[2].pose.position.z,0.18442462316893404
106.45866099,1709142577.141643134,1709142577.140975462,/rigid_bodies.rigidbodies[2].pose.position.z,0.18475457848352383
106.468214006,1709142577.151196150,1709142577.150666422,/rigid_bodies.rigidbodies[2].pose.position.z,0.18514240760058084
106.4783515,1709142577.161333644,1709142577.160847546,/rigid_bodies.rigidbodies[2].pose.position.z,0.18496701107051855
106.487993291,1709142577.170975435,1709142577.170550549,/rigid_bodies.rigidbodies[2].pose.position.z,0.18467738988748666
106.498140208,1709142577.181122352,1709142577.180856271,/rigid_bodies.rigidbodies[2].pose.position.z,0.18466486442614344
106.507958551,1709142577.190940695,1709142577.190689013,/rigid_bodies.rigidbodies[2].pose.position.z,0.18481310440686335
106.518421133,1709142577.201403277,1709142577.201014776,/rigid_bodies.rigidbodies[2].pose.position.z,0.18499882628732006
106.528813368,1709142577.211795512,1709142577.211173723,/rigid_bodies.rigidbodies[2].pose.position.z,0.1851025928584857
106.538057087,1709142577.221039231,1709142577.220583033,/rigid_bodies.rigidbodies[2].pose.position.z,0.18464584164139908
106.548403038,1709142577.231385182,1709142577.230828370,/rigid_bodies.rigidbodies[2].pose.position.z,0.18414599926749076
106.558520195,1709142577.241502339,1709142577.240830013,/rigid_bodies.rigidbodies[2].pose.position.z,0.1842721470183942
106.568258122,1709142577.251240266,1709142577.250726167,/rigid_bodies.rigidbodies[2].pose.position.z,0.18453422110833603
106.578139318,1709142577.261121462,1709142577.260697795,/rigid_bodies.rigidbodies[2].pose.position.z,0.1847282580995752
106.58889629,1709142577.271878434,1709142577.271162699,/rigid_bodies.rigidbodies[2].pose.position.z,0.18477791557529877
106.598420905,1709142577.281403049,1709142577.280918318,/rigid_bodies.rigidbodies[2].pose.position.z,0.1845808689331519
106.608023808,1709142577.291005952,1709142577.290552859,/rigid_bodies.rigidbodies[2].pose.position.z,0.18478922247211266
106.618781828,1709142577.301763972,1709142577.301276020,/rigid_bodies.rigidbodies[2].pose.position.z,0.18520688179869688
106.628524709,1709142577.311506853,1709142577.311071080,/rigid_bodies.rigidbodies[2].pose.position.z,0.18527830260884764
106.638414959,1709142577.321397103,1709142577.320886348,/rigid_bodies.rigidbodies[2].pose.position.z,0.1851337164010885
106.648790731,1709142577.331772875,1709142577.331108707,/rigid_bodies.rigidbodies[2].pose.position.z,0.184630630272556
106.658219094,1709142577.341201238,1709142577.340701315,/rigid_bodies.rigidbodies[2].pose.position.z,0.18423572362381552
106.668296923,1709142577.351279067,1709142577.350890202,/rigid_bodies.rigidbodies[2].pose.position.z,0.18441070441105617
106.678978807,1709142577.361960951,1709142577.361496382,/rigid_bodies.rigidbodies[2].pose.position.z,0.18464960208170333
106.688276557,1709142577.371258701,1709142577.370792276,/rigid_bodies.rigidbodies[2].pose.position.z,0.18470307167703456
106.697954812,1709142577.380936956,1709142577.380648217,/rigid_bodies.rigidbodies[2].pose.position.z,0.1845945462328695
106.708051087,1709142577.391033231,1709142577.390648931,/rigid_bodies.rigidbodies[2].pose.position.z,0.1843512451079567
106.71863325,1709142577.401615394,1709142577.401073361,/rigid_bodies.rigidbodies[2].pose.position.z,0.18446644988508665
106.728679435,1709142577.411661579,1709142577.411111729,/rigid_bodies.rigidbodies[2].pose.position.z,0.1849463933539043
106.73849833,1709142577.421480474,1709142577.420958447,/rigid_bodies.rigidbodies[2].pose.position.z,0.1853159182298788
106.748335648,1709142577.431317792,1709142577.430760275,/rigid_bodies.rigidbodies[2].pose.position.z,0.18521466350509533
106.758575273,1709142577.441557417,1709142577.440931534,/rigid_bodies.rigidbodies[2].pose.position.z,0.18496062562422286
106.768613796,1709142577.451595940,1709142577.451025215,/rigid_bodies.rigidbodies[2].pose.position.z,0.1846709558626565
106.778810009,1709142577.461792153,1709142577.461205199,/rigid_bodies.rigidbodies[2].pose.position.z,0.18474895986612827
106.788439283,1709142577.471421427,1709142577.470838119,/rigid_bodies.rigidbodies[2].pose.position.z,0.18505545243060498
106.799413109,1709142577.482395253,1709142577.481701268,/rigid_bodies.rigidbodies[2].pose.position.z,0.1849321268462874
106.8082191,1709142577.491201244,1709142577.490643400,/rigid_bodies.rigidbodies[2].pose.position.z,0.1845254820893106
106.818876672,1709142577.501858816,1709142577.501268750,/rigid_bodies.rigidbodies[2].pose.position.z,0.1841181691800326
106.828774046,1709142577.511756190,1709142577.511118693,/rigid_bodies.rigidbodies[2].pose.position.z,0.18391841385848914
106.838196414,1709142577.521178558,1709142577.520696488,/rigid_bodies.rigidbodies[2].pose.position.z,0.18457156198728442
106.84839835,1709142577.531380494,1709142577.530716736,/rigid_bodies.rigidbodies[2].pose.position.z,0.18509988620758872
106.856573604,1709142577.539555748,1709142577.539009797,/rigid_bodies.rigidbodies[2].pose.position.z,0.18520132540476322
106.868725256,1709142577.551707400,1709142577.551126294,/rigid_bodies.rigidbodies[2].pose.position.z,0.18502467487664986
106.878716152,1709142577.561698296,1709142577.561071962,/rigid_bodies.rigidbodies[2].pose.position.z,0.18473565545057044
106.888788172,1709142577.571770316,1709142577.571119055,/rigid_bodies.rigidbodies[2].pose.position.z,0.1848058321924454
106.89884716,1709142577.581829304,1709142577.581212970,/rigid_bodies.rigidbodies[2].pose.position.z,0.18499079686451353
106.908289365,1709142577.591271509,1709142577.590663343,/rigid_bodies.rigidbodies[2].pose.position.z,0.18523233615198906
106.918852449,1709142577.601834593,1709142577.601032612,/rigid_bodies.rigidbodies[2].pose.position.z,0.18467145539569926
106.92885062,1709142577.611832764,1709142577.611081928,/rigid_bodies.rigidbodies[2].pose.position.z,0.18427079938193866
106.938455281,1709142577.621437425,1709142577.620837465,/rigid_bodies.rigidbodies[2].pose.position.z,0.18430665374251418
106.948596687,1709142577.631578831,1709142577.630887423,/rigid_bodies.rigidbodies[2].pose.position.z,0.1846219051177887
106.958684405,1709142577.641666549,1709142577.640962956,/rigid_bodies.rigidbodies[2].pose.position.z,0.1849514538595294
106.968292737,1709142577.651274881,1709142577.650801881,/rigid_bodies.rigidbodies[2].pose.position.z,0.18479129710638564
106.977766965,1709142577.660749109,1709142577.660340464,/rigid_bodies.rigidbodies[2].pose.position.z,0.1844903503698965
106.98787375,1709142577.670855894,1709142577.670547979,/rigid_bodies.rigidbodies[2].pose.position.z,0.1845262027699153
106.998203648,1709142577.681185792,1709142577.680910870,/rigid_bodies.rigidbodies[2].pose.position.z,0.18479621269147584
107.008043793,1709142577.691025937,1709142577.690585134,/rigid_bodies.rigidbodies[2].pose.position.z,0.18524291933914058
107.01928789,1709142577.702270034,1709142577.701475242,/rigid_bodies.rigidbodies[2].pose.position.z,0.1852693176848958
107.02828949,1709142577.711271634,1709142577.710697479,/rigid_bodies.rigidbodies[2].pose.position.z,0.1847881876532896
107.038942366,1709142577.721924510,1709142577.721324830,/rigid_bodies.rigidbodies[2].pose.position.z,0.18439369960285976
107.048926249,1709142577.731908393,1709142577.731215588,/rigid_bodies.rigidbodies[2].pose.position.z,0.18439754541179748
107.058163407,1709142577.741145551,1709142577.740631376,/rigid_bodies.rigidbodies[2].pose.position.z,0.18479358265370738
107.068856015,1709142577.751838159,1709142577.751182577,/rigid_bodies.rigidbodies[2].pose.position.z,0.18502144886456934
107.078324627,1709142577.761306771,1709142577.760742179,/rigid_bodies.rigidbodies[2].pose.position.z,0.18479685281745364
107.088823448,1709142577.771805592,1709142577.771290093,/rigid_bodies.rigidbodies[2].pose.position.z,0.18435735532867803
107.098860642,1709142577.781842786,1709142577.781165352,/rigid_bodies.rigidbodies[2].pose.position.z,0.18434794088960924
107.108094784,1709142577.791076928,1709142577.790549663,/rigid_bodies.rigidbodies[2].pose.position.z,0.18466068375809797
107.118453846,1709142577.801435990,1709142577.800914713,/rigid_bodies.rigidbodies[2].pose.position.z,0.18498398784473555
107.129094354,1709142577.812076498,1709142577.811554407,/rigid_bodies.rigidbodies[2].pose.position.z,0.18521520432649552
107.138619098,1709142577.821601242,1709142577.820979111,/rigid_bodies.rigidbodies[2].pose.position.z,0.184912491930365
107.148572639,1709142577.831554783,1709142577.831081437,/rigid_bodies.rigidbodies[2].pose.position.z,0.18438064420538877